time,compassSystem,compassFilter,fullSystem,gyroFilter,gyroSystem,input,error
0,0,0,0,0,0,0,0
0.00106125843003447,5.31832519491773e-09,1.60246492673653e-09,0.000842702060515941,0.000842700458051015,0.00120611507278639,0.00106125823082399,-0.000218556170308051
0.00212251686006895,2.29319723146866e-08,8.20405420039381e-09,0.00139185354967172,0.00139184534561751,0.00241222895031016,0.00212251526638537,-0.000730661716713652
0.00318377529010342,6.02042291626307e-08,2.45923197704418e-08,0.00174352989627298,0.0017435053039532,0.00361834043731004,0.00318376991142285,-0.00144024001514988
0.00554110477624747,2.4049002755045e-07,1.20437615255789e-07,0.00218508469211757,0.00218496425450232,0.0062974114623957,0.00554107642075661,-0.00335599172863904
0.00789843426239152,6.13694798306832e-07,3.47409161123752e-07,0.00232516790016137,0.00232482049100024,0.00897645169572117,0.00789835213833018,-0.00557318423816881
0.0102557637485356,1.25983866339574e-06,7.78880925292646e-07,0.00235520990221533,0.00235443102129004,0.0116554480379059,0.010255583964763,-0.00790037406254769
0.0126130932346796,2.26088903968122e-06,1.4941381018019e-06,0.00235866734043519,0.00235717320233339,0.0143343873898133,0.0126127588009185,-0.0102540914604833
0.0190172132399704,7.64730414965531e-06,5.74181725969236e-06,0.00236750449880872,0.00236176268154903,0.0216118281814096,0.0190160669842259,-0.0166485624854172
0.0254213332452612,1.79207190563687e-05,1.43480151288103e-05,0.00237298930546207,0.00235864129033326,0.0288884890744123,0.0254185952689397,-0.0230456059634776
0.031825453250552,3.46641532344388e-05,2.88970648812132e-05,0.00238714172014765,0.00235824465526643,0.0361641074844076,0.031820081070646,-0.0294329393504984
0.0382295732558428,5.95007305398474e-05,5.10139241361933e-05,0.00240956558697195,0.00235855166283575,0.0434384208697363,0.0382202618476858,-0.0358106962607139
0.0585578174603534,0.000209931418176967,0.000189354885658309,0.00254721803020899,0.00235786314455068,0.0665172270804193,0.0585243572294427,-0.0559771391992337
0.078886061664864,0.000509023685708727,0.000471156914912268,0.00282503188542718,0.00235387497051491,0.0895718496641194,0.0788042689842167,-0.0759792370987895
0.1,0.001031394518241,0.00097015606634452,0.00332005654957194,0.00234990048322742,0.113482951751835,0.0998334166468282,-0.0965133600972562
0.104049975286116,0.00116450732021022,0.00109809613552137,0.00336522528762444,0.00226712915210307,0.117846732051958,0.103862329161926,-0.100497103874301
0.108099950572232,0.00130797151463008,0.00123619505766992,0.00347943350233497,0.00224323844466505,0.122208808773347,0.107889538098289,-0.104410104595954
0.112149925858348,0.00146236935864758,0.00138503190233046,0.00362214651471953,0.00223711461238907,0.126569115860603,0.11191497740052,-0.1082928308858
0.123745612856133,0.00196275920796249,0.00186852867355551,0.00409954446704793,0.00223101579349241,0.139042950806702,0.123430035626644,-0.119330491159597
0.135341299853918,0.00256059428699624,0.00244794096692787,0.00467855460575619,0.00223061363882832,0.151500189541486,0.134928497641454,-0.130249943035698
0.146936986851703,0.00326622625328755,0.00313360582581343,0.00536081960263174,0.00222721377681831,0.163939285999571,0.146408817379565,-0.141047997776933
0.158532673849488,0.00408895281934551,0.00393483305389415,0.00615796824535904,0.00222313519146489,0.176358696554956,0.157869451214976,-0.151711482969617
0.181568155137704,0.00610259805631589,0.00590132516497596,0.00811615693376477,0.00221483176878881,0.200966081169944,0.18057217220833,-0.172456015274565
0.2,0.00811405626585404,0.00787091097150265,0.0100788906556269,0.00220797968412428,0.220587256726392,0.198669330795061,-0.188590440139434
0.204940695747913,0.00872836872300556,0.00847330625619874,0.0105890719521647,0.002115765695966,0.225562931733792,0.203509097067405,-0.192920025115241
0.209881391495827,0.00937107613507099,0.00910385254742307,0.0111969169132559,0.00209306436583284,0.230533638997677,0.208343895596236,-0.19714697868298
0.21482208724374,0.0100433358874889,0.00976370456856383,0.0118513962515306,0.00208769168296674,0.235499260498563,0.213173608362067,-0.201322212110537
0.227986976803149,0.0119689635439055,0.0116552079008083,0.0137351178284984,0.00207990992769008,0.248704842029707,0.226017049907579,-0.212281932079081
0.241151866362557,0.0141105569877183,0.0137610438530383,0.0158363981082425,0.00207535425520422,0.261871252135943,0.238821320028183,-0.222984921919941
0.254316755921966,0.0164833124711504,0.0160964149323882,0.0181649109497407,0.00206849601735254,0.274996271685989,0.251584199592598,-0.233419288642857
0.267481645481375,0.0190992260073546,0.018673355998045,0.0207345332319847,0.00206117723393973,0.288077688722038,0.264303476643015,-0.24356894341103
0.293672075753569,0.0250634953762763,0.0245555856180403,0.0266016095020241,0.00204602388398378,0.313963692230502,0.289469033390444,-0.26286742388842
0.3,0.0266634396967091,0.0261348431433694,0.0281772503946351,0.00204240725126575,0.320188934139447,0.29552020666134,-0.267342956266704
0.306327924246431,0.0283495328073654,0.0277998231930484,0.0298884197129771,0.00208859651992871,0.326577326714388,0.301559546566828,-0.271671126853851
0.312655848492861,0.0300994687617335,0.0295283444965155,0.0316213011487532,0.00209295665223763,0.332953644093703,0.30758681127669,-0.275965510127937
0.318983772739292,0.0319154661095992,0.0313226259490869,0.0334120541397752,0.0020894281906883,0.339317644930696,0.31360175944423,-0.280189705304454
0.338820061289536,0.0380091320328743,0.0373465260826865,0.0394220513049677,0.00207552522228127,0.359184536380469,0.33237446752504,-0.292952416220073
0.35865634983978,0.0447653008866012,0.0440303126515069,0.0460907137852718,0.00206040113376488,0.378920649963628,0.351016397739237,-0.304925683953966
0.378492638390024,0.0522208788122184,0.0514110464676515,0.0534569024945624,0.00204585602691093,0.398518650724871,0.369520215131518,-0.316063312636956
0.4,0.0611269341903223,0.0602334262180726,0.0622625911337869,0.00202916491571431,0.419603138814443,0.389418342308651,-0.327155751174864
0.410247531840346,0.0657472031952797,0.0648127923851459,0.0666282179081241,0.00181542552297814,0.428512326079869,0.398836332375399,-0.332208114467275
0.420495063680693,0.0705667866241572,0.0695910087094541,0.0713838420817419,0.00179283337228786,0.437379631147239,0.40821244024409,-0.336828598162349
0.430742595521039,0.0755919517255357,0.0745743655186212,0.0763615679990755,0.00178720248045428,0.446204069422184,0.417545681320358,-0.341184113321282
0.449445109416384,0.0852293643107958,0.0841345854319589,0.0859046137787736,0.00177002834681472,0.46219560239803,0.434465817555015,-0.348561203776241
0.46814762331173,0.0955326094184377,0.0943595113975031,0.0961118731093536,0.00175236171185045,0.478035170600699,0.451233989016494,-0.355122115907141
0.486850137207075,0.106535685434284,0.105283292980233,0.107017703972325,0.00173441099209221,0.493716908962629,0.467844330637236,-0.36082662666491
0.5,0.114699743995147,0.113391105974144,0.115112550086694,0.00172144411254982,0.504645209758359,0.479425538604203,-0.364312988517509
0.508669516712823,0.120331569484659,0.118985631449902,0.121159774693354,0.00217414324345155,0.513879178208774,0.487015643161945,-0.365855868468591
0.517339033425645,0.126115751854664,0.124732417147907,0.126943508675834,0.0022110915279272,0.52307654253945,0.494569143599948,-0.367625634924114
0.526008550138468,0.132055802171838,0.130634993001292,0.132832948053709,0.00219795505241749,0.532236735028923,0.502085472196747,-0.369252524143038
0.53873664724857,0.141016920144119,0.139541008806408,0.141719523753484,0.00217851494707588,0.545616684418026,0.513051993022897,-0.371332469269413
0.551464744358673,0.150294253967905,0.148763176074844,0.150927195168729,0.00216401909388408,0.558913518220177,0.523935398262094,-0.373008203093366
0.564192841468775,0.159903186087366,0.158316936231352,0.160467756000105,0.00215081976875309,0.572125473299034,0.534733924777997,-0.374266168777892
0.576920938578878,0.169848902659955,0.168207542054756,0.17034434853258,0.00213680647782399,0.585250800268801,0.54544582318481,-0.37510147465223
0.6,0.188741474543577,0.18700061451595,0.189111018708687,0.00211040419273689,0.608823569356662,0.564642473395035,-0.375531454686348
0.612543872594864,0.199584032036557,0.197789500124572,0.199553146047871,0.00176364592329969,0.619456741634129,0.574950684387557,-0.375397538339686
0.625087745189727,0.210740763570113,0.208892907193159,0.210630101781159,0.00173719458800004,0.629999447332275,0.585168428800758,-0.374538327019598
0.637631617784591,0.222215865845718,0.220315101944921,0.222043375124669,0.00172827317974777,0.640450078722975,0.595294098906512,-0.373250723781844
0.658550856675217,0.241956031459185,0.239967979751055,0.241668192997774,0.00170021324671943,0.657669309782331,0.611971396627614,-0.37030320362984
0.679470095565842,0.262515476629646,0.260441626418858,0.262113751709294,0.00167212529043614,0.674620743017044,0.628380896524073,-0.366267144814779
0.7,0.283507032664896,0.281350743880862,0.282995716391503,0.00164497251064077,0.690989380979132,0.644217687237691,-0.361221970846188
0.714682156354229,0.299151371178987,0.296937735552551,0.29893612268937,0.00199838713681977,0.705081207755083,0.65537738199576,-0.35644125930639
0.729364312708459,0.3151830909612,0.312913282186615,0.31489486798722,0.00198158580060537,0.719031760174805,0.6663958023976,-0.351500934410379
0.744046469062688,0.331601630022561,0.329276937392217,0.331230359665279,0.00195342227306194,0.732838663087291,0.677270573292202,-0.346040213626924
0.768150739110613,0.359256877903446,0.356844688561182,0.358756422542738,0.00191173398155686,0.755188330504256,0.69480644495124,-0.336050022408502
0.792255009158539,0.387840062006043,0.385344202543524,0.387220142935989,0.00187594039246486,0.777134323920411,0.711938642609468,-0.324718499673479
0.8,0.397222382045822,0.394700508130637,0.396565115070176,0.0018646069395386,0.784098502477911,0.717356090899523,-0.320790975829347
0.807744990841461,0.406732875540431,0.404185626341991,0.40575602282514,0.00157039648314961,0.789832341112336,0.722730508883397,-0.316974486058257
0.815489981682923,0.416333723360711,0.413761575221417,0.415285433273659,0.00152385805224187,0.795522827058356,0.728061574178868,-0.312776140905209
0.823234972524384,0.426025048748152,0.42342849971563,0.424941561012149,0.00151306129651863,0.801169640534244,0.733348967004205,-0.308407405992056
0.848185824173254,0.458034130051278,0.455363886997816,0.456850415403098,0.00148652840528174,0.819060408040088,0.750081844008307,-0.293231428605209
0.873136675822124,0.4908502723314,0.488112072904145,0.489558630372936,0.00144655746879097,0.836484240070635,0.76634778553711,-0.276789155164174
0.9,0.527032663585507,0.524228381207283,0.525632944760686,0.0014045635534029,0.854710006494044,0.783326909627483,-0.257693964866798
0.926863324177876,0.564002569250993,0.561139973387443,0.562638854450983,0.00149888106353968,0.874002756664153,0.799740789100906,-0.237101934649923
0.953726648355752,0.601615828430753,0.598702688454215,0.600147566358406,0.00144487790419157,0.892718418047397,0.815577579787463,-0.215430013429057
0.980589972533628,0.639784170415034,0.636828736856508,0.638225311968491,0.00139657511198343,0.910845562898125,0.830825853941505,-0.192600541973013
1,0.667603995979828,0.664622114368522,0.66597255302603,0.0013504386575085,0.923570814561364,0.841470984807897,-0.175498431781866
1.01361982198416,0.687262461228127,0.684264955190903,0.685114449220283,0.000849494029379838,0.929154099786179,0.848751533485464,-0.163637084265182
1.02723964396832,0.707006359048019,0.703995453864381,0.704810431160036,0.000814977295655606,0.934579944416509,0.855874641568547,-0.151064210408511
1.04085946595248,0.726823057689574,0.723801055277481,0.724601359490958,0.000800304213476655,0.93984702713943,0.862838987744221,-0.138237628253263
1.06402145880105,0.760654938770879,0.757620416613232,0.758387514079135,0.000767097465902533,0.948436059835131,0.874314402068149,-0.115926887989014
1.08718345164962,0.794555108182586,0.791514890815949,0.792239149478991,0.000724258663041821,0.956556063134575,0.885320786995819,-0.0930816375168282
1.1,0.813321588385696,0.810280615623178,0.810974629601925,0.000694013978747132,0.960845474421509,0.891207360061435,-0.0802327304595102
1.11281654835038,0.832079886055376,0.829040420257616,0.82986566405871,0.0008252438010945,0.965943335295567,0.896947541923941,-0.0670818778652305
1.12563309670077,0.850815991820328,0.847780146067156,0.848585608538917,0.000805462471761165,0.970893862074694,0.902540389691517,-0.0539547811525996
1.13844964505115,0.869516654322688,0.866486595952805,0.867264899028853,0.000778303076048537,0.975696136068417,0.907984984673688,-0.0407200856448345
1.16988096161136,0.915160685250935,0.912153076723291,0.912864219329876,0.00071114260658478,0.986840070916651,0.920704148184838,-0.00783992885496221
1.2,0.958485840803134,0.95551164587449,0.956163842288356,0.000652196413865935,0.996665546870471,0.932039085967226,0.0241247563211296
1.21915680197262,0.985665707791019,0.982720655844776,0.983774006115401,0.00105335027062514,1.00620576131318,0.938809261096214,0.0449647450191873
1.23831360394524,1.01254155339599,1.00963039599675,1.01063469558327,0.00100429958652382,1.01540145919495,0.945234919664272,0.0653997759190015
1.25747040591786,1.03906445750939,1.03619201766804,1.03714936810026,0.000957350432223336,1.02425028248006,0.951313703635662,0.0858356644645972
1.29005891711494,1.08338135037439,1.08058426602765,1.08146486137087,0.000880595343225377,1.03850020899754,0.960851389700874,0.12061347167
1.3,1.09668139820956,1.09390979350451,1.09476956054716,0.000859767042642678,1.04264446752482,0.963558185417193,0.131211375129963
1.30994108288506,1.10981215809116,1.10706769995248,1.10754242079872,0.000474720846243226,1.04481964959423,0.966169758155815,0.141372662642905
1.31988216577012,1.12280993650554,1.12009385500539,1.12052141086248,0.000427555857096751,1.04689935059906,0.968685849829853,0.15183556103263
1.32982324865517,1.13566623286069,1.13297977454396,1.1333924009368,0.000412626392837456,1.04888332188827,0.971106211788269,0.162286189148528
1.35289677685315,1.16474831887028,1.16213661646843,1.16251468794763,0.000378071479206543,1.05311791193527,0.976353676642539,0.186161011305094
1.37597030505113,1.19294623718318,1.1904156408563,1.1907458609253,0.000330220068993414,1.05683272635135,0.981081365865888,0.209664495059409
1.4,1.22127268570084,1.21883328944716,1.21911494982755,0.000281660380390125,1.06014624214595,0.98544972998846,0.233665219839091
1.42402969494887,1.24844480142458,1.2461033536422,1.24660872754426,0.000505373902063511,1.06581355797971,0.989249096959672,0.25735963058459
1.44805938989775,1.27444482754275,1.27220749115526,1.27264890428989,0.000441413134626423,1.0709096829135,0.992477273030904,0.280171631258983
1.47208908484662,1.29918114657739,1.29705396678629,1.29744031505191,0.000386348265622338,1.07543275300343,0.995132394258282,0.302307920793625
1.5,1.32654141004938,1.32454824618502,1.32486248189285,0.000314235707833843,1.07996500094926,0.997494986604054,0.327367495288797
1.52791091515338,1.35156284815813,1.34971283647893,1.34977715557286,6.43190939277893e-05,1.08110391867788,0.9990805616632,0.350696593909659
1.55582183030676,1.37462571201096,1.37292545580073,1.37294232223356,1.68664328332735e-05,1.08146458400666,0.999887884322514,0.373054437911051
1.58373274546014,1.39560830530418,1.3940640463997,1.39402636437241,-3.76820272889322e-05,1.08104636805661,0.999916325702983,0.394110038669428
1.6,1.40709265397257,1.40564143517425,1.4055550833494,-8.63518248477302e-05,1.08044332112959,0.999573603041505,0.405981480307896
1.61626725453986,1.41773605742217,1.41638001473658,1.41631652469574,-6.349004084516e-05,1.0799408932471,0.998966375477378,0.417350149218358
1.63253450907971,1.42763889721684,1.42637976494426,1.42628144381996,-9.83211242961968e-05,1.07917412114514,0.998094803693785,0.428186640126179
1.64880176361957,1.43677314261814,1.43561258182001,1.43547921844264,-0.00013336337736769,1.07814323545706,0.996959118324076,0.438520100118563
1.7,1.46080736665511,1.45996553307745,1.45971607863205,-0.000249454445395703,1.07317876559589,0.991664810452469,0.468051268179586
1.72675857787326,1.46960635445879,1.46893701884102,1.46837902136954,-0.00055799747147689,1.06630100978724,0.987862520966834,0.480516500402705
1.75351715574652,1.47620888790796,1.47571440552054,1.47511496614497,-0.000599439375571276,1.05871596538895,0.983352942891551,0.491762023253422
1.78027573361979,1.48054537968627,1.48022762268007,1.47957820817308,-0.000649414506986856,1.05042686116315,0.978139304988767,0.501438903184313
1.8,1.48259816865273,1.48241147606673,1.48170775520213,-0.000703720864593027,1.04386820121777,0.973847630878195,0.507860124323938
1.81972426638021,1.48318377638139,1.48312881593783,1.48241421850613,-0.00071459743169644,1.03708628330844,0.969177096858966,0.513237121647166
1.83944853276043,1.48254593886476,1.48262301698442,1.48186689925154,-0.000756117732882311,1.02992732248732,0.964129519927944,0.517737379323597
1.85917279914064,1.48065795915349,1.48086717410934,1.48007084380013,-0.000796330309211113,1.02239328243381,0.958706863764532,0.521363980035598
1.9,1.47326177828526,1.47374394573847,1.47285503506253,-0.000888910675931776,1.00561615906415,0.946300087687414,0.52655494737512
1.91114258050694,1.47026425827213,1.47082067478137,1.47037107244711,-0.000449602334259502,1.00327512621284,0.942639137872883,0.527731934574225
1.92228516101388,1.4668791705006,1.46750963571034,1.46706215623399,-0.000447479476357815,1.00081705923038,0.938861153927206,0.528201002306781
1.93342774152082,1.46309960146349,1.46380387312195,1.46332664915088,-0.000477223971069418,0.998242427175459,0.934966604909061,0.528360044241819
1.96549724183409,1.4493128311747,1.45022690268509,1.44970024575135,-0.000526656933741876,0.990186293361874,0.923111613421611,0.526588632329735
2,1.43089049288134,1.43202601004497,1.43143289078683,-0.000593119258135433,0.980459200931671,0.909297426825682,0.522135463961152
2.02596314105357,1.41480605675167,1.41610503850227,1.41522692827112,-0.000878110231147478,0.969752219857176,0.898187707100856,0.517039221170264
2.05192628210714,1.39676634182585,1.39822544929006,1.39731088944317,-0.000914559846886487,0.958439818207428,0.886472566800777,0.510838322642392
2.07788942316071,1.37677554472322,1.37839096245697,1.37743305704898,-0.00095790540798868,0.94652989253559,0.874159902478609,0.503273154570372
2.1,1.35854360127114,1.36028958345554,1.35927913239761,-0.00101045105792941,0.935922334616575,0.863209366648874,0.496069765748739
2.12211057683929,1.33868941527967,1.34056206498671,1.33935746155485,-0.00120460343185746,0.92322551137256,0.851836844280692,0.487520617274158
2.14422115367859,1.31755391813375,1.31954978556831,1.31831130622882,-0.00123847933949106,0.910112261135133,0.840047894919098,0.478263411309721
2.16633173051788,1.29514804326073,1.29726339448971,1.29598941056768,-0.0012739839220246,0.896588347022865,0.827848281682663,0.468141128885019
2.2,1.25902158849391,1.26131242604582,1.25997034993251,-0.00134207611330561,0.87521992662058,0.80849640381959,0.451473946112923
2.23366826948212,1.21948806643669,1.22194193816399,1.22057174233152,-0.00137019583246578,0.853048824548499,0.788228139511137,0.432343602820383
2.2606145893403,1.1862216552422,1.18879917997753,1.18737716475639,-0.00142201522113439,0.834659438240422,0.771361684907174,0.416015479849218
2.28756090919848,1.15143066212401,1.15412478629989,1.15265960843911,-0.00146517786078182,0.815709996898197,0.753935175269062,0.398724433170044
2.3,1.13499874772603,1.1377448926471,1.13625256367157,-0.00149232897553653,0.806777010689835,0.74570521217672,0.390547351494846
2.31243909080152,1.11824481509581,1.12104132945364,1.11986514477044,-0.0011761846831958,0.79975236706652,0.737359866873909,0.382505277896532
2.32487818160305,1.10120586426809,1.10405120660271,1.10286718894266,-0.00118401766005638,0.792613632499543,0.728900430627436,0.373966758315223
2.33731727240457,1.08388501621239,1.08677759248944,1.08556824216336,-0.00120935032607794,0.785362115908885,0.720328212357282,0.365240029806079
2.36279960252222,1.04738133928676,1.05036434577098,1.04912258771683,-0.00124175805414406,0.770160322297141,0.702420870830434,0.346701716886401
2.38828193263986,1.00985951576041,1.0129260307732,1.01164628464005,-0.00127974613315496,0.754502436972259,0.684057437590448,0.327588847049601
2.4,0.992358766828936,0.995461924159371,0.994158756977142,-0.00130316718222911,0.747152328037507,0.675463180551151,0.318695576425992
2.41171806736014,0.974646844474912,0.977785047331428,0.976279644371395,-0.00150540296003221,0.738633798482215,0.666776174628112,0.309503469743283
2.42343613472028,0.956750503789707,0.959922274968196,0.958391974666068,-0.00153030030212808,0.730023712869267,0.657997612647419,0.30039436201865
2.43515420208042,0.938674033211688,0.941877856711234,0.940334839950624,-0.00154301676061042,0.721323276596454,0.64912870000686,0.291206139943764
2.46353957972816,0.894271199036155,0.897547024792468,0.895962625035044,-0.00158439975742442,0.699880643601649,0.627277956597923,0.268684668437121
2.4919249573759,0.848997258715591,0.852336430554819,0.850715037466141,-0.00162139308867792,0.677932628084353,0.604921830666494,0.245793206799648
2.5,0.835964624633736,0.839320204352114,0.837689017689651,-0.00163118666246298,0.671599040346723,0.598472144103956,0.239216873585695
2.5080750426241,0.822850777407817,0.826221773680122,0.824691054332857,-0.00153071934726423,0.665686466500438,0.591983433591292,0.232707620741565
2.5161500852482,0.809681516240413,0.813067211823587,0.811538921431656,-0.00152829039193103,0.659735291806617,0.585456122231093,0.226082799200563
2.5242251278723,0.796458393104543,0.799858055813562,0.798319248756324,-0.00153880705723808,0.653745941884859,0.578890635642957,0.219428613113367
2.55007794526544,0.753703906817168,0.757141564991735,0.755579046562368,-0.00156251842936661,0.634318865289954,0.557619016954252,0.197960029608116
2.57593076265859,0.710568338753308,0.714036634587647,0.712443215422496,-0.00159341916515088,0.614519114652362,0.53597472422286,0.176468491199636
2.6,0.670143100586921,0.673633440282365,0.672012384610278,-0.00162105567208704,0.595763049800974,0.515501371821464,0.156511012788814
2.62406923734141,0.629522420859293,0.633028265444483,0.631356419532682,-0.00167184591180103,0.576427232680273,0.494729389362834,0.136627030169848
2.64813847468282,0.588792047654332,0.592307309360088,0.590611361775099,-0.0016959475849887,0.55680481871631,0.473670810060942,0.116940551714157
2.67220771202424,0.548017294768458,0.5515358699157,0.54981677081611,-0.00171909909958956,0.536908007148672,0.452337833155376,0.0974789376607347
2.7,0.5009489536121,0.504465196679021,0.502714010530158,-0.00175118614886316,0.513608366872698,0.42737988023383,0.0753341302963279
2.72779228797577,0.454038185493755,0.457542486801669,0.455856820821881,-0.00168566597978764,0.490977873461737,0.402091835523862,0.0537649852980189
2.75558457595153,0.407372959722789,0.410858029136469,0.409143033984344,-0.00171499515212464,0.468036819775862,0.376493230538981,0.0326498034453631
2.78337686392729,0.361050229237313,0.364508900219943,0.362770604998182,-0.0017382952217605,0.4448049771934,0.350603836657512,0.0121667683406698
2.8,0.333484766235556,0.336925080545259,0.335169543097584,-0.00175553744767531,0.430778826497628,0.334988150155905,0.00018139294167907
2.81662313607271,0.306110056613115,0.309529273369747,0.307688926617375,-0.0018403467523721,0.416068771390632,0.319279898961582,-0.0115909723442074
2.83324627214541,0.278917858512582,0.282313688824426,0.280462562308687,-0.00185112651573832,0.40127049213086,0.303483423614484,-0.0230208613057971
2.84986940821812,0.251929346737364,0.255299524115811,0.253439460287064,-0.00186006382874709,0.386388353636552,0.28760308903285,-0.0341636287457857
2.9,0.171845699947804,0.175126908586592,0.173235343375272,-0.00189156521132,0.341044865787616,0.239249329213982,-0.0660139858387095
2.9117626718709,0.153398051726848,0.15665546965876,0.154406478187743,-0.00224899147101665,0.328264947036073,0.22781197915415,-0.0734055009664073
2.9235253437418,0.135087264256186,0.13831995863775,0.136049820041733,-0.00227013859601638,0.315453508480111,0.216343109289899,-0.0802932892481657
2.9352880156127,0.116921211565623,0.120128258638502,0.117859216953513,-0.00226904168498937,0.302612136939422,0.204844306440922,-0.0869850894874085
2.96947347880438,0.0653221749868058,0.0684482599718131,0.0661706052377131,-0.00227765473409997,0.265136561631351,0.171270594000106,-0.105099988762392
3,0.0203783806885356,0.0234269629765512,0.0211375176236779,-0.00228944535287334,0.231501737409716,0.141120008059867,-0.119982490436189
3.02163062480544,-0.0108116173573493,-0.00782060840418188,-0.00973773530929433,-0.00191712690511245,0.211300088064797,0.119674509051817,-0.129412244361112
3.04326124961088,-0.0413958761583958,-0.0384645528374689,-0.0404015560044323,-0.00193700316696335,0.191042447123506,0.0981730184473965,-0.138574574451829
3.06489187441632,-0.0713420858489241,-0.0684724083250946,-0.0704214950815965,-0.00194908675650196,0.170738874395514,0.0766255960562733,-0.14704709113787
3.1,-0.118295979465329,-0.115530447095153,-0.117484633340617,-0.0019541862454644,0.1377128020201,0.0415806624332905,-0.159065295773908
3.13510812558368,-0.163404669515313,-0.16074686762851,-0.162531193377549,-0.00178432574903896,0.107269016900323,0.0064844825614487,-0.169015675938997
3.17021625116735,-0.206697647737232,-0.204150120376451,-0.205948624490283,-0.00179850411383108,0.0768172399548361,-0.0286196891361029,-0.17732893535418
3.2,-0.242034344174615,-0.239581760344034,-0.241380982151226,-0.0017992218071917,0.0510096143379797,-0.0583741434275801,-0.183006838723645
3.22978374883265,-0.275953670687743,-0.273596891010217,-0.275482554512308,-0.00188566350209082,0.0240727810615712,-0.0880768194964832,-0.187405735015825
3.2595674976653,-0.308528791334658,-0.306268096966673,-0.308141930039059,-0.00187383307238579,-0.0027859275367568,-0.117701370887306,-0.190440559151753
3.28935124649795,-0.339733569653795,-0.337568779411026,-0.339433501662452,-0.00186472225142642,-0.0295402342985655,-0.147221520441609,-0.192211981220843
3.3,-0.350650250376522,-0.348519693466224,-0.350378761738723,-0.00185906827249959,-0.0390755204599499,-0.157745694143249,-0.192633067595475
3.31064875350205,-0.361393284780771,-0.359296870713798,-0.361773938120861,-0.0024770674070628,-0.051900524011224,-0.168251980290894,-0.193521957829967
3.3212975070041,-0.371966041319838,-0.369903670546441,-0.372414794946649,-0.00251112440020722,-0.0647064486494508,-0.178739187525492,-0.193675607421157
3.33194626050615,-0.382365534169293,-0.380337085163678,-0.382834244152353,-0.00249715898867561,-0.0774921051790288,-0.189206126651441,-0.193628117500913
3.3781892238139,-0.424706377247388,-0.422821904051001,-0.42530170000774,-0.00247979595673889,-0.132750547958775,-0.234395375530097,-0.190906324477643
3.4,-0.443877958569779,-0.442060277913054,-0.444524499547559,-0.0024642216345053,-0.158645471281187,-0.255541102026832,-0.188983397520727
3.41638809945251,-0.457843047923583,-0.456074846862371,-0.458079984058357,-0.00200513719598561,-0.174575347831459,-0.271350063220398,-0.186729920837959
3.43277619890502,-0.471432469812365,-0.469713059015057,-0.47171105872699,-0.00199799971193293,-0.190432349579547,-0.28708614961178,-0.18462490911521
3.44916429835753,-0.484644053030621,-0.482972671022695,-0.484970369898519,-0.00199769887582388,-0.206212250382404,-0.302745135057931,-0.182225234840588
3.5,-0.522537826547519,-0.521007460538645,-0.522982248613012,-0.00197478807436674,-0.254625421101414,-0.35078322768962,-0.172199020923392
3.55083570164247,-0.557167807506596,-0.555768203785786,-0.557716014481754,-0.00194781069596822,-0.302382164588348,-0.397914997461124,-0.159801017020631
3.6,-0.587941768643459,-0.586658287764732,-0.588562307942469,-0.00190402017773678,-0.347592035918692,-0.442520443294852,-0.146041864647617
3.63846387754798,-0.61032519388513,-0.60912522101543,-0.610842774016051,-0.00171755300062149,-0.37975664743381,-0.476677437185863,-0.134165336830188
3.67692775509596,-0.631315601440242,-0.630192161874388,-0.631883460968731,-0.00169129909434246,-0.411216115982943,-0.510129288110888,-0.121754172857843
3.7,-0.643374705635297,-0.642294311920006,-0.643957306125397,-0.00166299420539123,-0.429727854375826,-0.529836140908493,-0.114121165216904
3.72307224490404,-0.654960031980824,-0.65391991625453,-0.655743557526168,-0.0018236412716372,-0.44987061695339,-0.549260959347534,-0.106482598178634
3.74614448980807,-0.666135772097563,-0.665133332305631,-0.666921614966592,-0.00178828266096098,-0.46972100524692,-0.568393403502539,-0.0985282114640531
3.76921673471211,-0.676921573026487,-0.675954144797129,-0.677711308957563,-0.00175716416043387,-0.489268834963199,-0.587223289080293,-0.09048801987727
3.8,-0.690837947629535,-0.689913764652628,-0.691624709795243,-0.00171094514261483,-0.514861326487858,-0.611857890942719,-0.0797668188525239
3.83078326528789,-0.704032750268032,-0.703145914030656,-0.704715015697694,-0.00156910166703839,-0.538306790453884,-0.635912736286959,-0.0688022794107356
3.86156653057579,-0.716748631996745,-0.715894613419462,-0.7174291167386,-0.00153450331913807,-0.561149705103609,-0.659365032314899,-0.0580640844237011
3.89234979586368,-0.729039443767454,-0.728213733149562,-0.729707629642101,-0.00149389649253828,-0.583367848575243,-0.682192557164747,-0.0475150724773539
3.9,-0.732049391600149,-0.731230231744124,-0.732703711239659,-0.001473479495535,-0.588790008182608,-0.687766159183974,-0.0449375520556846
3.90765020413632,-0.735041035668225,-0.734228203869763,-0.735390950524303,-0.00116274665453964,-0.592941340692273,-0.693299509456346,-0.0420914410679571
3.91530040827263,-0.738011006042772,-0.737204241973267,-0.738318189583539,-0.00111394761027173,-0.597052097613889,-0.698792284140667,-0.0395259054428722
3.92295061240895,-0.740959771201574,-0.740158811535849,-0.741262422852083,-0.00110361131623449,-0.60112195748096,-0.704244161770443,-0.0370182610816396
3.9645293330353,-0.756552861984012,-0.755776864866214,-0.756840370745379,-0.00106350587916426,-0.622512693368335,-0.7331461391139,-0.0236942316314789
4,-0.769569704645272,-0.768809814441384,-0.769812671790665,-0.00100285734928118,-0.639761234695369,-0.756802495307928,-0.0130101764827367
4.0354706669647,-0.782376635520141,-0.781627918982225,-0.782751387940675,-0.00112346895844972,-0.658749426293661,-0.77950676648726,-0.00324462145341498
4.0709413339294,-0.795062434447246,-0.794320670272462,-0.795370734540764,-0.00105006426830245,-0.676756970079836,-0.801230389854476,0.00585965531371124
4.1,-0.805406499482157,-0.804667717508149,-0.805662389928977,-0.000994672420827847,-0.690759364106843,-0.818277111064411,0.0126147211354336
4.1290586660706,-0.815737108656532,-0.814998869883113,-0.816077660616019,-0.0010787907329064,-0.705754937255503,-0.834632922731113,0.0185552621150941
4.1581173321412,-0.826085856589072,-0.825346165860293,-0.82636439607916,-0.00101823021886771,-0.720045790886027,-0.85028401487968,0.0239196188005198
4.1871759982118,-0.836476664906716,-0.835733773725643,-0.836698049251683,-0.000964275526039726,-0.733618710051081,-0.865217172562777,0.0285191233110935
4.2,-0.841074049506471,-0.840329364921845,-0.841257489467982,-0.000928124546137443,-0.739377017337004,-0.871575772413588,0.0303182829456059
4.2128240017882,-0.845685456751552,-0.844938704479207,-0.846094119404016,-0.00115541492480886,-0.746520086672428,-0.877791039216028,0.0316969198120118
4.2256480035764,-0.850310767604141,-0.849561714762604,-0.850700711219231,-0.00113899645662741,-0.753518800841649,-0.883861950852265,0.0331612396330333
4.2384720053646,-0.854951514598062,-0.854199949738234,-0.85531040339532,-0.0011104536570854,-0.760372161466444,-0.889787508944076,0.0344771055487567
4.29272079835818,-0.874875359287792,-0.874111085260733,-0.875149387197864,-0.00103830193713073,-0.787733685777187,-0.913224192290038,0.038074805092174
4.3,-0.877560155057893,-0.876794111477531,-0.877787554002492,-0.000993442524960586,-0.791202072530712,-0.916165936749455,0.0383783827469634
4.30727920164182,-0.880252379591199,-0.879484540828886,-0.880305354054593,-0.000820813225707595,-0.794001006417805,-0.919059136743458,0.0387537826888644
4.31455840328364,-0.882950788279143,-0.88218114294349,-0.882966177990213,-0.000785035046723004,-0.796751242538819,-0.921903638971381,0.0389374609811681
4.32183760492545,-0.885655530441751,-0.884884071956306,-0.885655044412807,-0.000770972456500596,-0.799452630173415,-0.924699292712888,0.039044248300081
4.36414907981838,-0.901557387621054,-0.900775764737778,-0.901492191915642,-0.000716427177864132,-0.81418019297826,-0.939974791707995,0.0384825997923528
4.4,-0.915166954295236,-0.914377590980148,-0.915015044429282,-0.000637453449133463,-0.82534320354856,-0.951602073889516,0.0365870294602344
4.43585092018162,-0.928891233461218,-0.928095628341238,-0.928614410067941,-0.000518781726703277,-0.834500311038899,-0.962006403885565,0.0333919938176245
4.47170184036324,-0.94268890532171,-0.941889096892033,-0.942338179769303,-0.000449082877270301,-0.84242109521054,-0.971174410562918,0.0288362307936146
4.5,-0.953606522754315,-0.952805054870759,-0.953191934083945,-0.000386879213185698,-0.847792333813993,-0.977530117665097,0.0243381835811523
4.52829815963676,-0.964524170854152,-0.963722987768533,-0.964214807135132,-0.000491819366599588,-0.854375810166281,-0.983103084728043,0.0188882775929105
4.55659631927351,-0.975411658126316,-0.974612869949098,-0.975035032340554,-0.000422162391456204,-0.860172084024031,-0.987888849296452,0.0128538169558973
4.58489447891027,-0.986237328703518,-0.985443327437358,-0.985804281504177,-0.000360954066818353,-0.865177323270486,-0.991883579253565,0.00607929774938865
4.6,-0.991992559182629,-0.991201891411858,-0.9915166720619,-0.000314780650041424,-0.867524156204774,-0.993691003633465,0.00217433157156499
4.61510552108973,-0.997713716844284,-0.996927253331786,-0.99717164368672,-0.000244390354934176,-0.869311348776929,-0.995271695123682,-0.00189994856303788
4.63021104217946,-1.00339936611779,-1.00261790156259,-1.00283006694541,-0.000212165382823315,-0.870871447789185,-0.996625293054001,-0.00620477389140872
4.64531656326919,-1.00904289795502,-1.00826727475134,-1.00844887017219,-0.000181595420854164,-0.872204144387816,-0.997751488570695,-0.0106973816014965
4.7,-1.02902759627269,-1.02828020052217,-1.02833928187669,-5.90813545188196e-05,-0.875123467125439,-0.999923257564101,-0.0284160243125868
4.7360200493554,-1.0415689940235,-1.04084859018517,-1.04068747160495,0.000161118580218944,-0.872704956486921,-0.999720799282792,-0.0409666723221597
4.7720400987108,-1.05356426050382,-1.05287656393901,-1.05265060162478,0.000225962314231443,-0.868989504374957,-0.998221399528036,-0.054429202096742
4.8,-1.06247431443916,-1.06181581690887,-1.06152778809756,0.00028802881130463,-0.865212543769947,-0.996164608835841,-0.065363179261723
4.82287465695433,-1.06945371032079,-1.06882181672535,-1.06823168142727,0.000590135298072503,-0.85892966075115,-0.993902663982181,-0.0743290174450928
4.84574931390866,-1.07612137428292,-1.07551859394659,-1.07489118548201,0.000627408464581536,-0.852126740908587,-0.991120682304756,-0.0837705031772524
4.868623970863,-1.08244343312353,-1.08187236081676,-1.08120286298644,0.00066949783032022,-0.844805239850505,-0.987820119411811,-0.0933827435746308
4.9,-1.09060259043513,-1.09007863122875,-1.0893320836531,0.00074654757564796,-0.833922412187207,-0.982452612624332,-0.106879471028772
4.90726294000031,-1.09238919668859,-1.09187684397016,-1.09185420849165,2.26354785041183e-05,-0.83417190455218,-0.981072084165511,-0.110782124326141
4.91452588000061,-1.09413515723672,-1.09363467499794,-1.09369773468796,-6.30596900221825e-05,-0.834369645300389,-0.979639804089924,-0.114057930598036
4.92178882000092,-1.09583871361158,-1.09535037161745,-1.09539886950045,-4.84978830064264e-05,-0.834515709984701,-0.978155847950442,-0.117243021550012
4.96073149452211,-1.10379632408012,-1.10337968640374,-1.10336894335554,1.0743048200812e-05,-0.834420921346172,-0.969321159161127,-0.134047784194408
5,-1.11035621353832,-1.11001933182269,-1.10992562413781,9.37076848838148e-05,-0.832837063204668,-0.958924274663138,-0.151001349474671
5.01218183729827,-1.11217887657436,-1.11186778768036,-1.11145766282009,0.000410124860270145,-0.830404639146116,-0.955397683596963,-0.156059979223127
5.02436367459654,-1.11384964929492,-1.11356507223384,-1.1131190387738,0.000446033460037576,-0.827830438537966,-0.951729315981191,-0.161389722792613
5.03654551189481,-1.11536124337669,-1.11510390749952,-1.11463918310043,0.000464724399082961,-0.825115005748824,-0.947919716184426,-0.166719466916006
5.07629939617003,-1.11866416840787,-1.11850232728591,-1.11798189047356,0.000520436812345704,-0.815278098026226,-0.934512132911517,-0.183469757562047
5.1,-1.11990419497692,-1.11980208147638,-1.11922087781769,0.000581203658690188,-0.808709424747255,-0.925814682327732,-0.193406195489958
5.11607078525979,-1.12037936225029,-1.12031908541638,-1.1192304007403,0.00108868467607615,-0.800390135540295,-0.919620992090708,-0.199609408649595
5.13214157051958,-1.12053022526468,-1.12051290549846,-1.11939399748393,0.00111890801453296,-0.791833340803786,-0.913189796324133,-0.206204201159797
5.14821235577936,-1.12034168087953,-1.12036843660432,-1.11922901457038,0.00113942203394324,-0.783040701487801,-0.906522755978084,-0.212706258592295
5.19060350521705,-1.11758510394929,-1.11773455237683,-1.11653633632044,0.00119821605639381,-0.758729092967087,-0.887818003757327,-0.228718332563114
5.2,-1.11678978968434,-1.11696694969147,-1.11572894686683,0.00123800282463682,-0.753122919560227,-0.883454655720153,-0.23227429114668
5.20939649478295,-1.11585282082238,-1.11605807528626,-1.11490843876783,0.00114963651842992,-0.747947075019502,-0.87901330441065,-0.235895134357177
5.2187929895659,-1.11479025675238,-1.11502393229568,-1.11386559547367,0.00115833682201216,-0.742693619348741,-0.874494341971112,-0.239371253502555
5.22818948434885,-1.11359804146088,-1.11386046461904,-1.11268366710141,0.001176797517633,-0.737362951542795,-0.869898167396388,-0.242785499705018
5.27410290146205,-1.10493736129188,-1.10534614567224,-1.10411158304798,0.00123456262425703,-0.710219338482269,-0.846343455822099,-0.257768127225885
5.3,-1.09890923073952,-1.09940275969262,-1.09810542832769,0.00129733136492771,-0.694119033483522,-0.832267442223901,-0.26583798610379
5.32589709853795,-1.09175622044184,-1.09233640279862,-1.09118909291621,0.00114730988240641,-0.679669669758259,-0.817633291576407,-0.273555801339806
5.35179419707591,-1.08353077301411,-1.08419918633733,-1.08299592347831,0.00120326285902017,-0.664671982970462,-0.802450817866379,-0.280545105611928
5.37769129561386,-1.07419332010158,-1.0749513813801,-1.07370120146061,0.00125017991948795,-0.649136154824532,-0.786730202798217,-0.286970998662392
5.4,-1.06543060294606,-1.06626672560064,-1.06496848497334,0.00129824062730111,-0.635329621770856,-0.772764487555987,-0.292203997417355
5.42230870438614,-1.05565327612694,-1.05656842029603,-1.05509390398563,0.00147451631040718,-0.619609153137693,-0.758414200153776,-0.296679703831849
5.44461740877228,-1.0450415627421,-1.04603634407376,-1.04453160208032,0.00150474199343931,-0.603511253874875,-0.74368648212191,-0.300845119958415
5.46692611315843,-1.03357280412739,-1.03464771375478,-1.03311131825746,0.00153639549731888,-0.587043253343968,-0.728588662821956,-0.304522655435501
5.5,-1.01522204944271,-1.01641630811703,-1.01482089607676,0.0015954120402667,-0.561963546712966,-0.705540325570392,-0.309280570506369
5.52593862926309,-0.999221518121561,-1.00050969637049,-0.999202624426101,0.00130707194438495,-0.545363893987336,-0.686923129356594,-0.312279495069507
5.55187725852618,-0.982077725347029,-0.983459716403693,-0.982096469423212,0.00136324698048063,-0.528302096714203,-0.667843788595293,-0.314252680827919
5.57781588778928,-0.963770483311362,-0.965245951737082,-0.963840494650014,0.00140545708706874,-0.51079099099258,-0.648315139385502,-0.315525355264511
5.6,-0.947378513653343,-0.948933631295178,-0.947488587786065,0.0014450435091139,-0.495468001289509,-0.631266637872321,-0.316221949913744
5.62218411221072,-0.929974821714652,-0.931608955360052,-0.930153897577721,0.00145505778233018,-0.479931193992441,-0.613907480797418,-0.316246416780304
5.64436822442145,-0.911754524188414,-0.913466984699684,-0.911982167237824,0.00148481746185974,-0.464092273829193,-0.596246210856333,-0.315735956381491
5.66655233663217,-0.892708993821341,-0.89449893714619,-0.892986250731896,0.0015126864142937,-0.447959932169471,-0.578291519418776,-0.31469473131312
5.7,-0.862681890376182,-0.864587069145628,-0.863026949104076,0.00156012004155265,-0.423101567753487,-0.550685542597638,-0.312341406506438
5.72434899559089,-0.839451505210873,-0.841438601744961,-0.839561439179232,0.00187716256572934,-0.40135540445291,-0.530199897530948,-0.309361541648284
5.74869799118177,-0.815301797618267,-0.817369183389424,-0.815479020110228,0.00189016327919622,-0.379294915167727,-0.509399926479652,-0.306079093630576
5.77304698677266,-0.790233894076715,-0.792379733802226,-0.79046951826612,0.0019102155361061,-0.356932431042118,-0.48829796058793,-0.302171557678189
5.8,-0.761621388397894,-0.763852186161038,-0.761908529849304,0.00194365631173399,-0.331841324771085,-0.464602179413757,-0.297306350435547
5.82695301322734,-0.731692293535866,-0.734004753706045,-0.731773926176836,0.0022308275292095,-0.30318261922493,-0.44056890148591,-0.291205024690926
5.85390602645469,-0.700763673713574,-0.703154908144664,-0.700914360691653,0.00224054745301111,-0.274203875201538,-0.416215585080826,-0.284698775610827
5.88085903968203,-0.668853436445032,-0.671320294627632,-0.66906144241047,0.00225885221716163,-0.244922783459997,-0.391559920957593,-0.277501521452877
5.9,-0.645737290143039,-0.648256311464473,-0.645976523287848,0.00227978817662511,-0.223954732206064,-0.373876664830236,-0.272099858457612
5.91914096031797,-0.622079393367972,-0.624648545424424,-0.622525431245316,0.00212311417910857,-0.204317195798613,-0.356056433312743,-0.266468997932572
5.93828192063594,-0.597986266047859,-0.600603775859048,-0.598461976300796,0.00214179955825186,-0.184549212713283,-0.338105755117372,-0.260356221183424
5.95742288095392,-0.573465214551783,-0.576129210418641,-0.573970372117579,0.00215883830106206,-0.164657359453452,-0.3200312067475,-0.253939165370079
6,-0.517646629965005,-0.520407813987203,-0.518217107612139,0.0021907063750634,-0.119999241048872,-0.279415498198926,-0.238801609413213
6.02992128503438,-0.477061383530941,-0.479883503645116,-0.477968984714616,0.00191451893049918,-0.0920696092876181,-0.250565187340199,-0.227403797374417
6.05984257006877,-0.435687530039138,-0.43856542105987,-0.436615003436547,0.00195041762332257,-0.0639156674348903,-0.221490566389998,-0.215124437046549
6.08976385510315,-0.393583016359784,-0.396511254853236,-0.394541999232626,0.00196925562060948,-0.0355634435712616,-0.192217663428896,-0.20232433580373
6.1,-0.379061890698442,-0.382006450985536,-0.380030402824727,0.00197604816080835,-0.0258232509887372,-0.182162504272095,-0.197867898552632
6.11023614489685,-0.36446710699213,-0.367427349638095,-0.365171209440363,0.00225614019773202,-0.0146380770142491,-0.172088258538423,-0.19308295090194
6.1204722897937,-0.349800214977788,-0.352775499082587,-0.350496830221507,0.00227866886107964,-0.00343487201966505,-0.161995981784654,-0.188500848436853
6.13070843469054,-0.335062800927403,-0.338052467350018,-0.335774481312095,0.00227798603792295,0.0077853065489899,-0.151886731456815,-0.18388774985528
6.16579795245125,-0.283909463796806,-0.286941379147867,-0.2846574675848,0.00228391156306604,0.0463623565528723,-0.117117944879233,-0.167539522705568
6.2,-0.233492216844206,-0.236557785341986,-0.234265231154805,0.00229255418718066,0.0841028449477765,-0.0830894028174964,-0.151175828337309
6.22805303140815,-0.191807268847223,-0.194894919493326,-0.192853887553004,0.00204103194032211,0.1119529804688,-0.0551043503005235,-0.137749537252481
6.2561060628163,-0.149894281754631,-0.152998934800849,-0.150938590157709,0.00206034464314042,0.139846478758176,-0.0270759350151987,-0.12386265514251
6.28415909422444,-0.107815480316693,-0.110931942068446,-0.108865457537739,0.00206648453070701,0.167761283668382,0.000973786890956859,-0.109839244428696
6.3,-0.0840091725368627,-0.0871305582184283,-0.085064147567194,0.00206641065123428,0.183525212717251,0.0168139004843506,-0.101878048051545
6.31584090577556,-0.0601767053671797,-0.0633011532658384,-0.0613369543249626,0.00196419894087577,0.198527481132655,0.0326497949816942,-0.0939867493066568
6.33168181155111,-0.0363334629568403,-0.0394593576764906,-0.0374961924170423,0.00196316525944829,0.213521556766071,0.0484774966970495,-0.0859736891140918
6.34752271732667,-0.0124911975764505,-0.0156168953619864,-0.013653208838644,0.00196368652334239,0.228503467987367,0.0642930340002849,-0.0779462428389289
6.39366938832906,0.0568363922647229,0.053719675388909,0.0556761019677643,0.00195642657885531,0.272041413407819,0.11025944336638,-0.0545833413986161
6.4,0.066332406559812,0.0632179301577729,0.065171602785405,0.00195367262763213,0.277998027085973,0.116549204850494,-0.0513776020650886
6.40633061167094,0.0758173718207267,0.0727054724125929,0.0747079592878087,0.00200248687521581,0.284127992185746,0.1228342954492,-0.0481263361613914
6.41266122334189,0.0852937775022142,0.0821847057075996,0.08419399094298,0.00200928523538041,0.290253034515614,0.129114463278002,-0.0449204723350219
6.41899183501283,0.0947607007966314,0.0916547116758649,0.0936628304963076,0.00200811882044272,0.296372902388367,0.135389456649688,-0.0417266261533807
6.45392432934248,0.146649165409329,0.143566825223288,0.145567493212795,0.00200066798950665,0.330038130633238,0.169910671787068,-0.0243431785742724
6.48885682367213,0.198037775877892,0.19498635713073,0.196973953012366,0.00198759588163505,0.363496041509625,0.204224569555963,-0.00725061654359738
6.5,0.214355647774184,0.211315083023055,0.213294619013855,0.00197953599079942,0.374118407313334,0.215119988087816,-0.00182536907396078
6.51114317632787,0.230606294258463,0.227577387888861,0.229518353278125,0.00194096538926419,0.384527000449035,0.225988695365684,0.00352965791244075
6.52228635265574,0.246791975868821,0.243775439315489,0.245709283812968,0.00193384449747896,0.39490753277322,0.236829341832035,0.00887994198093287
6.53342952898361,0.262907643156101,0.259904194802224,0.26183311228081,0.00192891747858598,0.405258658212638,0.24764058141362,0.0141925308671897
6.5823714682754,0.332799481259459,0.329861175731978,0.331762257754818,0.00190108202283962,0.450339828579794,0.294742618879228,0.0370196388755902
6.6,0.357599404456946,0.354687713066674,0.356576504538167,0.00188879147149318,0.466410671535512,0.311541363513379,0.0450351410247887
6.6176285317246,0.382080869426728,0.379197975112566,0.381166680854372,0.0019687057418058,0.483096482805789,0.328243294462191,0.0529233863921809
6.6352570634492,0.406311276305383,0.40345871830932,0.405413770349926,0.0019550520406057,0.499680290147386,0.344843221482323,0.0605705488676033
6.6528855951738,0.430272940342194,0.427452246782731,0.429392660562933,0.00194041378020227,0.516156935015406,0.361335986028877,0.0680566745340559
6.7,0.49302948794895,0.490300351043676,0.492200271208329,0.00189992016465279,0.559627787792796,0.404849920616598,0.0873503505917308
6.7471144048262,0.552854307409367,0.550228993155955,0.552282917461677,0.00205392430572293,0.605834030214893,0.447465348877725,0.104817568583952
6.7942288096524,0.610222811813668,0.60770917729724,0.609698600740015,0.00198942344277508,0.651047187480186,0.489087691982047,0.120610908757968
6.8,0.617170321570911,0.614670615928542,0.616640345355064,0.00196972942652207,0.65651269665931,0.494113351138609,0.122526994216455
6.8057711903476,0.624069981618512,0.62158434799948,0.62326610870066,0.00168176070117942,0.661023312263858,0.499122553086317,0.124143555614342
6.8115423806952,0.630931117880415,0.628459667035734,0.630081890806556,0.00162222377082188,0.665517303820339,0.50411513098596,0.125966759820596
6.8173135710428,0.637752623989189,0.635295467194522,0.636906310480171,0.0016108432856492,0.66999450504323,0.509090918552012,0.12781539192816
6.85228012486689,0.677766735675464,0.675399350695244,0.676985468825016,0.00158611812977116,0.696752499766499,0.538869753891176,0.13811571493384
6.88724667869097,0.716251847928479,0.713977421431728,0.71552283483105,0.00154541339932224,0.722851707184565,0.567989801925137,0.147533032905913
6.9,0.730022666268742,0.727782667702361,0.729303946159602,0.00152127845724037,0.732199881030091,0.5784397643882,0.150864181771402
6.91275332130903,0.743563390743403,0.741358239654353,0.743157232563066,0.00179899290871344,0.743259222266645,0.588795646515834,0.154361586047232
6.92550664261806,0.756893129209108,0.754723181175742,0.756515260930085,0.00179207975434248,0.754222798835321,0.599055763975591,0.157459496954493
6.93825996392709,0.770005428916662,0.767871026694379,0.769641459286925,0.00177043259254572,0.765088941979318,0.609218448010668,0.160423011276257
6.98771559889713,0.81787990502625,0.815886740300161,0.817610445039822,0.00172370473966177,0.806274434945478,0.64767602280837,0.169934422231452
7,0.829479365833801,0.827521600670181,0.829209383203978,0.00168778253379642,0.816262604844478,0.656986598718789,0.172222784485189
7.01228440110287,0.840846752115181,0.838924614840909,0.84075678038432,0.00183216554341104,0.827111549022764,0.666198032320957,0.174558748063364
7.02456880220574,0.852007438929562,0.850121110573432,0.851941815593733,0.00182070502030107,0.837859960844979,0.675308933567052,0.176632882026681
7.03685320330862,0.862956128231529,0.861105776237002,0.862906119812154,0.0018003435751518,0.848506465434097,0.684317927580051,0.178588192232103
7.0850978984117,0.903029859678345,0.901322030198543,0.903072155811077,0.00175012561253496,0.889306848539341,0.718687293185023,0.184384862626054
7.1,0.914999420635264,0.913335764342877,0.915043406015179,0.00170764167230242,0.901575045511652,0.728969040125876,0.186074365889303
7.1149021015883,0.926625267865428,0.925005876581013,0.926484994854239,0.00147911827322611,0.912216476359028,0.739088905989339,0.1873960888649
7.12980420317659,0.937940867396068,0.936365790732208,0.937819877871766,0.00145408713955719,0.922693778825358,0.749044643471756,0.18877523440001
7.14470630476489,0.948939528622719,0.947408789279337,0.948843887451826,0.00143509817248888,0.933004742054731,0.758834041717216,0.190009845734609
7.19257164112235,0.981353319017482,0.979964251309304,0.981344336252401,0.00138008494309694,0.964972915699241,0.789126956121319,0.192217380131082
7.2,0.986246872371564,0.984879754945259,0.986224788900925,0.00134503395566665,0.969773811715006,0.793667863849153,0.192556925051772
7.20742835887765,0.991048954488755,0.98970376035103,0.991137584912924,0.00143382456189389,0.974941812456845,0.798164976776418,0.192972608136506
7.2148567177553,0.995774632742654,0.994451335894102,0.995885883301013,0.00143454740691107,0.980065770246246,0.802618046751245,0.193267836549767
7.22228507663296,1.00042239918036,0.999120970079079,1.00054296602301,0.00142199594393222,0.985145439361642,0.807026828052067,0.193516137970945
7.27039800670799,1.02771809131108,1.02655633257265,1.02792291804894,0.00136658547629609,1.01695727149221,0.834493369514474,0.19342954853447
7.3,1.04322195326038,1.04214509556215,1.04344392032199,0.00129882475983534,1.03557400902689,0.850436620628565,0.193007299693425
7.32960199329201,1.05748107470907,1.05648793660738,1.05756579860171,0.00107786199433302,1.05120898677784,0.865634707252426,0.191931091349283
7.35920398658402,1.07059236904014,1.0696816875656,1.07071622395599,0.00103453639039186,1.06608548326197,0.880074312609477,0.190641911346513
7.38880597987602,1.08255087198256,1.08172122938052,1.08270447136727,0.000983241986755923,1.08019084629464,0.893742784515061,0.188961686852211
7.4,1.0868557969125,1.08605652688086,1.08700576184315,0.000949234962291268,1.08532136835997,0.898708095811627,0.188297666031524
7.41119402012398,1.09099677283365,1.0902276580182,1.09157687929919,0.00134922128099246,1.09265745626375,0.903560794689694,0.188016084609497
7.42238804024796,1.0949803530546,1.09424117934038,1.09559089032732,0.00134971098693315,1.09988032368267,0.908300273082906,0.18729061724441
7.43358206037193,1.09880437663121,1.09809491976584,1.09941615281572,0.00132123304987775,1.10698937673745,0.912925937111976,0.186490215703742
7.48422006332457,1.11332594184938,1.11274618839784,1.11399761329372,0.00125142489588259,1.13771099979017,0.93241353883691,0.181584074456808
7.5,1.11746157462652,1.11692157923454,1.11811427857074,0.00119269933620703,1.14679821056316,0.937999976774739,0.180114301796004
7.51577993667543,1.12127422116367,1.12077342334233,1.12170493316501,0.000931509822676091,1.15392500177103,0.943352851560382,0.178352081604625
7.53155987335087,1.12480009242981,1.12433797807483,1.12523783571148,0.000899857636648349,1.16081689695429,0.948470830321411,0.176767005390066
7.5473398100263,1.12803701157945,1.12761304797669,1.12848655531138,0.000873507334692603,1.1674726217299,0.953352638674794,0.175133916636588
7.6,1.13609396692532,1.13579151229706,1.13658972658963,0.000798214292562216,1.18795949986884,0.967919672031487,0.168670054558139
7.61070020693402,1.13752265227266,1.13724445184198,1.13744303906491,0.000198587222932645,1.18886543456561,0.970552742861831,0.166890296203079
7.62140041386803,1.13883074227608,1.13857654760246,1.13871834630774,0.000141798705283191,1.18966024744106,0.973074691870862,0.16564365443688
7.63210062080204,1.14001694240002,1.13978650000715,1.13991593844908,0.00012943844192681,1.19034364974885,0.975485230312224,0.164430708136853
7.67601015410509,1.14314247827791,1.14300551337811,1.14307534317029,6.98297921790658e-05,1.19197575053385,0.984204833427205,0.158870509743088
7.7,1.14421876938588,1.14413143665854,1.14413299038111,1.55372257348851e-06,1.19206691468584,0.988168233877,0.155964756504112
7.72398984589491,1.14470872111358,1.14466966588043,1.14503782819522,0.000368162314793974,1.19602533640976,0.991562958226618,0.153474869968604
7.74797969178982,1.14466790848064,1.14467588960959,1.14497316110709,0.000297271497507579,1.19941312842021,0.994387052862759,0.150586108244336
7.77196953768472,1.144098890741,1.14415266320421,1.14439203222875,0.00023936902453725,1.20222866549278,0.996638892561022,0.147753139667727
7.8,1.14274829896587,1.14285393904357,1.1430378163304,0.000183877286831224,1.20479175938629,0.998543345374605,0.144494470955795
7.81967821262677,1.14142764776218,1.14156881721397,1.14130384706306,-0.000264970150915422,1.20249612419664,0.999411695334702,0.141892151728358
7.83935642525353,1.13978534089963,1.13996128330478,1.13966568899166,-0.000295594313118652,1.19981349725343,0.999893053541246,0.139772635450414
7.8590346378803,1.13782140248203,1.13803136634792,1.13770330414282,-0.000328062205102952,1.19674369216536,0.999987233602928,0.137716070539888
7.9,1.13250114667196,1.13277899072492,1.13238381584158,-0.000395174883339511,1.18911113524825,0.998941341839772,0.133442474001805
7.91080706726872,1.13096041642155,1.13125585103657,1.13138526176862,0.00012941073204642,1.18988297884357,0.998385869488687,0.132999392279931
7.92161413453743,1.12933142259194,1.12964425377053,1.12978262818603,0.000138374415492137,1.19053821938948,0.997713794088188,0.132068834097837
7.93242120180615,1.12761326305488,1.12794329759451,1.12805016797342,0.000106870378907331,1.19107693537871,0.996925194131015,0.131124973842404
8,1.1140147842354,1.1144458272914,1.11445577874576,9.9514543614454e-06,1.19180996549232,0.989358246623382,0.12509753212238
8.01934646910273,1.10974986637353,1.11020904592995,1.10999982109604,-0.000209224833910504,1.18996042519822,0.986358364678991,0.123641456417044
8.03869293820546,1.10523332814469,1.10572018042051,1.10547491888322,-0.000245261537290986,1.18774171642343,0.982989314253918,0.122485604629301
8.05803940730819,1.10046379918463,1.10097788233801,1.10069676726189,-0.00028111507611972,1.1851551001166,0.979252356296792,0.121444410965096
8.1,1.08905823547698,1.08962961028274,1.08928143097121,-0.000348179311535413,1.17828753280214,0.969889810845086,0.11939162012612
8.14196059269181,1.07650946671545,1.07713645611446,1.076759875867,-0.000376580247461122,1.17073975712865,0.958819839346505,0.117940036520491
8.18392118538363,1.06288718404016,1.06356852415015,1.06310104935578,-0.000467474794375589,1.16150404335162,0.946061929744384,0.117039119611392
8.2,1.05746833856447,1.0581703157652,1.05765236397177,-0.000517951793425731,1.15752233505771,0.940730556679773,0.116921807291998
8.21607881461638,1.05187880907413,1.05260129154144,1.05210495819464,-0.000496333346803546,1.15367496877992,0.935155983402479,0.116948974792161
8.23215762923275,1.04613511558704,1.04687800665628,1.04634952564947,-0.000528481006815795,1.14958584344324,0.929339651066292,0.117009874583176
8.24823644384912,1.04023460832637,1.04099782654134,1.04043708348879,-0.000560743052549162,1.14525646270166,0.923283063325209,0.117154020163586
8.3,1.02026918632964,1.02109761744148,1.02042874962587,-0.000668867815615926,1.12970574108287,0.902171833756293,0.118256915869572
8.35176355615088,0.998190040288312,0.999083359357379,0.998562006360354,-0.000521352997025604,1.11628403836509,0.878643805378817,0.119918200981536
8.4,0.976226626298074,0.977180651424169,0.976541150569709,-0.000639500854460406,1.10165683271815,0.854598908088281,0.121942242481428
8.41174613447899,0.970744906948015,0.97171376027543,0.970609633248416,-0.00110412702701357,1.09535737075651,0.848440459441795,0.122169173806622
8.42349226895799,0.965181090281052,0.966164818729842,0.96501990629988,-0.00114491242996162,1.08894084938928,0.84216495138973,0.12285495491015
8.43523840343698,0.959533157231556,0.960531813803505,0.959374337186551,-0.00115747661695331,1.08240813444888,0.835773249764489,0.123601087422063
8.48560881052531,0.933928994721938,0.934992496841863,0.93377663620835,-0.00121586063351242,1.05309798027614,0.807067796491615,0.126708839716735
8.5,0.926442758959013,0.927524917100835,0.926259641253552,-0.00126527584728331,1.04434452898904,0.79848711262349,0.127772528630061
8.51439118947469,0.918814976480809,0.919915914287828,0.918667018806522,-0.00124889548130636,1.03568854521053,0.789741059870435,0.128925958936086
8.52878237894939,0.911059403141179,0.912179240754363,0.910906669327618,-0.00127257142674542,1.02686900387876,0.780831449564116,0.130075219763502
8.54317356842408,0.903172498026958,0.904311363173483,0.903014535265948,-0.00129682790753471,1.01788775019861,0.771760126909417,0.131254408356531
8.6,0.870816815627196,0.872032110632305,0.870638127484706,-0.00139398314759909,0.980880376158214,0.734397097874113,0.136241029610592
8.65682643157592,0.8356570421723,0.836951395442644,0.835683865741971,-0.00126752970067256,0.945782166014589,0.694663160035269,0.141020705706702
8.7,0.807652354635527,0.809007955733711,0.80764570141764,-0.0013622543160714,0.91761020464715,0.662969230082182,0.144676471335458
8.74317356842408,0.778312754063857,0.779730764651431,0.778394206544925,-0.0013365581065059,0.889766109508219,0.630039745921173,0.148354460623752
8.78634713684817,0.747688313456424,0.749169758134194,0.747767471202695,-0.00140228693149824,0.860747829770805,0.59593607716168,0.151831394041015
8.8,0.737828264925495,0.739329914347561,0.737896847707783,-0.00143306663977816,0.851337108155182,0.584917192891762,0.152979654816021
8.81365286315184,0.727822889700116,0.729344861294398,0.727460324294093,-0.00188453700030466,0.838959484915773,0.573789281357461,0.153671042936633
8.82730572630367,0.717686508166228,0.719228902482535,0.717318801785594,-0.00191010069694042,0.826474908629952,0.562554416776748,0.154764385008846
8.84095858945551,0.707415747980211,0.708978662431636,0.707061348241326,-0.00191731419030916,0.8138854734515,0.551214693303404,0.155846654937922
8.9,0.660758179221757,0.662410724536537,0.660449254275906,-0.00196147026063076,0.758287294599253,0.501020856457885,0.159428397818021
8.9590414105445,0.611524679073385,0.613267292108413,0.611376204239252,-0.00189108786916126,0.70428088636073,0.449081024225186,0.162295180014066
9,0.576096030178743,0.577901130631415,0.575949706731813,-0.00195142389960201,0.66588470889508,0.412118485241757,0.163831221490056
9.0409585894555,0.539396488700387,0.541263802362089,0.539415332876689,-0.00184846948540041,0.629213428616662,0.374464670442907,0.164950662433782
9.08191717891101,0.501509759742216,0.503438723646345,0.501545327440824,-0.00189339620552054,0.59191403195988,0.336182739265695,0.165362588175129
9.1,0.484502601081799,0.48645862352238,0.484544862259756,-0.00191376126262333,0.575263434531134,0.319098362349352,0.165446499910404
9.11455568461072,0.470642937022552,0.472620624590828,0.470166393836828,-0.00245423075399975,0.558112548569845,0.305270309953409,0.164896083883419
9.12911136922144,0.456635943859691,0.458635177718761,0.456165607269129,-0.00246957044963259,0.540896986754328,0.291377581703238,0.164788025565891
9.14366705383216,0.442479432561325,0.44450007628894,0.442032676136073,-0.00246740015286662,0.523619692456531,0.277423120970787,0.164609555165286
9.2,0.38576774971183,0.387868591772346,0.385381484857217,-0.00248710691512866,0.456226561139462,0.222889914100246,0.162491570756971
9.21051311297471,0.375054498171417,0.377170119708859,0.375395893721611,-0.00177422598724819,0.447394160443254,0.212629144363049,0.162766749358562
9.22102622594941,0.364268856382231,0.366399142449058,0.364665493404634,-0.00173364904442458,0.43853825901156,0.202344873890366,0.162320619514268
9.23153933892412,0.35340989760043,0.355554724825789,0.353805317846446,-0.00174940697934284,0.429659993508503,0.192038239346321,0.161767078500125
9.3,0.280161862673593,0.282395354885331,0.28062495938802,-0.0017703954973104,0.371377617598757,0.124454423507062,0.156170535880958
9.31443372984251,0.264513575345927,0.26676524565202,0.264525560755689,-0.00223968489633042,0.355851009387223,0.110120444755194,0.154405116000495
9.32886745968503,0.248744338764597,0.251013849959693,0.2487650589879,-0.00224879097179298,0.340301459900126,0.0957635247277637,0.153001534260137
9.34330118952754,0.23285400117749,0.235140992707063,0.232898955767806,-0.00224203693925784,0.3247319600994,0.0813866543867051,0.151512301381101
9.4,0.168914746892155,0.171264664953253,0.16901899729995,-0.00224566765330364,0.263435824878121,0.0247754254533578,0.144243571846592
9.41345280948765,0.153599229602914,0.155963498847033,0.154169021089869,-0.00179447775716435,0.251806128875529,0.0113249091910888,0.14284411189878
9.4269056189753,0.13819552984806,0.140573760847309,0.138789191724563,-0.00178456912274533,0.240174383343491,-0.00212765660062666,0.14091684832519
9.44035842846295,0.122704333083652,0.125096115323725,0.123302534056267,-0.00179358126745757,0.228543022864859,-0.0155798373389363,0.138882371395204
9.5,0.0527090995338038,0.0551530270680364,0.053360007873662,-0.00179301919437441,0.177044148845332,-0.0751511204618093,0.128511128335471
9.5147411629841,0.0352770864984473,0.0377330498181038,0.0355354934600373,-0.00219755635806648,0.161488863773227,-0.0898419002823516,0.125377393742389
9.5294823259682,0.0177657772804021,0.0202331961584332,0.0180346811053743,-0.00219851505305887,0.145953101161979,-0.104513157642036,0.12254783874741
9.5442234889523,0.000177626606951694,0.00265589311334792,0.000469067305802831,-0.00218682580754509,0.130440049045754,-0.119161704506697,0.1196307718125
9.6,-0.0671512422843815,-0.064640208957387,-0.0668143881202719,-0.00217417916288487,0.0720039219539579,-0.174326781222981,0.10751239310271
9.61598991331529,-0.0865474451305228,-0.0840281346198071,-0.0858884527181303,-0.00186031809832316,0.0576166563552724,-0.190048898517304,0.104160445799174
9.63197982663058,-0.105999837447568,-0.103473048519039,-0.105327488504282,-0.00185443998524346,0.0432779809158201,-0.205722425652394,0.100394937148111
9.64796973994588,-0.125503478611886,-0.122970043522754,-0.124824108986282,-0.00185406546352834,0.0289919029157547,-0.221343355348096,0.0965192463618142
9.7,-0.189269152980883,-0.186722299820647,-0.188559021516176,-0.00183672169552863,-0.0170818373543856,-0.271760626410944,0.0832016048947684
9.75203026005413,-0.253162159245217,-0.250611540922125,-0.252373960494425,-0.00176241957230017,-0.0614543596209574,-0.321442367202944,0.0690684067085189
9.8,-0.311977294438123,-0.309431533960213,-0.311164180770312,-0.00173264681009917,-0.101596242580049,-0.366479129251928,0.0553149484816162
9.83978192879016,-0.360566945664769,-0.358031540928353,-0.35996388371106,-0.00193234278270715,-0.138215303745757,-0.403193561583027,0.0432296778719664
9.87956385758032,-0.408861397985917,-0.406342271041803,-0.408219719478527,-0.0018774484367246,-0.174196354181402,-0.439269983184063,0.0310502637055354
9.9,-0.433560578567274,-0.431051666495692,-0.432900725376805,-0.00184905888111311,-0.192413272207998,-0.457535893775321,0.0246351683985167
9.92043614241969,-0.458138863490522,-0.455641894769308,-0.457310460873589,-0.00166856610428101,-0.208929903557527,-0.475610727594206,0.0183002667206175
9.94087228483937,-0.482587520994542,-0.48010410360356,-0.48175707320709,-0.00165296960352967,-0.2252479096976,-0.493486936203635,0.011729862996545
9.96130842725906,-0.506888336879283,-0.504420117371012,-0.50605536037747,-0.00163524300645787,-0.241359825141267,-0.511157054116659,0.00510169373918912
10,-0.552493293837295,-0.550057808801691,-0.551645657599464,-0.00158784879777218,-0.271273750575584,-0.54402111088937,-0.00762454671009383
10.0386915727409,-0.597196441816144,-0.594801205335044,-0.596519736230727,-0.00171853089568375,-0.303042753850621,-0.576070849090858,-0.0204488871398696
10.0773831454819,-0.641073560929155,-0.638724219461629,-0.640379818744175,-0.00165559928254583,-0.333949464870146,-0.607258295036834,-0.0331215237073414
10.1,-0.666377895562297,-0.664057566506867,-0.665674523362589,-0.00161695685572172,-0.351597717333052,-0.625070648892883,-0.0406038744697055
10.1226168545181,-0.691331464017053,-0.689042203053478,-0.690480270853372,-0.00143806779989403,-0.367384648514479,-0.642563278921945,-0.0479169919314267
10.1452337090362,-0.715935646108329,-0.71367934495856,-0.715092792918277,-0.00141344795971687,-0.382842908383339,-0.659727237638439,-0.0553655552798378
10.1678505635543,-0.740163218219569,-0.737941784719634,-0.739327101173843,-0.00138531645420936,-0.397963717569528,-0.676553745672262,-0.0627733555015808
10.2,-0.774023552417488,-0.77185444228797,-0.773185576373277,-0.00133113408530688,-0.418860040423929,-0.699874687593544,-0.0733108887797337
10.2246096388683,-0.799254312969971,-0.797128290598217,-0.798804690935298,-0.00167640033708139,-0.438432494534119,-0.71723880974008,-0.0815658811952185
10.2492192777365,-0.823964124306598,-0.821883261329423,-0.823502559979733,-0.00161929865031024,-0.457570586124481,-0.734168569366788,-0.0893339906129447
10.2738289166048,-0.848118592062509,-0.846084954755032,-0.847659098112138,-0.00157414335710548,-0.476264062468932,-0.750653713747586,-0.097005384364552
10.3,-0.873153436633522,-0.87117227571384,-0.872705917653325,-0.00153364193948496,-0.495644605786185,-0.767685809763582,-0.105020107889743
10.3261710833952,-0.897483662430002,-0.895557238760742,-0.89696792673383,-0.00141068797308808,-0.513541397469495,-0.784192128121958,-0.112775798611872
10.3523421667904,-0.921116801558249,-0.919247185385649,-0.920618689412206,-0.00137150402655672,-0.530901106540355,-0.800161363867884,-0.120457325544323
10.3785132501856,-0.94401359621154,-0.94220282477634,-0.943532189967607,-0.00132936519126703,-0.547712795884574,-0.815582579887167,-0.12794961008044
10.4,-0.962365607246478,-0.960604340346406,-0.961885250238677,-0.00128090989227114,-0.561098279109004,-0.827826469085654,-0.134058781153023
10.4167971055502,-0.976300453421927,-0.974578918238344,-0.975380599392111,-0.000801681153767109,-0.567708482780358,-0.837132157900373,-0.138248441491738
10.4335942111005,-0.98991588884268,-0.98823483658223,-0.989010354216392,-0.000775517634161615,-0.574082501231735,-0.846201661495115,-0.142808692721277
10.4503913166507,-1.00319943371401,-1.00155960818173,-1.00231502479328,-0.000755416611552318,-0.580217775628571,-0.855032421035316,-0.147282603757965
10.5,-1.03971712687893,-1.03820410837989,-1.03889506136433,-0.000690952984435222,-0.596920250798852,-0.87969575997167,-0.159199301392656
10.5145648673687,-1.05006636892532,-1.04859125821025,-1.04965781659774,-0.00106655838748215,-0.604364868990238,-0.88652834174031,-0.163129474857426
10.5291297347374,-1.06015306631405,-1.05871632005174,-1.05975982278721,-0.00104350273547216,-0.611621426495959,-0.893172862823285,-0.166586959963923
10.5436946021061,-1.0699686699265,-1.06857073843781,-1.06957877062426,-0.00100803218644585,-0.618688513803051,-0.899627913707632,-0.169950856916628
10.5942779675605,-1.10105550720648,-1.09979631590124,-1.10073392795029,-0.000937612049054515,-0.641741594449106,-0.920555409460982,-0.180178518489311
10.6,-1.10448223558592,-1.10323885697426,-1.10413796552327,-0.000899108549007877,-0.644202054534747,-0.922775421612807,-0.181362543910465
10.6057220324395,-1.10785536312723,-1.10662786779557,-1.10736527215016,-0.000737404354596682,-0.646141715632865,-0.924965220652352,-0.182400051497812
10.611444064879,-1.11118560852248,-1.10997405205108,-1.1106713715616,-0.000697319510516214,-0.648051091921251,-0.927124734882165,-0.183546636679432
10.6171660973185,-1.11447192163605,-1.11327635978413,-1.11395962735365,-0.000683267569521862,-0.64993011269403,-0.92925389359637,-0.184705733757284
10.6564343597759,-1.13519504959494,-1.13411108926075,-1.13474361486879,-0.000632525608046497,-0.662000751638583,-0.943041139784651,-0.191702475084141
10.6957026222332,-1.15382223305718,-1.15285162976946,-1.15340342839896,-0.000551798629493061,-0.672617411356497,-0.955374406746291,-0.198029021652666
10.7,-1.15580315050413,-1.15484500077272,-1.15536999778878,-0.000524997016061568,-0.673690161542041,-0.956635016270188,-0.198734981518595
10.7042973777668,-1.15775160388941,-1.15680593479719,-1.15760495108562,-0.000799016288433707,-0.675529085020461,-0.957877959206518,-0.199726991879101
10.7085947555336,-1.15967480327067,-1.15874163553761,-1.15960678710019,-0.000865151562578492,-0.677350318957356,-0.959103212601322,-0.200503574498869
10.7128921333004,-1.16157217555446,-1.16065152992443,-1.16152350175446,-0.000871971830028184,-0.679153840725446,-0.960310753827321,-0.201212747927135
10.7472264478585,-1.17529076833271,-1.17447101250139,-1.17530044340602,-0.000829430904627615,-0.69292458111322,-0.969319850135129,-0.205980593270891
10.7815607624166,-1.18736584787173,-1.18664772552936,-1.18740355108121,-0.000755825551851941,-0.705552755739838,-0.977186380681781,-0.210217170399429
10.8,-1.19330217687334,-1.1926388575453,-1.19334508796851,-0.000706230423212051,-0.711859845238654,-0.980936230066492,-0.212408857902021
10.8184392375834,-1.19872502157079,-1.19811667027159,-1.19853055851274,-0.00041388824114641,-0.715647703004624,-0.984352565204725,-0.214177993308014
10.8368784751669,-1.20367073114979,-1.20311746134763,-1.20349778729377,-0.000380325946142679,-0.71910088498435,-0.987434224556715,-0.216063562737055
10.8553177127503,-1.2081285615885,-1.20763045408939,-1.20797820740941,-0.00034775332001713,-0.722218343426445,-0.990180160371074,-0.217798047038335
10.9,-1.2163226961077,-1.21595808003147,-1.21623539128826,-0.000277311256787871,-0.728374716576544,-0.995436253306377,-0.220799137981882
10.9446822872497,-1.22162368141743,-1.2213918680732,-1.22166147351577,-0.000269605442569709,-0.73419372849039,-0.998705281631099,-0.222956191884667
10.9893645744994,-1.22415844120966,-1.22405830741355,-1.22422458478737,-0.000166277373820467,-0.738019150242196,-0.999980719793781,-0.22424386499359
11,-1.22452399011572,-1.22445510370617,-1.22457474938786,-0.000119645681691427,-0.738635592510109,-0.999990206550703,-0.224584542837157
11.0106354255006,-1.22471089055716,-1.22467317572532,-1.22467073771605,2.43800927224314e-06,-0.738598632550658,-0.999886583205991,-0.224784154510055
11.0212708510012,-1.2247424267155,-1.2247358112641,-1.22470465897292,3.11522911817796e-05,-0.738448574210534,-0.999669861480606,-0.225034797492311
11.0319062765018,-1.22461571417086,-1.22464011870917,-1.22458838031035,5.17383988125619e-05,-0.738185442003394,-0.999340065888205,-0.22524831442215
11.0802376115662,-1.22120372125397,-1.22136692581294,-1.22124586916897,0.00012105664396922,-0.735566520412354,-0.996418201043094,-0.224827668125878
11.1,-1.2191760308475,-1.2193955013678,-1.21920724766232,0.00018825370548059,-0.73382477922406,-0.994552588203989,-0.224654659458335
11.1197623884338,-1.21658362284654,-1.21685888949401,-1.21636195384923,0.000496935644780372,-0.729245730192389,-0.992298563507328,-0.224063390341904
11.1395247768676,-1.21347738098905,-1.21380797926364,-1.21327680304663,0.000531176217012153,-0.724279149588359,-0.989657007238307,-0.223619795808325
11.1592871653014,-1.20985105161129,-1.21023647773877,-1.20967015492139,0.000566322817381226,-0.718926069043467,-0.986628951028425,-0.223041203892965
11.2,-1.20038478005669,-1.20088084980249,-1.20024832400029,0.000632525802194972,-0.706685024734788,-0.979177729151317,-0.221070594848974
11.2407128346986,-1.18876727978547,-1.18937120763687,-1.18865495893766,0.000716248699208943,-0.692815786853943,-0.970103710177979,-0.218551248759678
11.2814256693973,-1.17513725731211,-1.17584616737045,-1.17504583038692,0.000800336983523775,-0.677338790302685,-0.959421932534227,-0.215623897852695
11.3,-1.16841995879088,-1.16917604469237,-1.16832268433999,0.000853360352387478,-0.669748395074268,-0.954019249902089,-0.214303434437897
11.3185743306027,-1.16125983282215,-1.16206243040595,-1.16113373536965,0.000928695036299554,-0.661471857267709,-0.948287434599008,-0.21284630077064
11.3371486612054,-1.1536991930761,-1.15454767588827,-1.15358227916019,0.000965396728087708,-0.652868164242634,-0.942228464077409,-0.211353815082776
11.3557229918082,-1.1457351834233,-1.14662889766855,-1.14562785902989,0.0010010386386603,-0.643939406318657,-0.935844428656909,-0.209783430372984
11.4,-1.12533440392254,-1.12633355639786,-1.12523635619648,0.00109720020137971,-0.621357459734204,-0.919328525664676,-0.205907830531807
11.4442770081918,-1.10212943696703,-1.1032287449404,-1.10231500959303,0.000913735347364164,-0.601448629382885,-0.901010616313215,-0.201304393279818
11.4885540163837,-1.07692158238839,-1.07811680901242,-1.07709260909399,0.00102419991842961,-0.579773698214501,-0.88092660614469,-0.196166002949299
11.5,-1.07021110294861,-1.07143071871729,-1.070361981708,0.001068737009292,-0.573888000133802,-0.875452174688429,-0.194909807019573
11.5114459836163,-1.06335297286207,-1.06459666656141,-1.06343957262496,0.00115709393645147,-0.567498206046216,-0.869863051021355,-0.1935765216036
11.5228919672326,-1.0563669171363,-1.05763441477968,-1.05645287306287,0.00118154171680884,-0.560994451973938,-0.864159967369591,-0.19229290569328
11.534337950849,-1.04925171915661,-1.05054273974912,-1.0493417521057,0.00120098764342236,-0.554377485072887,-0.858343670889054,-0.190998081216642
11.588588449843,-1.01311220213962,-1.0145087270634,-1.01324174116009,0.00126698590330721,-0.521498823272213,-0.829259944613246,-0.183981796546842
11.6,-1.00533031996318,-1.0067485989682,-1.00543250302304,0.00131609594515092,-0.514269211899436,-0.822828594968708,-0.182603908054337
11.611411550157,-0.997415998894986,-0.998855710419568,-0.99783579480039,0.0010199156191788,-0.508706827369287,-0.816290094886368,-0.181545699914021
11.6228231003141,-0.989388343440612,-0.990849209375549,-0.989824941011603,0.00102426836394653,-0.503038143858312,-0.809645295823202,-0.180179645188401
11.6342346504711,-0.981246456356213,-0.982728192541768,-0.9816790695097,0.00104912303206778,-0.497264026665958,-0.802895063078657,-0.178784006431042
11.6938550355743,-0.936156061987727,-0.937739601470803,-0.936621505794688,0.00111809567611565,-0.46541737160846,-0.765948628909118,-0.17067287688557
11.7,-0.931441939492243,-0.933035785080138,-0.931878756708144,0.00115702837199355,-0.461977951556354,-0.761983583919032,-0.169895172789112
11.7061449644257,-0.926690062543045,-0.928294110888542,-0.927018101097102,0.00127600979143966,-0.458138214514919,-0.75798976607147,-0.169028335025632
11.7122899288513,-0.921909008796206,-0.923523180575954,-0.922218226293812,0.00130495428214167,-0.454269855424442,-0.753967326174866,-0.168250900118946
11.718434893277,-0.917098391662924,-0.918722606021795,-0.917406530988659,0.0013160750331363,-0.45037302617414,-0.749916416118436,-0.167490114870222
11.7649767621185,-0.879272945777587,-0.880969019742815,-0.879605845311646,0.00136317443116935,-0.41995011572627,-0.718326499944732,-0.161279345366914
11.8,-0.849917431627407,-0.851664829926703,-0.850239021358265,0.00142580856843799,-0.396026884442596,-0.693525084777122,-0.156713936581142
11.8113540019726,-0.840272638130921,-0.842036280317518,-0.840236673929172,0.00179960638834586,-0.38613309881059,-0.685300766891319,-0.154935907037853
11.8227080039451,-0.830542676539677,-0.832322299327149,-0.830488331671607,0.00183396765554139,-0.376150969702631,-0.676988105529563,-0.153500226142044
11.8340620059177,-0.820727147437723,-0.822522483471556,-0.820678745410253,0.00184373806130317,-0.36608156872032,-0.668588172293455,-0.152090573116798
11.889383331056,-0.771250244713929,-0.773116402639057,-0.771222613046922,0.00189378959213521,-0.315806636789373,-0.626447567643643,-0.144775045403279
11.9,-0.761648818683075,-0.763528203644249,-0.761597412387006,0.00193079125724288,-0.305935129480807,-0.618137112237033,-0.143460300149973
11.910616668944,-0.751971951477562,-0.75386430651853,-0.751994516738356,0.00186978978017427,-0.296388555609455,-0.60975698498887,-0.142237531749486
11.921233337888,-0.742231552050205,-0.744136659192389,-0.74225768424445,0.00187897494793909,-0.286773254442485,-0.601308130445088,-0.140949553799362
11.931850006832,-0.732427361316339,-0.734344999289495,-0.732451499374829,0.00189349991466542,-0.277090178272268,-0.592791500898059,-0.139659998476771
12,-0.667434740472588,-0.669424671936967,-0.667476116310852,0.00194855562611437,-0.213383999234978,-0.536572918000435,-0.130903198310417
12.068149993168,-0.600316298859525,-0.602369515915894,-0.60045170964149,0.00191780627440405,-0.150321535067851,-0.477863228638867,-0.122588481002623
12.1,-0.568466559608434,-0.570547284982638,-0.568570274167488,0.00197701081514953,-0.120071494790535,-0.4496474645346,-0.118922809632889
12.1241184484902,-0.544088668232479,-0.54618908549064,-0.54456531847713,0.0016237670135104,-0.10092609617435,-0.427976033923755,-0.116589284553375
12.1482368969803,-0.519498084454331,-0.521617227743818,-0.519953075902707,0.00166415184111016,-0.0815317561563564,-0.406055661911102,-0.113897413991606
12.1723553454705,-0.494701087209946,-0.496837987076011,-0.495146136668581,0.00169185040742977,-0.06190122518916,-0.383899098949246,-0.111247037719336
12.2,-0.466028006507151,-0.468184026981662,-0.466470834058433,0.00171319292322888,-0.0391267556567815,-0.358229282236827,-0.108241551821606
12.2219390018524,-0.443108855574998,-0.445279215125982,-0.443200938231299,0.00207827689468281,-0.0174081337032454,-0.337661727129544,-0.105539211101755
12.2438780037047,-0.420049313264127,-0.42223326558168,-0.420153024485478,0.0020802410962022,0.00447300500732817,-0.316931655265224,-0.103221369220254
12.2658170055571,-0.396854011109703,-0.399050804327672,-0.39696325696444,0.00208754736323179,0.026506683081051,-0.296049044037754,-0.100914212926686
12.3,-0.360427926991842,-0.362643017699063,-0.360538292199946,0.00210472549911706,0.0611174043836056,-0.263231791365801,-0.0973065008341452
12.3341829944429,-0.323721566209879,-0.325953137966181,-0.323814999914746,0.00213813805143481,0.0962592447841782,-0.230106988320134,-0.0937080115946121
12.3683659888859,-0.286775950746689,-0.28902229671968,-0.286868725749631,0.00215357097004895,0.131669933753097,-0.19671333670612,-0.0901553890435104
12.4,-0.252395381787499,-0.254653911433707,-0.252487458576852,0.00216645285685468,0.164645724402002,-0.165604175448309,-0.086883283128543
12.4316340111141,-0.217843641098401,-0.220112848751917,-0.218117837621307,0.00199501113061021,0.195271658924603,-0.134329306146433,-0.083788531474874
12.4632680222283,-0.183152763781072,-0.185431237990477,-0.183414066146865,0.00201717184361153,0.226032007006053,-0.102920023285707,-0.0804940428611578
12.4949020333424,-0.148340678814811,-0.150626986613159,-0.148600115125799,0.00202687148736014,0.25689533966327,-0.0714077558492146,-0.0771923592765844
12.5,-0.142723086945208,-0.145010566749112,-0.142982244203235,0.0020283225458767,0.261876619331374,-0.0663218973512007,-0.0766603468520343
12.5050979666576,-0.137104152050659,-0.139392783036253,-0.137247468030039,0.00214531500621407,0.267215181965898,-0.0612343151996178,-0.0760131528304213
12.5101959333151,-0.131482571253096,-0.13377231722164,-0.131600713947353,0.00217160327428639,0.272555336031761,-0.0561451416166954,-0.0754555723306577
12.5152938999727,-0.12585837547926,-0.128149199465493,-0.125973253687891,0.00217594577760255,0.277896949265375,-0.0510545088660232,-0.0749187448218676
12.5662735665482,-0.0694585014077946,-0.071756903063749,-0.0695782855532749,0.00217861751047405,0.331364215150002,-9.70478108053597e-05,-0.0694812377424696
12.6,-0.0320860436996028,-0.0343877482894733,-0.0322090879887583,0.00217866030071506,0.366744712676548,0.0336230472211385,-0.0658321352098968
12.6103024785029,-0.0206632567438245,-0.0229657442978458,-0.0203366914737675,0.00262905282407833,0.379888972563882,0.0439177340274343,-0.0642544255012017
12.6206049570058,-0.0092374582076075,-0.0115405787160559,-0.00888234224513125,0.00265823647092467,0.393028571017459,0.0542077593999736,-0.0630901016451048
12.6309074355086,0.0021906865871845,-0.000112913172735825,0.00253730234165205,0.00265021551438788,0.406162415852706,0.0644920311541825,-0.0619547288125304
12.7,0.0787502361214705,0.0764494424042077,0.0790887496015376,0.00263930719732991,0.494012809296592,0.133232041419944,-0.0541432918184063
12.7123542814739,0.0924322796211587,0.09013237864112,0.09214279450007,0.00201041585895001,0.505927959241227,0.145465704067496,-0.0533229095674262
12.7247085629478,0.106107794374751,0.103809009925824,0.105793148121518,0.00198413819569476,0.517820907289388,0.157677164818574,-0.0518840166970555
12.7370628444217,0.119775333727217,0.117477896001836,0.119469874683069,0.00199197868123258,0.529689789650642,0.169864559882745,-0.0503946851996764
12.8,0.189081642987366,0.186796312718928,0.188774914383867,0.00197860166493924,0.589712436542383,0.231509825101539,-0.0427349107176722
12.8183431893747,0.209231639512847,0.206950567547375,0.208661871072355,0.00171130352497961,0.604929433850689,0.249314729119649,-0.0406528580472948
12.8366863787494,0.229340511292084,0.227064221471521,0.228770777836865,0.001706556365344,0.620062545936889,0.267035747915653,-0.0382649700787878
12.8550295681241,0.249402818608491,0.247131852737173,0.248833617239218,0.00170176450204462,0.635105810330962,0.28466691901953,-0.0358333017803116
12.9,0.298274127377116,0.296019202512373,0.297700489035969,0.00168128652359623,0.671568780435645,0.327474439137693,-0.0297739501017236
12.9324713646795,0.33334091946696,0.331099472145263,0.332512728899323,0.00141325675406023,0.694052775615221,0.357977315049612,-0.0254645861502891
12.9649427293591,0.368177039471851,0.365950836012118,0.367357519345004,0.00140668333288529,0.716159356427485,0.388102776594221,-0.0207452572492171
13,0.405481978192168,0.403274355857112,0.404657445608523,0.0013830897514111,0.739566140300484,0.420167036826641,-0.0155095912181183
13.0118273381061,0.418016546915299,0.41581553984176,0.417571342544298,0.0017558027025375,0.749607210439647,0.430870079115687,-0.0132987365713892
13.0236546762122,0.430512905916474,0.42831876424842,0.430080213713437,0.00176144946501711,0.75958800862112,0.441512849447043,-0.0114326357336063
13.0354820143183,0.442968846110896,0.440781827616542,0.442525363222279,0.00174353560573759,0.769507046088468,0.452093859064275,-0.00956849584199543
13.1,0.509684153507962,0.507542560074529,0.509241386647402,0.00169882657287279,0.82246360136108,0.508661464372375,0.000579922275026679
13.1645179856817,0.574770869382299,0.572682454090085,0.574330202931127,0.0016477488410418,0.873851798495854,0.563112464848955,0.0112177380821724
13.2,0.609983224509125,0.607926717812806,0.60951624470988,0.00158952689707426,0.90112844313161,0.592073514707224,0.0174427300026556
13.2354820143183,0.644587723084871,0.642565753575293,0.644000250257782,0.00143449668248907,0.925896424524998,0.620289237995552,0.0237110122622305
13.2709640286367,0.67857785066374,0.676592925659639,0.677989356875391,0.00139643121575228,0.949883560231756,0.647724115597249,0.0302652412781423
13.3,0.705933987084289,0.70398118383841,0.705336864414511,0.00135568057610158,0.968907818675652,0.669569762196602,0.0357671022179088
13.308298500349,0.713696297021516,0.711752894330253,0.713697819696398,0.00194492536614566,0.976901394387865,0.675710340856988,0.0379874788394099
13.3165970006979,0.721421323344465,0.719487466333967,0.721485569473733,0.00199810313976556,0.98484843750149,0.681804386918787,0.039681182554946
13.3248955010469,0.729107711396754,0.727183548908197,0.729165595965202,0.00198204705700467,0.992748528351795,0.687851480717266,0.0413141152479363
13.3847748256173,0.782664149926932,0.780816280010647,0.782736346630203,0.00192006661955579,1.04832390007298,0.730056218320416,0.0526801283097872
13.4,0.796081348001844,0.794253553604002,0.796122363296248,0.00186880969224656,1.06204324659305,0.740375889952449,0.0557464733437998
13.4152251743827,0.809333428379445,0.807526263912641,0.80914823961169,0.00162197569904965,1.07397033078674,0.750523941374325,0.058624298237365
13.4304503487654,0.82243437325153,0.820648336144765,0.822244932991955,0.00159659684718982,1.08572344243717,0.760498020252938,0.0617469127390168
13.4456755231481,0.835377430096068,0.833613029427624,0.83519015602393,0.00157712659630604,1.09730026953832,0.77029581458227,0.0648943414416596
13.5,0.879641659399099,0.877959902978536,0.879474686339987,0.00151478336145106,1.13713659367187,0.803784426551621,0.0756902597883663
13.5543244768519,0.921587215265658,0.919994194514427,0.92134514944763,0.00135095493320292,1.17298151725945,0.834901534394831,0.0864436150527998
13.6,0.955128792991437,0.95361467305803,0.954885582907225,0.00127090984919409,1.20121690194644,0.859161814856497,0.0957237680507278
13.6456755231481,0.986802683966514,0.985371797622732,0.986507126439635,0.00113532881690337,1.22651761422615,0.881629977648142,0.104877148791493
13.6913510462963,1.01661181138603,1.01526818298272,1.01632265021988,0.00105446723715463,1.24997934270323,0.902259156637152,0.114063493582727
13.7,1.02214215504568,1.02081529942659,1.02183210812159,0.00101680869499821,1.25421128981492,0.905954742308463,0.115877365813128
13.7086489537037,1.02759166560469,1.02628176045481,1.0266520844507,0.00037032399589032,1.25552745630831,0.909582559001147,0.117069525449552
13.7172979074075,1.03297161868263,1.03167881538914,1.03196944021783,0.000290624828688246,1.25677558244812,0.913142335340246,0.118827104877584
13.7259468611112,1.03827993610621,1.03700438850856,1.03728418217909,0.000279793670522555,1.25795540194906,0.916633805040486,0.1206503771386
13.7648332956088,1.06082805668336,1.05963261584161,1.05986460282429,0.000231986982676569,1.2624091456407,0.931480925449766,0.128383677374519
13.8,1.07996335969188,1.07884264582934,1.07900039324203,0.000157747412681708,1.26522470425388,0.943695669444105,0.13530472379792
13.8078455749805,1.0841266811349,1.08302283170599,1.08400433677233,0.000981505066339317,1.26927064368473,0.946262032224802,0.137742304547531
13.815691149961,1.08822736251453,1.08714049228976,1.08820688321011,0.00106639092034899,1.27325833810322,0.948770149993132,0.139436733216976
13.8235367249415,1.09226366244251,1.0911938880886,1.09224123180096,0.00104734371236104,1.27718763312785,0.951219868367597,0.141021363433366
13.8794487671279,1.11808599257815,1.11714239642293,1.11811004939524,0.000967652972307054,1.30348614671593,0.96697407484148,0.151135974553759
13.9,1.12701349884847,1.12611712814087,1.1270114695182,0.000894341377322361,1.31239527700882,0.972007501394976,0.155003968123219
13.9205512328721,1.1354355733559,1.13458716501746,1.13507950509462,0.000492340077155262,1.31748660061688,0.976630411945368,0.15844909314925
13.9411024657443,1.14338846697778,1.14258867426168,1.14304996416707,0.000461289905390627,1.32216545578963,0.980840854060438,0.162209110106632
13.9616536986164,1.15085618484106,1.15010565302809,1.15053240267962,0.000426749651525116,1.32643006429605,0.984637049509189,0.165895353170431
14,1.16318587707215,1.16252912032068,1.1628920811572,0.000362960836521209,1.33327437684395,0.99060735569487,0.172284725462334
14.0307601546289,1.17188092631822,1.17130067975965,1.17138223505183,8.15552921771268e-05,1.33485170163582,0.99434413741002,0.17703809764181
14.0615203092578,1.17945546739955,1.17895283160184,1.17898453156027,3.16999584317745e-05,1.33548826500073,0.997140157698209,0.181844373862061
14.0922804638867,1.18587118911398,1.18544719782252,1.18541887805477,-2.83197677446445e-05,1.33518142158891,0.998992771209665,0.186426106845108
14.1,1.18735381649766,1.18694967476785,1.18689150832266,-5.81664451844155e-05,1.33495610408472,0.999309388747918,0.187582119574746
14.1077195361133,1.18877375440471,1.18838951733348,1.188099934516,-0.000289582817476708,1.33378254302195,0.999566456498467,0.188533478017536
14.1154390722266,1.19012124591104,1.1897569763166,1.18942445036074,-0.000332525955857976,1.33254941685258,0.999763959142402,0.18966049121834
14.12315860834,1.19139454212026,1.19105030264389,1.1907023552632,-0.000347947380686664,1.33125671380722,0.999901884910355,0.190800470352843
14.168039761081,1.19658066382515,1.19635421086599,1.19594435862787,-0.000409852238117292,1.32256066798842,0.999523472346124,0.196420886281751
14.2,1.1989278455769,1.19878600356048,1.19829485401262,-0.000491149547862113,1.3151407931379,0.998026652716362,0.200268201296258
14.2232896067725,1.19986944739628,1.19978963931891,1.19972361408034,-6.60252385662474e-05,1.31408114594011,0.996293734898957,0.203429879181383
14.2465792135449,1.20012933247239,1.20011184306643,1.19997477718585,-0.000137065880584153,1.31248112768403,0.994020446023259,0.205954331162587
14.2698688203174,1.19969050528143,1.1997355783056,1.1995408592257,-0.000194719079893213,1.31034197135895,0.991208019078567,0.208332840147137
14.3,1.19798706320767,1.19811334789503,1.19786121138682,-0.000252136508218648,1.30677696767291,0.986771964274613,0.211089247112202
14.3235303318121,1.19588494097558,1.19607477932327,1.19621567250292,0.00014089317965027,1.30807116970875,0.982684546164985,0.213531126337936
14.3470606636241,1.1930795485613,1.19333300851159,1.19340405201166,7.10435000681464e-05,1.30882130749322,0.978053063803971,0.215350988207687
14.3705909954362,1.18955584592402,1.18987294599623,1.18988730599879,1.43600025608315e-05,1.30902994525099,0.972880081416269,0.217007224582521
14.4,1.18406225731667,1.18445880808144,1.18441760647742,-4.12016040194363e-05,1.30853377126407,0.965657776549277,0.218759829928147
14.421780718688,1.17932447435407,1.17977977212167,1.17930970895424,-0.000470063167437695,1.30387703373932,0.959770170403589,0.219539538550647
14.443561437376,1.17398683142907,1.17450074730802,1.17400108506577,-0.000499662242253951,1.29876499952718,0.953427267570502,0.220573817495267
14.465342156064,1.16803840464869,1.1686107660934,1.16807572842098,-0.000535037672420913,1.29320067757992,0.946632077002302,0.221443651418679
14.5,1.15712098316988,1.15778572473469,1.15719302331461,-0.000592701420088382,1.28342223484258,0.934895055524683,0.222297967789922
14.534657843936,1.14464659976212,1.14540287023568,1.14485374247368,-0.000549127762001778,1.27418793768163,0.922035182157089,0.222818560316594
14.569315687872,1.13069674995541,1.13154356673425,1.13091755759309,-0.00062600914115496,1.26384623392912,0.908067902197932,0.22284965539516
14.6,1.1171547789819,1.11808085803222,1.11739230029398,-0.000688557738238282,1.25377940672006,0.894791172140503,0.222601128153474
14.630684312128,1.10241794529103,1.10342224479026,1.10244428539475,-0.000977959395509709,1.23970771783934,0.880672038124124,0.221772247270624
14.661368624256,1.08656833027691,1.08764975157282,1.08663057374757,-0.00101917782524907,1.22480691750272,0.865723792651853,0.22090678109572
14.6920529363841,1.06959969881029,1.07075701713826,1.06968675295411,-0.00107026418414802,1.20909107878285,0.849960508796333,0.219726244157781
14.7,1.06507753206785,1.06625436636337,1.06515835819217,-0.00109600817119659,1.20488968915174,0.845746831142933,0.21941152704924
14.7079470636159,1.06049181835854,1.06168809594751,1.06080610265991,-0.000881993287602745,1.20160065452668,0.841479739935918,0.21932636272399
14.7158941272319,1.05583386519683,1.0570495028016,1.05618003465225,-0.000869468149346408,1.19825847583823,0.837159504665514,0.219020529986739
14.7238411908478,1.05110246806944,1.05233737888441,1.05145289528869,-0.00088448359572002,1.19486342593296,0.832786398178286,0.218666497110403
14.7768349884088,1.01680051589822,1.01815982816909,1.01721300440114,-0.000946823767949523,1.1708930052124,0.802293954354337,0.2149190500468
14.8,1.00111718927554,1.0025298334489,1.00152091025356,-0.00100892319534207,1.15970206962282,0.788252067375316,0.21326884287824
14.8166675584623,0.989485300303787,0.990935771401924,0.989350408301991,-0.00158536309993296,1.14712380956402,0.77788663013404,0.211463778167951
14.8333351169246,0.977560958786774,0.979048774855604,0.97743986630108,-0.00160890855452434,1.13432945176412,0.767305095151667,0.210134771149413
14.8500026753869,0.96534188218164,0.966866537088865,0.965242621425866,-0.00162391566299913,1.12132193578491,0.756510401989978,0.208732219435888
14.9,0.92640342970678,0.928033981837784,0.926354258789571,-0.00167972304821284,1.08105512523518,0.722881349511976,0.203472909277595
14.913346496709,0.915746072956466,0.917404359727991,0.916201613514858,-0.00120274621313299,1.07332374438026,0.713595183258523,0.202606430256335
14.926692993418,0.90491710672447,0.906602771520345,0.905391620361371,-0.00121115115897408,1.06546525343404,0.704181906913786,0.201209713447585
14.940039490127,0.893915185799263,0.89562785879294,0.894387164144802,-0.00124069464813825,1.05748132914892,0.694643197230137,0.199743966914665
15,0.841597004348248,0.843423639364362,0.842121392356321,-0.00130224700804127,1.02011100547241,0.650287840157117,0.191833552199204
15.048202795172,0.797432739061517,0.799345143293956,0.797866423660419,-0.00147871963353685,0.986251081297958,0.612927609741569,0.18493881391885
15.1,0.747895946784308,0.749894053894613,0.748361163941985,-0.00153288995262768,0.948281660008861,0.571196869659987,0.177164294281998
15.1408729141224,0.707458908950011,0.709520106048835,0.707772362382519,-0.00174774366631658,0.914328464869113,0.537180133967776,0.170592228414742
15.1817458282447,0.665884625470206,0.668004698433632,0.666225435058226,-0.00177926337540579,0.879477984152162,0.502266112698361,0.163959322359865
15.2,0.647051146961453,0.64919649724745,0.647391897571934,-0.00180459967551527,0.863638938028713,0.486398688853798,0.160993208718136
15.2182541717553,0.627988486183554,0.630158195640504,0.628420225385545,-0.00173797025495948,0.848337388473444,0.470369194274428,0.158051031111117
15.2365083435105,0.608724074547432,0.610917294082803,0.609159453860053,-0.00175784022275027,0.832879109299666,0.45418297007655,0.154976483783503
15.2547625152658,0.589260987957731,0.591476844931621,0.589699968422263,-0.00177687650935798,0.817269493846857,0.43784540959964,0.151854558822623
15.3,0.540310583544878,0.542579165666321,0.540756770547724,-0.00182239511859672,0.77796865058862,0.396740573130612,0.144016197417112
15.3328541488768,0.503931983834335,0.506234627165211,0.50471513017,-0.00151949699521137,0.753484435486864,0.366374063033594,0.138341067136405
15.3657082977536,0.467068813616876,0.469402650194031,0.467832712752989,-0.00156993744104283,0.72860479358768,0.335612126139149,0.13222058661384
15.4,0.428107018976714,0.430470235778247,0.428871398196494,-0.00159883758175328,0.702250702603174,0.303118356745702,0.125753041450791
15.4256096683952,0.398735986110512,0.401119196325196,0.399153014036464,-0.00196618228873224,0.678343801648051,0.278616820700384,0.12053619333608
15.4512193367904,0.369144284635094,0.371545745507767,0.369583661449664,-0.00196208405810316,0.654254178412799,0.253932562374937,0.115651099074727
15.4768290051857,0.339348202376838,0.341766136849738,0.339797397004806,-0.00196873984493229,0.629998021309708,0.229081770181651,0.110715626823155
15.5,0.312235395426726,0.314666755121642,0.312687077592306,-0.00197967752933625,0.607921744194256,0.206467481937797,0.106219595654509
15.5231709948143,0.284983029498724,0.287426314603398,0.285627808599766,-0.00179850600363174,0.587720310129309,0.183742347294625,0.101885461305141
15.5463419896287,0.257615562010844,0.26006935980844,0.258253208364607,-0.00181615144383318,0.567420230130347,0.160918566717438,0.0973346416471693
15.569512984443,0.230145882567292,0.23260875653276,0.230781115083822,-0.00182764144893865,0.547033757622809,0.138008393631675,0.0927727214521468
15.6,0.193891160535317,0.196364151016404,0.194525889101112,-0.00183826191529246,0.520099551270023,0.107753652299442,0.0867722368016695
15.6209708369472,0.168868185928909,0.171346462092266,0.169023740211863,-0.00232272188040311,0.496923634859676,0.0868827506537074,0.0821409895581551
15.6419416738943,0.143803920127115,0.146286349444827,0.143976424763673,-0.00230992468115432,0.473709510900842,0.0659736414594853,0.0780027833041874
15.6629125108415,0.118708583504744,0.121194016593602,0.11889116845743,-0.00230284813617226,0.450466374380988,0.045035519704243,0.0738556487531871
15.7,0.0742912371001909,0.0767786604434464,0.0744743339386958,-0.00230432650475065,0.409317557857349,0.00796318378593557,0.0665111501527602
15.7108300406202,0.0613184666153201,0.0638060370037589,0.0619987607222616,-0.00180727628149735,0.399984937614905,-0.00286676874457281,0.0648655294668344
15.7216600812405,0.0483465328735182,0.0508339568546797,0.0490555436601799,-0.00177841319449978,0.390652653611849,-0.0136963850356928,0.0627519286958727
15.7324901218607,0.0353769404957104,0.0378639195567435,0.0360776047615327,-0.00178631479521085,0.381321976039077,-0.0245243948965289,0.0606019996580616
15.7877196603699,-0.0305556768972982,-0.0280775940322538,-0.0298638717402899,-0.00178627770803613,0.333810395236629,-0.0796718631498631,0.0498079914095732
15.8,-0.0451957356812353,-0.0427201755009789,-0.0445021089413071,-0.00178193344032812,0.323273254887302,-0.0919068502276816,0.0474047412863746
15.8122803396301,-0.0598171069907595,-0.0573444830415603,-0.0589939219824267,-0.00164943894086644,0.313529651582534,-0.104127977307085,0.0451340553246586
15.8245606792602,-0.07441938240693,-0.0719500546086764,-0.0735919852697067,-0.0016419306610303,0.30380175128137,-0.116333401382884,0.0427414161131777
15.8368410188902,-0.0890000949928122,-0.0865344288315126,-0.0881758440209978,-0.00164141518948518,0.294091394620912,-0.128521281817978,0.0403454377969802
15.8934449867078,-0.15564628690551,-0.153204058770661,-0.154834483592238,-0.00163042482157699,0.2496123557943,-0.184420010997718,0.0295855274054799
15.9,-0.163346240875904,-0.160906930370079,-0.162528851148684,-0.00162192077860526,0.244496240802916,-0.190858581374189,0.0283297302255049
15.9065550132922,-0.171034683108265,-0.168598412571797,-0.170646887386775,-0.00204847481497872,0.237813960689689,-0.19728895093047,0.0266420635436949
15.9131100265844,-0.178713405736674,-0.176280272869471,-0.178394445376712,-0.00211417250724055,0.231140157697064,-0.20371084336615,0.0253163979894379
15.9196650398766,-0.186381904127865,-0.18395200837798,-0.186066708182047,-0.00211469980406745,0.224475107761207,-0.210123982745062,0.0240572745630146
15.9670178371969,-0.241229643740302,-0.238827449344885,-0.24092510889892,-0.00209765955403479,0.176612530089696,-0.256166782330074,0.0152416734311535
16,-0.279078727482595,-0.276698303288167,-0.278773999914624,-0.00207569662645668,0.143608484213441,-0.287903316665065,0.00912931675044143
16.0329821628031,-0.316536317049729,-0.31418007839254,-0.316334297012261,-0.00215421861972059,0.109511331776452,-0.319326691522278,0.00299239451001704
16.0659643256063,-0.353587174547637,-0.35125734180617,-0.35338148828125,-0.00212414647508061,0.0757615187904858,-0.350402726928467,-0.00297876135278302
16.1,-0.391344667187653,-0.389044429838731,-0.391142108063496,-0.00209767822476433,0.0413336455289736,-0.382071417184009,-0.0090706908794867
16.1340356743937,-0.428569958982501,-0.426301683511792,-0.428361267367346,-0.00205958385555381,0.00751910714993398,-0.413297548268926,-0.0150637190984203
16.1680713487875,-0.4652517279313,-0.463017602846822,-0.465047884578073,-0.00203028173125091,-0.0258167023528883,-0.444044950477626,-0.0210029341004478
16.2,-0.499140562927169,-0.496940418226619,-0.498940430626833,-0.002000012400214,-0.0566219068104811,-0.472421986398466,-0.0265184442283673
16.2238061977166,-0.524079079609238,-0.521905428993772,-0.523511737340636,-0.00160630834686398,-0.0753466778965914,-0.4932682696109,-0.0302434677297355
16.2476123954332,-0.548710447931765,-0.546564306632663,-0.548163246653163,-0.00159894002050004,-0.0937919097678272,-0.51383501360846,-0.0343282330447033
16.2714185931498,-0.573017022997247,-0.570899410342316,-0.572480118117028,-0.00158070777471184,-0.11194594707998,-0.534110563046936,-0.0383695550700922
16.3,-0.601723057381127,-0.599641093580672,-0.601192454021569,-0.0015513604408971,-0.133340595854814,-0.558052271286779,-0.0431401827347897
16.3285814068502,-0.629909153554936,-0.627864271881019,-0.629711429164924,-0.00184715728390544,-0.158423073427543,-0.581538139434652,-0.0481732897302726
16.3571628137003,-0.657580498370686,-0.655574033236443,-0.657364463822292,-0.0017904305858493,-0.183030526683368,-0.604548983265621,-0.0528154805566711
16.3857442205505,-0.684708689583154,-0.682741974412461,-0.684490276284043,-0.00174830187158215,-0.207144159416795,-0.627066006574191,-0.0574242697098521
16.4,-0.698079971437763,-0.696133468617442,-0.697856487583552,-0.00172301896611035,-0.218981188986123,-0.63810668234795,-0.0597498052356017
16.4142557794496,-0.71130231822949,-0.709376378039523,-0.710942797581843,-0.00156641954231995,-0.229745311465795,-0.649017679653113,-0.0619251179287298
16.4285115588991,-0.724384779129004,-0.722479721214872,-0.72402451986267,-0.00154479864779783,-0.240377538102472,-0.659796781115281,-0.0642277387473887
16.4427673383486,-0.737322286849405,-0.735438434281966,-0.736966444412746,-0.00152801013077994,-0.250875678326129,-0.67044179616443,-0.0665246482483166
16.5,-0.787093193402228,-0.785298543253094,-0.786769937971634,-0.00147139471854024,-0.291629566334849,-0.711785342369123,-0.0749845956025111
16.5432634329566,-0.823177108686628,-0.821452620908356,-0.823154420990885,-0.00170180008252963,-0.326563842258534,-0.74149794238369,-0.0816564786071957
16.5865268659133,-0.857789708729394,-0.856137819378829,-0.857743301157963,-0.00160548177913378,-0.3601104546834,-0.769822878899438,-0.0879204222585248
16.6,-0.868371447456839,-0.866742498959799,-0.868306251973958,-0.00156375301415823,-0.370265792950199,-0.778352078534298,-0.0899541734396592
16.6134731340867,-0.878789368445089,-0.877183634351601,-0.878219867987714,-0.00103623363611283,-0.376995413969186,-0.78673998967912,-0.0914798783085935
16.6269462681735,-0.889058776732773,-0.887476500125298,-0.888478842500394,-0.00100234237509533,-0.383582223902727,-0.794985089738495,-0.0934937527618985
16.6404194022602,-0.899175018809021,-0.897616445422689,-0.898606611664839,-0.000990166242149648,-0.390024726078853,-0.803085882040455,-0.0955207296243838
16.7,-0.941177619437398,-0.939727430028085,-0.940649908548606,-0.000922478520521075,-0.416747367873402,-0.837141778019747,-0.103508130528859
16.7184863736128,-0.953795921767131,-0.952379919235749,-0.953630337989,-0.00125041875325166,-0.427750542692272,-0.847109948097736,-0.106520389891264
16.7369727472257,-0.966113826182632,-0.96473242056601,-0.96594217393571,-0.00120975336969986,-0.438464229311324,-0.856788629975907,-0.109153543959803
16.7554591208385,-0.978121484135009,-0.976775088776018,-0.977944215984243,-0.00116912720822515,-0.448885120173846,-0.866174516097548,-0.111769699886695
16.8,-1.00537218609902,-1.00411208803057,-1.00521789031707,-0.00110580228650164,-0.472771367475268,-0.887567033581505,-0.117650856735567
16.8131753750843,-1.0132027969017,-1.0119684991798,-1.0126905324799,-0.000722033300098346,-0.477348566654815,-0.893559435668928,-0.119131096810969
16.8263507501685,-1.02087247600632,-1.01966417283671,-1.0203518792673,-0.000687706430592294,-0.481770654641289,-0.899396726563277,-0.120955152704026
16.8395261252528,-1.02837663942111,-1.02719452740417,-1.02786465702993,-0.000670129625754801,-0.486036618151053,-0.905077892980917,-0.122786764049011
16.893898190337,-1.05679436312202,-1.05572275335161,-1.05632214820517,-0.00059939485356153,-0.501968948244044,-0.926850474613029,-0.129471673592141
16.9,-1.05990784175726,-1.05884870795914,-1.05940543675039,-0.000556728791244243,-0.503587074377254,-0.92912401273437,-0.130281424016018
16.906101809663,-1.06297623873279,-1.06192962856668,-1.06249115380229,-0.000561525235611593,-0.505239557986692,-0.931362957742389,-0.131128196059901
16.912203619326,-1.06600859943645,-1.06497455195407,-1.06552695617035,-0.000552404216281888,-0.506857365122486,-0.933567226276763,-0.131959729893586
16.9183054289889,-1.06900405279157,-1.06798260770312,-1.06852333250163,-0.000540724798505976,-0.508440413715384,-0.935736736268241,-0.132786596233385
16.9757386526681,-1.09432028663372,-1.09341975685238,-1.09388732724931,-0.000467570396925909,-0.521622997094384,-0.954439381816376,-0.139447945432934
17,-1.10431480831272,-1.10346595477227,-1.10385454932331,-0.00038859455104101,-0.52624928357184,-0.961397491879557,-0.142457057443754
17.0242613473319,-1.11366463448914,-1.11286799959358,-1.11341957380656,-0.000551574212982242,-0.532558856065019,-0.967789738662522,-0.14562983514404
17.0485226946639,-1.12241399892399,-1.12167006877278,-1.12216109347604,-0.000491024703264564,-0.538298802903145,-0.973612359790434,-0.14854873368561
17.0727840419958,-1.13054488390945,-1.12985413813234,-1.1302917893779,-0.000437651245564719,-0.543465696983985,-0.978861928161061,-0.151429861216843
17.1,-1.13905476141902,-1.13842415552457,-1.1387922768596,-0.000368121335029392,-0.548576031322383,-0.984065005081643,-0.154727271777955
17.1272159580042,-1.14658549159139,-1.14601571845194,-1.14624175770678,-0.000226039254834665,-0.551686980470131,-0.988539221807323,-0.157702535899457
17.1544319160084,-1.153332413453,-1.15282397079065,-1.15299785645962,-0.000173885668967033,-0.554065755537757,-0.992281264452879,-0.16071659200674
17.1816478740126,-1.15927297325476,-1.15882634158126,-1.15894560147794,-0.000119259896673829,-0.555709584934036,-0.99528836142709,-0.163657240050846
17.2,-1.16292406636689,-1.16251932981187,-1.16258582198386,-6.64921719911726e-05,-0.55640201790869,-0.996900066041596,-0.165685755942267
17.2183521259874,-1.16614436167211,-1.16578176827251,-1.16595622462725,-0.000174456354731456,-0.557902729059913,-0.998176023610715,-0.167780201016531
17.2367042519747,-1.16899966219812,-1.16867940657873,-1.16881201729061,-0.000132610711874426,-0.559067263434627,-0.999115804403325,-0.169696212887281
17.2550563779621,-1.1714806765571,-1.1712029478313,-1.17129426467753,-9.13168462218783e-05,-0.559895304523047,-0.999719091909642,-0.171575172767883
17.3,-1.17549777062897,-1.17532490161227,-1.17534383402614,-1.8932413873296e-05,-0.560501056213699,-0.999774431073011,-0.175569402953128
17.3449436220379,-1.1772072561773,-1.1771398589253,-1.17707486818689,6.49907384149273e-05,-0.559294163071588,-0.997810636617648,-0.179264231569242
17.3898872440758,-1.17668127804701,-1.17671979345153,-1.17655825534332,0.000161538108207848,-0.55607210236877,-0.993831674601578,-0.182726580741743
17.4,-1.17638626624998,-1.17644865549657,-1.17624242181809,0.000206233678480494,-0.555070118459666,-0.992659380470633,-0.183583041347456
17.4101127559242,-1.1759602979295,-1.17604659527333,-1.17552082796154,0.000525767311783332,-0.552433214475649,-0.991385570081712,-0.184135257879832
17.4202255118483,-1.17542059608213,-1.17553083039915,-1.17496280313794,0.000568027261211523,-0.549694924502375,-0.990010373703534,-0.184952429434404
17.4303382677725,-1.1747646356884,-1.17489883453381,-1.17431429069634,0.000584543837477525,-0.546855389176996,-0.98853393197325,-0.185780358723085
17.4790311300808,-1.16923441519063,-1.16948406249812,-1.16883234366752,0.000651718830605774,-0.531770765256618,-0.980012595967375,-0.188819747700144
17.5,-1.16626951916045,-1.16656891549296,-1.16584890952991,0.000720005963047221,-0.524557790683892,-0.975626005468158,-0.19022290406175
17.5209688699192,-1.16277262847865,-1.16312179168936,-1.16260641532022,0.000515376369141118,-0.51923598751167,-0.970810454268302,-0.191795961051919
17.5419377398385,-1.15878549729138,-1.15918442542925,-1.15861711838259,0.000567307046659415,-0.513487340927816,-0.965568059656816,-0.193049058725773
17.5629066097577,-1.15429799172013,-1.15474666367927,-1.15413210405157,0.000614559627701294,-0.507314155894739,-0.959901126596105,-0.194230977455467
17.6,-1.14489896059689,-1.14543539069538,-1.14475880082427,0.000676589871113076,-0.495361980530443,-0.948844497918124,-0.195914302906146
17.6370933902423,-1.13391313142313,-1.134536929092,-1.13405035812901,0.000486570962988597,-0.486331138422318,-0.93648248518401,-0.197567872944999
17.6741867804846,-1.12141265035407,-1.12212332738333,-1.12154060179041,0.000582725592921884,-0.476011919443496,-0.922832095579199,-0.198708506211208
17.7,-1.11191797067716,-1.11268883102943,-1.11204444873337,0.000644382296060841,-0.468080428940027,-0.912582449791185,-0.199461998942187
17.7170236898319,-1.10528568487822,-1.10609609939792,-1.10484319841288,0.00125290098504754,-0.457980053527168,-0.905489690084689,-0.199353508328187
17.7340473796638,-1.09833806799437,-1.09918790906694,-1.0979080126588,0.0012798964081408,-0.447617268092581,-0.898134520356466,-0.199773492302338
17.7510710694957,-1.09106958515016,-1.09195871082555,-1.09065917226978,0.00129953855576664,-0.436994204157222,-0.89051907212747,-0.200140100142309
17.8,-1.06782182622968,-1.06882232656493,-1.06745741370114,0.00136491286378537,-0.405032921178472,-0.867202179485581,-0.200255234215559
17.8130148625086,-1.06136637846051,-1.06239633201788,-1.06152502796076,0.00087130405712732,-0.399583038878612,-0.860648085732859,-0.200876942227896
17.8260297250173,-1.05473155101196,-1.05579084529942,-1.05491004414898,0.000880801150439314,-0.393987376343807,-0.853948211745192,-0.200961832403787
17.8390445875259,-1.04791428066644,-1.04900279595668,-1.04808861301982,0.000914182936862351,-0.388247068427222,-0.847103692375746,-0.200984920644075
17.8941236530114,-1.01623607005719,-1.01744564032342,-1.0164614995553,0.0009841407681217,-0.362379759376715,-0.81656334625844,-0.199898153296862
17.9,-1.0127786017784,-1.01400101772123,-1.01297910678846,0.00102191093276555,-0.359472087837301,-0.813157111661486,-0.199821995126976
17.9058763469886,-1.00927619443516,-1.01051141760961,-1.00922131938946,0.0012900982201568,-0.355671839778894,-0.809722797647996,-0.19949852174146
17.9117526939771,-1.00573853135433,-1.00698653193077,-1.00563853065989,0.00134800127088519,-0.351843630895465,-0.806260522809484,-0.199378007850406
17.9176290409657,-1.00216495320024,-1.00342570025885,-1.00206336857768,0.00136233168116207,-0.347987580744054,-0.802770406702989,-0.199292961874696
17.9553597000711,-0.977950951914021,-0.979292196511452,-0.9778885010625,0.00140369544895197,-0.322573647132095,-0.779706050597382,-0.198182450465118
17.9930903591766,-0.952331200966162,-0.953751304929403,-0.95228386771017,0.0014674372192322,-0.296049853606782,-0.755531834578421,-0.196752033131749
18,-0.947559006238758,-0.948993458955172,-0.947500250986522,0.00149320796865043,-0.2910749861007,-0.750987246771676,-0.196513004214846
18.0069096408234,-0.942731867428203,-0.944180605527559,-0.942906175807313,0.00127442972024544,-0.2869398111396,-0.746406804621093,-0.196499371186221
18.0138192816468,-0.937858562417085,-0.939321531803131,-0.938070013595935,0.00125151820719671,-0.282769000518464,-0.741790726810475,-0.19627928678546
18.0207289224702,-0.932938296748332,-0.934415441344233,-0.933154069964258,0.00126137137997517,-0.27856277462245,-0.737139233724978,-0.19601483623928
18.0783501034272,-0.889179723706783,-0.890770908878836,-0.889451064200021,0.00131984467881521,-0.242137134663379,-0.69700040201613,-0.192450662183891
18.1,-0.87220913553309,-0.873842360623449,-0.872466705665719,0.00137565495772918,-0.22784564866656,-0.6813137655555,-0.19115294011022
18.1216498965728,-0.854777843182471,-0.856452372392385,-0.854931489326486,0.00152088306589904,-0.212081357906589,-0.665307797527913,-0.189623691798574
18.1432997931455,-0.836933288194728,-0.838648422997623,-0.837101248560418,0.00154717443720517,-0.196005237572296,-0.648989999926002,-0.188111248634416
18.1649496897183,-0.818674101324952,-0.820429104150024,-0.818855063687574,0.0015740404624508,-0.179624935810747,-0.632368020896836,-0.186487042790738
18.2,-0.788374594149077,-0.790192768832042,-0.788565245435008,0.00162752339703398,-0.152481003079343,-0.604832822406284,-0.183732423028724
18.2350503102817,-0.756765890208343,-0.758644535259879,-0.756826474358176,0.00181806090170306,-0.122107484571847,-0.576554648194015,-0.180271826164161
18.2701006205634,-0.72419552347559,-0.726132403478631,-0.724283174031783,0.00184922944684814,-0.091025727208948,-0.547568235126341,-0.176714938905442
18.3,-0.695702794988027,-0.697687596065185,-0.695804596755207,0.00188299930997801,-0.0639786654602421,-0.522308589626732,-0.173496007128476
18.3298993794366,-0.666520556123986,-0.668551439197705,-0.666489521198035,0.00206191799966941,-0.0345153425564795,-0.496582049191591,-0.169907472006445
18.3597987588733,-0.636714628365736,-0.638789798109325,-0.636706325308205,0.00208347280111961,-0.00460812183359643,-0.470411610937329,-0.166294714370876
18.3896981383099,-0.606297769679799,-0.608415340594161,-0.606305389058686,0.00210995153547424,0.0257196027889424,-0.443820668783412,-0.162484720275274
18.4,-0.595716989881859,-0.59784885457415,-0.595723151235684,0.00212570333846592,0.036262161712522,-0.434565622071894,-0.161157529163791
18.4103018616901,-0.58506849772411,-0.587214432875947,-0.585356521909268,0.00185791096667944,0.0454182821091779,-0.42526445603396,-0.160092065875308
18.4206037233802,-0.574353069810956,-0.576512851324764,-0.574664127202226,0.00184872412253854,0.0546195347235344,-0.415918157778325,-0.1587459694239
18.4309055850703,-0.563570390968972,-0.565743787832649,-0.563881897990239,0.00186188984240943,0.0638649276571115,-0.40652771920347,-0.157354178786769
18.4905437036257,-0.499361421605059,-0.501606355860264,-0.499709877802097,0.00189647805816716,0.118203369166552,-0.351349599448418,-0.148360278353679
18.5,-0.489094073925249,-0.491349995804196,-0.489432018088168,0.00191797771602795,0.126939209688517,-0.342480618469613,-0.146951399618556
18.5094562963743,-0.478769644713659,-0.48103631270591,-0.478979321676356,0.00205699102955373,0.136345953920947,-0.333581012574312,-0.145398309102044
18.5189125927486,-0.468398465367109,-0.47067567505959,-0.468601039163061,0.00207463589652901,0.145782527259328,-0.324651577573062,-0.143949461589999
18.5283688891229,-0.457980465395024,-0.460268006626799,-0.458188606626409,0.00207940000038984,0.155248131225771,-0.315693111943749,-0.14249549468266
18.5857754287085,-0.393401345547721,-0.395744481836026,-0.393641823130096,0.00210265870592988,0.213287802200699,-0.260732136461592,-0.132909686668504
18.6,-0.377272717079127,-0.379628931068162,-0.377508113858764,0.00212081720939863,0.22780913641586,-0.246973661736621,-0.130534452122143
18.6142245712915,-0.361048672026795,-0.363417409049184,-0.361407015270067,0.0020103937791173,0.241587197763762,-0.233165215591675,-0.128241799678393
18.6284491425831,-0.344744298098061,-0.347125062847263,-0.345109300466603,0.00201576238066015,0.255412436599457,-0.219309591958934,-0.125799708507669
18.6426737138746,-0.328361237238586,-0.330753520213354,-0.328728841565718,0.00202467864763611,0.269282049445107,-0.205409594316239,-0.123319247249478
18.7,-0.26138866231904,-0.263819800094933,-0.261778550529059,0.00204124956587376,0.325570164515437,-0.148999025814199,-0.11277952471486
18.7573262861254,-0.193546821314468,-0.196008066389325,-0.19389295984136,0.00211510654796504,0.383712225980803,-0.0920989354363718,-0.101794024404988
18.8,-0.14266591869434,-0.145144628135033,-0.143026148018109,0.00211848011692373,0.427200044390122,-0.0495356408783674,-0.0934905071397414
18.8332873059115,-0.102783700982034,-0.105272813075804,-0.103429179359764,0.00184363371603968,0.45716448404533,-0.0162678980068159,-0.0871612813529482
18.866574611823,-0.0627810477075888,-0.0652776543977051,-0.0634117455133036,0.00186590888440147,0.487146947594906,0.0170178687591034,-0.0804296142724069
18.9,-0.0225346634044315,-0.025035794774458,-0.0231666562347771,0.00186913853968096,0.517234760677457,0.0504226878068148,-0.0735893440415919
18.933425388177,0.017742868289215,0.0152403156869846,0.0173489415544352,0.00210862586745064,0.550811724797335,0.083771177019922,-0.0664222354654868
18.966850776354,0.0579997673016534,0.0554987387825644,0.0575825454118796,0.00208380662931518,0.584295103732618,0.117026081048435,-0.0594435356365556
19,0.0978581685242141,0.0953616086700927,0.0974329715672687,0.00207136289717602,0.617372819567062,0.149877209662952,-0.0524442380956836
19.025801304348,0.128813679755048,0.126322537438758,0.128748828110802,0.00242629067204359,0.647184006477858,0.175334363761008,-0.0465855356502068
19.0516026086961,0.15968346857272,0.157199490002117,0.159595936846704,0.0023964468445864,0.67687847849674,0.200674802967151,-0.0410788661204468
19.0774039130441,0.190444632383689,0.187969594395935,0.190348167168809,0.00237857277287312,0.706439367244004,0.225881658901676,-0.035533491732867
19.1,0.217283740987252,0.214817926141058,0.217184842261989,0.00236691612093021,0.732205060913583,0.24783420798296,-0.0306493657209712
19.1176168005696,0.238135440536584,0.235677714822703,0.237533184414851,0.00185546959214822,0.7481110456938,0.264862068025104,-0.0273288836102521
19.1352336011391,0.258913631169365,0.256464798718293,0.258317565743051,0.00185276702475734,0.76393483221682,0.28180772981005,-0.0234901640669993
19.1528504017087,0.279610133777339,0.277171012507023,0.279024036557465,0.00185302405044152,0.779671161504352,0.298665934359509,-0.0196418978020441
19.2,0.334366600579669,0.331958623087953,0.33379022652649,0.00183160343853705,0.821317569443771,0.343314928819899,-0.00952470229340835
19.2471495982913,0.388295762359329,0.385924581653071,0.387612824903851,0.0016882432507801,0.860012401703258,0.38720084652361,0.000411978380241707
19.2942991965826,0.441302374894102,0.438973322098811,0.440633034598484,0.00165971249967289,0.897846613170155,0.430226143434732,0.0104068911637526
19.3,0.447681669493852,0.445357879317827,0.447003131386612,0.00164525206878519,0.902358181968932,0.435365360372893,0.0116377710137193
19.3057008034174,0.454042983508838,0.451724555764933,0.453858277406971,0.00213372164203851,0.908494647631295,0.440490428341041,0.0133678490659301
19.3114016068347,0.460389673253459,0.458076687088716,0.46030010863725,0.00222342154853383,0.914616797763694,0.445601180779225,0.0146989278580247
19.3171024102521,0.466721219014403,0.464413755074477,0.466641759082875,0.00222800400839784,0.920724466271419,0.450697451592736,0.0159443074901395
19.3539069952018,0.50700468388259,0.504735681409345,0.506938531699963,0.00220285029061784,0.959796048066809,0.483239414731001,0.0236991169689624
19.3907115801515,0.54657121045105,0.544343774459356,0.546507012281362,0.002163237822006,0.998213118523981,0.515126866531048,0.0313801457503143
19.4,0.556487540026267,0.554270888667533,0.556414572848313,0.00214368418077981,1.00779990530426,0.523065765157699,0.0333488076906135
19.4092884198485,0.566349350956669,0.564143710289148,0.56619829152485,0.00205458123570224,1.01696251216223,0.530959536744188,0.035238754780662
19.4185768396969,0.576162171993426,0.573967739497366,0.576005060684427,0.00203732118706124,1.02607931095182,0.538807500262292,0.0371975604221352
19.4278652595454,0.585924113732684,0.583741089978585,0.585768906812342,0.00202781683375663,1.03514962459685,0.546608978635843,0.039159928176499
19.485666902908,0.644804120834822,0.64269828203295,0.644681493650313,0.00198321161736303,1.09050814919654,0.594071567754066,0.0506099258962475
19.5,0.659216830342437,0.657130750188786,0.659074474221148,0.00194372403236187,1.10393440950555,0.605539869719601,0.0535346045015471
19.514333097092,0.673476479689578,0.671410649383777,0.673258019103073,0.00184736971929556,1.11669217215865,0.616883773113548,0.0563742459895248
19.5286661941841,0.687596829079732,0.685551680113666,0.687379198954754,0.00182751884108767,1.12932320581495,0.628100947510696,0.0592782514440577
19.5429992912761,0.701572068771147,0.699548036979072,0.701358388491178,0.00181035151210573,1.14182520608371,0.639189088520299,0.0621692999708793
19.6,0.754981769135765,0.753047215013735,0.754803435954935,0.00175622094120054,1.19022245680315,0.681963620068136,0.0728398158867996
19.6129619238371,0.766925761954717,0.765012065260135,0.766261784197526,0.00124971893739079,1.19800974761205,0.691386237421833,0.0748755467756931
19.6259238476742,0.778740721768808,0.776848205178318,0.778065028245965,0.00121682306764748,1.20568087922953,0.700692695584101,0.0773723326618643
19.6388857715113,0.790421983596653,0.788550973369898,0.789758454813177,0.0012074814432792,1.21323428808576,0.70988143098512,0.0798770238280574
19.7,0.842738444995864,0.840974378098722,0.842121007062586,0.00114662896386397,1.24721586454052,0.751573415352151,0.0905475917104354
19.713420756955,0.853984059081119,0.852243969732937,0.853968496397509,0.00172452666457179,1.25835553538488,0.760358460129461,0.0936100362680484
19.72684151391,0.865076495489637,0.863360693359104,0.865077304933838,0.0017166115747338,1.2693582550151,0.769006553692621,0.0960707512412168
19.740262270865,0.876010596945756,0.874319394443985,0.8760024590602,0.00168306461621448,1.28022246578833,0.77751613839879,0.0984863206614099
19.8,0.92179505401173,0.920217976576036,0.921830193077909,0.00161221650187282,1.32686084587493,0.813673737507105,0.108156455570803
19.8134578203609,0.93184604038449,0.930295102590132,0.931407467689939,0.00111236509980706,1.33407525595836,0.821423143568844,0.109984324121094
19.8269156407218,0.941729989096909,0.940205464764372,0.94128353137081,0.00107806660643806,1.34114089793576,0.829023781524553,0.112259749846258
19.8403734610827,0.951441673242056,0.949943837985768,0.951008217648652,0.00106437966288442,1.34805639525409,0.836474274821205,0.114533942827447
19.9,0.991387843743473,0.990012163547134,0.991005871020188,0.000993707473054162,1.37685585517086,0.867644100641669,0.123361770378519
19.9420691903484,1.01765511672068,1.01636790610813,1.01712733715959,0.000759431051461146,1.39274684038389,0.88778646307643,0.129340874083157
19.9841383806969,1.04213882929697,1.04094202522333,1.04163624457885,0.000694219355512171,1.40706683793774,0.90635783785202,0.135278406726825
20,1.05104282259958,1.04988046566876,1.05052944462666,0.000648978957894286,1.4120513265249,0.912945250727628,0.137584193899028
20.0158616193031,1.0596620340278,1.0585344300741,1.05926447554908,0.000730045474971464,1.41761174132612,0.919302979640457,0.139961495908619
20.0317232386062,1.06802026873837,1.06692768725906,1.06762660101564,0.000698913756575603,1.42294087265093,0.92542942507688,0.142197175938755
20.0475848579093,1.07611007778053,1.07505278574906,1.07571874460874,0.000665958859679128,1.42803717917332,0.93132304571088,0.144395698897861
20.1,1.10017607479004,1.09923740835488,1.09982875288374,0.000591344528866777,1.44320394146095,0.949124553647895,0.150704199235848
20.1524151420907,1.12117920809237,1.12036110468404,1.12109531220975,0.000734207525707742,1.46131500427279,0.964319083913606,0.156776228296141
20.2,1.13773838570279,1.13703111410288,1.13763774641211,0.00060663230922553,1.47546419946495,0.975820517766976,0.161817228645131
20.2475848579093,1.15166662678534,1.15107136906321,1.15165092432637,0.000579555263157117,1.48881373628538,0.985112799871093,0.166538124455276
20.2951697158187,1.16307239486267,1.16259005470747,1.16306263328917,0.000472578581697913,1.49993308463833,0.992174893507737,0.170887739781435
20.3,1.16416765124856,1.16369679740742,1.16413490366569,0.000438106258271453,1.50093644422499,0.992766405835907,0.171368497829786
20.3048302841813,1.16522875450228,1.1647694018178,1.16512316965804,0.00035376784023855,1.50170557470774,0.993334755335494,0.171788414322547
20.3096605683626,1.16626372339253,1.16581588378917,1.16614208650787,0.000326202718704982,1.50245152910141,0.993879928745994,0.172262157761881
20.314490852544,1.16727198042088,1.16683566590011,1.16714895107125,0.000313285171138045,1.50317429468622,0.994401913347639,0.172747037723612
20.3596916638008,1.174678005515,1.17435000965717,1.17460177834426,0.000251768687089093,1.50881195955563,0.99816071084954,0.176441067494723
20.4,1.17941195280031,1.17918088885915,1.17934004217753,0.000159153318378458,1.51211965013773,0.999792900142669,0.17954714203486
20.4403083361992,1.18220875494395,1.18207482246666,1.18204187070659,-3.29517600745621e-05,1.51187007898809,0.999800883886774,0.182240986819815
20.4806166723984,1.18316516036881,1.18312841942346,1.1830192240658,-0.000109195357653524,1.5099962893195,0.998184649111926,0.184834574953879
20.5,1.18311856036582,1.18312858185451,1.18296489740292,-0.000163684451587764,1.50851758241627,0.996829794278799,0.18613510312412
20.5193833276016,1.1826098362446,1.18266663109769,1.18291750098994,0.000250869892247874,1.51066961251677,0.995100428871436,0.187817072118502
20.5387666552033,1.18167522517394,1.18177878865889,1.18197681453058,0.000198025871690266,1.51244778176842,0.99299720261523,0.188979611915353
20.5581499828049,1.18030591953853,1.18045623243823,1.18060463122386,0.000148398785637882,1.51385288035676,0.990520905695705,0.190083725528159
20.6,1.17549275180788,1.175743649928,1.17582273767311,7.90877451044558e-05,1.51561888510655,0.983906694618616,0.19191604305449
20.6114660081344,1.17395172521098,1.17423014470006,1.17376888207559,-0.000461262624474212,1.51299754712282,0.981793282646652,0.191975599428938
20.6229320162688,1.17226257310074,1.17256849209473,1.17205839414873,-0.00051009794599266,1.51024713483584,0.979550796371429,0.192507597777306
20.6343980244033,1.17042230445155,1.17075569816417,1.17023133527071,-0.000524362893465247,1.50736794306056,0.977179530607912,0.193051804662797
20.6862541432231,1.15939758203855,1.1598541843503,1.15925966321234,-0.000594521137956106,1.49274716224055,0.964855893772865,0.194403769439474
20.7,1.15618155461857,1.15667071676128,1.15601711294815,-0.000653603813127734,1.48843507327176,0.961152724502116,0.194864388446039
20.7137458567769,1.15272982947702,1.15325147363894,1.1527295175849,-0.000521956054037487,1.4849758083577,0.957267949649857,0.195461567935042
20.7274917135537,1.14906882383203,1.14962287703008,1.14907601483606,-0.00054686219401745,1.48133567187326,0.953202303227219,0.195873711608843
20.7412375703306,1.14519463118745,1.14578101371082,1.14520359861812,-0.000577415092706923,1.47751543200445,0.948956553420218,0.196247045197897
20.8,1.12524332902896,1.12596578520086,1.1253069641497,-0.000658821051160441,1.45917313334697,0.92879523407724,0.196511730072461
20.8393022766497,1.11004682149964,1.11085906543867,1.10991444858045,-0.00094461685822167,1.44185453680603,0.91351657385012,0.19639787473033
20.8786045532993,1.09321258566729,1.09411343173478,1.09311082616962,-0.00100260556516507,1.42312504120665,0.896827014564561,0.196283811605056
20.9,1.08349358390777,1.08444226216938,1.08339052510994,-0.00105173705944694,1.41234505099739,0.887157528692349,0.196232996417589
20.9213954467007,1.07325983821364,1.07425595448803,1.07341959667078,-0.000836357817243671,1.40359733124339,0.877081948521911,0.196337648148872
20.9427908934013,1.06255300416945,1.06359617311179,1.06271046185359,-0.000885711258194144,1.39444812926459,0.866604886126667,0.196105575726924
20.964186340102,1.05136716246271,1.05245697194698,1.05152745192059,-0.000929520026386799,1.38490224091196,0.855731137357595,0.195796314562999
21,1.03140081937999,1.03256747783384,1.03158380542757,-0.000983672406275948,1.36804943657359,0.836655638536056,0.19492816689151
21.0110412692474,1.02506895252533,1.02625913115414,1.02476878572934,-0.00149034542479276,1.36003954423004,0.830557137505672,0.194211648223673
21.0220825384947,1.01861573554485,1.01982931539431,1.01829285424503,-0.00153646114927608,1.35192840000464,0.824357384593428,0.193935469651603
21.0331238077421,1.01203923964765,1.01327609698928,1.01172890020623,-0.00154719678304405,1.34371675969926,0.818057135601208,0.193671764605024
21.0878751159762,0.976840685074259,0.978189678412897,0.976582002187414,-0.00160767622548352,1.30153896464744,0.785357523953674,0.191224478233739
21.1,0.968835459260002,0.970209026115273,0.968553240574142,-0.00165578554113099,1.29187662297747,0.777794161801093,0.190759078773049
21.1121248840238,0.960671347331751,0.962069292760065,0.960925189793359,-0.00114410296670542,1.28524202002968,0.770116455342018,0.190808734451341
21.1242497680477,0.95236939344489,0.953791544662362,0.952648265212029,-0.00114327945033299,1.27849420148279,0.762325533283842,0.190322731928187
21.1363746520715,0.943927696082566,0.94537387325442,0.944201350496746,-0.00117252275767354,1.27163431268813,0.754422540977899,0.189778809518848
21.2,0.896396525269782,0.897963530715439,0.896721126942736,-0.00124240377270302,1.2338466819274,0.71116122290598,0.185559904036756
21.2159369729627,0.884148859414799,0.885745583303695,0.884075432361823,-0.00167015094187128,1.22111436463529,0.699867232718586,0.184208199643237
21.2318739459253,0.871681318095467,0.873307408541915,0.871614112888906,-0.00169329565300846,1.20820429385161,0.688395489039628,0.183218623849278
21.247810918888,0.858991949113575,0.860647040323454,0.858939423273369,-0.00170761705008471,1.19511938318969,0.676748905482426,0.182190517790942
21.3,0.815397726524345,0.817143845946067,0.815384892759633,-0.0017589531864346,1.15108295920086,0.637422596150239,0.177962296609394
21.3521890811121,0.769599142237032,0.771431594883653,0.769836919889366,-0.00159467499428656,1.11052728314061,0.596360532799969,0.173476387089397
21.4,0.725925755579695,0.727833304768378,0.72615169622918,-0.00168160853919752,1.07194571012246,0.557315053517658,0.168836642711522
21.4374704215264,0.690596807035698,0.69256047154337,0.690609199066338,-0.0019512724770312,1.03722834633976,0.52581940233682,0.164789796729518
21.4749408430528,0.654321500891231,0.656338725131498,0.654364846053449,-0.00197387907804925,1.00177280140789,0.493585570006817,0.160779276046631
21.5,0.62961195908644,0.631663734959009,0.629662873333352,-0.00200086162565705,0.977671644329477,0.471639003094196,0.158023870239156
21.5250591569472,0.604481239576292,0.606566308094676,0.604502739931296,-0.00206356816337994,0.952826363171521,0.449396280616281,0.155106459315016
21.5501183138943,0.578972028765756,0.581089186888752,0.579003691833396,-0.00208549505535549,0.927698893287327,0.426871369412128,0.152132322421268
21.5751774708415,0.553090757515922,0.55523875475144,0.553131838699378,-0.00210691605206181,0.902303378710293,0.404078413515134,0.149053425184244
21.6,0.52716465474603,0.529342192409303,0.527208962089013,-0.00213323032029067,0.876897473526147,0.38125049165494,0.145958470434073
21.6248225291585,0.500826440158462,0.503031973116355,0.500740203511467,-0.00229176960488764,0.849641542076305,0.358187671333497,0.14255253217797
21.649645058317,0.4741758255363,0.476408084851452,0.474104628317615,-0.00230345653383712,0.822164921775757,0.334904162161349,0.139200466156266
21.6744675874756,0.447221240594553,0.449478910929141,0.447160964178496,-0.00231794675064545,0.794481958207255,0.311414309721245,0.135746654457251
21.7,0.419247064830715,0.421529746134519,0.419191342569607,-0.00233840356491166,0.765807272627525,0.287052651327725,0.132138691241882
21.7255324125245,0.390917596070068,0.393223535642263,0.391080824945479,-0.00214271069678407,0.739283345606103,0.262503872302678,0.128576952642801
21.7510648250489,0.362325389546586,0.364653159172989,0.362484743393189,-0.00216841577979998,0.712588300533214,0.237783975226164,0.124700768167024
21.7765972375734,0.333482247279294,0.335830370222756,0.333645378270785,-0.00218499195197097,0.685738251535415,0.212909074224741,0.120736304046043
21.8,0.306876163257868,0.309241892005465,0.307043436200462,-0.00219845580500266,0.661005451551916,0.189986675795438,0.117056760405024
21.8234027624266,0.28004734936395,0.282429150543135,0.280488821150511,-0.00194032939262445,0.638943469110637,0.166960228447714,0.113528592702797
21.8468055248533,0.253055040498041,0.255451656803079,0.253490723656276,-0.00196093314680246,0.616790048513937,0.143842342944569,0.109648380711707
21.8702082872799,0.225909739113492,0.228319874773401,0.226346703549146,-0.001973171224255,0.59455785060223,0.120645680126417,0.105701023422729
21.9,0.191141769288329,0.193567054618226,0.191586850291712,-0.00198020432651358,0.566162350342937,0.0910224161998443,0.100564434091868
21.9297917127201,0.156179666181549,0.158617898231354,0.156696388848755,-0.00192150938259961,0.538524188254626,0.061318371653477,0.0953780171952776
21.9595834254402,0.121064156693118,0.123513214565647,0.121583567272286,-0.00192964729336087,0.510831607306942,0.0315599082477369,0.0900236590245488
21.9893751381602,0.0858219003205408,0.088279602432379,0.0863470492534286,-0.00193255317895041,0.483111017555983,0.00177343603872231,0.0845736132147063
22,0.0732325985838245,0.0756930012841072,0.0737605648918357,-0.00193243639227159,0.473223044761565,-0.00885130929040388,0.0826118741822395
22.0106248618398,0.0606317465844188,0.0630945710769162,0.0613726446418224,-0.00172192643509383,0.464455649615235,-0.0194750554250784,0.0808477000669008
22.0212497236795,0.0480202668758971,0.0504852384568091,0.0487766297016356,-0.00170860875517354,0.455690452942226,-0.0300966030864325,0.0788732327880681
22.0318745855193,0.0353993105842293,0.0378661480093467,0.0361548287025701,-0.00171131930677654,0.446928653773227,-0.0407147532437755,0.0768695819463456
22.0876601515951,-0.0309357409682682,-0.0284659105566877,-0.0301741412217777,-0.00170823066509002,0.401028310230504,-0.0963618202998902,0.0661876790781125
22.1,-0.0456117271480871,-0.0431417938078528,-0.0448446785377145,-0.00170288472986174,0.390909524532612,-0.10863659542408,0.0637919168863652
22.1123398484049,-0.0602862319255264,-0.0578166242236478,-0.059701900858284,-0.00188527663463628,0.379693925697456,-0.120894828461876,0.0611929276035915
22.1246796968097,-0.0749565845046717,-0.0724876789383773,-0.0743764804828796,-0.00188880154450227,0.368496735508936,-0.133134652853035,0.058758172370155
22.1370195452146,-0.0896205109074224,-0.0871526925436603,-0.0890345444264782,-0.00188185188281792,0.357319817724213,-0.145354204840397,0.0563196604139191
22.1923976843044,-0.155155675302368,-0.152699493571636,-0.154567584754024,-0.00186809118238823,0.307459717247507,-0.199893385642819,0.0453258008887944
22.2,-0.164140612057489,-0.161686296386362,-0.163544798102658,-0.0018585017162957,0.300659026832978,-0.207336420606762,0.0437916225041047
22.2076023156956,-0.17311695157868,-0.170664675832474,-0.17303884875517,-0.00237417292269548,0.291746770845266,-0.214767472577707,0.0417286238225373
22.2152046313911,-0.182085417956408,-0.179635325794476,-0.1820717487266,-0.00243642293212376,0.282846927327649,-0.222186112078557,0.0401143633519575
22.2228069470867,-0.191045331852801,-0.188597570029881,-0.191029238873769,-0.00243166884388835,0.273959925039844,-0.229591910349596,0.0385626714758265
22.2780760630374,-0.25564003306078,-0.25321578481317,-0.255625214449983,-0.0024094296368124,0.209776763366316,-0.283006664102751,0.0273814496527686
22.3,-0.281132675114784,-0.27871918121043,-0.281107205101782,-0.00238802389135259,0.184547248679512,-0.303964608811047,0.0228574037092646
22.3219239369626,-0.306492921517583,-0.304091463766776,-0.306218953341407,-0.00212748957463102,0.161918247934944,-0.32477645604287,0.0185575027014628
22.3438478739252,-0.331717563976855,-0.329329316467224,-0.331451329079842,-0.0021220126126181,0.139445347668097,-0.345432202796972,0.0139808737171304
22.3657718108878,-0.35679168912772,-0.354417846837774,-0.356529029220241,-0.00211118238246633,0.117138475852122,-0.365921921100202,0.00939289187996117
22.4,-0.395548277404526,-0.393199644712027,-0.395288488996531,-0.002088844284504,0.0826677291147608,-0.397555683121436,0.00226719412490473
22.4342281891122,-0.433839349302754,-0.431518829065557,-0.43337557860566,-0.00185674954010284,0.0516996393484265,-0.428723726727518,-0.00465185187814166
22.4684563782245,-0.47163734822301,-0.469347691572336,-0.471188990700201,-0.00184129912786441,0.0212337799438419,-0.459389539971851,-0.0117994507283502
22.5,-0.506002568602956,-0.503743750348264,-0.505557079586161,-0.00181332923789656,-0.00636692137952422,-0.48717451246051,-0.0183825671256514
22.5224636510821,-0.530200341262455,-0.527964810025216,-0.530282164567522,-0.0023173545423065,-0.0310866009383549,-0.506667560567903,-0.023614603999619
22.5449273021642,-0.554140605076862,-0.551929521240341,-0.554200479219235,-0.00227095797889348,-0.055550618883182,-0.525904947061293,-0.0282955321579413
22.5673909532463,-0.577805792886801,-0.575620330684349,-0.5778559635018,-0.00223563281745111,-0.0797492681364995,-0.544876964863174,-0.032978998638626
22.6,-0.611571263393546,-0.609425299698161,-0.611627221983952,-0.00220192228579145,-0.114385125257117,-0.571925655109564,-0.0397015668743881
22.6221718540788,-0.63420150632826,-0.632083626423236,-0.63376478735707,-0.00168116093383361,-0.132681257956436,-0.589971286891766,-0.0437935004653039
22.6443437081575,-0.656528460346303,-0.654439739246586,-0.656113079424568,-0.00167334017798129,-0.150687377894956,-0.607726905913169,-0.048386173511399
22.6665155622363,-0.678534665455597,-0.676476187703562,-0.678131424822124,-0.00165523711856258,-0.168394756925721,-0.625183784026816,-0.0529476407953081
22.7,-0.711038874802002,-0.709028345606752,-0.710646299612285,-0.00161795400553283,-0.194551590741446,-0.65096230566625,-0.0596839939460355
22.7334844377637,-0.742721238168206,-0.740761039076931,-0.742398097240769,-0.00163705816383766,-0.220918323171017,-0.67601103163078,-0.0663870656099887
22.7669688755274,-0.773579419056124,-0.771671771336097,-0.773255473259008,-0.00158370192291191,-0.246527177728435,-0.700301879723157,-0.0729535935358515
22.8,-0.803166347117378,-0.80131269498816,-0.802846738311016,-0.001534043322856,-0.271020217304754,-0.723494756044245,-0.0793519822667713
22.8330311244726,-0.831840038991569,-0.83004253092633,-0.831316243424971,-0.00127371249864161,-0.291665472731553,-0.745898331429365,-0.0854179119956064
22.8660622489452,-0.859614043518707,-0.857874652007221,-0.859111716502752,-0.00123706449553018,-0.311496985907679,-0.767488164563811,-0.0916235519389407
22.9,-0.887152659502407,-0.885475024743726,-0.886661818339609,-0.00118679359588286,-0.331000525618751,-0.788798285975419,-0.0978635323641905
22.9339377510549,-0.913625376348567,-0.912011528055267,-0.913092280160271,-0.00108075210500369,-0.348826850652925,-0.80919997963521,-0.103892300525061
22.9678755021097,-0.939053747101235,-0.937505533988131,-0.938531545664724,-0.00102601167659272,-0.365721252112542,-0.828669749720444,-0.109861795944279
23,-0.962135302597961,-0.960650863350188,-0.961620991591608,-0.000970128241420176,-0.380834136785569,-0.846220404175171,-0.115400587416437
23.0321244978903,-0.984179272300234,-0.98276021259745,-0.983597794700161,-0.000837582102711398,-0.393978260205267,-0.862897848348664,-0.120699946351497
23.0642489957806,-1.00521616836577,-1.00386393733453,-1.00464795180067,-0.000784014466136795,-0.406231963978837,-0.87868487287603,-0.125963078924638
23.0963734936709,-1.02520386933049,-1.02391987695102,-1.02464633229523,-0.000726455344212562,-0.417578957560625,-0.893565187211614,-0.131081145083614
23.1,-1.02741662122396,-1.02614039075624,-1.02685043795968,-0.000710047203445197,-0.418802264694618,-0.895187367819682,-0.131663070140001
23.1036265063291,-1.0296260698081,-1.02835760591997,-1.02921754845264,-0.00085994253267424,-0.420412998186361,-0.896797775340877,-0.132419773111763
23.1072530126582,-1.03182224121537,-1.03056156213347,-1.03146339222264,-0.000901830089167277,-0.422011937411902,-0.898396388595871,-0.133067003626768
23.1108795189873,-1.03400482457866,-1.03275194887719,-1.03365986371916,-0.000907914841968782,-0.423599061347025,-0.899983186560446,-0.133676677158714
23.1471445822784,-1.05463772539201,-1.05346426865722,-1.05433208860342,-0.000867819946199999,-0.438815945850697,-0.915196811358645,-0.139135277244772
23.1834096455695,-1.07389099827741,-1.07279843748078,-1.07359272229971,-0.000794284818929181,-0.452829336767815,-0.929206942570289,-0.14438577972942
23.2,-1.08234805979529,-1.08129288227524,-1.08204113207697,-0.000748249801729661,-0.458833800625342,-0.93520991519454,-0.146831216882433
23.2165903544305,-1.09048571290022,-1.08946824823184,-1.09019375270191,-0.000725504470067362,-0.464635339626007,-0.940955486676544,-0.149238266025361
23.233180708861,-1.09832716755721,-1.09734770776884,-1.09803991313936,-0.000692205370519727,-0.470177896110406,-0.946442075642281,-0.151597837497078
23.2497710632915,-1.1058639838639,-1.10492281673596,-1.10558208225917,-0.000659265523203612,-0.475459959985196,-0.951668171998409,-0.153913910260757
23.3,-1.12696875140123,-1.12614504257911,-1.12669498977746,-0.000549947198355938,-0.489849389413655,-0.96588815423607,-0.160806835541394
23.3150091182575,-1.13266918755668,-1.13188109319936,-1.13205447936506,-0.000173386165696954,-0.491150841864709,-0.969665971017225,-0.162388508347831
23.330018236515,-1.13811717444948,-1.13736488094475,-1.1375049605672,-0.000140079622453992,-0.492233858242448,-0.973225351725064,-0.16427960884214
23.3450273547724,-1.14330613486427,-1.14258982420486,-1.14270668184338,-0.000116857638523149,-0.493097636727307,-0.976565494540024,-0.166141187303358
23.4,-1.15918645579311,-1.15860334268212,-1.15864146678108,-3.81240989603127e-05,-0.494377727279708,-0.986915558120649,-0.17172590866043
23.4549726452276,-1.1714863614632,-1.17103760878896,-1.17086860840118,0.000169000387783558,-0.490552934864563,-0.9942839220558,-0.176584686345379
23.5,-1.17915154115897,-1.17881346556148,-1.17855039869757,0.000263066863918859,-0.485182876878239,-0.998082027979396,-0.180468370718169
23.514661341177,-1.18128688680358,-1.18098494973182,-1.18114238244027,-0.000157432708451699,-0.486251372296707,-0.998882340697359,-0.182260041742915
23.5293226823539,-1.18317282737064,-1.18290709899027,-1.18303789621756,-0.000130797227288315,-0.487105156882577,-0.999467942582723,-0.183569953634836
23.5439840235309,-1.18480367011328,-1.18457421511091,-1.18466509165415,-9.0876543245022e-05,-0.487744104760094,-0.999838707759735,-0.184826383894417
23.6,-1.18772717177911,-1.18763633262978,-1.18764255537197,-6.22274219014285e-06,-0.48820602362708,-0.999275992136628,-0.18836656323534
23.6432199376713,-1.1876345724498,-1.18765056719425,-1.18742831270258,0.000222254491672846,-0.484094368062255,-0.996699001980425,-0.190729310722153
23.6864398753427,-1.18537784059923,-1.1855003952175,-1.18519929828213,0.000301096935373779,-0.478121205423249,-0.992260504750041,-0.192938793532088
23.7,-1.1843797390708,-1.18453569875488,-1.18418719255125,0.000348506203630417,-0.475864724942431,-0.990485520897156,-0.193701671654097
23.7135601246573,-1.18314405803158,-1.18333339867787,-1.18319308528287,0.000140313395001312,-0.474944488950873,-0.988528412347976,-0.194664672934897
23.7271202493147,-1.18169589832328,-1.18191859306052,-1.18175482896336,0.000163764097158292,-0.473842488124718,-0.986389538964199,-0.195365289999162
23.740680373972,-1.18003098899873,-1.1802870046644,-1.18009058297954,0.000196421684858783,-0.472559115747518,-0.984069294029377,-0.196021288950161
23.7933432054927,-1.17068884056222,-1.17107316856254,-1.17079933366443,0.000273834898113501,-0.465863337351953,-0.973346661442545,-0.197452672221881
23.8,-1.16940742912848,-1.16980794174466,-1.16948879958775,0.000319142156911201,-0.464824132279708,-0.971798445743863,-0.197690353843885
23.8066567945073,-1.16806370292392,-1.16848038154751,-1.16796496227895,0.00051541926856552,-0.463073918269917,-0.970207166984113,-0.197757795294836
23.8133135890147,-1.16666947380469,-1.16710230393685,-1.16654467704446,0.000557626892392638,-0.461280711712995,-0.968572895677231,-0.197971781367227
23.819970383522,-1.16522372467722,-1.16567269090664,-1.16510039134087,0.000572299565774703,-0.459444585027997,-0.966895704242273,-0.198204687098593
23.8658116015633,-1.15316372006576,-1.15372272044796,-1.15309007008183,0.000632650366131471,-0.445641054535651,-0.954186662312479,-0.198903407769352
23.9,-1.14279537918246,-1.14343569078079,-1.14272165375117,0.000714037029618975,-0.4340396039775,-0.943401481754554,-0.199320171996615
23.9341883984367,-1.1310557562416,-1.13177652784111,-1.1308319466788,0.000944581162314995,-0.418851091617958,-0.931513716996142,-0.199318229682654
23.9683767968733,-1.11803704019586,-1.11883738386073,-1.11783779543606,0.000999588424670517,-0.402573888677829,-0.918537261657144,-0.199300533778917
24,-1.10487615261066,-1.10574925617465,-1.10469014544526,0.00105911072938414,-0.386561900358829,-0.905578362006624,-0.199111783438637
24.0316232031267,-1.09058608708967,-1.09153101360059,-1.0907253935791,0.000805620021481934,-0.373945084667674,-0.891713935031643,-0.199011458547462
24.0632464062534,-1.07524217474437,-1.07625797189649,-1.07536955826123,0.000888413635261542,-0.360436605297647,-0.876957844377789,-0.198411713883442
24.09486960938,-1.05883718732338,-1.05992282203877,-1.05897137755746,0.000951444481318453,-0.346051217507761,-0.861324845304078,-0.197646532253377
24.1,-1.05610829966907,-1.05720519874514,-1.05623402749964,0.000971171245496172,-0.343635781040529,-0.858707002609929,-0.197527024889714
24.10513039062,-1.05336375804601,-1.05447190683971,-1.05336761723822,0.00110428960149034,-0.340825907362676,-0.856066558017416,-0.197301059220808
24.1102607812399,-1.0505921811353,-1.05171155395443,-1.05057085172294,0.00114070223149138,-0.337993501285205,-0.853403581025284,-0.197167270697654
24.1153911718599,-1.04779306158149,-1.04892363197549,-1.04776987863002,0.00115375334546958,-0.335138632899933,-0.850718141725353,-0.197051736904666
24.1591990198266,-1.02219073492171,-1.0234149041988,-1.02221036380418,0.00120454039461343,-0.309856697788394,-0.826882943161093,-0.195327420643092
24.2,-0.996689712346709,-0.99799895316725,-0.996718474846466,0.00128047832078421,-0.284882045372643,-0.803255726693953,-0.193462748152513
24.2408009801734,-0.96951226664111,-0.970904258778083,-0.969580235730826,0.00132402304725693,-0.258958940403818,-0.778291499861467,-0.191288735869359
24.2816019603468,-0.940789409326038,-0.942261833051148,-0.940868054209608,0.00139377884154018,-0.231740377751973,-0.752031815345962,-0.188836238863647
24.3,-0.927462345332075,-0.928970471758245,-0.92753489614397,0.00143557561427488,-0.219054768705258,-0.739778585077893,-0.187756311066077
24.3183980396532,-0.91380321254391,-0.915346524002161,-0.91402843519592,0.00131808880624107,-0.20733245659229,-0.727274955800614,-0.186753479395306
24.3367960793064,-0.899844087187241,-0.901422097166974,-0.900072649092466,0.00134944807450821,-0.195363977677484,-0.714525159721497,-0.185547489370969
24.3551941189596,-0.885582939785065,-0.887195140926934,-0.885815252593866,0.00137988833306815,-0.183153647490338,-0.701533512370041,-0.184281740223825
24.4,-0.849278338780272,-0.850970811604628,-0.849540621159252,0.00143019044537623,-0.152432745392175,-0.668909820378022,-0.18063080078123
24.4448058810404,-0.811287591805411,-0.813056846110402,-0.811544038411404,0.00151280769899857,-0.119988789682021,-0.634943471766127,-0.176600566645276
24.4896117620807,-0.771747569828775,-0.773590119959587,-0.772018883205327,0.00157123675425984,-0.0862703556645642,-0.59970264484693,-0.172316238358397
24.5,-0.762453764768361,-0.764313024388524,-0.762714768889414,0.00159825549911013,-0.0782782072867544,-0.591357529865124,-0.17135723902429
24.5103882379193,-0.753067080664882,-0.754942838290255,-0.752851468754969,0.00209136953528566,-0.0677085673082609,-0.582948598821351,-0.169902869933618
24.5207764758385,-0.743600847434102,-0.745492917839298,-0.743357297722682,0.00213562011661544,-0.0570760187135282,-0.574476759161338,-0.168880538561344
24.5311647137578,-0.734054300957509,-0.735962493299882,-0.733821826953936,0.0021406663459462,-0.0463814757370375,-0.565942925119567,-0.167878901834369
24.5908547026471,-0.677034619141821,-0.679029383055536,-0.676845429295853,0.00218395375968343,0.016223545493951,-0.515753165582521,-0.161092263713332
24.6,-0.668198514886541,-0.670206264352182,-0.667991314532927,0.00221494981925519,0.0259823033134247,-0.507896590390622,-0.160094724142305
24.6091452973529,-0.659296484469884,-0.661317034878987,-0.659651293859476,0.00166574101951107,0.0331462126555361,-0.499997536820055,-0.159653757039421
24.6182905947058,-0.650340185441283,-0.652373382055664,-0.650747662957744,0.00162571909791923,0.040351939732014,-0.492056665515121,-0.158690997442624
24.6274358920588,-0.64132914348997,-0.643374827262142,-0.641733397302593,0.0016414299595492,0.0475988204010929,-0.484074640617586,-0.157658756685007
24.6912549569642,-0.57632449313936,-0.57844999595131,-0.576763450399988,0.00168654555132236,0.0992596680086414,-0.42728370096161,-0.149479749438378
24.7,-0.567333866737141,-0.569470020396298,-0.56775661941229,0.0017134009840085,0.106479483090001,-0.419360916073228,-0.148395703339061
24.7087450430358,-0.558290792715705,-0.56043741443272,-0.558618700236061,0.0018187141966591,0.11417422102608,-0.411406060437041,-0.147212639799021
24.7174900860715,-0.54920539783666,-0.551362336949341,-0.549526416716643,0.0018359202326976,0.121900421360071,-0.403419742402942,-0.146106674313701
24.7262351291073,-0.54007741259583,-0.542244514451162,-0.540402139847588,0.00184237460357434,0.129657473335983,-0.395402572726922,-0.144999567120666
24.7881299129029,-0.473803594482642,-0.476035449369178,-0.474161401529944,0.00187404783923464,0.185388140668435,-0.337830870565514,-0.13633053096443
24.8,-0.46098634792796,-0.463230154013119,-0.461332824935354,0.00189732907776502,0.196230814281759,-0.326635126104722,-0.134697698830632
24.8118700870971,-0.448093483709351,-0.450348901684876,-0.448649288672519,0.00169961301235624,0.205924249973137,-0.315393359632225,-0.133255929040294
24.8237401741942,-0.435137577065348,-0.437404313011178,-0.435705453983648,0.00169885902753056,0.215662123741527,-0.304107155082716,-0.131598298900931
24.8356102612913,-0.422118948313728,-0.424396700344514,-0.42268652411817,0.00171017622634403,0.225442845391032,-0.292778102652093,-0.129908421466077
24.9,-0.350103153951477,-0.3524325209164,-0.350696103509469,0.00173641740693126,0.279176262932582,-0.230645705927392,-0.120050397582076
24.9190280234893,-0.328636694134703,-0.330980185624537,-0.328918028608087,0.00206215701644963,0.297930824281897,-0.212090083897644,-0.116827944710444
24.9380560469786,-0.307050891241691,-0.309407714738855,-0.307344490765444,0.00206322397341141,0.316762173854309,-0.193457673644798,-0.113886817120646
24.9570840704679,-0.28535036000932,-0.287719701006268,-0.285655511190943,0.00206418981532475,0.335663565697112,-0.17475522112156,-0.110900290069383
25,-0.235945100336294,-0.238338807188178,-0.236263807978047,0.00207499921013121,0.378515725772837,-0.132351750097773,-0.103912057880274
25.0429159295321,-0.186108670355565,-0.188522410576808,-0.186321195906259,0.00220121467054851,0.423723831414931,-0.0897045540744431,-0.0966166418318162
25.0858318590641,-0.135945908693173,-0.138375475127714,-0.136177092750009,0.00219838237770509,0.4690971274862,-0.0468921676219379,-0.0892849251280711
25.1,-0.119342355367342,-0.121776532041438,-0.11957715362312,0.00219937841831819,0.484099367077038,-0.0327353793308453,-0.0868417742922749
25.1141681409359,-0.102707663914515,-0.105145937814898,-0.103139714427409,0.00200622338748918,0.497799265422721,-0.0185720199734469,-0.0845676944539617
25.1283362818717,-0.0860488295402723,-0.0884907376390532,-0.0864868546448452,0.00200388299420795,0.511502891783084,-0.00440493260136909,-0.0820819220434761
25.1425044228076,-0.0693684354526959,-0.0718135034514752,-0.0698055135909097,0.0020079898605655,0.525207402358164,0.00976303898542647,-0.0795685525763361
25.2,-0.00153329131593948,-0.00398424854529745,-0.00197747631246493,0.00200677223283252,0.5807716698545,0.0672080725254785,-0.0691855488379434
25.2574955771924,0.0662747247296215,0.0638257900275856,0.0660293462495008,0.00220355622191526,0.641125634800332,0.124430994754985,-0.0584016485054846
25.3,0.116291079915054,0.113848040914871,0.116016625742266,0.00216858482739457,0.685489311422049,0.166480003537159,-0.0504633777948933
25.3425044228076,0.166104570096419,0.163671870049178,0.16557441925184,0.00190254920266153,0.725013382208123,0.208228290501831,-0.042653871249991
25.3850088456151,0.2156350690536,0.213216896797274,0.215123560896704,0.00190666409942941,0.764161318992247,0.249600443464553,-0.0344768825678489
25.4,0.233052864239275,0.230640501954038,0.232537761931663,0.00189725997762535,0.777864924005204,0.264088521384473,-0.03155075945281
25.4149911543849,0.25042174750575,0.248015777728999,0.25032674195893,0.0023109642299306,0.794494644516846,0.27851725055867,-0.02819050859974
25.4299823087697,0.267741874584224,0.265342823988169,0.267647818722304,0.00230499473413526,0.811061773707229,0.292883388411608,-0.0252355696893041
25.4449734631546,0.285008509885154,0.282616916031103,0.284903927035253,0.00228701100414996,0.827563083066996,0.307183706433929,-0.0222797793986761
25.5,0.347599043312642,0.345241070838837,0.347500202093719,0.00225913125488186,0.887516690274828,0.359058354022168,-0.0115581519284497
25.5180050318253,0.367942705936677,0.365596759343577,0.367550760143613,0.00195400080003605,0.904565800366218,0.375803615982745,-0.00825285583913121
25.5360100636506,0.388178421882649,0.385845249473512,0.38778982018643,0.00194457071291743,0.921493085292474,0.392427052778187,-0.00463723259175675
25.5540150954759,0.408297598493847,0.40597796281826,0.407913940852188,0.00193597803392853,0.938293156193971,0.40892327554887,-0.00100933469668191
25.6,0.458903565026857,0.456622884344512,0.458529147739051,0.00190626339453948,0.980586503945091,0.450440594275389,0.008088553463662
25.6459849045241,0.508543606458065,0.506306696005651,0.508357851173594,0.00205115516794296,1.02564978100653,0.491005574003027,0.0173522771705675
25.6919698090483,0.557148049733564,0.554959481470379,0.556943793208385,0.00198431173800673,1.06967495501346,0.530532450676157,0.0264113425322288
25.7,0.565578968859834,0.563399090642202,0.565359508981433,0.00196041833923011,1.07725020804785,0.537322181006475,0.0280373279749577
25.7080301909517,0.573970361283718,0.571799342932935,0.574014527575059,0.00221518464212389,1.08591686364749,0.544077262857344,0.0299372647177145
25.7160603819035,0.582327719709245,0.580165704224538,0.582401975695792,0.00223627147125494,1.09454843517555,0.550797260636632,0.0316047150591602
25.7240905728552,0.590649788565121,0.588496921633259,0.590722535452132,0.00222561381887321,1.10314448930224,0.557481741014554,0.033240794437578
25.7827055475288,0.649610183935096,0.647530319485318,0.649708008368397,0.00217768888307845,1.16477394673831,0.605158000133875,0.0445500082345223
25.8,0.666766553463434,0.664709061428635,0.666842988952916,0.0021339275242811,1.18256788469099,0.618835022120039,0.0480079668328764
25.8172944524712,0.683715852022966,0.681681429719549,0.683419723204822,0.00173829348527255,1.19716288275975,0.632326956348717,0.0510927668561048
25.8345889049424,0.700472703222482,0.698461974553733,0.700181497464492,0.00171952291075916,1.2115687577599,0.645629767508781,0.0545517299557112
25.8518833574137,0.717028021875448,0.71504161878265,0.716745756063398,0.00170413728074781,1.22578153094525,0.658739476854042,0.0580062792093555
25.9,0.761592796381505,0.759678202702585,0.761333386620333,0.00165518391774788,1.26427566763857,0.694164668252245,0.0671687183680882
25.9481166425863,0.804385863779849,0.802547543988623,0.80434120231234,0.00179365832371658,1.3054718954722,0.727983031818818,0.076358170493522
26,0.848439097143909,0.84668776643239,0.848381945554063,0.00169417912167313,1.3480027397018,0.762558450479603,0.0858234950744599
26.0355143372335,0.877431607026553,0.875742330336835,0.877120175024161,0.00137784468732649,1.37209395071027,0.785047687372966,0.0920724876511951
26.071028674467,0.905355477679006,0.903730412748248,0.905069785621035,0.0013393728727864,1.39519511014171,0.806546872689299,0.0985229129317354
26.1,0.92736320548443,0.925792015265729,0.927082686954157,0.001290671688428,1.41328807135139,0.823333000738082,0.103749686216075
26.128971325533,0.948575676143032,0.947059812346657,0.948175842333206,0.00111602998654936,1.42906314444046,0.839428122691425,0.108747719641781
26.1579426510659,0.969018177281276,0.967558966284698,0.968631295570166,0.00107232928546797,1.44413370313627,0.854818730251512,0.113812565318654
26.1869139765989,0.988656959676955,0.987255713867018,0.98827866424521,0.00102295037819156,1.45848683042514,0.86949190640466,0.118786757840549
26.2,0.997330710572765,0.995955966983775,0.996942233735295,0.000986266751519693,1.46473144134242,0.875881079810891,0.121061153924404
26.2130860234011,1.00582422284081,1.00447626745118,1.00531663124558,0.000840363794399668,1.47002450313711,0.882120265970472,0.123196365275109
26.2261720468022,1.01415142383561,1.01283051362103,1.01364304504655,0.000812531425520069,1.47516650927716,0.888208396475402,0.125434648571149
26.2392580702033,1.02230725406052,1.02101364722785,1.02180434835919,0.000790701131342164,1.48015641722156,0.894144428784688,0.1276599195745
26.3,1.05681069362416,1.05564777860541,1.0563603317165,0.000712553111084091,1.50129796895546,0.91967764466202,0.136682687054479
26.3607419297967,1.08736487555481,1.0863366892178,1.08705613466911,0.000719445451310419,1.52231663840867,0.941818677593766,0.145237457075342
26.4,1.10535839947153,1.10441901602401,1.10502896640808,0.000609950384065527,1.53405766142595,0.954285094492698,0.150743871915377
26.4392580702033,1.12158436103535,1.1207353584228,1.12162828716018,0.000892928737383114,1.55038548158378,0.96528095983044,0.156347327329741
26.4785161404067,1.13612051551769,1.13536324361491,1.13614354898546,0.000780305370555956,1.56522580557232,0.974789328998895,0.161354219986568
26.5,1.143488343202,1.1427817370959,1.14350002283083,0.00071828573493371,1.57271201574608,0.979357643103917,0.164142379726917
26.5214838595933,1.15030130175794,1.14964577610743,1.15025801565999,0.000612239552561178,1.57911097910906,0.983473945980313,0.166784069679677
26.5429677191867,1.15659518906765,1.15599110497115,1.1565606499228,0.000569544951649403,1.58505603141127,0.98713633779595,0.169424312126854
26.56445157878,1.16235563776812,1.16180334131623,1.16232997396783,0.000526632651607128,1.59054548231801,0.990343128216112,0.171986845751722
26.6,1.17087155899016,1.17040558971329,1.17084652744571,0.00044093773241527,1.59862414840414,0.994644773877838,0.176201753567869
26.6252937729773,1.17584758066225,1.1754436232154,1.17542473364815,-1.88895672477152e-05,1.59880860566274,0.99694051659441,0.178484217053741
26.6505875459546,1.18008309973977,1.17974147507984,1.17969068728515,-5.0787794692253e-05,1.598355279355,0.998598475744652,0.181092211540497
26.6758813189319,1.18355914023275,1.18328013627772,1.18318462853163,-9.5507746090906e-05,1.59726310881675,0.99961759066438,0.183567037867251
26.7,1.18617297331672,1.18595391054283,1.18580793743613,-0.000145973106703501,1.59562606113405,0.999993742857021,0.185814194579105
26.7241186810681,1.18806766584693,1.18790873670058,1.18790233375434,-6.40294624387749e-06,1.59543820642739,0.999788216111272,0.188114117643067
26.7482373621363,1.1892794270296,1.1891807763348,1.18911367945057,-6.7096884228901e-05,1.59466879233366,0.999001129978461,0.19011254947211
26.7723560432044,1.18979259973379,1.18975434007672,1.18963333345083,-0.000121006625885212,1.59331827668717,0.997632942292879,0.192000391157953
26.8,1.18966976785779,1.18970083265956,1.1895082624938,-0.000192570165764572,1.5910566943556,0.995351104911559,0.19415715758224
26.8276439567956,1.18840742653319,1.18850787744487,1.18802764229773,-0.000480235147132246,1.58497420079486,0.992308680252221,0.195718962045513
26.8552879135913,1.18624444198023,1.18641423997116,1.18588974521592,-0.000524494755237859,1.57813344479352,0.988507993152279,0.197381752063645
26.8829318703869,1.18316300226997,1.18340205286368,1.18282497719303,-0.000577075670651572,1.5705373306074,0.983951947867571,0.198873029325455
26.9,1.18090843906901,1.18119021097295,1.18056370767308,-0.000626503299868908,1.56547160939044,0.980763247745152,0.199800459927931
26.9170681296131,1.17825403866504,1.17857847225407,1.17827196429088,-0.000306507963185432,1.56286186370221,0.977288837581292,0.200983126709592
26.9341362592263,1.17525809330043,1.17562512051038,1.17527939855351,-0.000345721956874323,1.55996742011678,0.973529729520232,0.201749669033278
26.9512043888394,1.17191405298628,1.17232359114163,1.17193572457896,-0.000387866562675754,1.55678937371486,0.969487018642687,0.202448705936271
27,1.15981208298063,1.16034202943583,1.15987980736129,-0.00046222207453539,1.54615024921008,0.956375928404503,0.203503878956789
27.0487956111606,1.1448851183826,1.14553389099503,1.14512818237375,-0.000405708621284084,1.53646663728395,0.940988147710608,0.204140034663139
27.1,1.12628452203601,1.1270559814829,1.12653415506877,-0.000521826414133786,1.52389705949024,0.922432816923086,0.204101338145685
27.1148922880557,1.12050241052891,1.12130930498504,1.12037255956882,-0.000936745416226792,1.51722913449375,0.916579972357539,0.203792587211279
27.1297845761113,1.11447354023214,1.11531570561998,1.11434688310619,-0.000968822513785161,1.51035793392468,0.910523852219422,0.203823030886772
27.144676864167,1.1081939094095,1.10907117076135,1.10808213918655,-0.000989031574796906,1.50328480088602,0.904265799611712,0.203816339574839
27.2,1.08185660232519,1.08286137322156,1.08180011838506,-0.00106125483650077,1.4752641329503,0.879273061650723,0.202527056734337
27.2142953991618,1.0747178107817,1.07575522047792,1.07420865261271,-0.00154656786520335,1.46465424579843,0.872374295034886,0.201834357577829
27.2285907983236,1.06736118276766,1.06843103100051,1.06685164522812,-0.00157938577239025,1.453866084635,0.865297254407481,0.201554390820639
27.2428861974854,1.05978351156638,1.06088558787634,1.05928987510325,-0.00159571277308546,1.44290109568833,0.85804338599684,0.201246489106413
27.3,1.02647272606292,1.0276998320061,1.02603476110037,-0.00166507090572665,1.39735872766516,0.827327900595379,0.198706860504996
27.313083622884,1.01856291413488,1.01981832608086,1.01882507065283,-0.000993255428031858,1.39111205344002,0.819907976622708,0.198917094030125
27.326167245768,1.01048041237011,1.0117639249628,1.01076652860375,-0.000997396359041058,1.38472502839572,0.812347701830871,0.198418826772883
27.339250868652,1.00222286833732,1.00353426779051,1.00250096375218,-0.00103330403832813,1.3781989466906,0.804648370378227,0.197852593373953
27.4,0.960684665548358,0.962120635095987,0.961014455387827,-0.00110617970815996,1.34611449524118,0.767116352635528,0.193898102752299
27.4163206126559,0.949148442737544,0.950617307261127,0.949993590490091,-0.000623716771035898,1.34110327523436,0.756544850791258,0.193448739698833
27.4326412253117,0.937362903811664,0.938864283071785,0.938211926629718,-0.00065235644206707,1.33589054460026,0.745771838319708,0.19244008831001
27.4489618379676,0.925325767053951,0.926859265085535,0.926170795725241,-0.00068846936029332,1.33047917280061,0.734800184682613,0.191370611042628
27.5,0.885561739516837,0.88719177308704,0.886444932725467,-0.000746840361572909,1.3123072496974,0.699240031655098,0.187204901070369
27.5125476342308,0.875570572358257,0.877223943973078,0.875888637941104,-0.00133530603197451,1.3042058150494,0.690215082288222,0.185673555652882
27.5250952684616,0.865443364546511,0.867119822780045,0.865747017010712,-0.00137280576933274,1.29599571220784,0.681081464727781,0.184665552282931
27.5376429026923,0.85517874886065,0.856878033932743,0.855498382731799,-0.00137965120094363,1.28767837917913,0.671840616980195,0.183657765751603
27.6,0.801354414269362,0.803160749657429,0.801725404759964,-0.00143534489746489,1.24480442390619,0.624377135416391,0.177348269343573
27.6623570973077,0.744497997620181,0.746403711135776,0.744828529208465,-0.00157518192731132,1.19802208900758,0.574486607661886,0.170341921546579
27.7,0.709068856211752,0.711031605844778,0.709404623431884,-0.00162698241289383,1.16868746307924,0.543275669232245,0.16612895419964
27.7376429026923,0.672610180142062,0.674627006716074,0.672959071115282,-0.00166793560079159,1.13852887933684,0.511295006529016,0.161664064586266
27.7752858053847,0.635241426868604,0.637309492489054,0.635600592909681,-0.00170889957937326,1.10764588218927,0.478589930420627,0.157010662489053
27.8,0.610290773550208,0.612391124307477,0.610652856695643,-0.00173826761183427,1.08699819760114,0.456745972144193,0.15390688455145
27.8247141946153,0.58495332014722,0.587084622430536,0.585475825034964,-0.00160879739557163,1.06774129410148,0.434623051548332,0.150852773486632
27.8494283892307,0.559270472806117,0.56143146121786,0.559791967623477,-0.00163949359438331,1.04821894008461,0.412234680435268,0.147557287188209
27.874142583846,0.533249817630651,0.535439184205365,0.533775599237287,-0.00166358496807884,1.02844480947941,0.389594532733868,0.144181066503419
27.9,0.505740196819198,0.507958106291379,0.506268089141151,-0.00169001715022854,1.00750148945305,0.365652620282618,0.140615468858532
27.925857416154,0.47781676779143,0.480061423418888,0.478612252637432,-0.00144917078145557,0.989230237807221,0.341466243927733,0.1371460087097
27.951714832308,0.4495852133554,0.451855156954523,0.450372744048677,-0.00148241290584616,0.970730692512388,0.317051573923849,0.133321170124828
27.977572248462,0.421056922069275,0.423350649879832,0.421846306439932,-0.00150434343990025,0.952019176453186,0.292424933155595,0.129421373284337
28,0.396128163924863,0.398441545429964,0.396919218825189,-0.00152232660477536,0.935630588599268,0.270905788307869,0.12601343051732
28.022427751538,0.3709595027637,0.373291157725999,0.371635679835064,-0.00165547789093512,0.917843253402371,0.249250382466219,0.122385297368845
28.044855503076,0.345609792026837,0.347958584507312,0.346296277162459,-0.00166230734485262,0.89993054951157,0.227469607930666,0.118826669231794
28.0672832546139,0.320087264159617,0.322452026316369,0.320781616150627,-0.00167041016574254,0.881903432285204,0.205574420059547,0.115207196091079
28.1,0.282612515299212,0.284998788946444,0.283312404620379,-0.00168638432606472,0.855423760854369,0.173452155245892,0.109860249374487
28.1266090992263,0.251856847242922,0.254258353716135,0.252178875499131,-0.00207947821700416,0.829172295157735,0.14718807893843,0.104990796560701
28.1532181984525,0.220930251817963,0.223345340680605,0.221279937728367,-0.00206540295223778,0.802816619950109,0.120819793119975,0.100460144608392
28.1798272976788,0.189849855584105,0.192276833301997,0.190212138907504,-0.00206469439449242,0.77637540404075,0.0943659665997876,0.0958461723077169
28.2,0.166204574800412,0.168639537438585,0.166570879542414,-0.00206865789617083,0.756284443292512,0.0742654455843578,0.0923054339580562
28.2201727023212,0.142487717307066,0.144929643688441,0.142904707159605,-0.00202493652883595,0.736591974643733,0.0541347041678924,0.0887700029917122
28.2403454046425,0.118713721687245,0.121161648728639,0.119132987223677,-0.00202866150496162,0.71687747727814,0.0339819340346122,0.0851510531890648
28.2605181069637,0.0948905340629708,0.0973434758252726,0.0953124743790329,-0.00203100144623969,0.697149151843969,0.0138153358327544,0.0814971385462785
28.3,0.0481717238812563,0.0506319761562632,0.0486001818707293,-0.00203179428553391,0.658528301005603,-0.0256632998605595,0.0742634817312888
28.3394818930363,0.00135619958725635,0.00381889164660788,0.00184293971784156,-0.00197595192876632,0.620851901123328,-0.0651019362882986,0.0669448760061401
28.3789637860725,-0.0454413113368111,-0.042979891565571,-0.0449548201372691,-0.00197492857169812,0.583276970251397,-0.104439103705693,0.0594842835684238
28.4,-0.0703566772935539,-0.0678971579702989,-0.0698668367810013,-0.00196967881070242,0.563319379155748,-0.125335626096433,0.0554687893154313
28.4210362139275,-0.0952416927006401,-0.0927852132656843,-0.0949921839943367,-0.00220697072865239,0.541101530468278,-0.146176686723392,0.0511845027290554
28.4420724278549,-0.120086590354802,-0.117634206010019,-0.119826088501536,-0.00219188249151725,0.5189483658385,-0.16695306329266,0.0471269747911241
28.4631086417824,-0.144880107747949,-0.142432894732386,-0.144612390752089,-0.0021794960197028,0.496869078937242,-0.187655562133407,0.0430431713813181
28.5,-0.188161849112819,-0.18572677557156,-0.18789333952855,-0.0021665639569895,0.458354517854486,-0.223755640186796,0.0358623006582468
28.5257666660582,-0.218257721823717,-0.215832876561659,-0.217533556644967,-0.0017006800833072,0.436816764578204,-0.24879194680868,0.0312583901637131
28.5515333321165,-0.248211888746607,-0.245798831544946,-0.247510888236696,-0.0017120566917504,0.415444180381309,-0.273663084351176,0.02615219611448
28.5772999981747,-0.278002559179175,-0.275602875901838,-0.277308829172286,-0.0017059532704477,0.394253276822732,-0.298352541255354,0.0210437120830688
28.6,-0.304103841082282,-0.301717196718452,-0.303408833988893,-0.00169163727044125,0.375748023174732,-0.319939961884198,0.0165311278953053
28.6227000018253,-0.330045546872539,-0.327673206107509,-0.329571221485271,-0.00189801537776235,0.355146987954012,-0.341362527702756,0.0117913062174848
28.6454000036506,-0.355822563385179,-0.353465714571796,-0.355337643446452,-0.00187192887465554,0.334721845905285,-0.36260920034932,0.00727155690286807
28.668100005476,-0.381418814480323,-0.379078664290667,-0.380928903757523,-0.00185023946685658,0.314483544758143,-0.383669032094299,0.00274012833677584
28.7,-0.417013882801316,-0.414699447920634,-0.416526404558715,-0.00182695663808086,0.286379513050888,-0.412927549240543,-0.00359885531817117
28.7318999945241,-0.452173519365218,-0.449887172770853,-0.451368181705408,-0.00148100893455505,0.263146191749594,-0.441765902959677,-0.00960227874573155
28.7637999890481,-0.486880917925055,-0.484624900737776,-0.48609908073712,-0.00147417999934338,0.240362377573967,-0.470154749553143,-0.0159443311839769
28.7956999835722,-0.521093357091339,-0.518869929092726,-0.520318175631387,-0.0014482465386608,0.218056956838565,-0.498065202706385,-0.0222529729250027
28.8,-0.525679607578672,-0.523460687923189,-0.524898580702493,-0.00143789277930387,0.215088398825711,-0.501789301020574,-0.0231092796819184
28.8043000164278,-0.530261671258975,-0.528047277474211,-0.52975260737031,-0.00170532989609889,0.211376354805182,-0.505504121193991,-0.0242484861763183
28.8086000328557,-0.534834479966433,-0.532624652856971,-0.534397369903756,-0.00177271704678478,0.207673657612869,-0.509209594539192,-0.0251877753645638
28.8129000492835,-0.539397756236903,-0.537192537439643,-0.538975518799926,-0.00178298136028265,0.203980375763393,-0.512905652541557,-0.0260698662583693
28.8498608262562,-0.577973026885293,-0.575809959193328,-0.577569595131804,-0.00175963593847581,0.172632968253023,-0.544276922464885,-0.0332926726669194
28.8868216032288,-0.615769040655549,-0.613650955294926,-0.615365517320368,-0.00171456202544126,0.142029012279406,-0.574904740851461,-0.040460776468907
28.9,-0.629113134731891,-0.627011559885345,-0.62870036748014,-0.00168880759479575,0.1313049213204,-0.5856373399743,-0.04306302750584
28.9131783967712,-0.64234191869638,-0.640257254286034,-0.64154863165333,-0.00129137736729627,0.123113746587273,-0.596268232849421,-0.0452803988039098
28.9263567935424,-0.655463723457007,-0.653396328845879,-0.654661158002274,-0.00126482915639495,0.115026124343817,-0.606795573234871,-0.0478655847674023
28.9395351903137,-0.668474084426714,-0.666424324100862,-0.667680048634549,-0.00125572453368658,0.107043882848264,-0.617217532872419,-0.05046251576213
29,-0.725943831328808,-0.723981102718922,-0.725183826992954,-0.00120272427403176,0.0718213888262365,-0.663633884212968,-0.0615499427799866
29.0131939933169,-0.738289497303078,-0.73634629735566,-0.738242549303721,-0.00189625194806042,0.0597682046795499,-0.673445701563084,-0.0647968477406369
29.0263879866339,-0.750511971282989,-0.748588636966204,-0.750484228063354,-0.00189559109714982,0.0478322532428999,-0.683140286203163,-0.0673439418601908
29.0395819799508,-0.762606581260138,-0.760703454480094,-0.762566088682382,-0.00186263420228774,0.0360152221392489,-0.692715950510244,-0.0698501381721379
29.1,-0.815483913290655,-0.813678932356803,-0.815476823640967,-0.00179789128416417,-0.016532126818533,-0.734999618048778,-0.0804772055921892
29.1115845883001,-0.825443030692008,-0.823657274669412,-0.824655046339807,-0.000997771670394734,-0.021994753599357,-0.742805256500403,-0.0818497898394038
29.1231691766001,-0.83529614075608,-0.833529851010659,-0.834472996405196,-0.000943145394537527,-0.0273576950343671,-0.750511209606215,-0.0839617867989817
29.1347537649002,-0.845039703158368,-0.843293124725983,-0.844232170581474,-0.000939045855491608,-0.032619916975523,-0.758116443218172,-0.0861157273633025
29.1906783286979,-0.889727177345183,-0.888080168444538,-0.888962111418997,-0.00088194297445908,-0.0565742933152068,-0.793381701072887,-0.0955804103461096
29.2,-0.89705077698004,-0.895420604472685,-0.896258452620693,-0.000837848148008198,-0.0603287397976702,-0.799021478659616,-0.0972369739610774
29.2093216713021,-0.904286699684803,-0.902673533533367,-0.904145995638805,-0.00147246210543797,-0.0671280713217242,-0.8045918269316,-0.0995541687072048
29.2186433426042,-0.911447455777322,-0.909851440260498,-0.911363462797469,-0.00151202253697022,-0.0738574895071703,-0.810092261864977,-0.101271200932492
29.2279650139063,-0.918530834463076,-0.916952115714843,-0.918440575919284,-0.0014884602044406,-0.0805165164051193,-0.815522305510856,-0.102918270408428
29.288561530566,-0.96161436611955,-0.960152600438721,-0.961567149573872,-0.0014145491351515,-0.122056137625184,-0.849072790266555,-0.112494359307317
29.3,-0.969555509912498,-0.968116122652169,-0.969476450134755,-0.00136032748258541,-0.129551193257077,-0.85505978077707,-0.114416669357684
29.311438469434,-0.977355996178824,-0.975939212070578,-0.977185505161189,-0.00124629309061045,-0.136399804691783,-0.860934897697285,-0.116250607463903
29.3228769388679,-0.985033927141018,-0.983639939422308,-0.984860750123411,-0.00122081070110283,-0.143135773852596,-0.866697372343608,-0.118163377779803
29.3343154083019,-0.992585694568151,-0.991214698098374,-0.992416481438253,-0.0012017833398788,-0.149758346793721,-0.872346450770243,-0.12007003066801
29.3925474411808,-1.02807145596338,-1.02682114278111,-1.02795050046703,-0.00112935768591352,-0.181688538463615,-0.899320685272752,-0.128629815194276
29.4,-1.03250656024523,-1.03127182761511,-1.03235367905763,-0.0010818514425241,-0.185556726778187,-0.902554608210187,-0.129799070847445
29.4074525588192,-1.03687446766111,-1.03565540442734,-1.03651760059422,-0.00086219616687383,-0.188554259308213,-0.90573840292542,-0.130779197668796
29.4149051176384,-1.04118721821934,-1.03998389769376,-1.04080485917371,-0.000820961479952892,-0.191501486786881,-0.908871892589296,-0.131932966584413
29.4223576764576,-1.04544339514292,-1.04425589151289,-1.04506295031841,-0.000807058805516903,-0.194398235178998,-0.911954903166621,-0.133108047151785
29.4725166821473,-1.07180925957132,-1.07073059135179,-1.0714750912652,-0.000744499913415908,-0.212568776270789,-0.931379070862944,-0.140096020402259
29.5,-1.08538382311617,-1.08436570041471,-1.08503550975147,-0.000669809336759669,-0.221534221776622,-0.941031408342954,-0.144004101408514
29.5274833178527,-1.09811088852738,-1.09715414844586,-1.09811370935738,-0.000959560911523216,-0.233924278345434,-0.949972998711109,-0.148140710646276
29.5549666357054,-1.11003640080749,-1.10914178352535,-1.11002467305439,-0.000882889529038422,-0.245596834351367,-0.958197088516384,-0.151827584538004
29.5824499535582,-1.1211343998242,-1.12030262046006,-1.12112423688584,-0.000821616425785598,-0.256545678260964,-0.965697466225323,-0.155426770660519
29.6,-1.12788555129399,-1.12709418832579,-1.12786577025138,-0.000771581925585185,-0.263156035836134,-0.970105733707185,-0.15776003654419
29.6175500464419,-1.13424202720249,-1.13349140400007,-1.13382261696788,-0.000331212967811245,-0.266095723352626,-0.974215212285558,-0.159607404682322
29.6351000928837,-1.14026049465107,-1.13955087079072,-1.13985132349289,-0.000300452702163501,-0.268735356261741,-0.978024636256553,-0.161826687236335
29.6526501393256,-1.14593178006543,-1.14526340923306,-1.14553665976622,-0.000273250533160796,-0.271073761275277,-0.981532832331969,-0.164003827434254
29.7,-1.15892012116725,-1.15836428976506,-1.15856561470829,-0.000201324943232495,-0.275871926885945,-0.989487083254536,-0.169078531453752
29.7473498606745,-1.16929265129341,-1.16885048663602,-1.16893404425324,-8.35576172193431e-05,-0.278078519950503,-0.995223309377533,-0.173710734875706
29.7946997213489,-1.177119213384,-1.17679157865049,-1.17677657900455,1.49996459449242e-05,-0.278054229945777,-0.998728652431247,-0.178047926573301
29.8,-1.17792313429295,-1.17760834648089,-1.17755816987985,5.01766010441718e-05,-0.27791228016383,-0.998981804946949,-0.1785763649329
29.8053002786511,-1.17868598479347,-1.17838406083516,-1.17819035626271,0.000193704572456765,-0.277331556922967,-0.99920689317868,-0.178983463084026
29.8106005573022,-1.17941676028943,-1.17912771391506,-1.17889490182637,0.000232812088690471,-0.276722763074754,-0.99940391080306,-0.179490991023306
29.8159008359533,-1.18011475128512,-1.17983859623303,-1.17959104024744,0.000247555985590897,-0.276085893084396,-0.999572852285296,-0.18001818796214
29.8593551230843,-1.18392156418209,-1.1837514981443,-1.18344429748391,0.000307200660388307,-0.269805430262984,-0.999898827617135,-0.183545469866776
29.9,-1.1855587951935,-1.18548823728026,-1.18508964247586,0.000398594804396635,-0.262222315149845,-0.998495030663815,-0.186594611812048
29.9332560421903,-1.18550514347175,-1.18551613248914,-1.18544050695102,7.56255381139659e-05,-0.26052678285976,-0.996119431174177,-0.189321075776847
29.9665120843805,-1.18417689732918,-1.18426947039723,-1.18409325202385,0.000176218373388826,-0.257729679528735,-0.9926422606436,-0.191450991380245
30,-1.18152174491529,-1.18169642535971,-1.18144463714277,0.00025178821694477,-0.253803851857656,-0.988031624092862,-0.193413013049906
30.0334879156195,-1.17750768298639,-1.17776432122269,-1.17725723205116,0.00050708917152853,-0.246014178055447,-0.982313072415171,-0.194944159635986
30.066975831239,-1.1722075811001,-1.17254594692789,-1.17198310593262,0.000562840995273706,-0.237123001542401,-0.975493018026642,-0.196490087905975
30.1,-1.16570572606986,-1.16612437953937,-1.16549732379445,0.000627055744919641,-0.227283674807861,-0.967696132133805,-0.197801191660642
30.133024168761,-1.15789648145775,-1.15839500653677,-1.15774313059459,0.000651875942170893,-0.216954187503741,-0.958843976889972,-0.198899153704622
30.1660483375221,-1.14885497189592,-1.14943288899445,-1.14871038445211,0.000722504542341712,-0.205579084093904,-0.948946205540422,-0.199764178911685
30.2,-1.13824453768298,-1.13890347081027,-1.13811400096807,0.000789469842204266,-0.192805795478021,-0.93769174030028,-0.20042226066779
30.2339516624779,-1.12628383259842,-1.12702304830335,-1.12606475964937,0.000958288653974404,-0.177400937541327,-0.925356487190743,-0.200708272458628
30.2679033249559,-1.11305424230702,-1.11387295303187,-1.11285574689467,0.00101720613719605,-0.160929509405454,-0.911954663882025,-0.200901083012645
30.3,-1.09939102614906,-1.10028409586042,-1.09920643940888,0.00107765645154365,-0.144391194581014,-0.898318242557355,-0.200888196851526
30.3320966750441,-1.0845565197935,-1.08552304831415,-1.08440436092002,0.00111868739412463,-0.127159161246232,-0.883756456325802,-0.20064790459422
30.3641933500882,-1.06862737867219,-1.06966643706357,-1.06848594907372,0.00118048798984917,-0.10901676321866,-0.868284305401458,-0.200201643672265
30.3962900251324,-1.05159553387041,-1.05270610237079,-1.0514674101595,0.00123869221128423,-0.0899799384864406,-0.851917727772467,-0.199549682387038
30.4,-1.04957989392813,-1.05069868455681,-1.04944427937636,0.00125440518045167,-0.0877226093695687,-0.849969045879326,-0.199475233497032
30.4037099748676,-1.0475605908681,-1.04868760052109,-1.04766232068803,0.00102527983305749,-0.0860561929418319,-0.848008665099163,-0.199653655588868
30.4074199497353,-1.04552699465691,-1.0466622105434,-1.04570214372627,0.00096006681712088,-0.0843781046095533,-0.846036612414459,-0.199665531311816
30.4111299246029,-1.04347882640428,-1.04462223540822,-1.04367405288562,0.000948182522607255,-0.0826883715158643,-0.844052914968343,-0.199621137917273
30.4452453478373,-1.02359609707147,-1.02481371745863,-1.02383245966401,0.000981257794618925,-0.0666092306499525,-0.8252705972194,-0.198561862444611
30.4793607710717,-1.00254092519535,-1.00383139546005,-1.00278748284472,0.00104391261533584,-0.049569681765623,-0.805527871452038,-0.197259611392677
30.5,-0.989327720324394,-0.990661698679673,-0.989574468158097,0.00108723052157607,-0.0388044240747203,-0.793127239457285,-0.196447228700812
30.5167398450815,-0.978302428387543,-0.979671315168864,-0.977964470794086,0.00170684437477878,-0.0252060347891563,-0.782821089513125,-0.195143381280961
30.5334796901629,-0.967005328331229,-0.968408774513675,-0.966678737076613,0.00173003743706125,-0.0113882866111783,-0.772295580676551,-0.194383156400062
30.5502195352444,-0.955433512446664,-0.956871151700636,-0.955126728286861,0.00174442341377582,0.00264587104460112,-0.761553662362175,-0.193573065924685
30.6,-0.918907926203318,-0.920443905629415,-0.91864356195805,0.00180034367136488,0.0456291312389221,-0.728360767831593,-0.190282794126456
30.6158932671832,-0.906922518209884,-0.908489381916627,-0.907102830061411,0.00138655185521608,0.0563212078584945,-0.717379269039296,-0.189723561022114
30.6317865343664,-0.894709249678644,-0.896306630250898,-0.894895324490227,0.00141130576067076,0.0671944877558105,-0.706216566969256,-0.188678757520971
30.6476798015496,-0.882266116333816,-0.883893631095049,-0.882449702354525,0.00144392874052414,0.0782461513369807,-0.694875481215361,-0.187574221139164
30.7,-0.839169135376972,-0.840891678475618,-0.8393918690409,0.00149980943471749,0.115852106541999,-0.656316756177788,-0.183075112863113
30.7523201984504,-0.793766978328697,-0.795579570057298,-0.794131571742595,0.0014479983147026,0.152484833431593,-0.615961837372323,-0.178169734370272
30.8,-0.750614839581897,-0.75250529549386,-0.750979724524948,0.00152557096891198,0.187339564073741,-0.577715044445732,-0.173264680079216
30.8476798015496,-0.7057170515604,-0.70768083390771,-0.706119044883849,0.00156178902386112,0.223103723243467,-0.538155144030169,-0.16796390085368
30.9,-0.654614495182869,-0.656653396842875,-0.65503214681499,0.00162125002788466,0.263752713721515,-0.493340994956775,-0.161691151858215
30.9141420971842,-0.640596887942971,-0.642655489295211,-0.640547676217328,0.00210781307788288,0.278075966171691,-0.480990766772727,-0.159556909444601
30.9282841943683,-0.626451042765822,-0.628528951749296,-0.626399464682684,0.00212948706661165,0.292495414648998,-0.468544342561548,-0.157855122121137
30.9424262915525,-0.612176886987201,-0.614273699424436,-0.612140094041604,0.00213360538283219,0.307008569923613,-0.456004211553061,-0.156135882488544
31,-0.552338047747843,-0.55450547400753,-0.552336589470295,0.00216888453723546,0.367007489656666,-0.404037645323065,-0.14829894414723
31.0429779047174,-0.506588951636099,-0.508804772313324,-0.506908667958247,0.00189610435507781,0.406856474469011,-0.364362945444943,-0.142545722513304
31.0859558094347,-0.459937243595813,-0.462197423114134,-0.460239368775341,0.00195805433879304,0.447378370597515,-0.324015334250661,-0.13622403452468
31.1,-0.444567429195104,-0.446841527318778,-0.444863140478239,0.00197838684053875,0.460753372060925,-0.310697285094372,-0.134165855383867
31.1140441905653,-0.429098152380534,-0.431385688645923,-0.428799206219743,0.00258648242617948,0.478211171444257,-0.297317955233848,-0.131481250985896
31.1280883811305,-0.413543127611818,-0.415843667275293,-0.413238555138486,0.00260511213680631,0.495727612645696,-0.283879983555217,-0.12935857158327
31.1421325716958,-0.397903435620822,-0.400216531786145,-0.397615379759311,0.00260115202683386,0.513300045212831,-0.270386020510889,-0.127229359248422
31.2,-0.332361326823584,-0.334719195521661,-0.332099020998538,0.00262017452312246,0.586238377341901,-0.214252540295884,-0.117846480702654
31.2137951077019,-0.316632480398153,-0.319000338336853,-0.316971848464703,0.0020284898721501,0.599735167544294,-0.200757819475573,-0.11621402898913
31.2275902154038,-0.300841778375846,-0.303219189014911,-0.301196097850601,0.00202309116430921,0.613270162356937,-0.187224894045011,-0.11397120380559
31.2413853231056,-0.284990759317326,-0.287377274884247,-0.285336654122024,0.00204062076222322,0.626840786437347,-0.173656339346683,-0.111680314775341
31.3,-0.216860376678993,-0.219278265086735,-0.217221395297833,0.00205686978890207,0.684838863540893,-0.115667054937237,-0.101554340360596
31.3586146768944,-0.14804602327504,-0.150486864107537,-0.148402795499372,0.00208406860816579,0.743568884175639,-0.0572804892641254,-0.0911223062352463
31.4,-0.0992031246666772,-0.101655862060839,-0.0995674068386373,0.00208845522220213,0.785166009737768,-0.0159258626000982,-0.083641544238539
31.4413853231056,-0.050189350408678,-0.0526496429353359,-0.0504325451025974,0.00221709783273849,0.82907766151432,0.0254560371119857,-0.0758885822145832
31.4827706462113,-0.00110179712549883,-0.003565541275538,-0.00136262627392815,0.00220291500160985,0.872945719813965,0.066794343347162,-0.0681569696210902
31.5,0.0193421598860477,0.0168778633212785,0.0190755264526515,0.00219766313137304,0.891179007295186,0.0839744556917468,-0.0648989292390953
31.5172293537887,0.0397853753472205,0.0373213088833126,0.0391734517912755,0.00185214290796287,0.906647335865671,0.101129640782738,-0.0619561889914625
31.5344587075775,0.0602209974897056,0.0577578773644202,0.0596102855557498,0.00185240819132959,0.922085644781002,0.118254806218575,-0.0586445206628251
31.5516880613662,0.0806430635812702,0.0781816217830365,0.0800370085182594,0.0018553867352229,0.937488850550751,0.13534486850883,-0.0553078599905708
31.6,0.137703388450947,0.135251796697064,0.137097218696765,0.00184542199970128,0.980449684017323,0.183035728980588,-0.0459385102838227
31.6483119386338,0.19441515051735,0.191979146265236,0.194016331303559,0.00203718503832273,1.02733766569213,0.230299459202566,-0.0362831278990069
31.7,0.254551742563447,0.252138636667421,0.254129396410021,0.0019907597426001,1.07690436974604,0.280268169769023,-0.0261387733590021
31.7363326457649,0.296461312979644,0.294067785465475,0.295731029295112,0.00166324382963623,1.10657049606528,0.314952028534866,-0.019220999239755
31.7726652915297,0.337988244217185,0.335617368943968,0.337281353465846,0.00166398452187821,1.13582091218134,0.34922017709753,-0.0119388236316841
31.8,0.368974410533856,0.366622440722652,0.368268794527845,0.00164635380519296,1.15752592948845,0.374700263649462,-0.00643146912161663
31.8203243883627,0.391852635953373,0.389515808064155,0.391722797059529,0.00220698899537397,1.17882948109918,0.393465253729124,-0.00174245666959505
31.8406487767253,0.41457744043203,0.412256709299366,0.414428623034906,0.00217191373554004,1.19997050537781,0.412067716476689,0.00236090655821647
31.860973165088,0.437136517645734,0.43483285336017,0.436975291396548,0.00214243803637837,1.22094131826937,0.430499967837181,0.00647532355936681
31.9,0.479830742362251,0.477563084997408,0.479675334411244,0.00211224941383592,1.2607043656918,0.465388476354959,0.014286858056285
31.939026834912,0.521780377535706,0.519552213942412,0.521453694875831,0.00190148093341902,1.29684597005255,0.499568244513038,0.0218854503627933
31.978053669824,0.562950358752217,0.560764983815415,0.562639788553997,0.00187480473858193,1.33222678166638,0.532987219924199,0.0296525686297977
32,0.585807283326437,0.583647163907139,0.585493193196958,0.00184602928981947,1.35176946094024,0.551426681241691,0.0340665119552676
32.021946330176,0.608373646467195,0.606239897174591,0.607724207438424,0.00148431026383289,1.36769054706389,0.569600563295666,0.0381236441427586
32.0438926603519,0.630657963316056,0.628551608732149,0.63002256547573,0.00147095674358066,1.38333730098121,0.587500113143306,0.0425224523324241
32.0658389905279,0.652643834158075,0.650565909368467,0.652016792394979,0.00145088302651186,1.39870110187381,0.605116709966237,0.0469000824287423
32.1,0.686145577642809,0.68411420661944,0.685528326700902,0.00141412008146191,1.42203296929485,0.631955213006885,0.0535731136940171
32.1341610094722,0.718832133197035,0.716849736617058,0.718516536895764,0.00166680027870592,1.4490550495291,0.658056312100896,0.0604602247948678
32.1683220189443,0.750699004831102,0.748767847633314,0.750363232083339,0.00159538445002561,1.47530926945985,0.683389550891415,0.0669736811919245
32.2,0.77949223164416,0.777610563809647,0.779154484089975,0.00154392028032824,1.49894321441928,0.706169457180334,0.0729850269096404
32.2316779810557,0.807481431971461,0.80565121585991,0.807043602570176,0.00139238671026631,1.52039201913211,0.728240785571844,0.0788028169983325
32.2633559621114,0.834679826997082,0.832902871172748,0.834253612432674,0.00135074125992585,1.54111009934333,0.749581389461746,0.0846722229709276
32.2950339431671,0.861044507962905,0.859322610231822,0.860625591911464,0.00130298167964149,1.56107604166543,0.770169855462531,0.0904557364489328
32.3,0.865126448613641,0.8634132921102,0.864698817242905,0.00128552513270552,1.56413648470224,0.773327889566225,0.0913709276766802
32.3049660568329,0.869196700833296,0.867492310567605,0.86906076165947,0.00156845109186499,1.5680644577163,0.776466852112872,0.0925939095465986
32.3099321136658,0.873246367540083,0.87155078776095,0.873177105943199,0.0016263181822489,1.57197328176127,0.779586665690413,0.0935904402527856
32.3148981704987,0.877274911925529,0.875588187681326,0.877216657926172,0.00162847024484658,1.57586287989731,0.782687253359037,0.0945294045671353
32.3637065376059,0.915041640781773,0.913445255590338,0.91502218781017,0.0015769322198329,1.61305249887654,0.812122165970394,0.102900021839777
32.4,0.941888437891673,0.940361370375068,0.941863603103716,0.00150223272864825,1.639456148059,0.83275948530778,0.109104117795936
32.4362934623941,0.967452087073073,0.965996403639237,0.967432886138702,0.0014364824994646,1.664674494326,0.852300001417943,0.115132884720759
32.4725869247882,0.991769293575268,0.990386855028796,0.991757494506795,0.00137063947799887,1.68877030112198,0.870717978057096,0.121039516449699
32.5,1.00935990593869,1.00803390750129,1.00934883271934,0.00131492521805177,1.70621130920195,0.883870423545831,0.12547840917351
32.5274130752118,1.02616544358256,1.02489694767891,1.02600455956937,0.00110761189045849,1.72105204854076,0.896358702605713,0.129645856963654
32.5548261504237,1.04221880958646,1.04100877347655,1.04207352284103,0.00106474936448087,1.73521923738777,0.908173431173782,0.133900091667246
32.5822392256355,1.05749230862478,1.05634166939822,1.05735744939272,0.00101577999450408,1.74870399780579,0.919305731312872,0.138051718079852
32.6,1.06706381940568,1.06595205047046,1.06692018991178,0.000968139441315019,1.75707243270957,0.926150020680529,0.140770169231251
32.6177607743645,1.0762490952808,1.07517663674758,1.07608393488711,0.000907298139527057,1.76485240687433,0.932702168236396,0.143381766650715
32.6355215487289,1.08510342927815,1.08407063863126,1.08494307124863,0.000872432617370578,1.77233817243874,0.938960107191925,0.145982964056705
32.6532823230934,1.09361695843796,1.09262418893322,1.09346241758143,0.000838228648210926,1.77952775541849,0.944921863562789,0.148540554018644
32.7,1.11452564372212,1.1136396152148,1.11437574011629,0.000736124901486113,1.79701138167138,0.95917583295308,0.155199907163206
32.7467176769066,1.13227422932133,1.13149746870859,1.1322474121906,0.000749943482006854,1.81384748625397,0.971336742163967,0.160910670026634
32.7934353538132,1.14759509012011,1.14692907519552,1.14757159642755,0.000642521232037785,1.82856399379712,0.981378054335427,0.166193542092127
32.8,1.14965297705017,1.14900258459767,1.14960627595755,0.000603691359881919,1.83046076309332,0.982617877364141,0.166988398593411
32.8065646461868,1.15165148645038,1.1510167564711,1.15132509305661,0.000308336585510105,1.83128584874422,0.983815355040636,0.167509738015977
32.8131292923735,1.15360157168318,1.15298253697843,1.15323232057444,0.000249783596014908,1.83206853743829,0.9849704357603,0.168261884814141
32.8196939385603,1.15550211294194,1.15489880640044,1.15513293619908,0.000234129798633687,1.832808779398,0.986083069745595,0.169049866453483
32.8648612616649,1.16652162773243,1.16602744464386,1.16620110161376,0.000173656969901126,1.83674756674318,0.992584059296792,0.173617042316965
32.9,1.17362351591585,1.17321481823522,1.17330333812399,8.85198887763394e-05,1.83841212451727,0.996241928754864,0.177061409369131
32.9351387383351,1.17922530628185,1.17890258139232,1.1791817831638,0.000279201771473003,1.84282332874081,0.99866983405201,0.180511949111787
32.9702774766702,1.18340238499291,1.18316599067758,1.18334915489289,0.00018316421530673,1.8460015713021,0.999864777686905,0.183484377205982
33,1.18586263337266,1.18569948558127,1.18581230596108,0.000112820379807532,1.84772625091014,0.999911860107267,0.185900445853814
33.0297225233298,1.1872377625749,1.18714801344245,1.18702844427722,-0.000119569165225375,1.84630179791563,0.999075657029318,0.187952787247906
33.0594450466596,1.18758694667004,1.18757067565345,1.18739935950007,-0.000171316153373624,1.84399479809397,0.997356907124216,0.190042452375858
33.0891675699894,1.18688823885076,1.18694546657519,1.18671551801839,-0.000229948556803583,1.84080676972584,0.994757128672649,0.191958389345742
33.1,1.18644488961167,1.18652890822478,1.18626202435644,-0.00026688386833551,1.8394262549356,0.993591002680395,0.19267102167605
33.1108324300106,1.18586189778301,1.18597271023691,1.1859395010345,-3.32092024091235e-05,1.8392964139874,0.992308288329884,0.193631212704614
33.1216648600211,1.18514255174182,1.18528015788964,1.18523892439135,-4.12334982906604e-05,1.83905013519515,0.990909136135321,0.19432978825603
33.1324972900317,1.1842839941674,1.18444839080406,1.18438052682579,-6.78639782665247e-05,1.83868758273591,0.989393710273773,0.194986816552017
33.1849944969365,1.17726479913483,1.17755828375305,1.17741446902847,-0.000143814724577584,1.83528953006265,0.980408487087783,0.197005981940686
33.2,1.17490644399893,1.17523674971503,1.1750304066951,-0.00020634301992728,1.83382056041156,0.977342512392259,0.197687894302844
33.2150055030636,1.17225887610755,1.17262593996908,1.17217141620273,-0.000454523766343806,1.83056811159849,0.974056478379697,0.198114937823036
33.2300110061271,1.16935262815321,1.16975638704649,1.16926928242506,-0.000487104621422318,1.82709634335476,0.970551124936464,0.198718157488601
33.2450165091906,1.16618274785248,1.16662312941568,1.16611021151191,-0.000512917903772614,1.82340604494888,0.966827241331086,0.199282970180821
33.3,1.15145570893024,1.15202868885074,1.15143784284888,-0.000590846001860434,1.80803060602331,0.95132873878678,0.200109104062098
33.3192469811684,1.14573827958689,1.1463574003545,1.14614759572319,-0.000209804631315258,1.80591583122132,0.945221407703429,0.20092618801976
33.3384939623368,1.13960544883025,1.14027050501382,1.14001145940859,-0.000259045605224051,1.80345091347049,0.938763933671243,0.201247525737352
33.3577409435052,1.13305045100662,1.1337612176366,1.13345574916664,-0.000305468469958381,1.80063824484423,0.931958708763634,0.201497040403007
33.4,1.11681317833909,1.11762302807475,1.11725212044287,-0.00037090763188008,1.79325527533205,0.915809602890819,0.201442517552048
33.4297970085327,1.10428788093343,1.10516679938525,1.10434273409076,-0.000824065294493304,1.78199330386925,0.903437990130961,0.200904743959795
33.4595940170654,1.09080578154353,1.09175300129103,1.09089852641057,-0.000854474880457534,1.76992926374737,0.890264308712005,0.200634217698564
33.4893910255981,1.07635817805811,1.07737286011111,1.0764703568869,-0.000902503224201823,1.75707485050842,0.876300254175987,0.200170102710917
33.5,1.07104644911808,1.07208500444683,1.07115057137282,-0.000934433074009311,1.75230967495731,0.871140000169176,0.200010571203645
33.5106089744019,1.06561468196033,1.06667700470976,1.06594529864909,-0.000731706060665527,1.74861274367457,0.865881699980622,0.200063598668468
33.5212179488038,1.0600650233613,1.06115100678983,1.0604134320361,-0.000737574753723491,1.74481835802799,0.860525945428237,0.199887486607864
33.5318269232057,1.05439553396507,1.05550506644801,1.054744883769,-0.000760182679004684,1.74092712080391,0.855073339298352,0.199671544470649
33.587218012786,1.02200798335391,1.02323710878641,1.02240881263665,-0.000828296149760988,1.71906186005177,0.825055930972539,0.197352881664111
33.6,1.01429217723446,1.01554861744081,1.01466849332432,-0.000880124116491077,1.71365336425842,0.817766254526442,0.196902238797877
33.612781987214,1.00639099329037,1.00767453265742,1.00650450216049,-0.00117003049693065,1.70644054625554,0.810342973905259,0.196161528255235
33.625563974428,0.998328273191003,0.999638719170835,0.998438463431045,-0.00120025573979055,1.69909533687068,0.802787301902108,0.195651161528937
33.638345961642,0.990101794281812,0.991438945980073,0.990222517862241,-0.00121642811783218,1.69161897052668,0.795100472939806,0.195122044922435
33.7,0.947200256548309,0.948661244851265,0.947376880546635,-0.00128436430463053,1.65375532483808,0.756221658786063,0.191155221760572
33.7185848178308,0.933812285461364,0.935309905926278,0.933649646925288,-0.00166025900099043,1.63904660012124,0.743931430005504,0.189718216919784
33.7371696356615,0.920108651724735,0.921642416037186,0.919959980900865,-0.00168243513632094,1.62408093226625,0.73138425808679,0.188575722814075
33.7557544534923,0.906087058347413,0.907656456886002,0.905953038504777,-0.00170341838122479,1.6088626548845,0.718584476641325,0.187368561863452
33.8,0.871116596528215,0.872767936996871,0.871014672614162,-0.00175326438270851,1.57164152389254,0.687121146204739,0.183893526409423
33.8345455274881,0.842716523747949,0.844429729303247,0.84304982862702,-0.00137990067622651,1.54809085940707,0.661617369447528,0.181432459179493
33.8690910549763,0.813342606104128,0.815115669313684,0.81365368387639,-0.00146198543729392,1.5237507035928,0.635324101361521,0.178329582514868
33.9,0.78627505372966,0.788099964107618,0.786588543572577,-0.00151142053504061,1.50132925806231,0.611155146262596,0.175433397309981
33.9309089450237,0.758434911321223,0.76030987651144,0.758632296801892,-0.00167757970954807,1.47658061674782,0.586402362704386,0.172229934097506
33.9618178900474,0.729891533215288,0.731814812321514,0.73010769534525,-0.00170711697626391,1.45127179298206,0.561089396694907,0.169018298650342
33.9927268350711,0.700655934883862,0.702625708907352,0.7008849081339,-0.00174080077345251,1.42542696790797,0.535240429377092,0.165644478756808
34,0.693707155951277,0.695687686914684,0.693931670951557,-0.00175601596312713,1.41927019935973,0.529082686120024,0.164848984831533
34.0072731649289,0.686728572220935,0.688719778659146,0.686735981096861,-0.00198379756228562,1.41221916410235,0.52289695507937,0.163839026017491
34.0145463298577,0.679713901077191,0.68171568446086,0.679693878590455,-0.00202180587040468,1.40514046827849,0.516683563472229,0.163010315118226
34.0218194947866,0.672662720634141,0.674674979792935,0.672645236923836,-0.00202974286909918,1.39803444056844,0.510442839978909,0.162202396944927
34.0830861869712,0.611196507271617,0.613290228000738,0.611220698997829,-0.00206952900290891,1.33713671620844,0.456834146956785,0.154386552041044
34.1,0.593989752538568,0.596105175806635,0.594000628604799,-0.00210454720183617,1.32001410287636,0.441723806669224,0.152276821935575
34.1169138130288,0.576594757138314,0.578731238773133,0.576960751884846,-0.0017704868882864,1.30550355558286,0.426487102341313,0.150473649543533
34.1338276260577,0.55903701062761,0.561193968910605,0.559404887665914,-0.00178908124469102,1.29087100301684,0.411128392740889,0.148276494925025
34.1507414390865,0.541317751001321,0.543494586020403,0.541683630850718,-0.00181095516968544,1.27612083884822,0.395652071537864,0.146031559312853
34.2,0.488581747191454,0.490811678345932,0.48897025629222,-0.00184142205371152,1.23253494328607,0.349951368956662,0.139018887335558
34.2492585609135,0.434688317596661,0.436965842978017,0.435098214310012,-0.00186762866800461,1.18830630364372,0.30340171401537,0.131696500294643
34.3,0.378131821662562,0.380452664206227,0.37855214651801,-0.00190051768821742,1.14197780954311,0.254682332844028,0.123869813673981
34.3507414390865,0.320620520672742,0.322978577616944,0.320903102229868,-0.00207547538707664,1.09175870437034,0.205307363369644,0.115595738860224
34.4,0.264067394900157,0.266456017268674,0.264374363251385,-0.00208165401728944,1.04250046954467,0.15686859504841,0.107505768202975
34.4352923244418,0.223187462970949,0.225594770518875,0.223903966837867,-0.00169080368100749,1.01312009376151,0.121922759488134,0.101981207349734
34.4705846488837,0.182041891116614,0.184465005038088,0.182732739177293,-0.001732265860795,0.983587873070896,0.0868250790203922,0.0959076601569012
34.5,0.147582965114804,0.150017138933739,0.14827286566692,-0.00174427326681825,0.958888956516886,0.0574874781049246,0.0907853875619958
34.524346160615,0.118962813564208,0.121404620035044,0.119171389388388,-0.00223323064665604,0.933113660564002,0.0331669449984393,0.0860044443899489
34.5486923212299,0.0902704929292205,0.092718542997567,0.0905079489532093,-0.00221059404435775,0.907318706355215,0.008826753636051,0.0816811953171583
34.5730384818449,0.0615204227964515,0.0639732932250796,0.0617719106784154,-0.00220138254666413,0.881518520474299,-0.0155186693984668,0.0772905800768822
34.6,0.0296338795431111,0.0320903580884748,0.0298906584195852,-0.00219969966888955,0.852958116129381,-0.0424680347169515,0.0723586931365368
34.6269615181551,-0.0022797886673502,0.000178490421541262,-0.00205018601870212,-0.00222867644024338,0.824053255413646,-0.0693865308946748,0.0673363448759726
34.6539230363102,-0.0341956718324892,-0.0317373144740334,-0.0339600506659559,-0.00222273619192248,0.795198830339763,-0.0962545914305461,0.0622945407645902
34.6808845544653,-0.0660919782292653,-0.0636353031356005,-0.0658518932132882,-0.00221659007768771,0.766414370748192,-0.123052686484106,0.0572007932708175
34.7,-0.0886910728764061,-0.0862364254357318,-0.0884460357078099,-0.00220961027207811,0.746059523754526,-0.141999220974002,0.0535531852661918
34.7191154455347,-0.111258526454349,-0.108806946994829,-0.110808764924,-0.00200181792917153,0.727542531469674,-0.160893870491847,0.0500851055678464
34.7382308910694,-0.133790803657413,-0.13134316181906,-0.133343315020589,-0.00200015320152946,0.709084328056453,-0.17972973113806,0.0463864161174709
34.7573463366041,-0.156279354411532,-0.153836538031116,-0.155833728340591,-0.00199719030947476,0.69069179593363,-0.198499920493876,0.0426661921532851
34.8,-0.206184662797492,-0.203756620658556,-0.205739858927434,-0.00198323826887825,0.649922812119857,-0.240111597953781,0.0343717390263472
34.8426536633959,-0.255702953343901,-0.253294093245936,-0.255162690259467,-0.0018685970135307,0.611290437733839,-0.281286498205725,0.0261238079462581
34.8853073267918,-0.304759648266166,-0.302374182104651,-0.304225536306552,-0.00185135420190086,0.573169740136325,-0.321949721669164,0.0177241853626129
34.9,-0.321580605845357,-0.319203861374763,-0.321040139852307,-0.00183627847754375,0.560170412511749,-0.335824859217142,0.0147847193648351
34.9146926732082,-0.338331411993717,-0.335963947993266,-0.337981635001451,-0.00201768700818472,0.545914216942026,-0.349627501996679,0.0116458669952285
34.9293853464165,-0.355014651616366,-0.352656971265339,-0.354665597685143,-0.00200862641980371,0.531733495727765,-0.363354670420754,0.00868907273561126
34.9440780196247,-0.371625435729049,-0.369278051571994,-0.37127154975168,-0.00199349817968675,0.517631212163282,-0.377003401195051,0.00573185144337091
35,-0.433764976767671,-0.431463091386178,-0.433423546397874,-0.00196045501169567,0.464725670509985,-0.428182669496151,-0.00524087690172281
35.0559219803753,-0.494504911717172,-0.492255542936341,-0.494107700847,-0.00185215791065935,0.414503227598447,-0.478023244809793,-0.0160844560372069
35.1,-0.541410214489876,-0.539206574557346,-0.541014940094667,-0.00180836553732111,0.375963262138747,-0.516262220079927,-0.02475272001474
35.1440780196247,-0.587235858880818,-0.585082278211748,-0.587035624045395,-0.00195334583364754,0.334838855375756,-0.55349832642027,-0.0335372976251248
35.1881560392495,-0.63194905241728,-0.629849541160251,-0.631732261422657,-0.00188272026240605,0.294789650811701,-0.589659230561677,-0.0420730308609799
35.2,-0.643844796773988,-0.641760238599343,-0.643612802471827,-0.00185256387248478,0.284220628468199,-0.599183449214265,-0.044429353257562
35.2118439607505,-0.655644716428861,-0.65357544526731,-0.654783250914554,-0.00120780564724421,0.277402873219491,-0.608623615750929,-0.0461596351636251
35.2236879215011,-0.667357866515879,-0.6653041763178,-0.666469717610688,-0.00116554129288804,0.270670494332184,-0.617978405926192,-0.0484913116844963
35.2355318822516,-0.678980791471465,-0.676942980784765,-0.678104812390882,-0.0011618316061166,0.26402480407535,-0.627246507470982,-0.0508583049198998
35.3,-0.739715701406357,-0.737771286764266,-0.738878338995301,-0.00110705223103472,0.229427579497607,-0.676117835387769,-0.0627605036075312
35.3644681177484,-0.797329947263402,-0.795486546481457,-0.796515401663455,-0.00102885518199761,0.197187482746461,-0.722180097244903,-0.0743353044185515
35.4,-0.828013922208898,-0.826228709310513,-0.827183874781872,-0.000955165471358849,0.180689050496218,-0.746296675644916,-0.0808871991369556
35.4109158753607,-0.837298661053759,-0.835531657064142,-0.837157019570373,-0.0016253625062313,0.172025338779318,-0.75351782232238,-0.083639197247993
35.4218317507214,-0.846488828201747,-0.844740252400152,-0.846387010294037,-0.00164675789388466,0.163451412592852,-0.76064918346941,-0.0857378268246268
35.4327476260821,-0.855581313280251,-0.853851388120447,-0.855469352824264,-0.00161796470381756,0.15496812167524,-0.767689909347586,-0.0877794434766787
35.5,-0.908188409578941,-0.906579655422744,-0.908120407026412,-0.00154075160366848,0.104751665765748,-0.809018766211906,-0.0991016408145056
35.5133885917747,-0.918401629219206,-0.916817485383785,-0.9175817951149,-0.000764309731115215,0.0998190718383265,-0.816815606247901,-0.100766188867
35.5267771835494,-0.928458124548028,-0.926898890287652,-0.927622307246087,-0.000723416958434753,0.0950328935067511,-0.824466030688049,-0.103156276558039
35.540165775324,-0.938352726038909,-0.936818704313498,-0.937534204398459,-0.00071550008496081,0.0903945021227012,-0.831968668180671,-0.105565536217788
35.6,-0.979604984783739,-0.978188174504907,-0.97883453715265,-0.000646362647742496,0.0715062075476587,-0.863657408692956,-0.115177128459694
35.6163784347338,-0.99052901678224,-0.989144864592296,-0.990337474313766,-0.00119260972146958,0.0622267069402543,-0.871797231707141,-0.118540242606624
35.6327568694677,-1.00119871502799,-0.999847618655269,-1.00100689486346,-0.00115927620819097,0.0531810634362263,-0.87970319761795,-0.12130369724551
35.6491353042015,-1.01160570660122,-1.01028806573325,-1.01140511279063,-0.00111704705738194,0.0443713977882222,-0.887373185672735,-0.124031927117899
35.7,-1.04158653610498,-1.0403757627369,-1.04142139995678,-0.00104563721988121,0.0185385408005134,-0.909666671833528,-0.131754728123255
35.7508646957985,-1.0688598495902,-1.0677590115594,-1.06856742038261,-0.000808408823205775,-0.00193174178059063,-0.929607160038499,-0.138960260344107
35.8,-1.09268895469646,-1.09169688237306,-1.09242075060273,-0.000723868229668318,-0.0194232094783517,-0.946586846284963,-0.145833904317767
35.8491353042015,-1.1138305511127,-1.11294966190377,-1.11338053555056,-0.000430873646785741,-0.0304070723654343,-0.961281668367692,-0.152098867182867
35.9,-1.13293146026835,-1.13216783977924,-1.13251553013015,-0.000347690350914004,-0.039332869829937,-0.974049037868326,-0.158466492261826
35.9508646957985,-1.14905087750916,-1.14840650325159,-1.14886327995894,-0.000456776707350927,-0.0502126839412746,-0.984296874153179,-0.164566405805763
36,-1.16191849370099,-1.16139084043806,-1.1617211252241,-0.000330284786043911,-0.0583051539117414,-0.991778853443116,-0.169942271780983
36.0158348381748,-1.1656604170985,-1.16517061845566,-1.16509022242927,8.039602638997e-05,-0.0577703281445482,-0.993680715324402,-0.171409507104864
36.0316696763496,-1.16911948649009,-1.16866771025863,-1.16855405346986,0.000113656788763225,-0.0569863499941916,-0.995333424822524,-0.17322062864734
36.0475045145243,-1.17228854965321,-1.17187495922158,-1.17173641767962,0.00013854154196033,-0.0559528050654803,-0.996736567542292,-0.174999850137328
36.1,-1.17992239793933,-1.17963637278339,-1.17942000071468,0.000216372068704201,-0.0507372993499651,-0.999599142552803,-0.179820858161881
36.1524954854757,-1.18428728715814,-1.18412956927938,-1.18382863819906,0.000300931080326944,-0.0433794104895299,-0.999707678787971,-0.184120959411087
36.2,-1.18560112950028,-1.18555991641247,-1.18515083737416,0.000409079038314539,-0.0343469391160862,-0.997431767453648,-0.187719069920511
36.2145151419696,-1.18564318449728,-1.18563763290846,-1.18577084355089,-0.000133210642423824,-0.0352285659170338,-0.996287112132664,-0.189483731418223
36.2290302839393,-1.18544174969337,-1.18547190424924,-1.18558090991172,-0.000109005662479636,-0.0359002893229067,-0.994932553416605,-0.190648356495114
36.2435454259089,-1.18499143242567,-1.18505733219709,-1.18512437216263,-6.70399655408119e-05,-0.0363623947197846,-0.993368376691551,-0.191755995471078
36.3,-1.17990668309236,-1.18011131019724,-1.18009342898394,1.78812133038719e-05,-0.0361733371314676,-0.985298383841203,-0.194795045142736
36.3564545740911,-1.17104149373332,-1.17138406364337,-1.17112289025854,0.000261173384826931,-0.0298626496552967,-0.974088961798373,-0.197033928460167
36.4,-1.16195050687004,-1.16239889555869,-1.16205010124532,0.00034879431336618,-0.0228724809684696,-0.963320224473761,-0.198729876771563
36.4435454259089,-1.15058504599884,-1.1511384568599,-1.15063757968294,0.000500877176950149,-0.0127155725488787,-0.950725123996752,-0.199912455686193
36.4870908518179,-1.13708876330279,-1.13774625114864,-1.13716329659942,0.00058295454922502,-0.000756180084613756,-0.936327539475069,-0.200835757124348
36.5,-1.1328279194971,-1.13351615317125,-1.1328883483291,0.000627804842149949,0.00313166352758998,-0.931716887854706,-0.201171460474393
36.5129091481821,-1.12835825296371,-1.12907714417699,-1.12818275559406,0.00089438858292675,0.00869922363336939,-0.92695097139856,-0.201231784195502
36.5258182963643,-1.123703179434,-1.12445264474808,-1.12352579639659,0.000926848351493681,0.0144212543645376,-0.922030584317025,-0.201495212079562
36.5387274445464,-1.11885932862123,-1.11963927765579,-1.11869234456515,0.000946933090639965,0.0202969357691304,-0.916956546562066,-0.201735798003086
36.5924394905507,-1.09586121279951,-1.09676593472266,-1.09574863129737,0.0010173034252881,0.046374887753971,-0.8942140525006,-0.201534578796769
36.6,-1.09250782338408,-1.0934300282503,-1.09236791996758,0.00106210828272344,0.0502542953501205,-0.890804144076861,-0.201563775890716
36.6075605094493,-1.08907941448081,-1.09001905323336,-1.08909995255592,0.00091910067744564,0.0535386811357504,-0.887343316369963,-0.201756636185954
36.6151210188987,-1.08558924628057,-1.08654627859728,-1.08563299640871,0.000913282188570362,0.0568737883800614,-0.883831767204383,-0.201801229204327
36.622681528348,-1.08203616408753,-1.08301054779639,-1.08208297346904,0.000927574327349606,0.0602594163592831,-0.880269697303893,-0.201813276165143
36.6771675178314,-1.05365172561897,-1.05474852579707,-1.05375423522803,0.00099429056903845,0.0861335531771723,-0.853124004285842,-0.200630230942186
36.7,-1.04110546592268,-1.04225296010574,-1.04119184428133,0.00106111582440784,0.0977339290916278,-0.840990779752102,-0.200201064529227
36.7228324821686,-1.02797404678778,-1.02917166462481,-1.02782116917968,0.00135049544512465,0.112374760018408,-0.828419147066066,-0.199402022113616
36.7456649643373,-1.01431065040128,-1.01555783919531,-1.01417795404322,0.00137988515208348,0.127447445510464,-0.815415659814753,-0.198762294228471
36.7684974465059,-1.00011026778757,-1.00140643620012,-0.999992843010212,0.00141359318990744,0.142945206855169,-0.801987096710793,-0.198005746299419
36.8,-0.979552945168024,-0.980915518925243,-0.979455500266723,0.0014600186585205,0.165012715195483,-0.78277451355065,-0.196680986716073
36.8315025534941,-0.957985262580003,-0.959412908486573,-0.958011622368975,0.00140128611759791,0.186349926565144,-0.76278516069204,-0.195226461676935
36.8630051069883,-0.935473073572814,-0.936964447647723,-0.935504067134554,0.00146038051316955,0.208444071622615,-0.742038874145621,-0.193465192988933
36.8945076604824,-0.912017262114139,-0.913570926464944,-0.912060140174775,0.00151078629016879,0.231274563230137,-0.72055624104915,-0.191503899125625
36.9,-0.907862494246513,-0.909426918608072,-0.907898943189981,0.00152797541809058,0.235328774658623,-0.716737023160657,-0.191161920029324
36.9054923395176,-0.903690303701814,-0.905265461145279,-0.903938294912475,0.00132716623280421,0.238720893770688,-0.71289618438557,-0.191042110526905
36.9109846790352,-0.899490555788353,-0.9010764039119,-0.899783068343128,0.00129333556877134,0.242134517907692,-0.709033840585544,-0.190749227757584
36.9164770185528,-0.895262780006893,-0.896859275190923,-0.895562762217099,0.00129651297382341,0.24556953055926,-0.705150108270954,-0.190412653946146
36.9714004137289,-0.850667224903675,-0.852365803893347,-0.851017553574279,0.00134825031906738,0.281069936357641,-0.665162505842351,-0.185855047731928
37,-0.826658177568957,-0.828408392364843,-0.827001736705954,0.00140665565888931,0.300357745949714,-0.643538133356999,-0.183463603348954
37.0285995862711,-0.801921902052795,-0.803722262652037,-0.802018441286919,0.00170382136511765,0.323480442384406,-0.621387423526833,-0.180631017760086
37.0571991725422,-0.77652995871065,-0.778379031770172,-0.776654117778018,0.00172491399215369,0.347111359528404,-0.598728492987361,-0.177925624790658
37.0857987588133,-0.750488320791183,-0.752384600172262,-0.750628918524816,0.00175568164744588,0.371231965082349,-0.575579874037941,-0.175049044486875
37.1,-0.737378699519853,-0.739297999144244,-0.737517019687308,0.00178097945693534,0.383385259782087,-0.563909223250262,-0.173607796437046
37.1142012411867,-0.724100754119084,-0.726042660084267,-0.724434921750225,0.00160773833404204,0.394391281014383,-0.552124847839612,-0.172310073910613
37.1284024823735,-0.710674532701265,-0.712638668874294,-0.711017020196322,0.00162164867797177,0.40550865029272,-0.54022912438292,-0.170787895813403
37.1426037235602,-0.697099454561225,-0.699085431599427,-0.697443889541093,0.00164154205833428,0.416734968584401,-0.528224451912883,-0.16921943762821
37.2,-0.640230036953039,-0.642298155829246,-0.640612400134817,0.00168575569442941,0.463167676061576,-0.478645918588415,-0.161966481546402
37.2573962764398,-0.581249354800336,-0.583392362777715,-0.581620209774964,0.00177215300275102,0.511860438997426,-0.427490999267757,-0.154129210507207
37.3,-0.536380104027457,-0.538574587994093,-0.536761449234556,0.00181313875953648,0.548923703191281,-0.388600142127337,-0.14816130710722
37.3291532262037,-0.50514827991978,-0.507375855002206,-0.50507858569373,0.00229726930847551,0.580596442165239,-0.361576849035142,-0.143501736658588
37.3583064524074,-0.473487484868736,-0.475746263550856,-0.473457087389246,0.00228917616161006,0.612576467370471,-0.334246269711674,-0.139210817677572
37.3874596786111,-0.441414884152169,-0.443702911329761,-0.441401969573737,0.00230094175602391,0.644840551903092,-0.306631631060816,-0.134770338512921
37.4,-0.427529562418909,-0.429829732391168,-0.427517495482916,0.00231223690825288,0.658800550360069,-0.294671601500258,-0.132845893982658
37.4125403213889,-0.413568155322314,-0.415880077610199,-0.41418657573832,0.00169350187187867,0.66899146805256,-0.282665232590958,-0.131521343147363
37.4250806427778,-0.399539702585958,-0.401863017598476,-0.400182975080604,0.00168004251787246,0.679226837001037,-0.270614412425672,-0.129568562654932
37.4376209641667,-0.38544492276928,-0.387779261120748,-0.386080082357896,0.00169917876285119,0.689504762122447,-0.258521036087453,-0.127559046270443
37.5,-0.314111495528556,-0.316492331316422,-0.314768335535455,0.0017239957809666,0.74119644082337,-0.197798799636462,-0.116969535898993
37.5623790358333,-0.241627160282386,-0.244044802332485,-0.242382090726954,0.00166271160553144,0.791366384669374,-0.136307149091314,-0.10607494163564
37.6,-0.197545246366286,-0.199981354684162,-0.198295250003031,0.00168610468113117,0.82189572447088,-0.0989496575502895,-0.0993455924527415
37.6253439203899,-0.1676950896071,-0.170141821373857,-0.167887103846187,0.00225471752766981,0.848897426784597,-0.0737010369924706,-0.0941860668537163
37.6506878407797,-0.137736167189963,-0.140191953868507,-0.137963635237409,0.00222831863109829,0.875946465794518,-0.0484050797384474,-0.0895585554989615
37.6760317611696,-0.10768493393582,-0.110148167549512,-0.107928309330072,0.00221985821943926,0.90302659441522,-0.0230780328736422,-0.0848502764564301
37.7,-0.0791981242118445,-0.0816669399029934,-0.0794467124347198,0.00222022746827355,0.92865070763475,0.000888156805717592,-0.0803348692404374
37.7239682388304,-0.0506603999197894,-0.0531333007776993,-0.0513699520861449,0.00176334869155437,0.949368750013082,0.0248538362843141,-0.076223788370459
37.7479364776608,-0.0220919317834851,-0.0245674972822277,-0.0227833336193484,0.00178416366287926,0.97007251513073,0.0488052385022261,-0.0715885721215746
37.7719047164912,0.00649191166918544,0.00401513398063417,0.00580577684345777,0.0017906428628236,0.990748244129329,0.0727286046010903,-0.0669228277576326
37.8,0.0399925578884714,0.0375163159699168,0.0393034079893567,0.00178709201943983,1.01492989507063,0.100717096992508,-0.0614136890031509
37.8280952835089,0.0734610547371772,0.0709873999143027,0.0730884732991148,0.00210107338481214,1.04300575263052,0.128626094080795,-0.05553762078168
37.8561905670177,0.106871179685138,0.104402062925321,0.106475176488096,0.00207311356277495,1.07098008651028,0.156433567488945,-0.0499583910008492
37.8842858505265,0.140196002157336,0.13773341145228,0.139791306402382,0.00205789495010156,1.09883094846483,0.184117568971885,-0.0443262625695034
37.9,0.158803007547693,0.156344726220982,0.158393405543239,0.00204867932225716,1.11434641251008,0.199539705238787,-0.0411462996955485
37.9157141494735,0.177367548850233,0.174914276645247,0.177040124228625,0.00212584758337742,1.1304184676867,0.214912569283539,-0.0378724450549142
37.9314282989469,0.195890616039401,0.193442961504927,0.195561656056978,0.00211869455205038,1.14643745462889,0.230232365093855,-0.0346707090368778
37.9471424484204,0.214366850422482,0.211925433821235,0.214034801611647,0.00210936779041204,1.16239959042847,0.24549530976156,-0.0314605081499133
38,0.276130987053737,0.273714715027686,0.27579319421955,0.00207847919186377,1.21562472266863,0.296368578709385,-0.0205753844898352
38.0528575515796,0.336865441450384,0.334483251265289,0.336418753370154,0.00193550210486526,1.26531358494757,0.34641401010248,-0.00999525673232587
38.1,0.390243025573482,0.38789648426936,0.389806581741151,0.00191009747179072,1.3088177942675,0.390236235307946,-0.000429653566795085
38.1471424484204,0.442685092997081,0.440379529168378,0.442182923477129,0.00180339430875098,1.3500274871508,0.433191356035151,0.0089915674419781
38.1942848968407,0.494119887604675,0.491860248947151,0.49362642798021,0.00176617903305964,1.39027462932564,0.475183926053897,0.0184425019263128
38.2,0.500322929904038,0.498069016499622,0.499818669590794,0.00174965309117225,1.39508388459881,0.480204780438259,0.0196138891525348
38.2057151031593,0.506506395990399,0.504258301368771,0.506067363632367,0.00180906226359601,1.40009633154591,0.485209950222712,0.0208574134096551
38.2114302063186,0.512673992085125,0.510431790566455,0.512247481051074,0.00181569048461916,1.40509293041267,0.490199271926824,0.0220482091242495
38.2171453094778,0.51882518454475,0.516588951875388,0.518400082754327,0.00181113087893925,1.41007351823629,0.495172582587797,0.0232275001665301
38.2742963410707,0.578778890187531,0.57660839538258,0.578380137431092,0.00177174204851194,1.45896331799748,0.543989610722497,0.0343905267085954
38.3,0.605306457897129,0.603167171353258,0.604893239333516,0.00172606798025776,1.4803817144287,0.565375278137029,0.0395179611964871
38.3257036589293,0.63141040042439,0.629303824404701,0.631315507610234,0.00201168320553324,1.50501437731972,0.586387435061852,0.0449280725483825
38.3514073178587,0.657103688730006,0.655031191379735,0.656993288124517,0.00196209674478265,1.52925964821378,0.607012199989716,0.0499810881348012
38.377110976788,0.682361393056059,0.680324349646112,0.682247786601742,0.00192343695563069,1.55310390153094,0.627235947340681,0.0550118392610615
38.4,0.704487939642992,0.702483568628693,0.704375402099697,0.00189183347100452,1.57398873571621,0.644896732944873,0.0594786691548246
38.422889023212,0.726231922824031,0.724261319852488,0.725713101800958,0.00145178194847051,1.59030717446012,0.662219667139639,0.0634934346613191
38.445778046424,0.747602309432952,0.745666492088302,0.747103907547967,0.00143741545966458,1.6062786865777,0.679195674708074,0.0679082328398927
38.468667069636,0.768580459589199,0.766680449586494,0.768093637789754,0.00141318820325997,1.62189437860153,0.695815862182759,0.0722777756069953
38.5,0.796565519308182,0.794716299853065,0.796089292505505,0.00137299265243995,1.642678048939,0.717974592771644,0.0781146997338609
38.531332930364,0.823743647436589,0.82194704954111,0.823557612442864,0.00161056290175399,1.666655957632,0.739428507656765,0.0841291047860988
38.5626658607279,0.85012387217125,0.848381593134369,0.849922209071763,0.00154061593739474,1.68990798990924,0.760156546126126,0.0897656629456375
38.5939987910919,0.875665096312759,0.873978817632318,0.875464755576849,0.00148593794453089,1.71241379763143,0.780138360040436,0.0953263955364133
38.6,0.880491257280686,0.878815835652101,0.88028176384014,0.00146592818803915,1.71663754695081,0.783878687798293,0.0964030760418468
38.6060012089081,0.885295376812004,0.883630856007032,0.884870282704728,0.00123942669769583,1.72009490414559,0.787590784635323,0.0972794980694047
38.6120024178162,0.890068551737418,0.888414993225421,0.889605379076504,0.00119038585108311,1.72352389673061,0.791274516862585,0.0983308622139195
38.6180036267243,0.894809957467566,0.893167423700422,0.894344605163373,0.00117718146295132,1.72692439203844,0.794929751812672,0.0994148533507012
38.6657552777978,0.930734622805514,0.929182808562328,0.930308235056449,0.00112542649412073,1.75295128086975,0.822983605326864,0.107324629729585
38.7,0.95536384258586,0.953878900340767,0.954932763320685,0.00105386297991794,1.77046457980394,0.841950526092305,0.11298223722838
38.7342447222022,0.978827179105315,0.977410844555869,0.978682329510147,0.0012714849542772,1.79108871458281,0.859930187120636,0.11875214238951
38.7684894444043,1.00116351648225,0.999817347322641,1.00100412232207,0.00118677499943298,1.81070450691855,0.876901505705844,0.124102616616229
38.8,1.02070999040738,1.01942969635592,1.02055240163041,0.00112270527449065,1.82784620797038,0.891609873041444,0.12894252858897
38.8315105555957,1.03920953930156,1.03799638568129,1.03876670434671,0.000770318665422431,1.84001690902783,0.905433020707656,0.133333683639054
38.8630211111914,1.056699532578,1.05555465220108,1.05628535332896,0.000730701127881206,1.85128866633927,0.918357224627868,0.137928128701094
38.8945316667871,1.07314277818272,1.07206726539392,1.07274275118212,0.000675485788199204,1.86164864832908,0.930369653226446,0.142373097955673
38.9,1.07592383442685,1.07486043540137,1.07551357489079,0.000653139489422916,1.86335277883561,0.932360548866192,0.1431530260246
38.9054683332129,1.07868485879974,1.07763359525446,1.07859848130804,0.000964886053580472,1.86607709336893,0.934323564507343,0.144274916800702
38.9109366664258,1.08141459924773,1.08037550463855,1.08139490798068,0.00101940334213202,1.86877346920441,0.936258641450641,0.145136266530039
38.9164049996388,1.08411231117053,1.08308541939025,1.08410194395717,0.00101652456691825,1.87144184847821,0.938165721832267,0.1459362221249
38.9710883317679,1.10827782004173,1.10737511297276,1.10832158766465,0.000946474691893906,1.89657370101191,0.955684585444201,0.152637002220454
39,1.12004105242418,1.11920479215914,1.12006780941566,0.00086301725652671,1.90870957130881,0.963795386284088,0.156272423131575
39.0289116682321,1.13082731004865,1.13005820303271,1.13063950145446,0.00058129842174881,1.9171329559172,0.971100621557281,0.159538879897176
39.0578233364641,1.1406937137084,1.13999236685943,1.14052843034134,0.000536063481918925,1.92474466905086,0.977594185355747,0.162934244985597
39.0867350046962,1.14961327414432,1.14898025647801,1.14946151353485,0.000481257056844209,1.93153928321816,0.983270650187846,0.166190863347004
39.1,1.1534697254117,1.15286820025243,1.15330772025975,0.000439520007326166,1.93438195118604,0.985600298790633,0.16770742146912
39.1132649953038,1.15710993156437,1.15654002580498,1.15725022991594,0.000710204110964341,1.93891916158867,0.987756523608875,0.169493706307069
39.1265299906076,1.16055238863863,1.1600142120655,1.16070393095038,0.000689718884881563,1.94328256880277,0.989738945238601,0.170964985711782
39.1397949859114,1.16379227630244,1.16328593589666,1.16394232937845,0.000656393481786255,1.94747182400637,0.991547214857816,0.172395114520633
39.1930893308786,1.17389279445954,1.17351521115282,1.17409241918684,0.000577208034028054,1.96254150202391,0.997050883676717,0.177041535510127
39.2,1.1750964884863,1.17473563621514,1.17526541277986,0.00052977656472164,1.96428846012585,0.997557418907805,0.177707993872054
39.2069106691214,1.17623349160764,1.17588939562614,1.17617134017795,0.000281944551809632,1.96510761290728,0.998016313631981,0.178155026545966
39.2138213382429,1.17731601259873,1.17698869416827,1.17722157561357,0.000232881445295652,1.96587910326629,0.998427545933736,0.178794029679834
39.2207320073643,1.17834283637697,1.178032316546,1.17824989607445,0.000217579528449585,1.9666029115636,0.998791096173786,0.179458799900662
39.2711515999123,1.18325234273124,1.18306473815229,1.18321422626951,0.000149488117222818,1.97043945126482,0.999999226940968,0.183214999328544
39.3,1.18500440593671,1.18488728164109,1.18495429858798,6.70169468839354e-05,1.97149138681885,0.999547275043892,0.185407023544084
39.3288484000877,1.18573350775964,1.18568695986695,1.18582180437631,0.000134844509358967,1.97328530402513,0.998263527420099,0.187558276956207
39.3576968001754,1.18550563027936,1.18552969533724,1.18559481961974,6.51242825042697e-05,1.97424849380412,0.996149052369024,0.189445767250718
39.386545200263,1.1843007621527,1.18439542570724,1.18439841957497,2.99386773305876e-06,1.97438271576375,0.993205609498595,0.191192810076378
39.4,1.1834903690576,1.18361795668916,1.18357825989273,-3.96967964293449e-05,1.97416250432092,0.99154998521414,0.192028274678587
39.413454799737,1.18245084028892,1.18261134609949,1.18263803014184,2.66840423546189e-05,1.97433462648398,0.989714861721668,0.192923168420173
39.426909599474,1.1812033108771,1.18139672312071,1.18139720724753,4.84126817079655e-07,1.97432758164943,0.987700571231575,0.193696636015953
39.4403643992109,1.17974350568147,1.17996980685867,1.17994068357809,-2.91232805817998e-05,1.97414173446205,0.985507478388662,0.194433205189429
39.4931678158853,1.17113491751378,1.17148940027142,1.17138330810276,-0.000106092168655758,1.97169261454598,0.975180914676397,0.196202393426363
39.5,1.16991693592691,1.17028797570846,1.17013587507818,-0.00015210063027471,1.97117641056279,0.973645455694978,0.196490419383204
39.5068321841147,1.16863377426207,1.1690213563505,1.16869788893133,-0.000323467419177659,1.97002887729876,0.972064548347487,0.196633340583839
39.5136643682294,1.16729755910925,1.16770167211582,1.16734047855411,-0.000361193561706274,1.96883596946314,0.970438266428401,0.196902212125709
39.520496552344,1.16590721103051,1.16632784267438,1.16595206415684,-0.000375778517542003,1.96759776296842,0.968766685850213,0.197185378306626
39.5735889656575,1.15229821302878,1.15284586327676,1.1524007591061,-0.000445104170663679,1.9564410665605,0.954242270485588,0.198158488620508
39.6,1.14463712989807,1.14524755514245,1.14472434691654,-0.000523208225911009,1.94988666402924,0.946012582626908,0.19871176428963
39.6264110343425,1.13614230934054,1.13681508872426,1.13605942242706,-0.000755666297207913,1.94050533856297,0.937123048921186,0.198936373505871
39.6528220686851,1.12687885883285,1.12761356198475,1.12681556663071,-0.000797995354041126,1.93047036771887,0.927579869837638,0.199235696793073
39.6792331030276,1.11683636616491,1.1176325151314,1.11678699381598,-0.000845521315419706,1.91978840788525,0.917389701764565,0.199397292051411
39.7,1.10850953859211,1.10935373636998,1.10845537872943,-0.000898357640546354,1.91093947665239,0.908927464543414,0.199527914186019
39.7207668969724,1.09961769835449,1.10050956141119,1.09964414250079,-0.000865418910393601,1.90226684375469,0.900073253706543,0.199570888794252
39.7415337939448,1.09026407373713,1.09120325787243,1.09029560770149,-0.000907650170941521,1.8932060556065,0.890830887619191,0.199464720082302
39.7623006909172,1.0804424674954,1.08142860219992,1.08048095341512,-0.000947648784797028,1.88376109796445,0.881204352037973,0.19927660137715
39.8,1.06158436120969,1.06265488426531,1.06162735729899,-0.00102752696631447,1.86564701819654,0.862760643685675,0.198866713613317
39.8376993090828,1.04080381908879,1.04195687157237,1.04069048452785,-0.00126638704452153,1.84309578403308,0.843090892421896,0.197599592105949
39.8753986181655,1.01858796434119,1.01982193051461,1.01850249705785,-0.00131943345675922,1.81934645904344,0.822223050331936,0.196279446725911
39.9,1.00342482289385,1.00471082030792,1.0033435938338,-0.00136722647412646,1.80321644738535,0.807973403666981,0.195370190166817
39.9246013818345,0.987626786415635,0.988964035813548,0.987313909713736,-0.00165012609981185,1.78390872268968,0.793234773547386,0.19407913616635
39.9492027636689,0.971244754005158,0.972632495466045,0.970953139408601,-0.00167935605744396,1.76412093432093,0.778016079754717,0.192937059653884
39.9738041455034,0.954275512763279,0.955712941629393,0.953998527284044,-0.00171441434534936,1.74386229259399,0.76232653260386,0.191671994680183
40,0.935684221108797,0.93717382804821,0.935407711681832,-0.00176611636637736,1.72178369226801,0.745113160479349,0.190294551202484
