compassSystemFullSystemErrorCrossCorrelation,compassFilterFullSystemErrorCrossCorrelation,fullSystemFullSystemErrorCrossCorrelation,gyroFilterFullSystemErrorCrossCorrelation,gyroSystemFullSystemErrorCrossCorrelation,compassSystemErrorFullSystemErrorCrossCorrelation,compassFilterErrorFullSystemErrorCrossCorrelation,fullSystemErrorFullSystemErrorCrossCorrelation,gyroSystemErrorFullSystemErrorCrossCorrelation,gyroFilterErrorFullSystemErrorCrossCorrelation
2.89624124273035e-11,1.44812062136518e-11,1.44812062136518e-11,-3.74757777990011e-13,-3.62030155341294e-12,5.65672117720772e-14,-2.26268847088309e-13,-4.18597367113371e-12,2.26268847088309e-13,-1.44812062136518e-11
-0.000910198634564587,-0.000905741031478051,-0.000905966464035481,-2.25438214150648e-07,-0.000781749707327176,-7.52049939597407e-06,-3.06289209518129e-06,-3.28832838604674e-06,0.000120928431150618,0.000902452709766936
0.00654130350649936,0.00650945005339251,0.00653027182316409,2.08217542721692e-05,0.00563683221433438,3.54062372242056e-05,3.55276822196673e-06,2.43745231729424e-05,-0.000869065049340617,-0.00648507553146404
0.014812235496902,0.0147387910293971,0.014609962419414,-0.000128828645224499,0.0125923599229639,0.000251900029453097,0.000178455584773032,4.9626937003008e-05,-0.00196797553127662,-0.0146891640859454
0.023523599425271,0.023402706168744,0.0230460634167271,-0.000356642754619038,0.0198563032641471,0.000541659643059231,0.000420766367695355,6.41236140096761e-05,-0.00312563652657805,-0.0233385825459099
0.0335371335217163,0.0333604846345179,0.0328523371191252,-0.000508147532787161,0.0283305642400498,0.000749850055043096,0.000573201169414501,6.50536416476797e-05,-0.00445671923516501,-0.0332954309924177
0.0442044606669448,0.0439671963431571,0.0433690439279764,-0.000598152419345454,0.0374126758632785,0.00091664020617631,0.000679375877636924,8.12234599107064e-05,-0.00587514460297705,-0.0438859728956912
0.0566346152433067,0.0563243659823206,0.0553524366790832,-0.000971929303661624,0.0477358714394105,0.00136990955232283,0.00105966030208455,8.77309960753913e-05,-0.00752883423409408,-0.0562366349830775
0.0698522787208083,0.0694607018037863,0.0682826615051811,-0.00117804031444404,0.0588916663779172,0.00167293232841647,0.00128135540143861,0.000103315080998446,-0.00928768002024451,-0.0693573867169049
0.0832858453219642,0.0828084415811376,0.0815158382626531,-0.00129260334258209,0.0703166136128938,0.00189364955088973,0.0014162458229038,0.000123642478115582,-0.0110755821690416,-0.0826847991237256
0.097099401375353,0.0965317581935023,0.0949498943991749,-0.00158186379240408,0.0818962881538883,0.00228871357031221,0.00172107039072412,0.00013920659622706,-0.0129143996417624,-0.0963925515908831
0.112293686323136,0.111626977220438,0.109983975397182,-0.00164300183094929,0.0948872067363692,0.0024695971825018,0.00180288809958872,0.000159886267211105,-0.01493688239182,-0.111467090968416
0.127816681258663,0.127047700613766,0.125293801012797,-0.00175389960379701,0.108141001692246,0.00267295332942737,0.00190397270036946,0.000150073094875439,-0.0170027262239787,-0.126897627522172
0.143953954743039,0.143078592206751,0.141402558435345,-0.00167603376959573,0.122111865501232,0.00269188006626636,0.001816517529243,0.000140483762588772,-0.0191502091868539,-0.142938108450441
0.161367716463201,0.160378271060388,0.158652468149137,-0.0017258029380081,0.13705646094076,0.00284379911636146,0.00185435371374665,0.000128550777916387,-0.0214674564205613,-0.160249720303119
0.179156416869633,0.178053338046252,0.176380378377884,-0.00167295967555217,0.152435770879189,0.00288462225088453,0.00178154343028951,0.00010858375190898,-0.0238360237638829,-0.177944754296506
0.19929505904197,0.198067976440601,0.19634710744646,-0.00172086900197521,0.169746303217679,0.00303105830093411,0.00180397570660755,8.31067050283139e-05,-0.0265176975210374,-0.197984869741229
0.221075748928811,0.219722750369528,0.217976901611445,-0.00174584875842221,0.188540835758948,0.0031160232472128,0.00176302470730444,1.71759474114764e-05,-0.0294188899180397,-0.219705574431677
0.244392168964282,0.242910214126892,0.241013958335169,-0.00189625580801445,0.208545320432912,0.00332076736721822,0.00183881253711843,-5.74432712354208e-05,-0.032526081157993,-0.242967657402766
0.270318818793599,0.268704781679851,0.266478953043142,-0.00222582865048329,0.230637411855748,0.00369778877704344,0.00208375166295652,-0.000142076983453934,-0.0359836181700845,-0.268846858669329
0.297272343784064,0.295526179542043,0.293193785216663,-0.00233239433660843,0.253849492135908,0.00384327987329111,0.00209711561910808,-0.000235278716001323,-0.0395795717888373,-0.295761458268
0.324376193183837,0.322503122688426,0.319768192237506,-0.00273493045055266,0.276891376911884,0.004287031276047,0.00241396077469614,-0.000320969676563609,-0.0431977849923422,-0.322824092370081
0.351427624519802,0.349433074340557,0.346546359171962,-0.00288671515688555,0.300153633219392,0.00446287043998154,0.00246832023765729,-0.000418394918492891,-0.0468111208638229,-0.349851469247737
0.379123502658034,0.377007598470104,0.373830426958606,-0.00317717152134044,0.323830447949838,0.00478131925090749,0.00266541505867816,-0.000511756462952182,-0.0505117354624922,-0.377519354931974
0.408228665541412,0.405987465475388,0.402517924125083,-0.00346954133175132,0.348724535240116,0.00510285976711675,0.00286165968152044,-0.00060788164663887,-0.0544012705419861,-0.406595347121546
0.43760547437592,0.435246952837451,0.431774970084298,-0.00347198274664706,0.374157437542408,0.00511945636802243,0.00276093483102427,-0.000711047917121815,-0.0583285804588141,-0.435958000748944
0.467617676422304,0.46514913588183,0.461777938254706,-0.00337119761858257,0.400281508935595,0.00499435875237742,0.00252581819886499,-0.000845379412476973,-0.0623418087319836,-0.46599451528339
0.498424560720403,0.495851546889795,0.492577128407371,-0.00327441846794359,0.427101334631153,0.00486189440560036,0.00228888055683449,-0.00098553790862014,-0.0664613316859688,-0.496837084794343
0.530477194939138,0.527808267900139,0.524285329040592,-0.00352293885117478,0.454644593047259,0.00508671688050325,0.00241778982487354,-0.00110514902392542,-0.070745885022124,-0.528913416909697
0.563085494362057,0.560333252588488,0.557069769395249,-0.003263483187186,0.48323869462459,0.0047409947428932,0.00198875295167537,-0.00127473023579346,-0.0751058050221786,-0.561607982829372
0.596762569051008,0.59393945290002,0.590417472080873,-0.00352198080551395,0.512256126677069,0.00489690311001234,0.00207378693713297,-0.00144819386787188,-0.0796095392668115,-0.595387646763706
0.633018805666223,0.630128169122747,0.626615778267007,-0.00351239083028436,0.543788941345378,0.00477216664015087,0.00188153007079506,-0.00163086075586899,-0.0844576976916402,-0.6317590298647
0.669375428004938,0.666434763336103,0.662594187874401,-0.00384057545796873,0.57508672749039,0.00496768683284603,0.00202702217037537,-0.00181355328668828,-0.0893210136830314,-0.668248316627883
0.70789761791518,0.704913254800109,0.700607665907682,-0.00430558887715347,0.608118779845065,0.00530521904409793,0.00232085592608511,-0.00198473295299164,-0.0944736190395931,-0.706897987755137
0.747767701726932,0.744748569170576,0.740023061879291,-0.00472550728087711,0.642375326274638,0.00558489520171525,0.0025657626324622,-0.00215974464388953,-0.0998074802449217,-0.746908313820122
0.787812937691851,0.784774557275533,0.77967657868373,-0.00509797857664308,0.676836871774641,0.00580893637702065,0.00277055595821336,-0.00232742261582763,-0.105167129540868,-0.787101979889663
0.828300973630363,0.825254589042276,0.819708874742378,-0.00554571427455565,0.711615390936229,0.00609772010485527,0.00305133549595185,-0.00249437877328648,-0.110587862597424,-0.827748967807077
0.869262113144478,0.866217220909857,0.860716306784555,-0.00550091413661577,0.74727949717302,0.00591015507963978,0.00286526285429586,-0.00263565128435633,-0.116072460898154,-0.8688528722096
0.910189082373596,0.907160102631408,0.901663669396782,-0.00549643322489649,0.782893351875644,0.00574289616088739,0.00271391641032729,-0.00278251681898144,-0.121552834346342,-0.90994261945005
0.951236000539784,0.94823638848106,0.942585448661151,-0.00565093981108445,0.818468411528189,0.00571801963165417,0.00271840757247788,-0.00293253223775805,-0.127049569388991,-0.951168920730754
0.993096903276035,0.990135806917681,0.984622788401022,-0.00551301851530131,0.85504069977573,0.0054015917705772,0.00244049539751544,-0.00307252311948289,-0.132654611730633,-0.99320833003954
1.03617997278538,1.03326709533746,1.02786662393368,-0.00540047141576713,0.892679409358372,0.00507866169766779,0.00216578425132679,-0.0032346871695031,-0.138421901737714,-1.03650178252181
1.07997180869399,1.07711871592301,1.07162070143479,-0.00549801449930391,0.930711784160201,0.00497837498941548,0.0021252822292927,-0.00337273226579342,-0.144281649545959,-1.08049144819958
1.1239271324899,1.12114757795405,1.11595315736718,-0.00519442060135081,0.969303589004687,0.00446238336890965,0.0016828288633713,-0.00351159174010077,-0.150161160121059,-1.12465916972597
1.16845298464708,1.16575771091059,1.16063876073188,-0.00511895019680522,1.00816532114722,0.00417322942835937,0.00147795570340909,-0.00364099449135971,-0.156114434074444,-1.16939870541077
1.21348326411406,1.21088255933903,1.20573895075426,-0.00514360859381909,1.04735796615134,0.00399176700111294,0.0013910622414712,-0.00375254635834402,-0.162133530963871,-1.21463510570767
1.2595423086283,1.25704218071602,1.2517038649464,-0.0053383157641941,1.08726942029658,0.00398471789136782,0.00148458997569652,-0.00385372578612175,-0.168288170445558,-1.26089590650316
1.30637227042793,1.30398171276499,1.29832032494124,-0.00566138782419909,1.12771272158795,0.00411467260870706,0.00172411495877613,-0.00393727286157639,-0.174544876230477,-1.30791898564127
1.35382672048656,1.35155434846205,1.34554736382637,-0.00600698464665475,1.16867354399623,0.00426873091501487,0.00199635891425736,-0.0040106257297953,-0.18088444556287,-1.35556497419591
1.40300538710547,1.40085402486594,1.39444570217654,-0.00640832272673205,1.21105303109938,0.00449964201346626,0.00234827981036305,-0.00406004292406214,-0.187452713993764,-1.40491406781195
1.45353960787445,1.45150669078018,1.44471264101087,-0.00679404977032511,1.25458157120998,0.00475949777404887,0.00272658068629704,-0.00406746908221792,-0.194198538881633,-1.45557415986794
1.50500125058567,1.5030839785452,1.49609071992526,-0.00699325862712389,1.29909903114432,0.00483702651666933,0.00291975448043805,-0.0040735041500233,-0.201065192937867,-1.50715748269194
1.55759588934561,1.55579290882955,1.54833661535333,-0.00745629347684097,1.34432850878566,0.0051869414466188,0.00338396092886295,-0.00407233254497996,-0.20808043910948,-1.55986524136525
1.61132992065509,1.60964203772178,1.60217861172474,-0.00746342602384569,1.3909852162304,0.00509906417814213,0.00341118126530635,-0.0040522447624142,-0.215245640249262,-1.61369428249299
1.66504664973974,1.66346655987507,1.65613228027266,-0.00733427959064382,1.43775840216761,0.00488671948938686,0.00330662962296558,-0.00402764996988436,-0.222401528087272,-1.66749420984168
1.719687327176,1.71819287930969,1.71081476966489,-0.00737810964971931,1.48514593522398,0.00486602439079886,0.00337157652593323,-0.00400653312947109,-0.229675367563253,-1.72219941243747
1.776094152088,1.77466192605305,1.76713493512717,-0.00752699093617575,1.53392559689795,0.00499273475035084,0.003560508711221,-0.00396648222733057,-0.23717582044083,-1.77862840827529
1.83567519711495,1.83426861396192,1.82641540427916,-0.00785320970266913,1.58521973260247,0.00536127373928239,0.00395469060496891,-0.00389851909809618,-0.245094190777277,-1.83816713307223
1.89562982423602,1.89422807238627,1.88604125873782,-0.00818681364901186,1.63684732659898,0.00572721699061075,0.0043254651518315,-0.00386134849723693,-0.253055280645353,-1.89808942088667
1.95647455121601,1.95504877038763,1.94659120516003,-0.00845756523982704,1.6892593988879,0.00608603215633382,0.00466025133683519,-0.0037973139046323,-0.261129120173135,-1.95884608430652
2.0175359784449,2.01606782815402,2.00767602677031,-0.00839180137822495,1.74223592701441,0.00606913848859318,0.00460098818913749,-0.00379081318685305,-0.269230912945236,-2.01985864133635
2.07896298699559,2.07743998167473,2.06869048497434,-0.00874949671181898,1.79510066151778,0.00648235541939092,0.00495935011522386,-0.00379014659430415,-0.277379970061045,-2.08123012828714
2.14072057251448,2.13914344069866,2.13040206039395,-0.00874138029520305,1.8486753808673,0.00646980474624951,0.00489267291950534,-0.00384870737920487,-0.285575386901785,-2.1429921480618
2.20272795573072,2.20110556426973,2.19218260490411,-0.00892295936259769,1.90226543779812,0.00665347461175288,0.00503108314176491,-0.00389187622125703,-0.293809043331093,-2.20499744047424
2.26432298337796,2.26266612514376,2.25340244747097,-0.00926367766763499,1.95536713611671,0.00696631839228034,0.00530946017159249,-0.00395421749451519,-0.301989528849681,-2.26662034264234
2.32695200436172,2.32527563200523,2.31619583152459,-0.00907980048315906,2.00993105247653,0.00670923478457334,0.00503286242573744,-0.00404693805795901,-0.310311717102286,-2.32932257006602
2.38961811790531,2.38794683131043,2.37888245726234,-0.00906437405065925,2.06439365607852,0.00658338399961835,0.00491209738875175,-0.0041522766577498,-0.318641077817813,-2.39209910796953
2.45303945900262,2.45139231891946,2.44224750670895,-0.00914481221662022,2.11940080085109,0.00656714096784852,0.0049200008782369,-0.00422481133341247,-0.3270715171812,-2.45561713025886
2.51735756556396,2.51574052023847,2.5065912478979,-0.00914927234588529,2.17528480121031,0.00645076332046344,0.00483371799475033,-0.00431555435174306,-0.335622001036348,-2.52005607460827
2.58283517925309,2.58125356783542,2.57208669756922,-0.00916687026987598,2.23220306233774,0.00630389628675065,0.00472228486528502,-0.00444458540580715,-0.344328220628213,-2.58569815323894
2.64886581697895,2.64732733697959,2.63789001164779,-0.00943732532292226,2.28935996002986,0.00639908391181552,0.00486060389475055,-0.00457672143139604,-0.353106773045933,-2.65190405840465
2.71520763903357,2.71371976680605,2.70430383341979,-0.00941593339960874,2.34708308549987,0.00619983338353571,0.00471196115035944,-0.00470397224879676,-0.361924720151971,-2.71842373905213
2.78322681589677,2.78178609128538,2.77207671191301,-0.00970937937972805,2.40591191790412,0.00635153400533868,0.00491080938020913,-0.00479856999623802,-0.370963364002133,-2.78658466129604
2.85181955591503,2.85042424848624,2.84045975461631,-0.00996449388569233,2.46527944029145,0.00646384293971487,0.0050685355206499,-0.00489595836500001,-0.380076272676285,-2.85532020686232
2.92164481595245,2.92029551799482,2.91016551097212,-0.0101300070397412,2.52581861425296,0.00647171411320044,0.0051224161535334,-0.00500759088196527,-0.389354487593477,-2.9253031088852
2.99281373964143,2.99151022007111,2.98121994097904,-0.0102902790801625,2.58749462481483,0.00650871967797487,0.00520520010184774,-0.00508507897682982,-0.398810395143023,-2.99659529904879
3.06532528749201,3.06407218632642,3.05380520713312,-0.0102669791935285,2.6505291939227,0.00635092983043715,0.00509782867166517,-0.00516915052112797,-0.408445163730186,-3.06924133684461
3.13868428892714,3.13749166647926,3.12715372329703,-0.0103379432000824,2.71422483031507,0.00626420519679339,0.00507158274453249,-0.0052663604536549,-0.418195253441498,-3.14275802694355
3.21165961530729,3.21054516005917,3.20002233940453,-0.0105228206552386,2.77748903750367,0.00627552055951979,0.00516106529148663,-0.00536175535885894,-0.427895057249988,-3.21590691542776
3.28572110001783,3.28469850603705,3.27424546928698,-0.0104530367455414,2.84195866603567,0.00602181186794102,0.00499921787233319,-0.00545381887071921,-0.43774062212972,-3.29015232489396
3.36110160975157,3.3601879635509,3.34939389361613,-0.0107940699464442,2.9071847696013,0.00615422702887692,0.00524058083748396,-0.00555348910814001,-0.447762613124563,-3.36574145267465
3.43898369422937,3.43818450289207,3.42721518289128,-0.0109693199980529,2.97471856557202,0.0061477540762085,0.0053485627476202,-0.00562075724932967,-0.458117374584425,-3.44380526014932
3.51915929239131,3.51847768948387,3.50750472016481,-0.0109729693225528,3.04441686840212,0.00596784588661809,0.00528624297555923,-0.00568672634893802,-0.468774578103703,-3.5241644158362
3.60138229622105,3.6008195191553,3.5898493636414,-0.0109701555154421,3.11590006743694,0.00578179955629558,0.0052190224929243,-0.0057511330209763,-0.479700429235387,-3.60657065217469
3.6877985463665,3.68734401541575,3.67647931240933,-0.0108647029936919,3.19110376216956,0.00551213395791545,0.00505760299115178,-0.0058070999955753,-0.491182650247339,-3.69315111540815
3.77572634353857,3.77537720442086,3.76422107586071,-0.0111561285613295,3.26723683961062,0.00562625245267636,0.00527711334164038,-0.00587901522100435,-0.502863251475845,-3.78125621965092
3.86406600707916,3.86382094482494,3.85215866044019,-0.0116622843717117,3.34353959394946,0.00592904775306144,0.00568398547542541,-0.00597829889258111,-0.514597365399144,-3.86979924372069
3.95676117746089,3.95660335219043,3.94484178247102,-0.0117615697075665,3.42399130866974,0.00586223010126722,0.00570440481926439,-0.00605716488927791,-0.526907638705266,-3.9626605170693
4.05476987042778,4.05467679356637,4.04241518592833,-0.0122616076248702,3.50859110367433,0.00625687076522814,0.0061637938814102,-0.00609781374712271,-0.539921896007687,-4.06077460730331
4.15449839819538,4.1544648630597,4.14154791671048,-0.0129169463416315,3.59452605543095,0.00680872916191476,0.00677519402069839,-0.00614175231868457,-0.553163613614502,-4.16060661539377
4.25475085555486,4.25477674166854,4.24163956814188,-0.0131371735208608,3.68135729069714,0.00692000078350537,0.00694588688337964,-0.0061912866432828,-0.566473564079875,-4.26096802830435
4.35671670532146,4.35680566473065,4.34331445281183,-0.0134912119232153,3.76956532618974,0.00713906716374342,0.00722802658767287,-0.00626318533943316,-0.580012311974986,-4.36306885008649
4.46043556320424,4.46059019354591,4.44696392423217,-0.0136262693087491,3.8594952686278,0.00715614345234224,0.0073107737776655,-0.0063154955237988,-0.593784151144916,-4.46690568907152
4.56500397116648,4.5652304569529,4.55158825566407,-0.0136422012758888,3.95028924449113,0.00704850175891314,0.00727498754199397,-0.00636721373664892,-0.607666224930472,-4.5715976706801
4.67332379589087,4.67361246414512,4.66018357509666,-0.0134288890305268,4.04450731750567,0.00677207550459312,0.00706074374741028,-0.00636814528155389,-0.622044402888304,-4.6799806094284
4.78768926570907,4.78802163724989,4.77413346564833,-0.0138881715935548,4.14324277820585,0.00722288727430867,0.0075552588081181,-0.00633291278388107,-0.637223600233322,-4.79435455002636
4.90230005685569,4.90267374460469,4.88837897944815,-0.0142947651668571,4.24224468333822,0.0076238508227637,0.0079975385900833,-0.00629722658042236,-0.652431522692672,-4.90897097119806
5.01720313940005,5.01761388151288,5.00301223084425,-0.0146016506736137,4.34164457589178,0.00788404503715043,0.00829478715246849,-0.00630686352318162,-0.667674518484248,-5.0239207450286
5.13268319677934,5.13313124620376,5.11878566091031,-0.0143455852894361,4.44212346596406,0.00756940291606187,0.00801745234138764,-0.00632813294629491,-0.682990327891527,-5.13945937914678
5.24775398450209,5.24824330630731,5.23359997456023,-0.0146433317426735,4.54169776957424,0.00780799731001732,0.00829731911761131,-0.00634601262381773,-0.698248217616364,-5.25458931891054
5.36427740390576,5.36479557306389,5.34961659541993,-0.0151789776342346,4.64230906767309,0.00827306692533293,0.00879123607429561,-0.00638774155880767,-0.71369526930734,-5.37118331460957
5.48158359908353,5.48211595046708,5.4663883913951,-0.0157275590793328,4.74353076632708,0.00881091643540757,0.00934326783047973,-0.00638429125326534,-0.729241916322194,-5.48850024172509
5.59966331758818,5.60020527502466,5.58414101134352,-0.016064263677516,4.84565496915613,0.00912077130400915,0.00966272874195871,-0.00640153494347665,-0.744887577130586,-5.60660680997085
5.71836283905395,5.7189128964495,5.70216392126048,-0.0167489751862983,4.9479831752971,0.00976739934542867,0.01031745675534,-0.00643151843231588,-0.760612264411482,-5.72534441488294
5.83777477463619,5.83831946943969,5.82120466247053,-0.0171148069666751,5.05125344595695,0.0100933314416244,0.0106380262368687,-0.00647678073127713,-0.77642799724154,-5.84479625017606
5.95825560537933,5.95878340418842,5.94104171181559,-0.0177416923836931,5.1552165855411,0.0106573235666682,0.0111851223662543,-0.00655657001517612,-0.792381696295238,-5.96533997419975
6.07884279510664,6.07934683568747,6.06134160153343,-0.0180052341529022,5.25961777079394,0.0108782395766188,0.0113822801543881,-0.00662295400083338,-0.808346784746773,-6.08596978968745
6.20090343421293,6.20137621125793,6.18315355930716,-0.0182226519591371,5.3653362729488,0.011061041827691,0.0115338188892029,-0.00668883307146151,-0.824506119434576,-6.20806504434359
6.32410651345876,6.32454377351047,6.30628905011376,-0.0182547233736586,5.47225458610625,0.0110342687061934,0.011471528742409,-0.0067831946347851,-0.840817658644791,-6.33132696812325
6.44889751500364,6.44928951538258,6.430635914607,-0.0186536007839129,5.58019950908072,0.011361927368775,0.0117539277523566,-0.0068996730263945,-0.857336078552109,-6.45618918842063
6.57488950168731,6.57523856414265,6.55668348992724,-0.0185550742058762,5.68976081496098,0.0111163845168113,0.0114654469494079,-0.00708962725853299,-0.874012302223716,-6.5823281914031
6.70117925618439,6.70150309297427,6.68275580525107,-0.0187472877231475,5.79935755847412,0.0110936270763354,0.0114174638591993,-0.00732982386400483,-0.890728070648985,-6.70883291682538
6.82836542160868,6.82868156265567,6.80986563730858,-0.0188159253360569,5.90992208869098,0.0108786086797121,0.011194749722851,-0.00762117561190484,-0.907564724218308,-6.83630273825751
6.95606039683864,6.95638426135641,6.93705735775797,-0.0193269035994574,6.0204887305571,0.0111040148801017,0.0114278793896108,-0.00789902421267499,-0.924467651407208,-6.96428328556343
7.08487020935854,7.08522364813871,7.06555807884272,-0.0196655692827487,6.13218763698864,0.0111630265409782,0.0115164653149201,-0.00814910397224085,-0.941519545816587,-7.09337275210439
7.21426429883446,7.2146751523865,7.19480570035003,-0.0198694520295743,6.24461708836297,0.0109976024210903,0.0114084559717226,-0.00846099605615476,-0.95864960803959,-7.22313614844628
7.34383028468336,7.34432910418046,7.32405925558226,-0.0202698485994353,6.35701264945638,0.0110142985293216,0.0115131180144238,-0.00875673058783985,-0.975803336697319,-7.35308583474929
7.47477489611653,7.47538746167173,7.45455978032784,-0.0208276813414579,6.47049183739699,0.0111425529492963,0.0117551184949928,-0.009072562845956,-0.993140505779077,-7.48446002450887
7.60834158368796,7.60910135137408,7.58787676583038,-0.0212245855471495,6.58641327652027,0.0111001660393196,0.0118599337135578,-0.00936465183330883,-1.01082814112736,-7.6184660032006
7.742090909025,7.7430385690539,7.72126630444054,-0.0217722646159073,6.70239617622143,0.011155452781318,0.0121031127937058,-0.00966915182169234,-1.02853928003039,-7.75270772087537
7.87662660123,7.87779700160533,7.85573465977972,-0.0220623418295179,6.81933217563108,0.0109407834935412,0.0121111838473776,-0.00995115797823717,-1.04635364211692,-7.88774815958493
8.01344017304056,8.01485464162853,7.99246674195471,-0.0223878996907016,6.93819340527695,0.0107807317625123,0.0121952003412007,-0.0101926993466443,-1.06446603600178,-8.02504734097698
8.15083879061709,8.15250966480713,8.12955111982545,-0.022958544982528,7.05731948385915,0.0108662759464332,0.0125371501217637,-0.0104213948576531,-1.08265303080405,-8.16293105965189
8.28977756345404,8.29172888992714,8.26846755933346,-0.0232613306125785,7.17805799367802,0.0106757508386723,0.0126270773244499,-0.0106342532825851,-1.10104381893214,-8.30236314320385
8.4297263385661,8.43197236386507,8.40832822802463,-0.0236441358525453,7.29952612665343,0.0106410360471975,0.0128870613649451,-0.010757074484093,-1.11955917583606,-8.44272943834192
8.56965765881056,8.57220516469152,8.54821031795501,-0.023994846747453,7.42099742241841,0.0105973339917462,0.0131448398782501,-0.0108500068650452,-1.13806290238728,-8.58305517155623
8.70964116648752,8.71249012213084,8.68831612526071,-0.0241739968874467,7.54261036677172,0.0104655444407537,0.0133145000832738,-0.0108594967952212,-1.15656525527867,-8.7233496189436
8.8511044292813,8.8542366042621,8.82973827953759,-0.0244983247400622,7.66531350919063,0.0105361989925573,0.0136683739720531,-0.0108299507683485,-1.17525472110513,-8.86506655503452
8.99392782978395,8.99732128931327,8.97259741041545,-0.0247238789263871,7.78926266705576,0.0105512511968048,0.0139447107342723,-0.0107791681900219,-1.19411391152392,-9.00810045752207
9.13686412402978,9.14049973037633,9.11568343077865,-0.0248162996131824,7.91345798852243,0.0104311148652334,0.0140667212221942,-0.0107495783868022,-1.21297502063284,-9.15124930876721
9.28085149433989,9.28470980336996,9.25991897893557,-0.0247908244489858,8.03862627204671,0.0102608268646083,0.0141191358897071,-0.0106716885600706,-1.23196439542088,-9.29538149192325
9.4235346776979,9.42760352826197,9.40257095929282,-0.0250325689935809,8.16236387620308,0.0104004939301012,0.0144693445227859,-0.0105632244689848,-1.25077030755036,-9.43816675274362
9.56759872680858,9.57186013919757,9.5469003667959,-0.0249597723944252,8.28767917381257,0.0101681839951834,0.0144295963785449,-0.0105301760104498,-1.26975136898676,-9.58239031521435
9.71331034111813,9.71774643662307,9.69223872975033,-0.0255077068918621,8.41377344530572,0.0105931826228406,0.0150292781430529,-0.0104784287468859,-1.28894371318018,-9.72822486538172
9.8598160589923,9.86441063403041,9.83859753827189,-0.0258130957634958,8.54079698840115,0.0107841117934761,0.0153786868189142,-0.0104344089414139,-1.30823495881532,-9.87484504298947
10.0079304579966,10.0126602539758,9.98645670893371,-0.0262035450309133,8.6690878139635,0.0111126635622765,0.0158424595388085,-0.0103610854933493,-1.32772998047012,-10.0230213394561
10.1559053331014,10.1607412387553,10.1343985442706,-0.0263426944745145,8.79750632393953,0.0112037371823237,0.0160396428185038,-0.0103030516657403,-1.34719527199361,-10.1710442904242
10.3055200998529,10.3104337683043,10.28345817953,-0.0269755887744887,8.92686258316804,0.0117872848118446,0.0167009532655272,-0.0102746355050018,-1.36687023186263,-10.3207084038146
10.4554172706074,10.4603916173484,10.4326259263667,-0.0277656909968501,9.05629913088077,0.0125436855686432,0.0175180323105179,-0.0102476586797705,-1.38657445414908,-10.4706392760341
10.6065658449061,10.6115688160546,10.5831241206609,-0.0284446953997003,9.18688930716706,0.0132401585569868,0.0182431297136002,-0.0102015656892679,-1.40643637917519,-10.6217703817438
10.7586493256911,10.7636486769154,10.7345432833899,-0.0291053935293963,9.31825955062779,0.013976849340431,0.0189762005588787,-0.0101291929677457,-1.42641292574301,-10.7737778698884
10.913146643741,10.9181054723404,10.8888423962901,-0.029263076052953,9.45222325703044,0.0142206028112879,0.0191794314217619,-0.0100836446337932,-1.44670278390684,-10.9281891169926
11.0686710393262,11.073557311082,11.0439208567258,-0.0296364543569241,9.58684759981119,0.0146993257664687,0.0195855975023899,-0.0100508568531483,-1.46712411377254,-11.0836081679501
11.226985787139,11.2317580256274,11.2018721512482,-0.0298858743794488,9.72401638595755,0.0150609445324633,0.0198331830475074,-0.0100526913500004,-1.48790845665262,-11.2418107169783
11.386979083756,11.3916145317637,11.361572272561,-0.0300422592113017,9.86276647273589,0.0153031252792731,0.0199385733057204,-0.0101036859150846,-1.508909485733,-11.4017182176904
11.5467353511309,11.5512342591452,11.5208006862558,-0.0304335729028727,10.0011242445607,0.0157323507537212,0.0202312587730521,-0.0102023141265397,-1.52987875580654,-11.5614365732788
11.70737023101,11.7117294540999,11.6812479101733,-0.0304815439354407,10.1406518284221,0.0157553303154797,0.0201145533969639,-0.0103669905328202,-1.55096307227838,-11.7220964446515
11.8684248700408,11.8726464001275,11.842028090724,-0.0306183093899351,10.2804967081971,0.0158266227409982,0.0200481528133553,-0.0105701565796345,-1.57210153911038,-11.8832165566965
12.0312513242077,12.0353448189937,12.0045239497119,-0.0308208692754054,10.42186579511,0.0159061888976799,0.0199996836678522,-0.0108211856065915,-1.59347934019955,-12.0461660045886
12.1949029811194,12.1988775212149,12.1673297200851,-0.0315478011298598,10.5634230262997,0.0165123015477442,0.0204868416351233,-0.0110609594902111,-1.61496765327557,-12.2099384807124
12.3602917374547,12.3641590629202,12.3317362710105,-0.0324227918782615,10.7063547563056,0.0172471130892193,0.0211144385380133,-0.0113083533441514,-1.63668986806733,-12.3754674162647
12.5289441414815,12.5327213886782,12.499623186603,-0.0330982020785951,10.8524123693964,0.0176845356927003,0.021461782878558,-0.0116364191973218,-1.65884723640135,-12.5443578078642
12.6981570346424,12.7018773289396,12.6683253421167,-0.0335519868419544,10.9991942954062,0.017880724025397,0.0216010183223095,-0.0119509685257824,-1.68108201521789,-12.7138282974767
12.869015850925,12.8727019577458,12.8386543154652,-0.0340476422780934,11.1473670260613,0.0181110022370423,0.0217971090524683,-0.0122505332290333,-1.70353782263746,-12.8849524909683
13.0432807691703,13.0469658796552,13.0120226317737,-0.0349432478695878,11.2981915727314,0.0186400021992137,0.0223251126735563,-0.012618135199072,-1.72644919423958,-13.0595840148395
13.2177152495883,13.2214411806851,13.1857611354408,-0.0356800452499546,11.4493408680987,0.0189882347276421,0.0227141658279075,-0.0129658794274917,-1.74938614676124,-13.2344070601067
13.3939744512079,13.3977749925188,13.3615266052613,-0.0362483872384056,11.6022134904539,0.019196180046031,0.0229967213253897,-0.0132516659185312,-1.77256478072745,-13.4110266584097
13.5724390432106,13.5763397024016,13.5399515868397,-0.0363881155654251,11.7574416394078,0.0189623700523164,0.0228630292443857,-0.0135250863222273,-1.79603503375908,-13.58986478872
13.7505696341142,13.7546133937149,13.7180340577829,-0.0365793359376075,11.912382125688,0.0187271617888541,0.022770921370029,-0.0138084145726236,-1.81946034665944,-13.7684218083011
13.9308616618116,13.9350671733524,13.8983072046936,-0.0367599686691042,12.069213625545,0.0184789543011587,0.0226844658385474,-0.0140755028315468,-1.84316908197764,-13.9491426761726
14.1147967285709,14.11916808519,14.0820256605567,-0.0371424246261317,12.228939007174,0.018498866974292,0.0228702236079829,-0.0142722010164023,-1.86735885440152,-14.1334402862026
14.3011035283836,14.3056403292303,14.2681531413568,-0.0374871878823357,12.3907758303202,0.0184691089834019,0.023005909820547,-0.0144812780587906,-1.89185858909353,-14.3201216072762
14.4912472891755,14.4959442806208,14.4576036846727,-0.0383405959352093,12.5554526369599,0.0189298806645056,0.0236268720990753,-0.0147137238346633,-1.91686477154797,-14.5106580044506
14.6816695968868,14.6865459279862,14.6481540176558,-0.0383919103288481,12.7212092402057,0.018557414932238,0.023433746029107,-0.0149581643021453,-1.94190294174201,-14.7015040922757
14.8744555158094,14.8795220845726,14.8408026424887,-0.0387194420844174,12.8887305145366,0.0184749744620276,0.0235415432134696,-0.0151778988685437,-1.96725002681498,-14.8946999834259
15.0673592661506,15.0726325020694,15.033296093571,-0.0393364085006427,13.0560499923661,0.0187018999555651,0.0239751358895288,-0.0153612726118209,-1.9926073738282,-15.0879937746898
15.2605593657122,15.2660525080244,15.2260315818413,-0.0400209261761323,13.2235961259344,0.0189660586860435,0.0244592009840825,-0.0155617251944257,-2.0179971811151,-15.2816142332075
15.4548499815431,15.4605755732025,15.4198431174856,-0.0407324557059295,13.3921118695601,0.0192118147521741,0.0249374064117257,-0.0157950492980786,-2.04352629724436,-15.4763706224999
15.6551669503565,15.6611208395745,15.6196826546859,-0.0414381848878532,13.5658297308977,0.0194867789443036,0.0254406681522117,-0.0159975167386961,-2.06985044051954,-15.6771183563061
15.8593781049661,15.8655660505976,15.8237729796197,-0.0417930709778044,13.7432720680446,0.0194204273790689,0.0256083730215196,-0.0161846979494968,-2.09668560954369,-15.8817507485715
16.0703667270208,16.076773732926,16.0342035381724,-0.0425701947547667,13.9261502972275,0.0198020494954373,0.0262090553929717,-0.0163611393640012,-2.1244143802992,-16.0931348722814
16.289495405903,16.2960966132813,16.2526911735323,-0.0434054397433486,14.1159927378186,0.0202850047295299,0.0268862121237874,-0.0165192276208623,-2.15321766333614,-16.3126158409203
16.5103350974677,16.5171394546066,16.4727754210456,-0.0443640335467965,14.3072317594918,0.0208619834402209,0.0276663405665733,-0.0166976929746796,-2.18224135454421,-16.5338371475702
16.7317242077819,16.7387277346586,16.6928990048775,-0.0458287297946241,14.4983479631535,0.0220455321672475,0.0290490590566572,-0.0167796707413892,-2.21133071245426,-16.7555074054065
16.9579185357343,16.9650854211675,16.9183596238092,-0.0467257973635289,14.6941595949419,0.0227115485784159,0.0298784340076214,-0.0168473633566004,-2.24104739222475,-16.9819327845393
17.1853167758168,17.1926151796917,17.1453895217353,-0.0472256579665798,14.8913577411326,0.0230451854684845,0.0303435893501363,-0.0168820686177446,-2.27091384921543,-17.209497248314
17.4146863211886,17.4220681211706,17.3741860988725,-0.0478820223334101,15.09002869943,0.0236247306695503,0.031006530658894,-0.0168754916688594,-2.30103289107621,-17.4389436128608
17.6437912020847,17.6512280067119,17.6023360673416,-0.0488919393902516,15.2881253225135,0.0245607173259472,0.0319975219577355,-0.0168944174279907,-2.33110516226106,-17.668122424163
17.8739467620862,17.8814033122889,17.8318400036406,-0.0495633086528126,15.4874808134012,0.0251587121828891,0.0326152623792729,-0.0169480462707113,-2.36130723651248,-17.8983513585629
18.1103822448625,18.1178128369545,18.0672444665788,-0.0505683703829541,15.6918630134106,0.0261861094784089,0.0336167015804705,-0.0169516688002209,-2.39233312197324,-18.1347645057621
18.3506384472778,18.358007664947,18.3069175446815,-0.0510901202727381,15.9000265951639,0.0267562711845805,0.0341254888430276,-0.0169646314302267,-2.42385558093187,-18.3749722963863
18.5901333024405,18.5974277301834,18.5453323623115,-0.0520953678955216,16.1070425599339,0.0278230457595188,0.0351174735213902,-0.0169778943721798,-2.45526769674445,-18.6144056245784
18.8305822904498,18.8377615903071,18.7847584976495,-0.0530030926754218,16.3149169551768,0.0288711243937655,0.036050424230352,-0.016952668443882,-2.4867942109075,-18.8547142587604
19.072868816207,19.0799044596096,19.0260353770932,-0.0538690825117063,16.5244664796832,0.0298461627545047,0.036881806156589,-0.0169872763584548,-2.51855617377871,-19.0968917359736
19.3173634263644,19.3242447875237,19.269373542669,-0.0548712448872589,16.7358626633859,0.0308940824114675,0.0377754435717944,-0.0170958013152948,-2.55060668057057,-19.3413405888519
19.5660227293871,19.5727221140777,19.5166192280275,-0.0561028860627027,16.9506558405029,0.032158589986152,0.0388579746697865,-0.0172449113865382,-2.5832082989021,-19.5899670254874
19.8174572549444,19.8239529841372,19.7668065933965,-0.0571463907600403,17.1680540811122,0.0332292197009427,0.0397249488975148,-0.0174214418611396,-2.61617395412552,-19.8413744260149
20.0782236698481,20.0844712607939,20.0260415866453,-0.0584296741875913,17.3932585462908,0.03458554946438,0.0408331404193585,-0.0175965337701136,-2.6503795741087,-20.1020677945802
20.340324167593,20.3463189452334,20.2858479529044,-0.0604709923498215,17.6188780162845,0.0366842390570484,0.0426790167133399,-0.0177919756357745,-2.68476191225898,-20.3641109208751
20.5998614824108,20.6056077777308,20.544024439038,-0.0615833386920476,17.8432673732375,0.0377927041645148,0.0435389995097976,-0.0180443391847672,-2.7188014049989,-20.6236521169187
20.8592962681228,20.8647846560464,20.8018737386403,-0.0629109174109981,18.0674110819668,0.0390608470857078,0.0445492350096082,-0.0183616823992686,-2.75282433906464,-20.8831463384581
21.1240266228097,21.1292282873357,21.0655602834697,-0.0636680038718609,18.2966742203883,0.0398057036688307,0.0450073682082649,-0.0186606356683477,-2.78754669874934,-21.1478889229987
21.3872272052691,21.392139631224,21.3271678705927,-0.0649717606451255,18.5241486501687,0.0410162819421826,0.0459287079026021,-0.0190430527405435,-2.82206227314381,-21.4111826839631
21.6507582183705,21.6554051308017,21.5895264843032,-0.0658786465173232,18.7524338615904,0.0417025368450258,0.0463494492722567,-0.0195291972437654,-2.85662181993314,-21.6749343280531
21.9174466360536,21.9218335005715,21.8551410544895,-0.0666924460769103,18.9834442143433,0.0424073304036547,0.0467941949037773,-0.0198982511725108,-2.89159509130239,-21.9417317517344
22.1870087604495,22.1911657099133,22.1241831018411,-0.0669826080845452,19.2176696403003,0.0423916306641257,0.0465485801290928,-0.0204340279506442,-2.92694748946874,-22.2115997378646
22.4549797574064,22.4589632225822,22.3908794262529,-0.0680837963401264,19.4497766962241,0.043118442282129,0.0471019074459206,-0.0209818888898324,-2.96208461889411,-22.4799451114663
22.7233703337697,22.7272290645536,22.6589262893204,-0.0683027752225972,19.6832130695037,0.0428828904303981,0.0467416212184783,-0.0215611539994522,-2.99727437379359,-22.7487902185437
22.9951915787642,22.9989699891889,22.9301870257799,-0.0687829634143932,19.9194576914447,0.0428165716829142,0.046594982127097,-0.0221879812852457,-3.03291731562362,-23.0211579704809
23.2680949511702,23.2718378363928,23.2018108336577,-0.0700270027351911,20.1558975789061,0.0434944768761175,0.0472373620872146,-0.0227896406454875,-3.06870289540212,-23.2946274770357
23.5429436877507,23.5466976921396,23.4757072442352,-0.0709904479026927,20.394367145188,0.0438296980052812,0.0475837024002525,-0.0234067455033452,-3.10474684455271,-23.5701044376598
23.8186802140879,23.8224976984723,23.7501891115309,-0.0723085869228118,20.6333313607344,0.0444445667186059,0.0482620510758707,-0.0240465358449047,-3.14090428665147,-23.846544234307
24.0958976445564,24.0998346967133,24.026196345033,-0.0736383516744206,20.8736771127043,0.0449631330052588,0.0489001851571874,-0.0247381665131604,-3.17725739884315,-24.1245728632244
24.3739295899716,24.3780486334624,24.3036046165329,-0.0744440169308961,21.1153682847476,0.0448415096437054,0.0489605531515961,-0.0254834637829203,-3.21371979556391,-24.4035320972514
24.6544047392449,24.6587663711917,24.5832445760637,-0.0755217951153151,21.3589136615745,0.04498356018739,0.0493451921238525,-0.0261766029885211,-3.25050751748133,-24.6849429741736
24.9451234886989,24.9497334901827,24.8737451086093,-0.0759883815754364,21.6118005738902,0.0446763313588106,0.0492863328502929,-0.0267020487274062,-3.28864658346426,-24.9764355389289
25.2418860230465,25.2467493773434,25.1702087991142,-0.076540578217576,21.869767944486,0.0445400445108402,0.0494033988023066,-0.0271371794191159,-3.32757803406956,-25.2738865567688
25.5405622164726,25.545698222344,25.4679091350068,-0.0777890873347491,22.1287597732463,0.0450459463567997,0.0501819522282067,-0.0276071351067687,-3.36675649687813,-25.5733053574485
25.8439350483683,25.8493437673774,25.7702702503666,-0.0790735170131131,22.3917300921382,0.0456566664784426,0.051065385482836,-0.0280081315274487,-3.40654828976337,-25.8773518989118
26.1526037274151,26.1582691505302,26.0788421269368,-0.0794270235920222,22.6601304719292,0.0454451110538917,0.0511105341693808,-0.0283164894272799,-3.44702814443356,-26.1865856399605
26.4637652500121,26.4696918551885,26.388596184511,-0.0810956706766282,22.9293300894087,0.0466143742409165,0.052540979419624,-0.0285546912574567,-3.48782078634795,-26.4982465464252
26.775816890536,26.7820182672744,26.7000420774787,-0.0819761897903388,23.2000527580765,0.0470451731691852,0.0532465499234761,-0.0287296398719537,-3.52871895927743,-26.8107479071558
27.0918479624654,27.098300224228,27.0155488576946,-0.0827513665324702,23.4742303855176,0.047488640326793,0.0539409020771721,-0.0288104644557931,-3.57012893662759,-27.1271106886906
27.4138628997884,27.4205111090679,27.3368243870915,-0.0836867219718685,23.7532672254496,0.0482838488327823,0.0549320581057304,-0.0287546638682312,-3.61231182551191,-27.4492657729293
27.7382213211703,27.7450278054962,27.6610178123156,-0.0840099931833044,24.0349432365757,0.0484873399073285,0.0552938242209396,-0.0287161689650234,-3.65479074469885,-27.7737439744689
28.0654017288456,28.0723331340655,27.9869391049658,-0.0853940291217989,24.3180309125834,0.0497415195547535,0.0566729247840203,-0.0287211043370998,-3.69762929669442,-28.1010542384039
28.3935740108677,28.400598677941,28.3139408908923,-0.0866577870590817,24.6019853622312,0.0510092397711776,0.0580339068436019,-0.0286238802188738,-3.7405794088633,-28.4292225581594
28.7219384025295,28.7290400093407,28.6407507669083,-0.088289242428551,24.885699824514,0.0526968576773174,0.0597984644885748,-0.0284907779413904,-3.78354172033993,-28.757530787289
29.0532002825764,29.060347652382,28.9709500419895,-0.0893976103998196,25.1725182041338,0.0538050360367629,0.0609524058490544,-0.0284452045561956,-3.82687704239006,-29.0887928569433
29.3841944087681,29.3913638261792,29.3008265273824,-0.0905372987932818,25.459026388195,0.0550043058413759,0.0621737232720262,-0.0283635755250739,-3.87016371471139,-29.4197274017025
29.7188698337603,29.7260186781279,29.6353106305989,-0.0907080475587363,25.7496950653915,0.0552496419921092,0.0623984863821859,-0.0283095611748534,-3.91392512636929,-29.7543282393195
30.0535778362613,30.0606937190179,29.9690581787445,-0.0916355402908375,26.0397284490792,0.0561697322010236,0.063285614970985,-0.0283499253170241,-3.95767965498634,-30.0890436443546
30.3928494078371,30.3999008139518,30.3083263481809,-0.0915744657587453,26.3347494784529,0.0560730350540048,0.0631244411539348,-0.0284500246091944,-4.00202689434415,-30.4283508385658
30.7395108454199,30.7464361434533,30.6545459014342,-0.0918902420482015,26.6357408152503,0.056428098188581,0.0633533962406499,-0.028536845805388,-4.04734193196739,-30.7749729892728
31.0897813570672,31.096542157257,31.0032827038704,-0.09325945340485,26.9387775212564,0.0578821952008374,0.0646429954181413,-0.0286164579862279,-4.09312164058558,-31.1251586152574
31.4365231401257,31.4431080859455,31.3484114287688,-0.0946966572016984,27.2386957774776,0.0594018600753173,0.065986805917325,-0.0287098512825491,-4.13842550257081,-31.4718179372519
31.7835986196399,31.7899732307799,31.6945238789533,-0.0954493518400427,27.5395897935814,0.0602422571273573,0.0666168682801354,-0.0288324835592568,-4.18376656892697,-31.8188057143389
32.1319008861081,32.1380289434785,32.0414864868524,-0.0965424566204147,27.8412019175336,0.0614401187519864,0.067568176133541,-0.0289742804876515,-4.22925884981982,-32.1670032239752
32.4822782833787,32.4881379786451,32.3914374932165,-0.0967004854251645,28.1456270411215,0.0616304155337204,0.0674901107969659,-0.0292103746320735,-4.27502082672144,-32.5173483532738
32.8339105537531,32.8395087709892,32.7426355867483,-0.0968731842646366,28.4511896714571,0.0617672588521899,0.0673654761086865,-0.0295077081537723,-4.32095362343909,-32.8690164791599
33.1909470118059,33.1963028639785,33.0984728739793,-0.0978299900112163,28.760748244974,0.0625945263625615,0.0679503785477059,-0.0298796114630155,-4.36760424046521,-33.2261824754563
33.5496236616723,33.5547892326513,33.4561350289732,-0.0986542036710262,29.0719088211982,0.0632425992806849,0.0684081702830272,-0.0302460333910112,-4.41447224119646,-33.5850352660447
33.9048466483394,33.9098831448067,33.8104216173238,-0.0994615274930845,29.3802143840331,0.0637510540519331,0.0687875505174765,-0.0306739769776728,-4.46088121025218,-33.9405571217798
34.2644728745967,34.269431864183,34.1698449888512,-0.0995868753311039,29.693162669491,0.0634322948175717,0.068391284402039,-0.0311955909242001,-4.50787791030909,-34.3006274551085
34.6288098261777,34.6337559178467,34.5330420540839,-0.100713863763058,30.0092770488416,0.064025724447357,0.0689718161215888,-0.0317420476429962,-4.55550705288413,-34.6654979654862
34.9975805867615,35.0025648502036,34.9005162507204,-0.102048599500158,30.3290249451344,0.0648280895492788,0.0698123530104491,-0.0322362464880123,-4.60372755208655,-35.0348010966894
35.3688268514472,35.3739045151022,35.270072292996,-0.10383222210876,30.6505680716817,0.0659849862182009,0.0710626498698637,-0.0327695722385573,-4.65227379354916,-35.4066740873272
35.7429259503545,35.7481545091818,35.642837026728,-0.105317482451538,30.9750474688705,0.0666780146735164,0.0719065735002561,-0.0334109089555808,-4.70120046683794,-35.7815654181228
36.1229413343436,36.1283669846917,36.0211425898515,-0.107224394849609,31.3043070908331,0.0677218093160962,0.0731474596466141,-0.0340769351992903,-4.75091243421572,-36.1624439198852
36.5075536066878,36.5132204812329,36.4043973383916,-0.108823142850111,31.6378257899772,0.0684985601850849,0.0741654347214962,-0.0346577081256736,-4.80122925653508,-36.54787818936
36.8938189969164,36.8997661195934,36.7888528918205,-0.110913227771706,31.972268740635,0.0697876492503214,0.0757347719282938,-0.0351784558383208,-4.8517626070274,-36.9349445754239
37.281413227765,37.2876889864815,37.1751163873841,-0.112572599104618,32.3082899897349,0.0706565805019714,0.0769323392202571,-0.0356402598851812,-4.90246665755082,-37.3233292463667
37.6704610776513,37.6770917140862,37.5638963452339,-0.113195368843502,32.6465553314623,0.0705479314391577,0.0771785678678107,-0.0360168009726362,-4.95335781475523,-37.7131085150592
38.0621618559689,38.0691771970748,37.9552878128791,-0.113889384221361,32.9870402083858,0.0705279982076895,0.0775433393101709,-0.0363460449083614,-5.00459364939565,-38.1055232419852
38.455731182494,38.4631661183795,38.3483815329268,-0.114784585448279,33.3290057584684,0.0706552000621522,0.0780901359335928,-0.036694449510161,-5.05607022396446,-38.499860567885
38.8501118804266,38.8580092212049,38.7428793867691,-0.115129834439855,33.6722568400479,0.0702104738314599,0.0781078146115209,-0.0370220198256187,-5.1076445665483,-38.8950312410235
39.2430747072522,39.2514816967895,39.1361184271321,-0.11536326965769,34.0143846397381,0.0696672218340038,0.0780742113804648,-0.0372890582757543,-5.15902284566494,-39.2887707550766
39.6400645992407,39.6490028122109,39.5337801889423,-0.115222623276133,34.3604042553015,0.0687381806645354,0.0776763936356855,-0.0375462296355264,-5.21092216328361,-39.686549041856
40.0395059807113,40.049015239652,39.9333782341945,-0.115637005465678,34.7079832320793,0.068385879396356,0.077895138333633,-0.0377418671311961,-5.26313686923169,-40.0867571067843
40.4402901177205,40.4504103468069,40.3342468512622,-0.116163495544919,35.056585755153,0.0681879565608937,0.0783081856582031,-0.037855309887593,-5.31551640599599,-40.4882656566946
40.8415471255753,40.8523174491301,40.7357959473,-0.116521501832153,35.4058136179465,0.067786580582934,0.0785569041370664,-0.0379645976963031,-5.36794692703857,-40.8902820468259
41.2458946505958,41.2573411999869,41.1411305969315,-0.116210603044635,35.7584483701341,0.066670666554892,0.0781172159523522,-0.0380933870942627,-5.42077561390199,-41.2954345870857
41.6509639762215,41.6630947985363,41.5452092439334,-0.117885554592255,36.1096323827454,0.0676442791386059,0.0797751014632471,-0.0381104531285554,-5.47368731432527,-41.7012052516533
42.0587300863106,42.0715283351832,41.951987380611,-0.119540954574229,36.463162214452,0.0686260461065089,0.081424294990615,-0.0381166595864991,-5.52694182574759,-42.1096449947797
42.4709895462495,42.4844364281016,42.3634123821684,-0.121024045921176,36.8207781209885,0.0694383491213959,0.0828852309454282,-0.0381388149742066,-5.58077307615202,-42.522575243082
42.8872892512316,42.9013579344509,42.7786179699292,-0.122739964507308,37.1815436407032,0.0706236107710797,0.0846922939910657,-0.0380476705134987,-5.63512199975085,-42.9394056049575
43.3069474923167,43.3216129544,43.1976681794612,-0.123944774936306,37.5455927683208,0.0714566215225183,0.0861220836066774,-0.0378226913305056,-5.68989810246751,-43.359435645735
43.7284825286634,43.7436967369072,43.6181448294242,-0.125551907464444,37.9109250623748,0.0726582036552255,0.0878724118946769,-0.0376794955691941,-5.74489926263111,-43.7813762324788
44.1491801592193,44.1648948503535,44.0384767256529,-0.12641812470041,38.2762526067386,0.0731607882454582,0.0888754793794521,-0.0375426453240695,-5.79976676423364,-44.2024374956775
44.5703946372204,44.5865461271592,44.4583618299541,-0.128184297204819,38.6410227503413,0.0746959153539252,0.0908474052941247,-0.037336891911656,-5.85467597151429,-44.623883019072
44.9937711863698,45.0102799481577,44.8808366342871,-0.129443313870768,39.0080999902931,0.0758238153341686,0.0923325771198222,-0.037110736748372,-5.9098473807375,-45.0473906849101
45.4198062131612,45.4365857335847,45.3060094978476,-0.130576235720506,39.3775128460613,0.0769477443930876,0.0937272648005072,-0.0368489709200131,-5.96534562271416,-45.4734347045015
45.8472228018799,45.8641883414264,45.7329923941272,-0.13119594729678,39.7485953846807,0.0776258137554407,0.0945913532854712,-0.0366045940053976,-6.02100160346318,-45.9007929354554
46.275238397986,46.2923212124992,46.1596348103832,-0.132686402116135,40.1192888356492,0.0792295259998956,0.0963123405094967,-0.0363740616082508,-6.07672003634867,-46.32869527412
46.7067207335465,46.7238615310214,46.5904788850068,-0.13338264601471,40.4938088157723,0.080025979700911,0.0971667771601001,-0.0362158688487833,-6.13288593808276,-46.7600773998863
47.1376478142237,47.1548164941941,47.0206204009007,-0.134196093301081,40.8678215877351,0.0808610881129379,0.0980297680812968,-0.0361663252192181,-6.18896513837837,-47.1909828194122
47.5716505733713,47.5888042462036,47.4537572615938,-0.135046984602704,41.2444339830744,0.0817703769025931,0.0989240497279192,-0.036122934872862,-6.24544621339051,-47.624927181092
48.0158569069307,48.0329331097813,47.8964105039035,-0.136522605887929,41.6292655992062,0.0833137563915798,0.100389959252611,-0.0361326466361672,-6.30327755133604,-48.0690657564195
48.4569631850728,48.4739593634736,48.3353703797454,-0.13858898372045,42.0108414079034,0.0854322101556098,0.10242838855965,-0.0361605951600084,-6.36068956702032,-48.510119958641
48.9001015482859,48.9170130846458,48.7762302026,-0.140782882052178,42.3941747394609,0.0875607985438393,0.104472334910296,-0.0363105471337357,-6.41836601028088,-48.9533236317878
49.3453120514339,49.3621491615378,49.2191728073791,-0.14297635416207,42.7793835522639,0.0896156878028232,0.106452797901902,-0.036523556260112,-6.47631281138432,-49.3986727178031
49.7909928623112,49.8077853579439,49.6628890776676,-0.144896280277743,43.1653557681063,0.0913143617806294,0.108106857415382,-0.0367894228590237,-6.53432273243205,-49.8445747808243
50.2448819355385,50.2616281323477,50.1149953743348,-0.146632758025994,43.5587379693516,0.092720134403924,0.109466331210951,-0.0371664268142508,-6.5934238317805,-50.2987945591791
50.7034871006023,50.720217003237,50.5712610828958,-0.148955920353033,43.9556494563122,0.0946842576515118,0.111414160305205,-0.0375417600452113,-6.65315338663669,-50.7577587633004
51.1624914926216,51.1792546575916,51.02911060563,-0.150144051955818,44.3540593526175,0.0955001177737784,0.112263282731223,-0.0378807692269848,-6.71293202224647,-51.2171354268221
51.6268931117488,51.6437060860817,51.4924222464326,-0.151283839649118,44.7571122041855,0.0963587440987931,0.113171718428156,-0.0381121212161183,-6.77342216345936,-51.6818182073046
52.0960834042648,52.1129428457792,51.961043103172,-0.151899742604929,45.1647911084401,0.0967565737024359,0.113616015207732,-0.0382837273931457,-6.83453572212393,-52.1512265731705
52.5687738368455,52.5856736438974,52.4311855599258,-0.154488083968979,45.5735731720888,0.099099031221203,0.115998838296426,-0.0384892456628086,-6.89610163353247,-52.6241628895914
53.0435546534159,53.060507975397,52.9052137717215,-0.155294203673706,45.985961736062,0.0996606182324541,0.116613940211589,-0.0386802634573089,-6.95793229912629,-53.0991882388779
53.523395123258,53.5403878771043,53.3842388511186,-0.156149025988444,46.4026543538207,0.100316748697258,0.117309502555587,-0.0388395234310326,-7.02042402073945,-53.5792274005468
54.0147467498791,54.0317439373505,53.8740694722191,-0.15767446512931,46.8286952317106,0.101615821261674,0.118613008735622,-0.0390614563932636,-7.08443569691064,-54.0708053937518
54.5132387752226,54.5302171905537,54.3710635242775,-0.159153666287643,47.2609370793379,0.102910768160761,0.119889183517399,-0.0392644827646863,-7.14939092772855,-54.5694816733486
55.0225361204816,55.0394632955208,54.879267171133,-0.16019612439349,47.7030484075495,0.103719153258041,0.120646328305252,-0.0395497960887048,-7.21576855968005,-55.0790130916166
55.5458549599347,55.5626921789581,55.4007959719933,-0.161896206979522,48.1565584764857,0.105296767533015,0.122133986583626,-0.0397622203917661,-7.28399971592026,-55.6024543993751
56.0715590276782,56.088342414252,55.9234724110716,-0.164870003199063,48.6109359495073,0.108080476803641,0.124863863385112,-0.0400061398120421,-7.35254260138312,-56.1283485540917
56.5980009028133,56.6147247806225,56.4474051097635,-0.16731967086792,49.0663995320042,0.110428394075168,0.127152271894659,-0.040167398973374,-7.42117297675339,-56.6548921796005
57.1258758454451,57.1425327426773,56.9734877469846,-0.169044995691793,49.5237877228713,0.112113397540633,0.128770294757425,-0.0402747009293899,-7.48997472505369,-57.1828074436178
57.652715528259,57.6693526306122,57.4992623269197,-0.170090303694525,49.9811868227799,0.112903391196147,0.129540493564019,-0.0405498101335184,-7.55862531428951,-57.7099024407481
58.1836284228856,58.2002533158252,58.0275595433036,-0.172693772532766,50.4406426517941,0.115172240547951,0.131797133523701,-0.0408966390106331,-7.62781353053481,-58.2411499548458
58.7190510447862,58.7356419155353,58.5612013569442,-0.174440558592861,50.9049108976401,0.116550839504449,0.133141710259652,-0.0412988483349623,-7.69758930762891,-58.7769407638674
59.2573749535476,59.2739411023472,59.09878700985,-0.175154092501849,51.3728578381043,0.116776545403357,0.133342694204974,-0.0418113982965636,-7.76774057004344,-59.3157525006412
59.7967465873133,59.813324218019,59.6366767032831,-0.176647514753528,51.8410065917925,0.117720945447953,0.134298576160734,-0.0423489385914076,-7.83801905008525,-59.8556731566131
60.3395781842695,60.3561831616699,60.178052996841,-0.178130164823912,52.3120543008812,0.118787024912435,0.135392002299464,-0.0427381625254238,-7.90873685848238,-60.3989213241875
60.8911042855342,60.9076951330653,60.7289276906842,-0.178767442377286,52.7914446918466,0.11907076694203,0.135661614471103,-0.0431058279065432,-7.980588826745,-60.9508009609699
61.4413114698093,61.4579022377827,61.2777629145389,-0.180139323219318,53.2690531856571,0.120003332952771,0.136594100917911,-0.043545222303051,-8.05225495119718,-61.5014474600799
61.994871944378,62.0114601679034,61.8298029584482,-0.181657209459369,53.7495125093404,0.121001562473862,0.137589786017476,-0.0440674234450111,-8.12435787255795,-62.0555275913361
62.5502442207492,62.5668341811928,62.3841510069103,-0.182683174275674,54.2321273194311,0.121423232545954,0.138013192984279,-0.0446699812880014,-8.19669366877334,-62.6115041624907
63.1167557513449,63.13332816803,62.9493436430578,-0.183984524971849,54.7241750419621,0.122078243748996,0.138650660442811,-0.0453338645307204,-8.27050246564903,-63.1786620325592
63.6946730349721,63.7112212420488,63.5245520827343,-0.186669159302623,55.2247342695917,0.124120403161221,0.140668610226877,-0.0460005490779872,-8.34581836221857,-63.7572217911115
64.2777647276056,64.2943147194264,64.1056781476956,-0.188636571714405,55.7304274506473,0.125519878536339,0.142069870354369,-0.0465667013595839,-8.42181739843631,-64.3408814207848
64.8619321994748,64.8785296967767,64.6876189625859,-0.190910734195597,56.2368863379735,0.127085114761758,0.143682612078599,-0.0472281221161208,-8.497960746728,-64.9257578188848
65.4573653657768,65.4740168224602,65.2812018251966,-0.192814997273481,56.7533586894244,0.128410247116012,0.145061703815356,-0.0477532934556922,-8.57559642923436,-65.521770115932
66.0628425256864,66.0795438689482,65.8847616222059,-0.194782246729297,57.2783201125946,0.129962174455666,0.146663517716905,-0.0481187290135797,-8.65456023863977,-66.1276625979527
66.671473796147,66.6882436710226,66.4912078560127,-0.197035815001898,57.80583690385,0.13170663313827,0.148476508000323,-0.048559306999234,-8.73393025918424,-66.73680297802
67.2855752152081,67.3023947404722,67.1037302320202,-0.198664508453155,58.3386760296889,0.132888285399291,0.149707810662561,-0.0489566977838628,-8.81401090012025,-67.3513514382649
67.903284656293,67.9201589210793,67.7192743592343,-0.20088456184106,58.8740908055457,0.134634006626326,0.151508271423764,-0.0493762904159956,-8.89455984410648,-67.9695352115075
68.5347067689991,68.5516129853598,68.3475209646732,-0.204092020680494,59.4204523524793,0.137338662292764,0.154244878640145,-0.0498471420346076,-8.9769157542349,-68.6014601274007
69.1724716083611,69.189399154869,68.9822226540471,-0.207176500844806,59.9724690392188,0.139909263439529,0.156836809954582,-0.0503396908905352,-9.06009330569739,-69.239738845768
69.8083178425408,69.8253035908031,69.6163896830242,-0.208913907779286,60.5241352852085,0.141183039360043,0.158168787624396,-0.0507451201593585,-9.14299951797466,-69.8760487109591
70.4493035841077,70.466345397741,70.2551968623404,-0.211148535403248,61.0796664996006,0.143067091653636,0.160108905284975,-0.0510396301157843,-9.22656999285525,-70.5173850278615
71.0904541836574,71.1075640275615,70.8945280577317,-0.213035969836008,61.6357640593154,0.144534839223867,0.161644683132605,-0.0513912867058921,-9.3101552851141,-71.1589553142872
71.7278521720341,71.745037751452,71.5297711691801,-0.215266582276514,62.1883732023417,0.146250367977483,0.163435947401603,-0.0518306348727895,-9.39322860171872,-71.7968683863415
72.3677452007133,72.3850106359736,72.1684782701885,-0.216532365782019,62.7440221499553,0.147103021780096,0.164368457029315,-0.0521639087488293,-9.47662002897978,-72.4371745447154
73.0074183399562,73.024781831661,72.8068993235803,-0.21788250810111,63.2995966814257,0.147853471802034,0.16521696351035,-0.052665544591382,-9.55996818672154,-73.0774473762511
73.6593878499334,73.6768445071703,73.45671270724,-0.22013179994839,63.8651361913645,0.149304230256851,0.166760887481377,-0.0533709124610874,-9.64494742831895,-73.7302154196432
74.3263198740516,74.3438731782809,74.1236105271949,-0.220262651076605,64.445706884908,0.148701218111863,0.166254522319237,-0.0540081287574663,-9.7319117710461,-74.39788130704
74.9980397420176,75.0157727856475,74.7937236778747,-0.222049107795796,65.0288826946823,0.149645971799875,0.167379015441658,-0.0546700923526669,-9.81951107553597,-75.0704428780031
75.6740116170943,75.6919908377268,75.4679913430124,-0.223999494731298,65.6158526711826,0.150481652324366,0.168460872957883,-0.0555386217684934,-9.9076772936025,-75.7475294595031
76.3552315448849,76.3735343931565,76.1494882430454,-0.224046150122862,66.2094464578509,0.149245742010122,0.167548590286886,-0.0564975598312243,-9.9965393450222,-76.430031953013
77.0459079143222,77.0645864443035,76.8387301585441,-0.225856285759015,66.8094565383248,0.149800081244978,0.168478611195881,-0.0573776745582131,-10.0866512947717,-77.1219641188652
77.737263198522,77.7563997065839,77.5277229022186,-0.228676804381425,67.4091613150534,0.151255921652508,0.170392429728656,-0.0582843746574649,-10.1768459618072,-77.8146840812606
78.442075216172,78.4617054279386,78.2298690291969,-0.231836398738093,68.0203216291749,0.152938647408672,0.172568859176894,-0.0592675395607893,-10.2688149395888,-78.5209729675085
79.140641156041,79.1608839820391,78.9247034986411,-0.236180483397905,68.6249673309255,0.155734940514657,0.175977766501153,-0.0602027168943476,-10.3599388846001,-79.2210866989377
79.8533212194284,79.8742009932044,79.6339713993977,-0.240229593816142,69.2420208361117,0.158386793573961,0.179266567362743,-0.0609630264553506,-10.4529135897436,-79.9351640196564
80.5775020288275,80.5990242354003,80.3572191624618,-0.241805072961765,69.8714490835356,0.158661077555169,0.180183284128907,-0.0616217888316974,-10.547391867732,-80.6606460242447
81.3071149625391,81.3292786512194,81.0850322513626,-0.244246399872319,70.5047686580606,0.159777502427728,0.181941191132852,-0.0623052087357332,-10.6425688020487,-81.3915838599725
82.0366752963844,82.0595544163528,81.8126210034617,-0.246933412904028,71.1379020485364,0.161048236476862,0.183927356451931,-0.0630060564531434,-10.737725011388,-82.1225604728318
82.771836153928,82.7954513171825,82.5461863195469,-0.249264997615488,71.7759131599128,0.162317429694713,0.18593259295607,-0.0633324046579187,-10.8336055643068,-82.8587837218415
83.5148039084589,83.5391318530145,83.287372201692,-0.25175965133532,72.4204031091172,0.163900825839315,0.188228770418432,-0.0635308809108345,-10.9304999734979,-83.6026627339447
84.2665846966826,84.2915856353052,84.0365618470933,-0.255023788213601,73.0717095944739,0.166339841063247,0.191340779708711,-0.063683008507241,-11.0285352611381,-84.3552686438187
85.0330520166497,85.0586741393024,84.8021409394667,-0.256533199857273,73.7374692288045,0.1670805196898,0.192702642346073,-0.063830557508188,-11.1285022681743,-85.1225046968251
85.8009259487367,85.8271642249024,85.567883000186,-0.259281224723617,74.4032331183698,0.169071545665342,0.195309821828724,-0.0639714028931674,-11.2286212847087,-85.8911356277957
86.5731776586984,86.5999804684088,86.3380006607504,-0.261979807663887,75.0727915220805,0.171096189751944,0.19789899945463,-0.0640808082112657,-11.3292899468736,-86.6640612766291
87.3493538916892,87.3766672036301,87.1113857790919,-0.265281424547348,75.7452075481392,0.173691143264957,0.201004455228365,-0.0642769693169331,-11.4304552002838,-87.440944172961
88.1359816612232,88.1637093229604,87.8960245974055,-0.267684725560603,76.4274507272537,0.175551657056399,0.203279318785647,-0.0644054067717177,-11.5329792769366,-88.2281147297526
88.9309027280022,88.9589202943157,88.6882349575347,-0.270685336785221,77.1160992509898,0.178233695013768,0.206251261322972,-0.0644340754615707,-11.6365697820053,-89.0233543697746
89.7285887929321,89.756825182596,89.4841869386946,-0.272638243910609,77.8082705128171,0.179811611657629,0.208048001342078,-0.0645902425693084,-11.7405066684386,-89.8214154251746
90.5298147921761,90.5581618469173,90.2820822087282,-0.276079638177342,78.5018482689123,0.183083316625103,0.211430371361554,-0.064649266814339,-11.8448832066405,-90.6228111137304
91.3420308677813,91.3703788245614,91.0921842504838,-0.278194574077658,79.2063260251395,0.185004915860311,0.21335287264965,-0.0648417014315719,-11.9506999267944,-91.4352205260132
92.1665809918629,92.1948749426448,91.9154404053217,-0.279434537338045,79.9226457490002,0.185789613485376,0.214083564274721,-0.0653509730612599,-12.0581456293828,-92.2602259157202
92.9928083709723,93.0210973107662,92.7387066988991,-0.282390611871748,80.6388670974108,0.18812660669382,0.21641554647719,-0.0659750653944733,-12.165814666887,-93.0870723761614
93.8201273738916,93.8484619077751,93.5660008508649,-0.282461056915344,81.3590310746854,0.187467587025951,0.215802120906912,-0.0666589360085732,-12.2736287121923,-93.9151208437916
94.657231979483,94.6856296637238,94.402091695546,-0.283537968169116,82.0865953414542,0.187901655224362,0.216299339463668,-0.067238628711868,-12.3827349828114,-94.7528682924432
95.489125580812,95.5176982486334,95.2324044167175,-0.285293831935504,82.8092171942224,0.188759853612989,0.217332521465831,-0.067961310477139,-12.4911485329707,-95.5856595591274
96.3255571851605,96.3543860729855,96.0669574248084,-0.287428648188661,83.5354503327438,0.1899397577733,0.218768645603142,-0.0686600025912043,-12.6001670946714,-96.4230460756032
97.1668447112792,97.1959762515946,96.9062273605655,-0.289748891031725,84.2655579922318,0.19147578735401,0.220607327694432,-0.0691415633390471,-12.7098109316821,-97.2651178149545
98.0125964894494,98.042036793912,97.7499162058031,-0.292120588102887,84.9994391485903,0.193127889713251,0.222568194170501,-0.0695523939326684,-12.8200294511524,-98.1115891878512
98.8817948724634,98.9114911514371,98.6159705134635,-0.295520637982658,85.7526308706409,0.195816391563697,0.225512670540406,-0.0700079674414039,-12.9333476102547,-98.9814991188829
99.7660550319235,99.7959749151218,99.4988857552208,-0.297089159910443,86.520744521403,0.196658320092741,0.226578203298285,-0.0705109566118748,-13.0486521904178,-99.8664858717516
100.660728251603,100.690865072176,100.38965532068,-0.301209751503457,87.2954465333853,0.199964955743028,0.230101776319946,-0.0711079751840483,-13.1653167624827,-100.761973047371
101.553661167359,101.584015391671,101.278693356875,-0.305322034801044,88.0688393776797,0.203103618712793,0.23345784302638,-0.0718641917763049,-13.2817181709753,-101.655879583461
102.449928118422,102.480556703844,102.1704663192,-0.310090384650292,88.8446441492536,0.206734999901736,0.237363585319815,-0.0727267993306465,-13.398548969281,-102.553283503171
103.358792411375,103.389714020084,103.076713595771,-0.313000424320206,89.6332508896575,0.208498693531197,0.239420302243916,-0.073580122073009,-13.5170428281889,-103.463294142165
104.267459169356,104.298720858772,103.981847028807,-0.31687382995289,90.4207398734011,0.21122352473064,0.242485214154661,-0.0743886157954012,-13.6354957712189,-104.373109474573
105.183904962763,105.21547200469,104.894737978229,-0.320734026461575,91.2149093712787,0.214032126432561,0.245599168348031,-0.07513485810981,-13.7549634650731,-105.290606862803
106.107578507385,106.139456699646,105.815265892684,-0.32419080697568,92.0158279121594,0.216378192522708,0.248256384793749,-0.0759344221786501,-13.8753724026942,-106.215391121835
107.039030361057,107.071224113538,106.743546161897,-0.3276779516453,92.8234390369861,0.218796368448641,0.250990120940222,-0.0766878307046255,-13.9967949556109,-107.147911944251
107.978886213946,108.011457316384,107.68144061169,-0.330016704692878,93.6398586740706,0.219712547366713,0.252283649804185,-0.0777330548824712,-14.1193149925099,-108.089190371279
108.922998089602,108.955974415675,108.62362678324,-0.332347632424313,94.4598179463206,0.220806370523805,0.253782696597707,-0.0785649358280197,-14.2423737727541,-109.034539351514
109.888805581097,109.922112182738,109.587568217013,-0.334543965726913,95.298608984838,0.221898383518298,0.255204985174599,-0.079338980547901,-14.3682982127379,-110.001451163298
110.855687925547,110.889384058843,110.551829253974,-0.337554804872655,96.1375795795833,0.223759625839708,0.257455759138942,-0.0800990457293569,-14.4943487201354,-110.969483104582
111.822800962122,111.856974773575,111.516590612377,-0.340384161197709,96.9770283326136,0.225353845256445,0.259527656718305,-0.0808565044730125,-14.6204187842429,-111.93783127805
112.800806866017,112.835512165799,112.494526104653,-0.340986061153618,97.8282695043007,0.22460859681505,0.259313896586449,-0.081672164565105,-14.7479287649147,-112.917184330373
113.780333131576,113.815661395844,113.472753425702,-0.342907970127006,98.6794937553999,0.225210283417707,0.260538547688872,-0.0823694224359567,-14.8756290927501,-113.898030818275
114.766898571151,114.802963413554,114.457351116453,-0.345612297099181,99.5364508691653,0.226182273279313,0.262247115687446,-0.0833651814096136,-15.0042654287152,-114.886328594971
115.752867511779,115.789829881012,115.442309655783,-0.34752022522631,100.393883601277,0.226173848646627,0.263136217863782,-0.084384007364592,-15.1328100618694,-115.874213888368
116.739715678873,116.77771766644,116.427462616143,-0.350255050292599,101.251195978362,0.227072085606478,0.265074073186465,-0.0851809771098396,-15.261447614898,-116.862898643566
117.75018848924,117.789204531449,117.436449450013,-0.35275508145212,102.129034276661,0.227951996518889,0.266968038709949,-0.0857870427338837,-15.3932022160869,-117.874991574196
118.771246735299,118.811283202688,118.454762291723,-0.356520910972487,103.014523638925,0.230392339448112,0.270428806846381,-0.086092104118922,-15.5263307569052,-118.897375306816
119.797623004886,119.838662109768,119.477730202285,-0.360931907491693,103.904116011307,0.233379435535331,0.274418540431702,-0.0865133670653082,-15.6601275580434,-119.925175476836
120.835161384239,120.877190334603,120.511397313005,-0.365793021584963,104.802934241031,0.236851881801461,0.278880832140544,-0.0869121894395826,-15.7953752614193,-120.964102524038
121.890644782777,121.933560116984,121.564478053693,-0.36908206329328,105.718407519188,0.239275522717882,0.282190856926825,-0.0868912063681804,-15.932961740867,-122.020451323362
122.95565857042,122.999393844209,122.627653489178,-0.371740355043284,106.642883816995,0.240991118209947,0.284726391993168,-0.0870139630520114,-16.0717836352262,-123.086407807265
124.028370639175,124.072824743856,123.697125354445,-0.375699389411014,107.572718785634,0.244071256205307,0.288525360884545,-0.0871740285269778,-16.2115805973478,-124.159998772402
125.110931977848,125.156044020858,124.777631350367,-0.378412670477708,108.512395724693,0.245875050838941,0.290987093826326,-0.0874255766534469,-16.3526612023373,-125.243469597515
126.198449095681,126.244238293656,125.863311445253,-0.380926848400748,109.456668315309,0.247413603272728,0.293202801245363,-0.0877240471564452,-16.4943671770874,-126.331962340803
127.305250220462,127.351630681417,126.966059410668,-0.385571270750432,110.415339304356,0.251292441453331,0.29767290241135,-0.0878983683361123,-16.638618474641,-127.439529049756
128.415318888118,128.462250078314,128.073799331374,-0.388450746925823,111.378597410268,0.253464147642905,0.300395337831269,-0.0880554091002959,-16.78325733022,-128.550305487408
129.540153282798,129.587548107352,129.196387039221,-0.391161068133045,112.354533452002,0.255796876531891,0.303191701073808,-0.0879693670613298,-16.92982295429,-129.675517474413
130.666512255854,130.714358929256,130.319105305024,-0.395253624247458,113.330396955007,0.259558101154516,0.307404774552156,-0.0878488496916058,-17.0765571997063,-130.80220777895
131.809030401397,131.857203948273,131.458853108524,-0.398350839760038,114.32105288597,0.26257352966026,0.3107470765406,-0.087603763220739,-17.2254039857667,-131.944807711521
132.965269973151,133.013641782658,132.612555927443,-0.401085855204325,115.32419707092,0.265026349578853,0.31339815908213,-0.0876876961227608,-17.376046552665,-133.101329478775
134.135966434062,134.184405718571,133.780396177342,-0.404009541232635,116.339652227738,0.267738110638577,0.316177395137006,-0.0878321460941019,-17.5285760956861,-134.272237864678
135.312555239358,135.361045854869,134.954021362939,-0.407024491933979,117.360560110996,0.270139480290248,0.318630095786122,-0.0883943961451981,-17.6818556480807,-135.449440251011
136.491683407492,136.540274926462,136.12879983298,-0.411475093478929,118.382478216685,0.27374783621848,0.322339355177291,-0.0891357383005632,-17.8354573546011,-136.629410664755
137.691601673759,137.740236996536,137.324678718853,-0.415558277681754,119.422669080008,0.277125311453136,0.325760634235094,-0.0897976434494317,-17.9918072823076,-137.830034639993
138.91012430804,138.958749234452,138.538580863175,-0.420168371263073,120.47846659206,0.281047386739349,0.329672313134767,-0.090496058128023,-18.1506103292574,-139.04924529258
140.138492987727,140.187048524167,139.762202871611,-0.424845652574442,121.542816710233,0.284976266664942,0.33353180311151,-0.0913138494664392,-18.3107000108513,-140.278362373649
141.386942686702,141.435405313526,141.007399458473,-0.428005855057768,122.62617510922,0.287320116176193,0.335782742996224,-0.0922231120688128,-18.4734474613138,-141.527628425587
142.653385493264,142.701733603564,142.2705571604,-0.431176443164761,123.724852572234,0.289965785297102,0.338313895599278,-0.0928625475644508,-18.6385671357453,-142.794596151139
143.90803754557,143.956420874531,143.521719258598,-0.43470161593008,124.813587098469,0.292347502475537,0.340730831435107,-0.0939707845000078,-18.8021029446219,-144.050391659029
145.169209520657,145.217679531623,144.780093695135,-0.43758583651275,125.908920830956,0.293791679883456,0.342261690879806,-0.0953241456349234,-18.9664970098043,-145.313003677272
146.441750982568,146.490344576645,146.048268339163,-0.442076237495618,127.012425973785,0.296938045199375,0.345531639281775,-0.096544598217916,-19.1323869635785,-146.586889174863
147.73388382341,147.782670031151,147.336339128159,-0.446330902990227,128.13305444522,0.299959736797759,0.348745944558356,-0.0975849584327192,-19.3008696413831,-147.880254989587
149.025608075848,149.07472561685,148.626077815616,-0.448647801234671,129.255316712065,0.301019031448227,0.350136572454601,-0.0985112287821628,-19.469272332333,-149.173236845626
150.330415017222,150.379901277009,149.928171087766,-0.451730189238452,130.388103869378,0.302918425494392,0.352404685283941,-0.0993255039560948,-19.6393927223423,-150.479226780954
151.647029368695,151.696905429301,151.24330975866,-0.453595670640133,131.532382354033,0.303591077762861,0.353467138367479,-0.10012853227339,-19.8110559368956,-151.797033961581
152.968285361055,153.01864679104,152.563008747702,-0.455638043355548,132.680586132684,0.304383063245387,0.354744493248814,-0.100893550104415,-19.9833161651284,-153.119540341163
154.314909521536,154.365753865154,153.907484281461,-0.458269583696644,133.850362100546,0.305633986888515,0.356478330515872,-0.10179125318015,-20.1589134341057,-154.467545118333
155.668652850492,155.720069621457,155.256814888031,-0.463254733421069,135.02401666532,0.309214455887867,0.360631226852549,-0.102623506574968,-20.3354217292892,-155.822693128022
157.038108263883,157.090089036637,156.624051341503,-0.466037695139135,136.213545620384,0.310573653810575,0.36255442657782,-0.103483268556733,-20.5139889896853,-157.193572305209
158.408972304828,158.461572591015,157.990202682533,-0.47136990847953,137.401975005887,0.314295473191647,0.36689575937673,-0.104474149100764,-20.692701825751,-158.566046740117
159.785825372634,159.83911674918,159.361931507419,-0.477185241768632,138.595073208918,0.318568649462155,0.371860026009019,-0.105325215756587,-20.872183514252,-159.944441964935
161.180764542381,161.234766942349,160.751953700855,-0.482813241495649,139.804118932295,0.322612068138879,0.376614468114494,-0.106198773378836,-21.0540335419455,-161.340965715743
162.599650588541,162.654275778637,162.16510406871,-0.489171709937455,141.032653958689,0.327984449978143,0.382609640083962,-0.106562069851287,-21.2390121798763,-162.760837848508
164.037370244324,164.092536172777,163.600505968368,-0.492030204417441,142.281006692782,0.329911429634584,0.385077358094525,-0.106952846318674,-21.4264521219021,-164.199489019107
165.48573273902,165.541424556315,165.046491087072,-0.494933469253126,143.538704504107,0.331757840572266,0.387449657878693,-0.1074838113707,-21.6152703943426,-165.648908367705
166.938817607216,166.995045027545,166.497357828625,-0.497687198944103,144.800662936616,0.333474711979426,0.389702132341101,-0.10798506660238,-21.8046799586053,-167.103030094173
168.398937078747,168.455696013394,167.953509893025,-0.50218612038887,146.067126384362,0.336835512787667,0.393594447451345,-0.108591672935319,-21.994975181601,-168.564287686344
169.857136152121,169.914474723927,169.410702653471,-0.503772070456309,147.335121761667,0.337035892200471,0.394374464034054,-0.10939760641937,-22.1849784982468,-170.023872330355
171.338576976572,171.396456533509,170.89053180125,-0.505924732258464,148.622971774712,0.337572212352493,0.395451769292259,-0.110472962959417,-22.3780329895062,-171.506929496475
172.83701014629,172.895420234617,172.39023976822,-0.505180466407808,149.928306808396,0.335412366414941,0.393822454766052,-0.111358011639098,-22.5732909714622,-173.006778246267
174.334379392796,174.393396881113,173.884788073635,-0.508608807488575,151.228524452857,0.337482173276492,0.396499661609949,-0.112109145873423,-22.7683727666408,-174.505506026988
175.841967584132,175.901615439068,175.388921328314,-0.512694110745651,152.537234116728,0.339952016401804,0.399599871339672,-0.113094239404848,-22.9647814509957,-176.014709678468
177.36418342014,177.42443717083,176.907052575011,-0.517384595815506,153.858013180581,0.343067597474408,0.403321348175165,-0.114063247638588,-23.1631026420896,-177.538500418479
178.896480493821,178.957412206524,178.437496529188,-0.519915677334405,155.189883568595,0.343871537426286,0.40480325012719,-0.11511242720699,-23.3627253877981,-179.072524633731
180.443547054861,180.50519608538,179.980609790392,-0.524586295002263,156.532607289933,0.346666923523641,0.408315954056425,-0.116270340939389,-23.5642728413868,-180.621466426324
182.002601082687,182.064979177282,181.533432609622,-0.53154656765918,157.883231826159,0.351984842744655,0.414362937348826,-0.117183630310241,-23.7673844137891,-182.182162807605
183.590131412277,183.653213635877,183.115579864589,-0.537633771273143,159.259284219153,0.356598630678759,0.41968085425907,-0.117952917012093,-23.9742485624522,-183.771166552871
185.219143274891,185.282858023657,184.73958530926,-0.543272714404083,160.671649884637,0.360906629459308,0.424621378219445,-0.118651336180594,-24.1865867607851,-185.401509359845
186.871548197117,186.935820923878,186.386481952631,-0.549338971242274,162.103588848342,0.365957441955146,0.430230168707721,-0.119108802536646,-24.4020019068139,-187.054929726403
188.539273527188,188.60404429471,188.049069180944,-0.55497511375706,163.549082365938,0.370788939479798,0.435559707021879,-0.119415406735931,-24.619402221762,-188.723459701463
190.21346644958,190.278703471505,189.719612967723,-0.559090503783815,165.001653743852,0.374191509595048,0.439428531512787,-0.119661972274691,-24.8376211961463,-190.398365443786
191.88275632521,191.948460407394,191.384975900046,-0.563484507345109,166.449851682095,0.377766807509072,0.443470889691465,-0.120013617653516,-25.0551378355963,-192.068474025035
193.565486315284,193.631545414537,193.062284077176,-0.56926133736764,167.908300444022,0.382802792091807,0.448861891332746,-0.120399446031952,-25.2743830791815,-193.751944860562
195.263103423741,195.329390321049,194.755238970463,-0.574151350587242,169.380595116492,0.386951770852233,0.453238668172069,-0.120912682418227,-25.4955565363876,-195.45030300346
196.969277176999,197.035731337847,196.454189374646,-0.581541963208755,170.857883033917,0.393583445070165,0.460037605913014,-0.121504357301171,-25.7178106980263,-197.157235695155
198.718290479544,198.784754912072,198.199970780376,-0.584784131691085,172.376407952974,0.396159348025125,0.462623780555037,-0.122160351132626,-25.9457231785443,-198.906915263198
200.47659390565,200.543076461016,199.953881258255,-0.58919520276121,173.90200809293,0.399764621747745,0.466247177111941,-0.122948025648534,-26.1748211909679,-200.666024486651
202.244171588089,202.310651393112,201.718347615807,-0.592303777304245,175.437101945525,0.401967951946913,0.468447756958063,-0.123856020342392,-26.4051016906293,-202.434507413453
204.043087167571,204.109474619136,203.51429347582,-0.595181143313621,176.999296663675,0.404286901945107,0.470674353509153,-0.124506789812614,-26.6395036019713,-204.233981408951
205.86436972067,205.930684732485,205.331691535398,-0.598993197088536,178.58017992815,0.407319370708795,0.473634382522963,-0.125358814565941,-26.8768704218173,-206.05604354705
207.713469363592,207.779688906575,207.171974988682,-0.607713917903672,180.180515535609,0.415038139199561,0.481257682187398,-0.126456235720983,-27.1179156887812,-207.906145142299
209.597651139123,209.663685827836,209.051261915891,-0.612423911950285,181.815281828139,0.418758518742696,0.484793207474212,-0.127630704475351,-27.3636107922413,-209.79131653232
211.517126841964,211.582934689887,210.965879174272,-0.617055515602469,183.481027644004,0.422130729703086,0.48793857762829,-0.129116937975183,-27.6139684682546,-211.712051627859
213.458302493285,213.523893262703,212.894482002088,-0.629411260626384,185.15793670384,0.433169124841209,0.498759894250314,-0.130651366376509,-27.8671966646117,-213.65454462909
215.424927703742,215.49036349535,214.852442730211,-0.637920765143612,186.860924193718,0.440211428569194,0.505647220172303,-0.132273544972822,-28.1237920814709,-215.622637040319
217.404344121478,217.469698279134,216.823335961432,-0.646362317712072,188.575092843099,0.447195100281261,0.512549257959647,-0.133813059754376,-28.3820561781047,-217.603511338909
219.39658678421,219.461854362701,218.80843558181,-0.653418780880544,190.301688579561,0.452889464878856,0.518157043365311,-0.135261737518429,-28.642008739776,-219.597116100211
221.425200724336,221.490281677988,220.834691510632,-0.655590167367538,192.064511231895,0.45392039327532,0.519001346946069,-0.136588820421243,-28.9067690991639,-221.626870498418
223.502809001025,223.567498394286,222.908934036869,-0.65856435741734,193.86875199631,0.456062827992866,0.520752221256638,-0.137812136160504,-29.1779941767262,-223.70531053045
225.648172479389,225.712141540135,225.046592421025,-0.665549119105574,195.727294464292,0.46270652665133,0.526675587409273,-0.138873531698691,-29.458171488444,-225.851015071834
227.822902743264,227.886133137827,227.213990021637,-0.672143116184889,197.612603674656,0.468083184764542,0.531313579336856,-0.140829536850324,-29.7422158838363,-228.02696267468
230.03524505319,230.097690605805,229.419159292802,-0.678531312981061,199.530794471177,0.47321507282079,0.535660625430377,-0.14287068754893,-30.0312355091966,-230.240561293345
232.238219269422,232.300153743879,231.614078244327,-0.686075499536292,201.440475517219,0.478742226287161,0.540676700756865,-0.145398798786159,-30.319001525901,-232.445552542658
234.495112499893,234.556559951155,233.863284860579,-0.693275090577502,203.397448707455,0.483757388486823,0.545204839768047,-0.148070250807701,-30.6139064039519,-234.704630201982
236.769037208418,236.83013187736,236.12684375381,-0.703288123538456,205.366134809895,0.491836438963187,0.552931107917802,-0.150357015619409,-30.9110659595525,-236.980488892993
239.067394680174,239.128225990305,238.41722233126,-0.711003659028321,207.358362050122,0.497585062970375,0.558416373097312,-0.15258728593248,-31.2114475670821,-239.280813276218
241.37156549215,241.432309071461,240.709977500936,-0.72233157052158,209.352630952465,0.506341364441269,0.567084943758011,-0.155246626766511,-31.512593175237,-241.587555698233
243.691425851819,243.752265736384,243.022103562356,-0.730162174012028,211.36424947629,0.511357339271127,0.572197223842901,-0.157964950171955,-31.8158190362555,-243.910230686561
246.012463366879,246.073619200568,245.331519253809,-0.742099946754395,213.372975472224,0.520309364766519,0.581465198462005,-0.160634748286054,-32.1191785298804,-246.234253948849
248.353594648706,248.415162355544,247.666052081696,-0.749110273840707,215.404100973759,0.524324212981349,0.585891919819216,-0.163218354022509,-32.4251694619555,-248.578380709581
250.712207346253,250.774254297625,250.019933768894,-0.754320528750628,217.452010974159,0.526767181690483,0.588814133079044,-0.165506395669717,-32.7334291903892,-250.939760693291
253.064764431254,253.12741899045,252.367164750743,-0.760254239703135,219.494080016695,0.529832392995584,0.592486952198443,-0.167767287500789,-33.0408520215601,-253.295186277955
255.419954699904,255.483359124227,254.720573413591,-0.762785710648313,221.542219113785,0.529147297347352,0.592551721683074,-0.170233988961561,-33.348588288765,-255.653593113202
257.786655380992,257.851023958271,257.084344469551,-0.766679488701938,223.600077645079,0.528759952652675,0.593128529928473,-0.173550958769619,-33.6578177832601,-258.024574917041
260.152606626926,260.218253702672,259.450929261115,-0.767324441562485,225.661030811733,0.524668642418845,0.59031571816577,-0.177008723390748,-33.9669071727672,-260.395262426062
262.533851069261,262.600899477358,261.830032750665,-0.770866726694349,227.732754141738,0.523126535834898,0.59017494393547,-0.180691782749856,-34.2779703916669,-262.781591260106
264.918506288618,264.987217472196,264.213430112315,-0.773787359891806,229.80828298835,0.520778084827263,0.589489268406002,-0.184298091482523,-34.5894452154552,-265.171515563684
267.308388057179,267.378974699868,266.599854943259,-0.779119756608055,231.885606533456,0.521199152285398,0.59178579497342,-0.187333961630618,-34.9015823714386,-267.566308661497
269.714758779455,269.787488658727,269.001626564341,-0.785862094390412,233.976218987599,0.522663571315196,0.595393450610997,-0.190468643776135,-35.2158762205264,-269.977957302506
272.138999343159,272.21399245576,271.420670508557,-0.793321947201797,236.081207111162,0.525302892304646,0.600296004915853,-0.193025942284304,-35.5324893396937,-272.407018398052
274.591948347257,274.669270587349,273.870199045609,-0.799071541752096,238.212884822368,0.52619590643663,0.603518146539127,-0.195553395212461,-35.8528676184696,-274.86482398258
277.06742781381,277.14721998394,276.343340056944,-0.803879926989531,240.365218906361,0.5259999283603,0.60579209849967,-0.198087828486354,-36.1762089790763,-277.345307812434
279.594128000326,279.676411165667,278.860992495241,-0.815418670438836,242.555253671353,0.53255075989454,0.614833925254245,-0.200584745183687,-36.5063235690694,-279.876995910855
282.13841795442,282.223345129508,281.3992925464,-0.824052583117606,244.763952809675,0.535729374761437,0.620656549867217,-0.203396033247448,-36.8387357699717,-282.426741162753
284.682274799143,284.770096943825,283.935067736354,-0.835029207483505,246.970220548264,0.541023298214661,0.628845442902157,-0.206183764582366,-37.1710309526631,-284.976280708408
287.236825331719,287.327812281884,286.484492185493,-0.843320096401155,249.1889571588,0.543186481561479,0.634173431741237,-0.209146664655732,-37.5046816913349,-287.536958946552
289.807206018868,289.901603345451,289.053516555228,-0.848086790246975,251.424874312987,0.541961737251791,0.636359063859357,-0.211727726387278,-37.8403699686226,-290.113331071842
292.397240441341,292.495247604484,291.637869828559,-0.8573777759347,253.673401891481,0.545257097339589,0.643264260500094,-0.21411351542861,-38.178581452516,-292.709361119935
294.982260289986,295.084129018074,294.221761519463,-0.862367498607961,255.922014428653,0.544210156524034,0.646078884606571,-0.216288614004728,-38.5160357048269,-295.300417632079
297.588195834484,297.693942705063,296.822855967031,-0.871086738028157,258.184287123006,0.547758761575704,0.653505632157059,-0.217581105865837,-38.8561499498938,-297.911523810924
300.206465177995,300.315988581416,299.437272077776,-0.878716503652619,260.458186729303,0.55051852212006,0.660041925540514,-0.218674578111964,-39.1977599265752,-300.53466315953
302.836314831251,302.949489291009,302.058832419246,-0.890656871765158,262.737106206841,0.558430288119587,0.671604747889858,-0.219052123874111,-39.5407783362879,-303.168541414867
305.498966678353,305.615509149023,304.717875115266,-0.897634033761667,265.049237687515,0.561705773079495,0.678248243741321,-0.219385790017857,-39.8880232177801,-305.834894939051
308.205799078023,308.325454732489,307.420948759161,-0.904505973330384,267.399186736989,0.565595018187541,0.685250672661999,-0.219255300672938,-40.2410173228393,-308.544710033156
310.9218680863,311.04453260495,310.137254337126,-0.907278267830516,269.761313543292,0.565412784105011,0.688077302757434,-0.219200965072064,-40.5951417589149,-311.263733570026
313.647385451928,313.772971230395,312.8599624371,-0.913008793284838,272.128703872675,0.568236260312185,0.693822038764509,-0.219186754520725,-40.9504453189583,-313.99215798491
316.391094322423,316.519512825164,315.602851460496,-0.91666136464329,274.514048402289,0.568965597625322,0.697384100366181,-0.219277264283331,-41.3080803225071,-316.738790089429
319.13040320936,319.261762042356,318.338694529173,-0.923067513179709,276.89337181769,0.571978804471671,0.703337637453039,-0.21972987572916,-41.665052587219,-319.481491918078
321.87679577219,322.011114842547,321.083219299354,-0.927895543207308,279.280061630679,0.573835271997529,0.708154342368071,-0.219741200835447,-42.0228988695117,-322.230856043388
324.632164214766,324.76939447839,323.835499280323,-0.933895198053272,281.672642140172,0.577702689963921,0.714932953570476,-0.218962244480845,-42.3818193846319,-324.988356722859
327.392646281498,327.532682096021,326.592233739942,-0.940448356070448,284.069256937971,0.582079881840554,0.722115696359433,-0.218332659716078,-42.741309461691,-327.751014755735
330.168458222346,330.311101576024,329.359836154631,-0.951265421384562,286.474429322678,0.591326318042031,0.733969671718697,-0.217295749660534,-43.1027025816299,-330.528397325696
332.966697187115,333.111693689133,332.155600953214,-0.956092735908129,288.904940278577,0.594806395465213,0.739802897470642,-0.216289838440209,-43.4669505130788,-333.327983527566
335.778202549522,335.925314196676,334.959369432404,-0.965944764278052,291.342136822164,0.603201590462129,0.750313237638451,-0.215631526648687,-43.832864136892,-336.140945723318
338.599360460841,338.748348324059,337.775665611536,-0.972682712515187,293.79090606099,0.608515298416688,0.757503161631322,-0.215179550890477,-44.1999391014425,-338.963527874945
341.459231298825,341.609665965351,340.629847811617,-0.97981815373605,296.272342499039,0.614854286888667,0.765288953435407,-0.214529200306341,-44.5720345128888,-341.824195165677
344.327325313719,344.479084941022,343.493402682269,-0.985682258754369,298.762398423929,0.619774696752031,0.771534324063855,-0.214147934698264,-44.9451521930358,-344.693232875715
347.196468679187,347.34938227993,346.35198296017,-0.997399319762075,301.247569619568,0.630615261741312,0.783528862496615,-0.213870457273322,-45.3182837978711,-347.563252737204
350.075372626744,350.22938332149,349.223434416061,-1.00594890543721,303.744630753941,0.638114848698193,0.792125543466551,-0.213823361973712,-45.6926270240842,-350.443206683477
352.967283326022,353.122319275554,352.109766125347,-1.01255315020492,306.255351830672,0.643295787122332,0.798331736655774,-0.214221413550261,-46.0686357082311,-353.3365406891
355.874198517237,356.030207780729,355.009231399896,-1.02097638084403,308.776898190153,0.650712737299962,0.806722000801747,-0.214254380039512,-46.4465875897742,-356.244462160768
358.798029751292,358.954824440849,357.927924041911,-1.02690039893754,311.315875717928,0.655455560013435,0.812250249572592,-0.214650149367554,-46.8266984733631,-359.169474590225
361.73173336473,361.889218537382,360.853401252147,-1.03581728524253,313.860680647165,0.663011698164516,0.820496870818108,-0.215320414424565,-47.2080410194014,-362.104538951806
364.674156136694,364.832177201501,363.786367516968,-1.04580968453123,316.411535904267,0.672193651793993,0.830214716589908,-0.215594967937818,-47.5904265806483,-365.047772169433
367.627991155372,367.786349202351,366.731675493787,-1.05467370857202,318.973154261153,0.680595625537666,0.838953672520987,-0.21572003605369,-47.974241268676,-368.002069238405
370.603335834195,370.761865267931,369.699643154074,-1.0622221138614,321.555131517529,0.687377092507247,0.845906526261709,-0.216315587599575,-48.3608272241513,-370.978180855532
373.617079342063,373.775554264282,372.708076810908,-1.06747745337151,324.173026159282,0.691573436429002,0.850048358639271,-0.217429094735069,-48.7524797463608,-373.992983359009
376.649460545185,376.807821021361,375.740261144174,-1.06755987719015,326.813151928338,0.689743396316984,0.84810387250432,-0.219456004688399,-49.1465652205223,-377.027277026049
379.676903600018,379.835249739119,378.764847678242,-1.07040206087642,329.446395881854,0.690527911006543,0.848874050109042,-0.221528010768001,-49.5399798071481,-380.056777749869
382.70099393441,382.859651155617,381.786570845838,-1.07308030978942,332.07841697612,0.689646352324146,0.848303573533931,-0.224776736254608,-49.9329306059775,-383.084427891873
385.716084229976,385.875413019321,384.794255286145,-1.08115773317711,334.697839146787,0.693549052162994,0.852877841503368,-0.228279891672551,-50.3246960310336,-386.103692910998
388.744953300681,388.905355284807,387.818981752713,-1.08637353209705,337.333002522332,0.693661985701152,0.854063969829882,-0.232309562265891,-50.7182887926601,-389.13766484709
391.773935264874,391.935826471494,390.842474360438,-1.09335211105978,339.966247812066,0.695805587581377,0.857696794200846,-0.235655316854696,-51.1118818652366,-392.17148178835
394.831858239904,394.995546126836,393.89422321757,-1.10132290926645,342.623902997473,0.698674079921686,0.862361966868588,-0.238960942397377,-51.5092811624909,-395.234507069242
397.92229101927,398.088084103365,396.980983452473,-1.10710065088963,345.311852017559,0.699428807436878,0.86522189152913,-0.241878759360531,-51.9110101942706,-398.329962862733
401.030562846817,401.19883654576,400.080136210268,-1.118700335483,348.009649376555,0.705821648342646,0.874095347282419,-0.244604988199223,-52.3150918219171,-401.443441533947
404.15884486211,404.329981559049,403.202614954999,-1.12736660405325,350.72850520601,0.708533713574846,0.879670410522462,-0.247696193528386,-52.7218059425118,-404.577677752587
407.33670963697,407.510840307624,406.376221063821,-1.13461924379226,353.49117562773,0.710497024068525,0.884627694724511,-0.24999154906605,-53.135036985181,-407.760831856701
410.564194420492,410.741432622028,409.60474229508,-1.13669032695797,356.301075533099,0.708342463515388,0.885580665075543,-0.25110966188424,-53.554776423859,-410.992542283924
413.843872003432,414.02419997033,412.875587544065,-1.14861242627342,359.146201271314,0.716354486528663,0.896682453438399,-0.251929972832615,-53.9813162455803,-414.276129943174
417.12396101664,417.307501766936,416.152817935573,-1.15468383136965,361.997717598191,0.7184261981449,0.901966948459283,-0.252716882902843,-54.4078172202868,-417.560218649853
420.416586063852,420.603189762767,419.436585750534,-1.16660401223031,364.854047984135,0.726706455264374,0.913310154184583,-0.253293858044143,-54.8358316244462,-420.856483620811
423.723115369923,423.912766903795,422.738178503144,-1.17458840064842,367.727279222571,0.730270638005931,0.919922171876946,-0.254666228767347,-55.2655655093279,-424.167433132552
427.072372318469,427.264870823151,426.079051165916,-1.18581965722729,370.633562523058,0.737961810718465,0.930460315393203,-0.255359341829619,-55.7008479846844,-427.520230164965
430.442131787065,430.6373174467,429.4435558195,-1.19376162720647,373.560734675405,0.74269028386894,0.937875943522461,-0.255885683683646,-56.1387068277733,-430.893203130372
433.850512285264,434.047946249926,432.839945125129,-1.20800112480321,376.514128180592,0.754861179926135,0.952295144602875,-0.255705980194164,-56.5815229247375,-434.303652230142
437.287643388332,437.48691256732,436.268462917348,-1.21844964996262,379.495594627066,0.764059839203168,0.963329018181438,-0.255120631785922,-57.0279889220629,-437.742033199093
440.742227577495,440.943093502394,439.710143791571,-1.23294971081192,382.488411987234,0.777186461455081,0.978052386349706,-0.254897324456603,-57.4766291287985,-441.197990826847
444.216209750861,444.418482691637,443.174427686265,-1.24405500536619,385.501594341601,0.786896949267853,0.989169890049029,-0.254885115313744,-57.9277184599757,-444.673367806942
447.707803346356,447.911300456303,446.661353586081,-1.24994687022391,388.535670427772,0.791098500751285,0.994595610706789,-0.255351259515621,-58.3810344178161,-448.166651715813
451.204138021172,451.408807677522,450.155337817576,-1.25346985994456,391.576215557026,0.793024569603663,0.997694225955471,-0.255775633987848,-58.8348978945362,-451.664583311507
454.685205291784,454.891161350376,453.629690154781,-1.2614711955944,394.600283721144,0.798286806939548,1.00424286553927,-0.257228330055236,-59.2866347636968,-455.148389680432
458.178096821427,458.385507310932,457.116955806669,-1.26855150427248,397.635937380749,0.802271261178156,1.00968175070789,-0.258869753566001,-59.7398881794739,-458.644377064502
461.664197586806,461.873322483807,460.596706387459,-1.27661609634459,400.665210927642,0.806812016303815,1.01593691330621,-0.260679183037107,-60.1921746428619,-462.134001666847
465.177363177841,465.388293236016,464.104985083954,-1.28330815205746,403.719049306754,0.810359347130392,1.02128940531794,-0.262018746743703,-60.6479545239433,-465.650311982752
468.718062168007,468.930776601969,467.641248888228,-1.28952771373075,406.79753015751,0.813270353416634,1.02598478739169,-0.263542926341949,-61.1072616570582,-469.194319528302
472.267565115893,472.482073556148,471.188939297321,-1.29313425881662,409.886382806035,0.81357154758868,1.02807998785544,-0.265054270962255,-61.5676107622445,-472.747127827098
475.84063088648,476.056764835105,474.750378262471,-1.30638657261391,412.985676835741,0.82397753065538,1.04011147927929,-0.2662750933332,-62.0309765200835,-476.323039928428
479.421532305473,479.639069688849,478.318624390057,-1.3204452987981,416.090868312282,0.835386648309985,1.05292403169947,-0.26752126709883,-62.4952773448809,-479.906590955958
483.027909048918,483.246612363724,481.910397910384,-1.33621445333227,419.216758589252,0.848318056820234,1.06702137161797,-0.269193081706998,-62.9628324028551,-483.51580544542
486.677058029136,486.896732275525,485.550409791419,-1.34632248411453,422.385379297988,0.855727027706391,1.07540127410634,-0.27092121000265,-63.43595170343,-487.167653485527
490.32407522208,490.544746812888,489.189433954061,-1.35531285880935,425.552870284498,0.862531711944298,1.08320330275291,-0.272109556057109,-63.9086732256356,-490.816856368945
493.992132324866,494.213845332884,492.844732028875,-1.36911330400226,428.734343225327,0.873671755881164,1.09538476391939,-0.273728540085756,-64.3841173436443,-494.487573872975
497.687741033274,497.910501164771,496.531271348409,-1.37922981635392,431.943856694545,0.880728363762705,1.1034884952702,-0.275741321087224,-64.8631559749499,-498.186242485855
501.412717858486,501.636528431139,500.245200257284,-1.3913281738571,435.176597902763,0.890106871708742,1.11391744439366,-0.277410729463774,-65.3460130839976,-501.913939160611
505.130123850603,505.355121799859,503.95328287101,-1.40183892884641,438.404860249935,0.897507695720121,1.12250564498347,-0.279333283864975,-65.827755904942,-505.634455083719
508.871827271938,509.098077628101,507.681979184867,-1.41609844323182,441.650848773113,0.908341011233389,1.13459136740705,-0.281507075828952,-66.3126374875953,-509.379584703935
512.662551578866,512.889835018893,511.457144655619,-1.43269036327687,444.935893027209,0.922741480511084,1.15002492054404,-0.282665442734182,-66.803917071135,-513.172500461626
516.50792111992,516.735994235561,515.28456386915,-1.45143036641076,448.265888343897,0.939710655562811,1.16778377121933,-0.283646595190515,-67.3023221204459,-517.01964083075
520.414290533938,520.642875751386,519.173919598261,-1.4689561531152,451.649383813262,0.956220778361491,1.1848059958114,-0.284150157309118,-67.8086859423188,-520.927025908688
524.397200877921,524.625853933451,523.142847031373,-1.48300690208035,455.102625618689,0.969452892877234,1.19810594841784,-0.284900953662849,-68.3251223663512,-524.910754887109
528.34549652534,528.574368050433,527.077358388042,-1.4970096623833,458.526506805848,0.982143460887876,1.21101498597847,-0.28599467639781,-68.8368462586083,-528.860362726818
532.318547546423,532.54743833267,531.038183237018,-1.50925509565303,461.974072314693,0.992695995563944,1.22158678181051,-0.287668313840934,-69.3517792361663,-532.835106646515
536.301657657472,536.530473261889,535.014497918558,-1.51597534332193,465.436539828703,0.99716688020868,1.22598248462658,-0.289992858694952,-69.8679509485691,-536.820466120582
540.339862255952,540.568420858028,539.041297016568,-1.5271238414582,468.942040818279,1.00648828721139,1.23504688929314,-0.292076952163984,-70.3913331504701,-540.860497810189
544.41830511888,544.646468232587,543.103494922913,-1.54297330967619,472.478298236449,1.02004602322295,1.24820913693865,-0.294764172737202,-70.9199608592086,-544.941232405336
548.519817771147,548.747746030423,547.188467159217,-1.55927887121393,476.034510674616,1.03372157198776,1.26164983127441,-0.297629039941638,-71.4515855245394,-549.045375070356
552.621557003948,552.849524986414,551.278699767991,-1.57082521841211,479.596730658706,1.04166244430942,1.26963042677018,-0.301194791640431,-71.9831639009363,-553.150719778059
556.761317077515,556.989378713846,555.409250271761,-1.58012844210702,483.194568515535,1.0470394459535,1.27510108229359,-0.305027359816679,-72.5197091160262,-557.294406073678
560.911622608411,561.139859654434,559.555614268925,-1.58424538551299,486.806542699717,1.04751243801883,1.27574948406329,-0.308495901450804,-73.0575674706626,-561.448355555902
565.099657004332,565.328130636822,563.731947087255,-1.59618354958442,490.443473404296,1.05584946220357,1.28432309470389,-0.311860454884205,-73.6003341378303,-565.639991091705
569.273767121431,569.502703882406,567.896091715602,-1.60661216681826,494.070045676249,1.06256046314153,1.29149722413022,-0.315114942689284,-74.1411609820397,-569.817818825101
573.460511367016,573.690095330213,572.072992477635,-1.61710285257541,497.708125755035,1.06880260678348,1.29838656997661,-0.318716282605812,-74.6835830052104,-574.008811612821
577.705973563997,577.936436546195,576.308529491658,-1.62790705453454,501.397565884864,1.07469282372999,1.30515580592936,-0.322751248606994,-75.233714855412,-578.259187794801
581.984637902904,582.216216013132,580.580510653244,-1.6357053599028,505.118419023292,1.07804942502157,1.30962753525109,-0.326077824656918,-75.7881694545933,-582.542293837781
586.31550924127,586.548394859748,584.899771584735,-1.64862327499607,508.880085041837,1.08597446062654,1.31886007910118,-0.329763195899078,-76.3494497388106,-586.878158055642
590.675700000403,590.909967481298,589.245036908735,-1.6649305725758,512.663438721115,1.09778051174144,1.33204799263572,-0.332882579942677,-76.9144807675628,-591.242850061244
595.048953435483,595.284639589878,593.611159773406,-1.67347981644961,516.465553053514,1.10228380548294,1.33796995986738,-0.335509856582454,-77.4811165764824,-595.620149446449
599.543557572135,599.779955917542,598.090731778868,-1.68922413867311,520.365080605466,1.11475625036504,1.35115459577006,-0.338069542906106,-78.063720716305,-600.118025460451
604.073071660011,604.309955302306,602.597584752732,-1.71237054956757,524.287005073795,1.13525035627394,1.37213399857907,-0.340236550991322,-78.6508162299424,-604.650191853308
608.635760815259,608.872847017578,607.135017842323,-1.73782917525731,528.23460849494,1.15900655447386,1.39609275678801,-0.341736418462745,-79.2421457658471,-609.214583436055
613.17749114356,613.414537902263,611.655274877107,-1.75926302514827,532.167775810048,1.17923336704778,1.41628012575564,-0.342982899393539,-79.8304819664475,-613.757520801661
617.743813831042,617.980381853838,616.199507699964,-1.78087415388379,536.121486491883,1.20039618335709,1.43696420616493,-0.34390994771886,-80.4219311557933,-618.324291801556
622.354987949755,622.590582972195,620.793432775813,-1.79715019638675,540.119685662298,1.21611825368603,1.45171327612737,-0.345436920254628,-81.019184033773,-622.936019892465
626.977293600077,627.211583852891,625.398855309723,-1.81272854315763,544.127985430302,1.2315331527156,1.46582340552454,-0.346905137636256,-81.6177750170596,-627.558488990524
631.61063145611,631.843373655697,630.014750769727,-1.82862288595844,548.145647589651,1.24734639594932,1.48008859553804,-0.348534290414065,-82.2176374705,-632.191907946117
636.30255083969,636.5334074381,634.690349390967,-1.84305804714866,552.215729205355,1.26167654969428,1.49253314811523,-0.350524899028006,-82.8251450846289,-636.883932337142
641.023161105761,641.25203278071,639.406412332883,-1.84562044783447,556.323331973162,1.26347533260826,1.49234700756576,-0.353273440266899,-83.4363537999804,-641.605306220982
645.822585867307,646.049125173343,644.187398332117,-1.86172684124627,560.486559161319,1.27809182221235,1.50463112824903,-0.357095712990445,-84.0579348837748,-646.406220886354
650.66406858579,650.888265112049,649.019280161951,-1.86898495009996,564.696000608407,1.28300801804515,1.50720454429605,-0.361780405803461,-84.6850599593491,-651.250045517864
655.523249264331,655.74531365744,653.857820962953,-1.88749269450416,568.910175032465,1.29854584471897,1.52061023782899,-0.366882456666125,-85.3145283871414,-656.112196114114
660.425052132244,660.64522858963,658.747466558116,-1.89776203150574,573.170595249203,1.30482338155023,1.52499983893242,-0.372762192570151,-85.9496335014931,-661.017990782212
665.303898075745,665.52272785974,663.610810179446,-1.91191768030291,577.407461192414,1.31477777869508,1.53360756269889,-0.378310117603119,-86.5816591046262,-665.901037977345
670.224647300828,670.442475570876,668.521220112139,-1.92125545874187,581.686727265633,1.31866638197503,1.5364946520175,-0.384760806726634,-87.2192536532168,-670.827236377587
675.222846454592,675.439919302921,673.496496400535,-1.94342290240216,586.020393186974,1.33528726439709,1.55236011272544,-0.391062789675585,-87.8671660032221,-675.830982092592
680.252699771518,680.469510023905,678.508766040549,-1.96074398336692,590.387256783955,1.34612877066976,1.56293902307544,-0.397804960294874,-88.5193142168711,-680.867314984183
685.28956112339,685.50683938797,683.529091184691,-1.97774820328116,594.761658808079,1.35551789965285,1.57279616424658,-0.404952039035712,-89.1723844156442,-685.911791427008
690.394088919032,690.612232589848,688.624723205286,-1.98750938456035,599.201828441594,1.35784878191765,1.57599245273011,-0.41151693183182,-89.8344116955161,-691.023749521671
695.516559022326,695.73625489443,693.7379842229,-1.99827067154304,603.656871848226,1.3609067216883,1.58060259379983,-0.417668077739422,-90.4987804523997,-696.153922972153
700.651425768423,700.873227073631,698.856182457751,-2.01704461588571,608.115125366584,1.37158336408529,1.59338466929894,-0.423659946588461,-91.1647170377407,-701.296887020206
705.866667610849,706.090828377448,704.059607762328,-2.03122061511686,612.648114181923,1.37732291810596,1.60148368470162,-0.42973693040882,-91.8412305108177,-706.520565307852
711.07509773751,711.302344356818,709.260090547319,-2.04225380950919,617.178744465878,1.37965167393189,1.6068982932641,-0.435355516243251,-92.5167015976769,-711.737699873069
716.295142046797,716.526009860761,714.464713623935,-2.06129623683059,621.71234911392,1.38920825587014,1.6200760698475,-0.441220166982333,-93.1935846769909,-716.967230027741
721.527069466933,721.762189586881,719.682490660564,-2.07969892633883,626.257654749297,1.39747576802413,1.63259588798781,-0.447103038344684,-93.8719389496095,-722.209292625238
726.766082086928,727.006017929816,724.903612084128,-2.10240584569433,630.804871548763,1.41013372334744,1.65006956625485,-0.452336279440724,-94.5510768148059,-727.458354209247
731.993736858232,732.239130952024,730.121466621614,-2.11766433041833,635.350198352419,1.41492869600256,1.66032278982595,-0.457341540588765,-95.2286098097921,-732.696472492627
737.231267659814,737.482551301243,735.347244416925,-2.13530688433645,639.901559244484,1.42239030648681,1.67367394794678,-0.461632936388984,-95.9073181088163,-737.944184237626
742.498760790147,742.756079353638,740.607713921324,-2.14836543231756,644.48344158048,1.42543684523209,1.68275540873709,-0.465610023578213,-96.5898823644363,-743.221689377228
747.759566488458,748.023121684606,745.858815819919,-2.16430586469776,649.055620178407,1.43261064949063,1.69616584565519,-0.468140019041887,-97.2713356605598,-748.491261703652
753.050895014504,753.32085800033,751.14319076594,-2.17766723439208,653.657537857815,1.43670676830627,1.70666975413917,-0.470997480257433,-97.9566503883854,-753.791855480586
758.338959605216,758.615538529796,756.424918463328,-2.19062006647361,658.257380965126,1.44022722102012,1.7168061456157,-0.473813920860397,-98.6413514190562,-759.089352450662
763.646717707851,763.929728938084,761.733157985002,-2.19657095308815,662.880692093906,1.43752469888737,1.7205359291297,-0.476035023958443,-99.3285009150491,-764.405763962036
769.007131041649,769.296115463791,767.084187150538,-2.21192831325547,667.540942477938,1.44377999422136,1.73276441636069,-0.479163896897717,-100.02240856949,-769.77527936068
774.409972371029,774.704783989381,772.481026381105,-2.22375760828593,672.241283694083,1.44689155198576,1.74170317035666,-0.482054437935376,-100.721797124948,-775.186838427326
779.743061804771,780.044196067521,777.798049762548,-2.24614630498836,676.871003972541,1.46036627813875,1.76150054090491,-0.484645764088436,-101.411691554086,-780.528841831608
785.316573549654,785.622903918878,783.364984655737,-2.25791926314761,681.717289810472,1.46595418521957,1.77228455444838,-0.48563470869765,-102.133329553966,-786.108538627584
790.9595839621,791.270783175731,788.993356452539,-2.27742672320256,686.615661882019,1.47993243496505,1.79113164862104,-0.486295074586389,-102.8639896451,-791.757078250325
796.602136780876,796.918115958278,794.623905416598,-2.29421054169142,691.515978460492,1.49171621998816,1.80769539740777,-0.486515144284527,-103.594442100391,-797.404631102575
802.303492690277,802.623709532201,800.311383269812,-2.3123262623943,696.4658508823,1.50511151137857,1.82532835332564,-0.486997909069205,-104.33253029658,-803.110707441268
808.018399169797,808.342724459017,806.019117086788,-2.32360737222611,701.433575741763,1.51257163343274,1.8368969226552,-0.48671044957103,-105.072251794607,-808.8294349086
813.810045870538,814.137938899684,811.794786012921,-2.34315288676285,706.458962744881,1.529094750862,1.85698778001766,-0.486165106745626,-105.821988374787,-814.624104006434
819.647449060342,819.978518228877,817.618786878923,-2.35973134996352,711.525955024308,1.54379939506912,1.87486856361983,-0.484862786338797,-106.577694640948,-820.463381015225
825.511019585928,825.844889839052,823.463510192511,-2.38137964655792,716.610901476508,1.56344661747929,1.89731687061862,-0.484062775941222,-107.336671491919,-826.328952614995
831.404540577558,831.74094093307,829.334820577585,-2.40612035547279,721.718203017732,1.58685651101597,1.92325686651753,-0.482863488946908,-108.099481048813,-832.223804422023
837.314379604712,837.653269337634,835.235681286819,-2.41758805080863,726.853666945355,1.5964414913438,1.93533122428773,-0.482256826525599,-108.864271168003,-838.135526164163
843.270571658111,843.611627807284,841.169777895153,-2.44184991213189,732.016751749374,1.61875077446993,1.95980692364443,-0.482042988485759,-109.635069134267,-844.093670795774
849.210444214125,849.553546045894,847.096733885378,-2.45681216052201,737.175299547406,1.63166297970505,1.97476481148505,-0.482047349033086,-110.403481687005,-850.035593394937
855.127942910291,855.472991362869,853.002776862356,-2.47021450050763,742.315959208424,1.6432913763789,1.98833982896402,-0.48187467153829,-111.168692325484,-855.954866034418
861.021139484258,861.368182991826,858.869421090053,-2.49876190177292,747.42045795091,1.67017575202214,2.01721925959535,-0.481542642173548,-111.930505781317,-861.849725634021
867.00318823542,867.351700919629,864.842295916766,-2.50940500286806,752.618230388058,1.6810187724495,2.02953145666631,-0.479873546201417,-112.703939074914,-867.831574465847
873.093086103477,873.442061473011,870.915422440006,-2.52663903302042,757.90203343699,1.69962917845963,2.04860454801523,-0.478034485007281,-113.491423488012,-873.920095958021
879.196393226529,879.545013666215,877.0009508142,-2.5440628520167,763.197291286947,1.71860800303027,2.06722844271686,-0.476834409298652,-114.280493936562,-880.021848075529
885.375923339216,885.723206242425,883.150466766092,-2.57273947632468,768.546998041615,1.74942107335551,2.09670397656335,-0.476035499765173,-115.079504224246,-886.199241742193
891.572421079952,891.917824538195,889.33226769476,-2.58555684343373,773.92849208518,1.76327540196928,2.10867886022681,-0.476877983211494,-115.880653592802,-892.394702521405
897.81742281094,898.160232015746,895.548079841161,-2.61215217457943,779.33739264879,1.79195351817349,2.1347627229837,-0.477389451594882,-116.68807664398,-898.637621467337
904.09198546692,904.431765712291,901.807129406431,-2.62463630585609,784.787405394535,1.8052243976451,2.14500464301583,-0.479631662842751,-117.499355674749,-904.911397375141
910.444131936405,910.780671167505,908.141140943672,-2.63953022381804,790.304310110319,1.81887394276382,2.15541317386782,-0.484117049953498,-118.320947883315,-911.264788217453
916.820974791454,917.154558714469,914.49187106472,-2.66268764975333,795.835122155578,1.84000453402753,2.17358845705659,-0.489099192703592,-119.14584810184,-917.643657907175
923.221703082131,923.553044174122,920.873912407459,-2.67913176666248,801.394186228136,1.85359430985084,2.18493540183934,-0.494196364826301,-119.973922544141,-924.047240538943
929.681969515052,930.011616644146,927.328236114797,-2.68338052934285,807.018048369735,1.85397488740703,2.18362201649561,-0.499758512852284,-120.809946257924,-930.511375156996
936.302839836424,936.630529934815,933.933540390848,-2.69698954396768,812.771503130414,1.86412284249905,2.19181294089965,-0.50517660307049,-121.6672138635,-937.135706537886
942.880570929672,943.206994956772,940.486537979587,-2.7204569771838,818.478126803502,1.88380188211146,2.21022590922386,-0.510231067960045,-122.518642244057,-943.71722602472
949.544501092402,949.869929950661,947.133276642742,-2.7366533079298,824.269291907667,1.89378649721494,2.2192153554881,-0.517437952444812,-123.381422687514,-950.387367903093
956.201061338598,956.52619572403,953.759753035417,-2.76644268861836,830.040966925633,1.91694990677474,2.24208429221761,-0.524358396407532,-124.243144506186,-957.050554120429
962.941192300203,963.266200152945,960.463186453845,-2.80301369910801,835.879315073349,1.94596702213092,2.27097487488236,-0.532038824229553,-125.115910204729,-963.798238977175
969.72052305712,970.046218884916,967.220830226113,-2.82538865880522,841.767971815783,1.95872476914726,2.2844205969519,-0.54096806186002,-125.993826472191,-970.587186946774
976.534936810573,976.86218184014,974.008128847535,-2.85405299262312,847.682162939604,1.97639727322754,2.30364230279431,-0.550410689826805,-126.876376597735,-977.412592529947
983.37750050206,983.707263236659,980.83258168048,-2.87468155618496,853.630320544627,1.98456258238648,2.31432531700518,-0.560356239182513,-127.762617375031,-984.267619475849
990.2065290693,990.540072476195,987.647562447942,-2.89251002825627,859.569906247845,1.98959450593119,2.32313791282923,-0.569372115425487,-128.647028315524,-991.109444591633
997.056919455907,997.395246222449,994.491261337749,-2.90398488470057,865.53417310538,1.98852546717526,2.32685223373402,-0.577132650967701,-129.534220883332,-997.972378873411
1003.94318411223,1004.28706986328,1001.37079604893,-2.91627381436781,871.52837837914,1.98877216373734,2.33265791481383,-0.583615899557317,-130.426033569341,-1004.87068576284
1010.9246556925,1011.27448494727,1008.34520616563,-2.92927878164783,877.602494179223,1.99186932696306,2.34169858174586,-0.587580199903909,-131.330292186312,-1011.86206514718
1017.96536202601,1018.32133606559,1015.37311520107,-2.94822086453984,883.72255947282,2.00055977121592,2.35653381079155,-0.591687053745315,-132.242242781978,-1018.91302311934
1025.1586250822,1025.52025921134,1022.55497747795,-2.96528173338268,889.97521485314,2.00916092080156,2.37079504996889,-0.594486683414264,-133.174249308234,-1026.11474589477
1032.3672427451,1032.7347393425,1029.77048616707,-2.96425317543802,896.261833642845,1.99730967617274,2.3648062735845,-0.599446901852565,-134.108099426053,-1033.33418624433
1039.64097868093,1040.01428460769,1037.03079020805,-2.98349439964729,902.584063734229,2.00654247431609,2.37984840109053,-0.60364599855902,-135.050372472382,-1040.61793060626
1047.00857940524,1047.38744116436,1044.39182809016,-2.99561307419862,908.993532062979,2.01024246383282,2.3891042229489,-0.606508851246544,-136.004804878434,-1047.9939500156
1054.35648857043,1054.74151611965,1051.73408114529,-3.00743497437391,915.386750172152,2.01335125930317,2.39837880853619,-0.609056165840839,-136.956387138969,-1055.35057228549
1061.75286950053,1062.14409198555,1059.12612252105,-3.0179694645203,921.822470457318,2.01619637475835,2.407418859799,-0.610550604721333,-137.91420266844,-1062.75464259029
1069.20129325059,1069.59866590506,1066.55947432889,-3.03919157619367,928.29139812328,2.03124273061244,2.42861538510393,-0.610576191088578,-138.878652396688,-1070.20924209616
1076.66113369536,1077.06489857863,1074.01705665928,-3.04784191935928,934.783242326483,2.03350066604451,2.4372655493239,-0.610576370037426,-139.844390702822,-1077.67547494867
1084.27062943583,1084.68019766233,1081.59695790713,-3.08323975521093,941.376757131954,2.06410862396205,2.47367685047825,-0.609562904732931,-140.82976367991,-1085.28976056708
1091.9620941345,1092.37707812297,1089.25814626092,-3.11893186206793,948.040827873169,2.09550638564983,2.51049037414444,-0.60844148792459,-141.825759875651,-1092.98551961089
1099.70326278934,1100.12342697941,1096.97794291419,-3.14548406523498,954.757111305002,2.11806168205562,2.53822587212286,-0.607258193113636,-142.828089802304,-1100.73068517253
1107.46416356934,1107.88890791537,1104.71564592338,-3.17326199200828,961.487986379228,2.14349392343204,2.56823826947863,-0.605023722530606,-143.832683266678,-1108.49393163792
1115.25574168059,1115.68455716115,1112.48311973817,-3.20143742297603,968.245140479389,2.16956353951184,2.59837902006649,-0.603058402911039,-144.841037661703,-1116.28761556407
1123.17175693445,1123.60400503599,1120.37612328596,-3.22788175003011,975.111442882992,2.19463549852321,2.62688360007186,-0.600998149953447,-145.865678552924,-1124.20500318595
1131.11394857954,1131.5489117373,1128.30769241395,-3.24121932336248,982.013713862482,2.20678108474769,2.64174424251838,-0.599475080840398,-146.893453632303,-1132.14838681815
1139.04638481489,1139.48330943234,1136.21665785287,-3.26665157946547,988.896579463568,2.2301275493061,2.66705216673939,-0.599599412725658,-147.919677802014,-1140.08290884506
1147.00297183573,1147.44138438268,1144.1605392881,-3.28084509457442,995.812648708877,2.24150190075413,2.67991444770126,-0.600930646873524,-148.9488212261,-1148.04231502955
1155.05391333925,1155.49301157217,1152.18907731625,-3.30393425591963,1002.79928999903,2.26431796892215,2.70341620185726,-0.600518054060391,-149.990305371268,-1156.09352962622
1163.20452159731,1163.64352210028,1160.31334992511,-3.33017217517614,1009.86994312182,2.28988199219161,2.72888249516438,-0.601289680008326,-151.044696483302,-1164.24481178031
1171.35193545957,1171.790304088,1168.43280502791,-3.35749906010223,1016.93482798616,2.31876366558058,2.75713229401148,-0.600366766089327,-152.098343807816,-1172.39067085409
1179.45484562099,1179.89245386167,1176.52066619512,-3.37178766655067,1023.97678219799,2.33208283853354,2.76969107921202,-0.602096587334772,-153.145980584478,-1180.494550449
1187.59796689344,1188.03444684186,1184.64026312707,-3.39418371481068,1031.04515797028,2.35403835143547,2.79051829987424,-0.60366541493661,-154.198770571715,-1188.6381122568
1195.81761972371,1196.25302872842,1192.84745413836,-3.4055745900691,1038.19308938243,2.36284967849466,2.798258683204,-0.607315906866003,-155.261680662808,-1196.86034463531
1204.09922818728,1204.53402372425,1201.11360214913,-3.42042157512204,1045.39239217852,2.37401719379608,2.80881273075674,-0.611608844364367,-156.332818814966,-1205.14563256862
1212.43727183402,1212.87134811487,1209.4209046362,-3.45044347867129,1052.62543977895,2.40056922493943,2.83464550577819,-0.615797972891571,-157.411262830141,-1213.48714608777
1220.87439109754,1221.30804739772,1217.85417624384,-3.45387115387123,1059.97342294613,2.39806209431836,2.8317183944906,-0.622152759383122,-158.50290605709,-1221.9302001571
1229.28481652775,1229.71962478082,1226.23608104609,-3.4835437347265,1067.27469839612,2.41909249887389,2.85390075193115,-0.629642982795799,-159.591025632779,-1230.34926776362
1237.76485339152,1238.20184536443,1234.68536016802,-3.51648519641128,1074.63332982209,2.44320120292875,2.88019317583109,-0.636292020581772,-160.688322366495,-1238.83813738501
1246.35932120473,1246.79914953595,1243.25631798237,-3.54283155357915,1082.09786264947,2.46073012593516,2.90055845718304,-0.6422730964003,-161.800728429311,-1247.44142263237
1254.99463763844,1255.43763453069,1251.87201971262,-3.56561481806758,1089.60134005414,2.47485634017774,2.91785323243388,-0.647761585639131,-162.918441244125,-1256.08539611634
1263.67702849194,1264.12349622236,1260.52280089043,-3.60069533191067,1097.13520267359,2.49946081551974,2.94592854594522,-0.654766785970367,-164.042365002833,-1264.77826300834
1272.38523788173,1272.83557955645,1269.20613206527,-3.62944749118669,1104.69723032952,2.51844566600036,2.96878734072833,-0.66066015046384,-165.169561886219,-1273.49623970693
1281.11040510513,1281.56512194813,1277.90522715419,-3.65989479392642,1112.27145628235,2.54013524024168,2.99485208324156,-0.665042710686021,-166.298813582541,-1282.23016465882
1289.82384239342,1290.28328070637,1286.59185918227,-3.69142152410987,1119.83493153088,2.56274720583839,3.02218551879698,-0.669236005308555,-167.426163656694,-1290.95251671168
1298.56173178525,1299.02584421637,1295.30167674385,-3.72416747251036,1127.4176417009,2.58766435738608,3.05177678851672,-0.672390684003143,-168.556425726972,-1299.69823490038
1307.36392169006,1307.83209534212,1304.0947681974,-3.73732714471342,1135.07488842451,2.59417646647086,3.06235011853436,-0.674977026181635,-169.694856799081,-1308.50707236831
1316.20077738762,1316.67303977768,1312.9186403233,-3.75439945439862,1142.76009416856,2.60298741278653,3.07524980285621,-0.679149651547407,-170.837695806287,-1317.35218942924
1325.05155777935,1325.52821606814,1321.76555335505,-3.76266271307994,1150.46709458582,2.60218943048898,3.07884771929012,-0.683814993789508,-171.982273763033,-1326.21203106194
1333.94386137417,1334.42501988491,1330.64811799015,-3.77690189474345,1158.20445004007,2.60724664722801,3.08840515796322,-0.688496736785287,-173.132164686881,-1335.11351662169
1342.92251167593,1343.40788657276,1339.61862367157,-3.78926290118827,1166.01913348133,2.61021029435818,3.09558519117821,-0.693677710004823,-174.293167900261,-1344.10156428277
1351.95614961654,1352.44585335867,1348.61816406213,-3.82768929653591,1173.85707145476,2.6377126261643,3.12741636827823,-0.700272928257572,-175.46136553563,-1353.14612628692
1361.0639931514,1361.55858664576,1357.71920188887,-3.83938475687887,1181.78700794232,2.63768295341341,3.13227644776896,-0.70710830910866,-176.63930225567,-1362.26569495486
1370.22786903222,1370.72781591897,1366.85241409539,-3.87540182358115,1189.7420466272,2.66119420744227,3.16114109418794,-0.714260729397518,-177.824628197592,-1371.44207664836
1379.41980719394,1379.92589194307,1376.03271217162,-3.89317977143188,1197.74226730094,2.66403565478789,3.17012040391297,-0.723059367520628,-179.013504238211,-1380.64895131058
1388.73798053127,1389.25031092838,1385.33303437566,-3.9172765527075,1205.84341571646,2.67544932609238,3.18777972320585,-0.729496829503401,-180.219115488706,-1389.97980775787
1398.13196895434,1398.65102690373,1394.70796013965,-3.94306676406705,1214.01182178891,2.68548894434804,3.20454689374094,-0.738519870330673,-181.434658221088,-1399.38954677406
1407.56527292063,1408.09173861479,1404.11026560762,-3.98147300715616,1222.20227768483,2.70762228908117,3.23408798323521,-0.747385023918978,-182.655372946721,-1408.83912363871
1417.02720209812,1417.56192814079,1413.55416422326,-4.00776391751977,1230.4302046046,2.71727341348129,3.2519994561508,-0.755764461368803,-183.879724080035,-1418.31769260215
1426.52897247324,1427.07249958767,1423.03238131302,-4.04011827464001,1238.68491789268,2.73499209239373,3.27851920683946,-0.76159906780047,-185.109062488155,-1427.83409865547
1436.03532260703,1436.58827690125,1432.5172241316,-4.07105276963515,1246.94625085548,2.75036119549414,3.30331548970881,-0.767737279928256,-186.338710556049,-1437.35601418116
1445.57324846204,1446.13605638191,1442.05540354881,-4.08065283308889,1255.25681321961,2.74414459295164,3.30695251283792,-0.773700320254084,-187.57229064946,-1446.90975670216
1455.18564716398,1455.75868389412,1451.65786969948,-4.10081419462292,1263.62137816254,2.74876825959468,3.32180498974807,-0.779009204876697,-188.815500741825,-1456.53769309899
1464.92131036961,1465.50435690653,1461.39318080735,-4.11117609918144,1272.10215326404,2.74436049660861,3.32740703354969,-0.783769065637467,-190.074796608944,-1466.28812597216
1474.70491696133,1475.29801859465,1471.15593898597,-4.14207960868019,1280.60388634834,2.76094316278378,3.35404479612026,-0.788034812562426,-191.34008745019,-1476.08605340721
1484.69835309254,1485.30049099621,1481.15246860768,-4.14802238852271,1289.30819155813,2.75738607944248,3.35952398310897,-0.788498405417566,-192.632775454972,-1486.08898940163
1494.70304800282,1495.31392442755,1491.11657521844,-4.19734920909813,1297.97837109282,2.7980794493257,3.40895587405501,-0.78839333504818,-193.926597460673,-1496.10231776259
1504.76378493755,1505.38265830102,1501.13926363137,-4.24339466965513,1306.7002661384,2.83602950914149,3.45490287264118,-0.788491797015529,-195.227489289987,-1506.17115009804
1514.7979745619,1515.42426084247,1511.14133328464,-4.28292755782514,1315.40383734068,2.86966934561955,3.49595562621187,-0.786971931615205,-196.524467875567,-1516.21123277408
1524.97318251862,1525.60567532799,1521.31192558315,-4.29374974483271,1324.25692208784,2.87634968782949,3.50884249720538,-0.784907247628091,-197.839910742951,-1526.39058257562
1535.07438708302,1535.7132707076,1531.39234264046,-4.3209280671393,1333.03083994817,2.89823752216711,3.53712114677017,-0.78380692037248,-199.145309612677,-1536.49707762798
1545.15340377276,1545.798323371,1541.45166924639,-4.34665412461205,1341.78833450521,2.91764529962889,3.56256489787416,-0.784089226734895,-200.447423967929,-1546.58241259774
1555.291506765,1555.94199137794,1551.56267321569,-4.37931816225142,1350.59086041967,2.94341494804472,3.59389956097969,-0.785418601271848,-201.757231397286,-1556.72740997921
1565.47111823638,1566.12671838269,1561.71810356931,-4.40861481337356,1359.431057947,2.96784159220244,3.6234417385149,-0.785173074855488,-203.072218697177,-1566.91189145755
1575.94140163113,1576.60088453591,1572.17002963037,-4.43085490553484,1368.52925349235,2.9865359730779,3.64601887784393,-0.784836027692267,-204.425612165707,-1577.3857205636
1586.49340045841,1587.15601236217,1582.70031203979,-4.45570032238604,1377.69536599876,3.00852173128247,3.67113363505054,-0.784566687337422,-205.789512728363,-1587.94057904951
1597.03437143357,1597.69992248135,1593.21243263148,-4.48748984987442,1386.84616007148,3.03652858340853,3.70207963120333,-0.785410218671429,-207.15168277866,-1598.48533270002
1607.66488997892,1608.33258823292,1603.82782331435,-4.50476491855221,1396.09150881276,3.04778487193041,3.71548312592666,-0.789281792622385,-208.525596294214,-1609.12187002554
1618.31721625645,1618.9874168944,1614.44842396042,-4.53899293397614,1405.34058955844,3.07439714603817,3.7445977839892,-0.794395149988643,-209.902229551959,-1619.78181204439
1628.95107579738,1629.62474417697,1625.05497537744,-4.56976879954507,1414.57940419515,3.0953367731943,3.7690051527883,-0.800763646757956,-211.276334829038,-1630.42550782373
1639.65451463959,1640.3321153272,1635.72841273511,-4.60370259210156,1423.87546550493,3.11956646121845,3.79716714884565,-0.806535443254639,-212.659482673436,-1641.13865077046
1650.45586342738,1651.1371238167,1646.49373551105,-4.64338830566302,1433.24993099477,3.15065325108702,3.8319136404174,-0.811474665245711,-214.055279181514,-1651.94859848196
1661.27076419299,1661.95648884714,1657.26670153733,-4.68978730980967,1442.63235528071,3.18563315662238,3.87135781076727,-0.818429499044354,-215.45277575565,-1662.77491834618
1672.15060068368,1672.84152013781,1668.12145668222,-4.72006345559224,1452.08934146578,3.20251687396222,3.89343632809909,-0.826627127496766,-216.858742343915,-1673.66814726531
1683.11067041351,1683.80724922696,1679.04729734907,-4.75995187788374,1461.60500738194,3.23053347241438,3.92711228585645,-0.832839592030286,-218.275129559146,-1684.64008881897
1694.04504155886,1694.7480465822,1689.96640377818,-4.78164280402341,1471.11762615874,3.23954644429102,3.94255146762312,-0.839091336403487,-219.687868955829,-1695.5871379186
1705.0972367809,1705.80649502821,1700.98660049921,-4.81989452901732,1480.71579418971,3.26539542320102,3.97465367052221,-0.845240858497629,-221.116047167979,-1706.65173588671
1716.09846885441,1716.81447917052,1711.96895508437,-4.84552408615546,1490.28405778804,3.27724140217035,3.99325171827254,-0.852272367886081,-222.537169664205,-1717.66675153841
1727.34048383333,1728.0627162006,1723.20228230768,-4.86043389291152,1500.07179177197,3.27874758903958,4.00097995629886,-0.859453936612376,-223.989944472328,-1728.9221701372
1738.67155198769,1739.40027966464,1734.49733480998,-4.90294485465118,1509.9073733195,3.30985764608211,4.03858532301891,-0.86435953163167,-225.454321022119,-1740.26463919628
1750.00780622081,1750.74331375286,1745.81204206449,-4.93127168837397,1519.76262423046,3.32613157063263,4.06163910268185,-0.869632585697495,-226.919050419737,-1751.61294633857
1761.34760990284,1762.08994045733,1757.12369014552,-4.9662503118143,1529.61671589365,3.34689467362299,4.08922522812133,-0.87702508369142,-228.383999335564,-1762.96696554104
1772.79728799678,1773.54607284717,1768.58468562943,-4.96138721773561,1539.60574915041,3.32830526157481,4.07709011197075,-0.884297105769036,-229.863233584784,-1774.43036995293
1784.30847876569,1785.06325925613,1780.05387679726,-5.00938245887975,1549.59452699379,3.36353879490826,4.11831928535601,-0.891063173527334,-231.350412976987,-1785.95432242966
1795.77958518045,1796.54064126321,1791.49820078491,-5.04244047829024,1559.56273276187,3.38467849624092,4.1457345790089,-0.896705899286116,-232.832173922337,-1797.4373471625
1807.22636682345,1807.99402959003,1802.8891020175,-5.1049275725371,1569.4784811524,3.43749922747709,4.20516199406971,-0.899765578470468,-234.310386443562,-1808.8937951685
1818.79376975245,1819.56748616322,1814.42819971696,-5.13928644626239,1579.52941333692,3.45995372968811,4.23367014045119,-0.905616305810576,-235.804402685861,-1820.47310246904
1830.34917630042,1831.1295041572,1825.94107191877,-5.18843223844393,1589.55355646328,3.49900129489426,4.27932915167903,-0.90910308676332,-237.296618542256,-1832.03860724398
1841.93782339536,1842.72504212121,1837.5267084696,-5.19833365159785,1599.64974614665,3.49506514096828,4.28228386681286,-0.916049784785671,-238.793012107759,-1843.641091906
1853.48097292754,1854.27600228085,1849.05840220635,-5.21760007451117,1609.69741625817,3.50037945330119,4.29540880660565,-0.922191267902578,-240.283177216087,-1855.19819354876
1865.21186266658,1866.01462774728,1860.76550770195,-5.24912004534414,1619.89520081091,3.51869074919508,4.32145582989765,-0.927664215446597,-241.797971106497,-1866.94229196274
1877.01783332473,1877.82945339818,1872.55430149924,-5.27515189894292,1630.16763362457,3.52766469231444,4.33928476576761,-0.935867133174513,-243.322535007855,-1878.76532053137
1888.93419383665,1889.75480528569,1884.45017708926,-5.30462819641826,1640.53009763211,3.54261791570143,4.36322936473597,-0.941398831680815,-244.861478288848,-1890.69620411737
1901.0180702567,1901.84767202756,1896.50299947816,-5.34467254940226,1651.02926912748,3.5664669735139,4.39606874438403,-0.948603805020837,-246.422334155712,-1902.79627583259
1913.18097147191,1914.01960193309,1908.63557627424,-5.38402565884036,1661.59734358956,3.59026124545321,4.42889170661981,-0.955133952216025,-247.99336663692,-1914.97473588532
1925.45813250376,1926.30532704364,1920.86596286502,-5.43936417861122,1672.24746472519,3.63151280505337,4.47870734493557,-0.960656833677463,-249.579154973532,-1927.26598387732
1937.81212965967,1938.66737252833,1933.1942982845,-5.47307424381295,1682.98579746297,3.65165138830167,4.50689425695356,-0.966179986855882,-251.174680808396,-1939.63355251518
1950.06081703876,1950.92417201873,1945.40203930541,-5.52213271331583,1693.61676235923,3.68821346658473,4.55156844655849,-0.970564266758635,-252.755841212953,-1951.89473628549
1962.35004081672,1963.22097947312,1957.64984714999,-5.57113232313412,1704.28510308031,3.72286163697081,4.59380029338757,-0.977332029747234,-254.342076099429,-1964.19831150287
1974.70667423972,1975.58488603988,1969.97290506476,-5.61198097510979,1715.01629911325,3.75349086188653,4.63170266204692,-0.980278313061516,-255.936884264594,-1976.56516435294
1987.00522727128,1987.89098351271,1982.2556408487,-5.63534266399946,1725.71373015658,3.76798545945421,4.65374170087705,-0.981600963120825,-257.523511655252,-1988.87258447582
1999.42579128631,2000.31851835095,1994.65545724956,-5.66306110136881,1736.5117657558,3.78819994542176,4.68092701005067,-0.982134091318132,-259.125825585085,-2001.30065244225
2012.11219147373,2013.01037078125,2007.33485242105,-5.67551836018867,1747.55279493155,3.79638078733561,4.69456009486589,-0.980958265324817,-260.763015754834,-2013.99132904657
2024.7906283851,2025.69434240769,2020.00282418657,-5.69151822111521,1758.58787445705,3.80383979995901,4.70755382254493,-0.983964398572485,-262.398914128094,-2026.67830680626
2037.37706232886,2038.28718525284,2032.54955385981,-5.73763139301819,1769.51438180346,3.8405095119921,4.75063243596154,-0.986998957057214,-264.022171013407,-2039.27418420988
2050.12544627939,2051.04134619031,2045.31613113413,-5.72521505617981,1780.63941555234,3.81957760432843,4.73547751524753,-0.989737540936578,-265.666453122713,-2052.03108373122
2062.7713354708,2063.69372213215,2057.95452349325,-5.73919863889726,1791.64986945223,3.82478626257919,4.74717292392505,-0.992025714974509,-267.296679755984,-2064.68574784711
2075.44540148299,2076.3735493057,2070.58269506913,-5.79085423656488,1802.64946627706,3.86571725441601,4.79386507712599,-0.996989159438098,-268.930217951516,-2077.37053846513
2088.29339666069,2089.22575912409,2083.37948740637,-5.8462717177202,1813.79430300724,3.91255846901175,4.84492093241728,-1.00135078530529,-270.586535184427,-2090.22710990938
2101.31878219921,2102.25514237812,2096.36316910618,-5.89197327193272,1825.10338095794,3.94920079619018,4.88556097510164,-1.00641229682969,-272.266200445077,-2103.26155467494
2114.43832468912,2115.37800936109,2109.42658043568,-5.95142892540776,1836.47864966137,4.00158037631789,4.94126504830033,-1.01016387711088,-273.958094651406,-2116.38817323819
2127.56414324063,2128.50688111177,2122.52612274022,-5.98075837153994,1847.89186811066,4.0219213704567,4.96465924159312,-1.01609912994399,-275.650353759516,-2129.52298024171
2140.55239267097,2141.49886678425,2135.45795658531,-6.04091019894204,1859.15794103723,4.07040737178967,5.0168814850774,-1.02402871386543,-277.324044261939,-2142.52289549811
2153.55956193215,2154.51044133373,2148.43503061007,-6.07541072366427,1870.46910819637,4.09037240916216,5.04125181075687,-1.03415891291042,-279.000081326605,-2155.54460024663
2166.58766754169,2167.54403598888,2161.43523166011,-6.10880432877841,1881.80039519888,4.10849370151346,5.06486214871203,-1.04394218007072,-280.678778641282,-2168.58797816894
2179.61720753592,2180.58129400835,2174.44844504809,-6.13284896024011,1893.14573108977,4.11403320399991,5.07811967644183,-1.05472928380168,-282.357443242131,-2181.63602329215
2192.73245747156,2193.70472168244,2187.53653769878,-6.16818398366434,1904.54953737887,4.13587999374237,5.10814420465087,-1.06003977902026,-284.047040098937,-2194.76476146147
2205.8104437234,2206.79173805067,2200.61932849352,-6.17240955715567,1915.95707315378,4.12218317458118,5.10347750185787,-1.06893205529857,-285.731187395025,-2207.86067010597
2218.93792754818,2219.92886858753,2213.71825759437,-6.21061099316176,1927.37323775465,4.14318032973354,5.13412136910246,-1.07648962405617,-287.421509463779,-2221.0053582116
2232.26269745894,2233.26296735485,2227.03675256494,-6.22621478992794,1938.98196631794,4.14307034852777,5.14334024444854,-1.0828745454818,-289.137660792473,-2234.34584190035
2245.69805583757,2246.70719910178,2240.44463462872,-6.26256447305716,1950.66415641921,4.16597299127053,5.17511625548875,-1.08744821757046,-290.86792642709,-2247.79464731936
2259.16127178759,2260.17860696794,2253.85923222891,-6.31937473902929,1962.34684496543,4.21305893926149,5.2303941196151,-1.08898061941789,-292.601367882887,-2261.26758758736
2272.81937601228,2273.84414761857,2267.50576619189,-6.33838142668839,1974.23594150799,4.22303976293974,5.24781136925098,-1.09057005743855,-294.360394741337,-2274.93471767602
2286.57372766865,2287.60553322199,2281.19207223112,-6.41346099087137,1986.15318250393,4.28875712926975,5.32056268262104,-1.09289830824962,-296.131788035446,-2288.69843153024
2300.38722445325,2301.42594126789,2294.98299671784,-6.44294455003875,1998.1685571654,4.30791565282571,5.34663246747631,-1.0963120825658,-297.910751635023,-2302.52225335045
2314.24669423427,2315.29298457307,2308.82613241777,-6.4668521552969,2010.22785175099,4.32315022546528,5.36944056428273,-1.09741159101734,-299.695692257805,-2316.3903961641
2328.10020541704,2329.1544648174,2322.64080764012,-6.51365717728284,2022.26023998618,4.36054469182371,5.41480409218244,-1.09885308510241,-301.479420739038,-2330.2533179025
2341.99724750717,2343.05961398245,2336.51360013788,-6.54601384457497,2034.34624584208,4.38251005720422,5.44487653249165,-1.10113731208612,-303.268491607901,-2344.16075129455
2356.06934741485,2357.13924334988,2350.57287352842,-6.56636982146293,2046.59252639869,4.39645491690901,5.4663508519388,-1.10001896952099,-305.080366099267,-2358.23926231941
2370.10483672418,2371.18274495095,2364.57174085673,-6.61100409422339,2058.78582496024,4.43195325517872,5.50986148194393,-1.10114261227929,-306.887058508762,-2372.28388756324
2384.21700232398,2385.30241571405,2378.65569363316,-6.64672208091205,2071.05524896604,4.45835749946708,5.54377088953326,-1.10295119138037,-308.703395858486,-2386.40536690543
2398.38245215107,2399.47453664017,2392.794756908,-6.6797797321644,2083.37492645861,4.48124387442719,5.57332836351513,-1.10645136864531,-310.526281818039,-2400.58098800882
2412.72081630371,2413.81885480323,2407.10869116977,-6.71016363346378,2095.84686697213,4.50240609023935,5.60044458976925,-1.10971904369504,-312.371543241333,-2414.92857384695
2427.08610106333,2428.19044186188,2421.44604141364,-6.74440044826143,2108.34033150084,4.52579361079403,5.63013440935904,-1.11426603889991,-314.219975951691,-2429.30470790079
2441.6518571197,2442.76142983611,2436.00763616381,-6.75379367230473,2121.03057247596,4.52679464272454,5.63636735913822,-1.117426313167,-316.094490001016,-2443.87885614928
2456.24281703186,2457.35710295885,2450.5594958367,-6.79760712216121,2133.70582501716,4.56520335701072,5.67948928402233,-1.11811783813625,-317.971788657676,-2458.47522079701
2470.97932123459,2472.0981885705,2465.27458331043,-6.82360526006506,2146.52655077874,4.58471542637806,5.7035827623006,-1.12002249776552,-319.868055029465,-2473.21821106828
2485.72185070497,2486.84528013588,2480.00171513462,-6.84356500126763,2159.35922879699,4.59779415367917,5.7212235845914,-1.12234141667133,-321.764827754286,-2487.96762155256
2500.38784133075,2501.51615756409,2494.63711195896,-6.87904560512741,2172.11325930484,4.62351240738421,5.75182864071969,-1.12721696440941,-323.65106961853,-2502.6433745285
2515.1653780202,2516.29859439545,2509.36777475397,-6.9308196414978,2184.94815553601,4.66518724981113,5.79840362508464,-1.13241601641098,-325.552035234363,-2517.43101041187
2530.00214685015,2531.14047005453,2524.15235604452,-6.98811401001384,2197.82566266804,4.71595100622638,5.85427421061897,-1.13383979939527,-327.460533175871,-2532.27430985393
2544.78318184819,2545.92714024081,2538.88811388661,-7.03902635420424,2210.66067687646,4.76126142070367,5.9052198133256,-1.13380654087739,-329.361243551027,-2547.0609467817
2559.5969762412,2560.74664033517,2553.6505583744,-7.09608196078737,2223.5197816608,4.81158234635297,5.96124644033938,-1.13483552044629,-331.265612234039,-2561.88147585563
2574.57016893068,2575.72416776061,2568.62723186374,-7.09693589689168,2236.56878215066,4.81066415390488,5.96466298386235,-1.13227291302879,-333.190722626112,-2576.85644067367
2589.71854000719,2590.87508487784,2583.74272085468,-7.13236402317726,2249.73694729817,4.84310027427573,5.99964514494627,-1.13271887823172,-335.138492434745,-2592.00780375609
2604.97103812861,2606.12965316199,2598.95098125537,-7.17867190661443,2262.98717595625,4.8841556639821,6.04277069736869,-1.13590120924483,-337.099706508365,-2607.26555437124
2620.40670193358,2621.56672540877,2614.35021453838,-7.21651087040039,2276.40551744182,4.91634503508039,6.07636851029422,-1.14014236010888,-339.084839456659,-2622.70686776888
2635.96292524893,2637.12368144962,2629.87153528266,-7.25214616696369,2289.92818410791,4.9493205338912,6.11007673460452,-1.142069432356,-341.085420607119,-2638.265750882
2651.70846857938,2652.86861922631,2645.53212629619,-7.33649293012805,2303.56905231973,5.02858482968242,6.18873547661988,-1.1477574535093,-343.110831429967,-2654.01637667983
2667.4702666001,2668.62966397911,2661.22201893543,-7.40764504367834,2317.2387407306,5.09333646215274,6.2527338411652,-1.15491120251546,-345.138189407348,-2669.78457518162
2683.41410194552,2684.57238595909,2677.10196125697,-7.47042470212884,2331.07711656019,5.14751339381229,6.30579740740167,-1.16462729473221,-347.189471991517,-2685.73701325384
2699.39127052348,2700.54843777323,2693.01412071618,-7.53431705705119,2344.93844349016,5.2079033145934,6.36507056435931,-1.16924649269324,-349.244923718714,-2701.71768426594
2715.37089227968,2716.52773695963,2708.91773396877,-7.61000299084979,2358.79315834403,5.27725178557851,6.43409646551957,-1.17590652533526,-351.300482150087,-2717.70364348496
2731.49152911541,2732.64739615951,2724.98976725527,-7.65762890423928,2372.79929094037,5.31768999685306,6.47355704094927,-1.18407186328905,-353.374548178181,-2733.8314680228
2747.91934332312,2749.07339716174,2741.37421969834,-7.69917746338997,2387.07971540716,5.35036911105747,6.50442294967999,-1.19475451371058,-355.489258804906,-2750.26815167544
2764.45702178631,2765.61020815768,2757.8872308895,-7.72297726816015,2401.4712892564,5.36737263736028,6.52055900873342,-1.20241825942821,-357.618359892554,-2766.81262641712
2781.10123891121,2782.25453712056,2774.46410055372,-7.79043656685323,2415.91519315665,5.42446506912327,6.57776327847293,-1.21267328837609,-359.761580685434,-2783.46721040894
2797.74761043611,2798.90208616466,2791.08685865113,-7.81522751353661,2430.40441949382,5.43844209069083,6.59291781923759,-1.2223096942989,-361.904748851606,-2800.12439585895
2814.47747634442,2815.6334887572,2807.77670905416,-7.85677970304298,2444.94995062848,5.46896832056146,6.62498073334439,-1.23179896969406,-364.058557395378,-2816.8652877269
2831.25344178082,2832.41208032321,2824.54397885119,-7.86810147202147,2459.56991812356,5.46532049554472,6.6239590379261,-1.24414243409311,-366.218203161726,-2833.6562227573
2848.15283850049,2849.31490567032,2841.39584824773,-7.91905742259257,2474.25943753717,5.49922559483619,6.6612927646746,-1.25776465791762,-368.394175368496,-2850.57267032824
2865.23390138831,2866.39979351445,2858.4448436469,-7.9549498675582,2489.1242225698,5.51572686423067,6.68161899036211,-1.27333087719298,-370.593951954291,-2867.67312439163
2882.38541815704,2883.55581944402,2875.5428390019,-8.01298044213682,2504.02703439321,5.55586232548459,6.72626361246312,-1.2867168296694,-372.802521438337,-2884.84253627368
2899.53350626652,2900.70941292472,2892.64208796995,-8.0673249547616,2518.93216611469,5.59105540637558,6.76696206456854,-1.30036289018768,-375.010284745462,-2902.00977581491
2916.5735379423,2917.75616106221,2909.60415525167,-8.15200581054145,2533.71360346093,5.65664967332474,6.83927279322605,-1.31273301731359,-377.203284808049,-2919.0688940795
2933.57484664842,2934.76589429246,2926.56585715548,-8.20003713698324,2548.50163724805,5.68227267462595,6.87332031869117,-1.32671681829184,-379.390936725722,-2936.09261111075
2950.56868898995,2951.76922782185,2943.52460418423,-8.24462363763228,2563.28533600094,5.70604229420603,6.90658112612394,-1.3380425115046,-381.577310694787,-2953.10727033337
2967.30084513041,2968.51355832636,2960.23930136918,-8.2742569572019,2577.85998423517,5.71225528012195,6.92496847609345,-1.34928848111298,-383.728605615113,-2969.86284680748
2984.12280422565,2985.34838743916,2977.04772891462,-8.30065852454596,2592.51877835752,5.71242747271585,6.93801068622499,-1.36264783831854,-385.891598395422,-2986.71103527748
3001.04614317059,3002.28667287408,2993.96362513253,-8.32304774154428,2607.27377823298,5.7044422718464,6.94497197533027,-1.37807576621435,-388.067922665751,-3003.66474864028
3017.83051093405,3019.08853228825,3010.7383776959,-8.35015459235444,2621.90274022421,5.70247896978113,6.96050032398335,-1.389654268369,-390.225291740063,-3020.47818655661
3034.65533429755,3035.93262791564,3027.55446185478,-8.37816606087697,2636.56989013604,5.6977963024801,6.97508992057405,-1.40307614030009,-392.387647859035,-3037.33570405594
3051.46491816663,3052.76218374365,3044.35496171268,-8.40722203097318,2651.22219542616,5.69563979645141,6.99290537349262,-1.41431665748056,-394.547082944006,-3054.17650040113
3068.29594793039,3069.61370190386,3061.17557103012,-8.43813087374157,2665.89417323111,5.6931846826998,7.01093865617901,-1.42719221756788,-396.708590016581,-3071.04089412143
3085.17885226898,3086.51669898366,3078.02842803449,-8.48827094915672,2680.58970055773,5.7129238971495,7.05077061184231,-1.43750033731153,-398.87622781409,-3087.95419932098
3102.24928828964,3103.60597698736,3095.07028993263,-8.53568705474564,2695.44784198861,5.73320371028447,7.08989240800877,-1.44579464673336,-401.06824259075,-3105.05177163409
3119.34266419806,3120.71741401459,3112.08811120056,-8.62930281404012,2710.28065649684,5.79965498985019,7.17440480638924,-1.45489800765303,-403.262352711373,-3122.17231202226
3136.38612187009,3137.77858976234,3129.08964660463,-8.68894315772527,2725.1017855269,5.83512516140162,7.22759305365816,-1.46135010406534,-405.449211181781,-3139.23993986642
3153.45166661096,3154.86170589749,3146.11724048621,-8.74446541128904,2739.94535780039,5.86804426852089,7.27808355505327,-1.46638185622811,-407.638264542037,-3156.32808775371
3170.39244427619,3171.82147449606,3163.0172540933,-8.80422040277303,2754.67904819606,5.90319910403106,7.3322293239025,-1.47199107886872,-409.810196976107,-3173.29346557495
3187.48291576221,3188.93037323593,3180.06879227789,-8.86158095803514,2769.54007464028,5.9413897946662,7.3888472683794,-1.47273368964042,-412.001451327255,-3190.40310692557
3204.53075821248,3205.99687617335,3197.09921513286,-8.89766104052032,2784.38598791455,5.9583764833109,7.42449444420193,-1.47316659631997,-414.186393814606,-3207.47004276969
3221.78347148917,3223.26692282841,3214.35178506632,-8.91513776210046,2799.42692842197,5.95870827691086,7.4421596161525,-1.47297814593507,-416.397834790294,-3224.73990097435
3239.16281222359,3240.66367783073,3231.72995208056,-8.93372575018472,2814.57781942527,5.95925170301249,7.46011731017205,-1.47360844001596,-418.6257410953,-3242.13728627076
3256.46765925693,3257.98570748117,3249.03297903419,-8.95272844697367,2829.66127791559,5.96343418096725,7.48148240521388,-1.47124604175212,-420.842947160366,-3259.45695352294
3273.77220626429,3275.30729521671,3266.31128644336,-8.99600877335531,2844.72220818042,5.99032236895391,7.52541132139347,-1.4705974519537,-423.059675714888,-3276.77789266868
3291.150644343,3292.70236981523,3283.6935000927,-9.00886972252896,2859.87617520297,5.9889413190782,7.54066679129376,-1.46820293123732,-425.28552782096,-3294.17057274646
3308.44160866567,3310.00936394653,3300.9571189695,-9.05224497702648,2874.91816522851,6.02430079836637,7.59205607922754,-1.46018889779926,-427.4991426388,-3311.46955284433
3325.81284055869,3327.39550707156,3318.28441871235,-9.11108835922178,2890.01658324985,6.07350527359933,7.65617178648686,-1.45491657273249,-429.722752035229,-3328.8504236443
3343.37986510822,3344.97448813502,3335.81459732887,-9.15989080616684,2905.29074696685,6.1175269326827,7.71214995949517,-1.44774084666946,-431.971591208673,-3346.42222898169
3361.09910559489,3362.7037821551,3353.50342814813,-9.20035400699731,2920.70495440443,6.15422427126975,7.75890083150735,-1.44145317548959,-434.239926919173,-3364.14523533061
3378.88357222198,3380.49736840566,3371.22082240384,-9.27654600183889,2936.14095622753,6.2262748811792,7.84007106490087,-1.43647493694188,-436.516341113251,-3381.93384334262
3396.83848809833,3398.46098214,3389.12355193135,-9.33743020864917,2951.73991184106,6.28367821058277,7.90617225226807,-1.43125795637845,-438.81489804666,-3399.89224009638
3414.92405142813,3416.55347050999,3407.14449247089,-9.40897803909293,2967.43460650847,6.35913616162634,7.98855524348386,-1.4204227956063,-441.130308758033,-3417.97389330559
3433.07576005972,3434.71117279636,3425.22548802531,-9.48568477105624,2983.18508194607,6.43653885728025,8.07195159392925,-1.41373317712462,-443.454139256365,-3436.1249059735
3451.1942675046,3452.83622382494,3443.31237183176,-9.52385199318154,2998.94427024846,6.47679371294766,8.11875003332112,-1.40510195985742,-445.773203543148,-3454.24132578481
3469.37555798619,3471.02290265152,3461.48772606705,-9.53517658448154,3014.78289725848,6.49258237525407,8.13992704058123,-1.39524954389844,-448.100078352438,-3472.41815219541
3487.59089912292,3489.24302440166,3479.68835525213,-9.55466914952964,3030.64420869413,6.51570422063171,8.16782949937384,-1.38683965015501,-450.43098620815,-3490.62986405182
3505.7450633275,3507.40131154113,3497.79216399012,-9.60914755101493,3046.41981073368,6.57223966947089,8.22848788310787,-1.38065966790129,-452.75301292435,-3508.78197120904
3523.90951075402,3525.56915296494,3515.91076246238,-9.65839050255672,3062.21046109291,6.62335950861942,8.28300171954464,-1.3753887830122,-455.075690152483,-3526.94454174796
3542.18684138033,3543.847621768,3534.11772817819,-9.7298935898066,3078.07337204673,6.70117417038296,8.36195455805751,-1.36793903174841,-457.412295163219,-3545.21556079976
3560.44577192464,3562.10600527594,3552.31081648097,-9.79518879496649,3093.9249380679,6.77505283299933,8.43528618429361,-1.35990261067429,-459.745781023734,-3563.46590788662
3578.79381143389,3580.45201412665,3570.60213970394,-9.84987442269304,3109.8655303923,6.83776110466828,8.49596379741049,-1.35391062528414,-462.090519936922,-3581.80592475191
3597.24867774755,3598.90312150554,3589.02702212741,-9.87609937811883,3125.93034402225,6.8693362543096,8.52378001228797,-1.35231936583522,-464.448997471021,-3600.25544087138
3615.80813261027,3617.45689191174,3607.56901613453,-9.88787577719833,3142.09968851752,6.88761677643971,8.53637607791642,-1.35149969928315,-466.820827316322,-3618.80839161103
3634.23498795887,3635.87875503462,3625.94136289201,-9.93739214261381,3158.12308432113,6.93696721897377,8.58073429472392,-1.35665784789357,-469.174936418766,-3637.23541288251
3652.53677877616,3654.17723167166,3644.18530177908,-9.9919298925792,3174.04055066185,6.98408099776858,8.62453389325574,-1.36739599932324,-471.512147116544,-3655.54462767099
3670.98609681216,3672.62389779887,3662.59724870849,-10.0266490903879,3190.10583887999,7.01128279556841,8.6490837822749,-1.37756530811412,-473.868975136623,-3674.00146310699
3689.5981320747,3691.23401459539,3681.12694175283,-10.1070728425665,3206.26830420143,7.08272952269783,8.71861204336968,-1.38846079919668,-476.247098350595,-3692.6224753946
3708.21534600127,3709.85094135867,3699.68266855729,-10.1682728013828,3222.45861513177,7.13077197707472,8.76636733447301,-1.40190546691261,-478.625958892429,-3711.25284682559
3726.84298401824,3728.48013093527,3718.27086388729,-10.209267047978,3238.68484341287,7.15196950067639,8.78911641770198,-1.4201506302722,-481.006171104708,-3729.90028156554
3745.34756001397,3746.98914731485,3736.74869260213,-10.2404547127022,3254.81917713425,7.15812430908576,8.7997116099648,-1.44074310273732,-483.370258570633,-3748.4298904176
3763.62995020637,3765.27883501271,3754.97315245,-10.3056825627083,3270.72942225157,7.19596308356027,8.84484788990117,-1.46083467281092,-485.704564871238,-3766.73966968552
3782.17215499319,3783.82860513836,3773.52726046976,-10.3013446685795,3286.93458539722,7.16434110193314,8.82079124709184,-1.48055342148285,-488.073228494022,-3785.30915855983
3800.71426904666,3802.379894368,3792.03769103803,-10.3422033299557,3303.0962781934,7.17638034936671,8.84200567071665,-1.50019765924215,-490.441610503877,-3803.88009202723
3819.43949158587,3821.11468316362,3810.74929678995,-10.365386373687,3319.42772640227,7.17779415205609,8.85298572979986,-1.51240064388601,-492.83397103155,-3822.6270838075
3837.92041063185,3839.60797233459,3829.20670898015,-10.4012633544351,3335.53673151188,7.1902396895,8.87780139224936,-1.52346196218482,-495.193439430466,-3841.13143429677
3856.36337134179,3858.06525688359,3847.65577131285,-10.4094855707283,3351.6438321881,7.17217066812772,8.87405620992525,-1.5354293608049,-497.547368485548,-3859.60068624438
3874.75473011805,3876.47210526825,3866.03378608326,-10.4383191849925,3367.68943778907,7.17163884098358,8.88901399118999,-1.54930519379732,-499.893653487984,-3878.02141046205
3893.31415720499,3895.04925618489,3884.59080093629,-10.4584552485967,3383.89345336745,7.15850494279962,8.89360392270804,-1.56485132588899,-502.262198894739,-3896.61410751078
3911.91871153262,3913.67335771323,3903.18799002474,-10.4853676884788,3400.1289198431,7.15329255434604,8.90793873497038,-1.57742895351463,-504.636499135177,-3915.25078666675
3930.46696831246,3932.24311909326,3921.69299822414,-10.5501208691197,3416.28007595343,7.18370266745059,8.95985344824321,-1.59026742087151,-507.003189691569,-3933.83338651413
3948.99032049032,3950.79029434325,3940.1697642162,-10.6205301270406,3432.40597963145,7.21820787582126,9.01818172875484,-1.60234839828374,-509.366132983041,-3952.39264274153
3967.70036881332,3969.52581296501,3958.85733933261,-10.6684736323998,3448.71040536066,7.23658917870543,9.06203333038495,-1.60644030201758,-511.753374273967,-3971.13225326703
3986.5840493234,3988.43531689104,3977.71533219596,-10.7199846950877,3465.1586292615,7.26225475893303,9.11352232659228,-1.60646236849432,-514.163165302969,-3990.04177925954
4005.612726836,4007.48977245648,3996.70076838516,-10.7890040713251,3481.71629733991,7.30487107841703,9.18191669890689,-1.60708737242184,-516.591558417673,-4009.09685982891
4024.72316019081,4026.62522895577,4015.80609720741,-10.8191317483474,3498.37541534569,7.31758161900661,9.21965038394705,-1.59948136439981,-519.030163226115,-4028.22471032016
4043.89868093116,4045.82343091694,4034.9545894069,-10.8688415100373,3515.06562933828,7.35668424821203,9.28143423399503,-1.58740727604459,-521.476367344655,-4047.41083819298
4063.18747491312,4065.13201812963,4054.20188399293,-10.9301341367025,3531.84712456583,7.40380017205609,9.34834338856358,-1.5817907481367,-523.936550175239,-4066.71380887777
4082.48439537102,4084.44735068744,4073.43226058155,-11.0150901058831,3548.61560025239,7.4718561738791,9.43481149029306,-1.58027861559108,-526.396938944741,-4086.02762930301
4101.75831661497,4103.73863349712,4092.61429083269,-11.1243426644301,3565.3362570946,7.56896212639376,9.54927900856052,-1.57506365587562,-528.853097393961,-4105.31369715299
4121.08583531745,4123.08252720515,4111.93965914095,-11.142868064187,3582.19395513994,7.57635058077601,9.57304246845373,-1.56982559573204,-531.315529596754,-4124.65235280087
4140.31344527336,4142.32794146751,4131.16428031935,-11.1636611481566,3598.9675402479,7.58176344410431,9.59625963825564,-1.56740150990148,-533.764141581358,-4143.89534297741
4159.62840866431,4161.6595279586,4150.45549156493,-11.2040363936833,3615.78897793113,7.61582264340127,9.64694193768563,-1.55709445600063,-536.223608089787,-4163.21662241459
4178.64895768596,4180.69703347974,4169.48435214169,-11.2126813380449,3632.38778151829,7.61825147435925,9.66632726814146,-1.54635406989995,-538.642924693305,-4182.24338754964
4197.76791090877,4199.83052821387,4188.62535733485,-11.2051708790073,3649.08910231101,7.6044598354158,9.66707714052036,-1.53809373849185,-541.074348762344,-4201.36862195236
4217.11631680541,4219.19202216208,4207.9138738967,-11.2781482653878,3665.90570793165,7.6750464953605,9.75075185204,-1.52739641334535,-543.535562378403,-4220.71941857544
4236.48339247642,4238.57056341569,4227.25200795287,-11.3185554628294,3682.76947081569,7.71546510363126,9.80263604291349,-1.51591941992349,-545.998456557099,-4240.08648283562
4255.90997055815,4258.00718891232,4246.63322208428,-11.3739668280609,3699.67272667277,7.76866445363254,9.86588280782419,-1.50808402023525,-548.468579431739,-4259.51527293256
4275.33763407587,4277.44389470294,4265.96969282393,-11.4742018790169,3716.53073331204,7.86869349219701,9.97495411928228,-1.49924775972791,-550.938207271637,-4278.94314246268
4294.97832133612,4297.09330726378,4285.59751119645,-11.4957960673293,3733.66002428712,7.88231382728735,9.99729975496362,-1.49849631236794,-553.435983221702,-4298.59180357615
4314.70351855783,4316.82619733023,4305.23040347977,-11.5957938504502,3750.78227511841,7.9769688865286,10.0996476589287,-1.49614619151952,-555.944274552886,-4318.32234352175
4334.38965170605,4336.51884105464,4324.90336385905,-11.6154771955974,3767.95335812018,7.98953592657069,10.1187252751608,-1.49675192044115,-558.446757659309,-4338.01559297508
4354.10446311334,4356.24009556748,4344.55561998594,-11.6844755815338,3785.10241042008,8.04957432116552,10.1852067753137,-1.49926880622225,-560.952478372086,-4357.7393643737
4373.83571638499,4375.97746271375,4364.22312815583,-11.7543345579363,3802.26149737264,8.11472509253003,10.2564714213094,-1.49786313663104,-563.459493919813,-4377.47532585038
4393.72679936068,4395.87189411638,4383.98656825206,-11.8853258643278,3819.49213756283,8.24797404927575,10.3930688049745,-1.49225705935107,-565.986687748583,-4397.36415117573
4413.67040315776,4415.81720753029,4403.89180800208,-11.9253995282292,3836.85711992406,8.29316812506818,10.4399724975989,-1.48542703062692,-568.52011510864,-4417.30263456092
4433.63309149911,4435.77879798999,4423.71946135745,-12.0593366325466,3854.13466853044,8.44293014281198,10.5886366337104,-1.4706999988316,-571.055492825855,-4437.24949798883
4453.56192423437,4455.70430208141,4443.59506834401,-12.1092337374054,3871.47421684753,8.50187348303285,10.6442513300839,-1.46498240732594,-573.585833903819,-4457.16928448874
4473.32638211408,4475.46482860455,4463.3371630317,-12.1276655728568,3888.70643720094,8.52609073173027,10.6645372221955,-1.46312835066153,-576.093854181413,-4476.92795695521
4493.18513718266,4495.31924491789,4483.15543080633,-12.1638141115544,3906.00380830708,8.56717013220906,10.7012778674542,-1.46253624410639,-578.614158743365,-4496.78178116199
4513.10659367217,4515.23680274741,4503.02485191044,-12.2119508369718,3923.34530216812,8.61870484946312,10.7489139247209,-1.46303691225481,-581.142586654586,-4516.69983965968
4533.39048337389,4535.51542830763,4523.2482298436,-12.2671984640442,3940.99823550513,8.67333768339433,10.7982826171557,-1.46891584689684,-583.718910185361,-4536.98434415454
4553.78188520247,4555.90229797818,4543.56204482598,-12.3402531522177,3958.723995188,8.74876779925207,10.8691805749836,-1.47107257723704,-586.309122215212,-4557.37337055543
4574.36360980292,4576.47908964402,4564.0862956767,-12.3927939673321,3976.63779980334,8.80154251181806,10.9170223529234,-1.47577161441164,-588.924267487764,-4577.95486125844
4595.11229568499,4597.22406250316,4584.74392951531,-12.4801329878546,3994.66979071429,8.88095562857014,10.9927224467466,-1.48741054111,-591.561549342125,-4598.71147304427
4616.0908173353,4618.19783238365,4605.67322760734,-12.5246047763121,4012.93625090107,8.92562090679374,11.0326359551326,-1.49196882117944,-594.228945527441,-4619.68980120483
4637.2675143873,4639.36882523796,4626.72354051028,-12.6452847276854,4031.29875886922,9.04615908585429,11.1474699365051,-1.49781479118162,-596.922596432239,-4640.86664002914
4658.43655129721,4660.53217477105,4647.77544269851,-12.7567320725456,4049.6654693987,9.1562014277702,11.2518249016211,-1.50490717092765,-599.614880470729,-4662.03708194198
4679.50019710717,4681.59081487864,4668.71609745624,-12.8747174223977,4067.93766050718,9.26954493013213,11.360162701605,-1.51455472079463,-602.292991669856,-4683.10536959945
4700.73222790008,4702.81798577242,4689.91694945174,-12.9010363206826,4086.4531587693,9.28577527131047,11.3715331436665,-1.52950317701719,-604.993293859469,-4704.34748894945
4721.87375578567,4723.9557929815,4710.97944468654,-12.9763482949469,4104.84062990645,9.35196664344632,11.4340038392693,-1.54234445567738,-607.681159235769,-4725.49813743717
4743.26071495648,4745.3389602744,4732.34579761029,-12.9931626641172,4123.50493475997,9.35458906241022,11.4328343803518,-1.56032828376986,-610.401191134085,-4746.89928855818
4764.60936732615,4766.68682517234,4753.65982023038,-13.027004941965,4142.12612647246,9.36721099891874,11.4446688451222,-1.58233609684744,-613.116029854752,-4768.26916126918
4785.86935238977,4787.94892703291,4774.91533879483,-13.0335882380648,4160.70252198372,9.34776359531156,11.4273382384537,-1.60624999960883,-615.819066810732,-4789.55517703251
4807.08424265797,4809.16882668227,4796.12946358249,-13.0393630997779,4179.24175179235,9.32644488402216,11.4110289083294,-1.6283341914495,-618.516045981577,-4810.79716087371
4828.21887382251,4830.30992779523,4817.27445764797,-13.035470147248,4197.72152547823,9.29556410642412,11.3866180791343,-1.64885206811177,-621.201784237863,-4831.95877986333
4849.44806330318,4851.54725983485,4838.48201756688,-13.0652422679712,4216.25327018744,9.29537304658402,11.394569578266,-1.67067268970346,-623.899420069159,-4853.21793252456
4870.71336687313,4872.82239150556,4859.69659340253,-13.1257981030134,4234.78480544059,9.32706837831074,11.4360930107523,-1.68970509225978,-626.60149305421,-4874.51209659782
4892.1522845374,4894.27390585283,4881.06526924212,-13.208636610714,4253.45118155318,9.37472960906329,11.4963509245052,-1.71228568621111,-629.326373375135,-4895.98619153903
4913.49711089783,4915.63456701449,4902.33661878446,-13.2979482300283,4272.0281538468,9.4306059901818,11.5680621068443,-1.72988612317625,-632.038351060854,-4917.36445313767
4934.5549975332,4936.71324053517,4923.38183158402,-13.3314089511437,4290.42377760159,9.41942609307099,11.577669095042,-1.75373985609941,-634.711793838538,-4938.46698039126
4955.50771269129,4957.68913886682,4944.29206685439,-13.39707201244,4308.68980079111,9.44767277342592,11.6290989489487,-1.76797306348383,-637.370239126754,-4959.45711193031
4976.29189144932,4978.49894958119,4965.04259577394,-13.4563538072402,4326.81546493251,9.47087065432179,11.6779287861812,-1.77842502105226,-640.005555862477,-4980.27737460221
4997.08372842696,4999.31745744427,4985.78133488879,-13.5361225554715,4344.92530321106,9.51697126753002,11.7507002848468,-1.78542227062023,-642.641453948351,-5001.10287971487
5018.05873183718,5020.31862898777,5006.70632202671,-13.6123069610585,4363.19695754705,9.56085682370751,11.8207539742881,-1.79155298677042,-645.300917466416,-5022.11018197454
5039.18468420249,5041.46905901339,5027.84378742947,-13.6252715839102,4381.65128091365,9.55408229487983,11.8384571057758,-1.78681447812656,-647.979320993946,-5043.25587349151
5060.37819673858,5062.6857103493,5048.99981642715,-13.6858939221523,4400.12021343885,9.59252965811853,11.9000432688161,-1.78585065332836,-650.66545364162,-5064.47156100262
5081.68163237149,5084.01001769687,5070.28192698206,-13.7280907148107,4418.7016662298,9.61469435892263,11.9430796843066,-1.78501103050177,-653.365271782755,-5085.79502872737
5102.98693878069,5105.33521949814,5091.53790225284,-13.7973172453041,4437.25891918587,9.66359847614114,12.0118791936016,-1.78543805170001,-656.064421118663,-5107.12065754983
5124.39264351953,5126.75795053039,5112.88552833568,-13.8724221946983,4455.89095233627,9.72576297333996,12.09106998419,-1.78135221050392,-658.775928209927,-5128.53930274089
5145.63819868736,5148.01810691694,5134.08883182366,-13.9292750932807,4474.40384385896,9.76928841757493,12.1491966471599,-1.78007844611729,-661.46506641081,-5149.79818536304
5167.10091958195,5169.49285844365,5155.49103903144,-14.0018194122006,4493.08049262783,9.83826743308577,12.2302062947754,-1.77161311742124,-664.182159521032,-5171.26447156106
5188.63274987872,5191.03572338343,5176.97111527407,-14.0646081093546,4511.82844222839,9.8967165253365,12.2996900300509,-1.7649180793117,-666.90759112501,-5192.80064146275
5210.36387094979,5212.77647243617,5198.67723785356,-14.0992345826098,4530.77606520096,9.92900243203452,12.3416039184238,-1.75763066418492,-669.6588033168,-5214.53410310038
5231.89084231229,5234.31357640595,5220.1268128347,-14.1867635712561,4549.49329242576,10.0148926047688,12.4376266984413,-1.74913687281733,-672.382657281756,-5236.06271327877
5253.16990081862,5255.60542303609,5241.35141481275,-14.254008223351,4568.0267355414,10.069556245254,12.5050784627408,-1.74892976060754,-675.073609031963,-5257.35435279671
5274.48087508542,5276.93017891512,5262.63740107706,-14.2927778380734,4586.61330376681,10.0993763414685,12.5486801711739,-1.74409766689333,-677.768194977157,-5278.67427658203
5296.24218066357,5298.70229245616,5284.35429082914,-14.3480016270251,4605.5661785814,10.1540744970854,12.6141862896862,-1.73381533733813,-680.521927585081,-5300.43610779351
5318.30051674883,5320.77074073981,5306.38908327843,-14.3816574613965,4624.80427367017,10.1816350925389,12.6518590835315,-1.72979837786194,-683.314607986129,-5322.50053911769
5340.48574424463,5342.96566647386,5328.53038927948,-14.4352771943778,4644.13111903503,10.231037796048,12.7109600252919,-1.72431716908862,-686.12358741354,-5344.68998364295
5362.70846535337,5365.19728358857,5350.63722717255,-14.5600564160143,4663.42448675346,10.3470088420992,12.835827077295,-1.7242293387177,-688.936969757822,-5366.92151292729
5385.48796557571,5387.9843953757,5373.36482267665,-14.6195726990567,4683.26706677606,10.396721842294,12.8931516422916,-1.72642105676388,-691.824176957353,-5389.71081643245
5408.95794547786,5411.45768540332,5396.74304313508,-14.7146422682581,4703.66220725405,10.4931349604806,12.9928748859529,-1.72176738230664,-694.802603263333,-5413.17945278563
5432.57827530583,5435.07816709436,5420.29595895549,-14.7822081388707,4724.21293035848,10.5650779321347,13.0649697206787,-1.71723841818885,-697.800267015218,-5436.79540551257
5456.0534627403,5458.5519693183,5443.67329770123,-14.8786716170699,4744.61391251771,10.661677088629,13.1601836666369,-1.71848795042994,-700.777873133955,-5460.27045726874
5479.62945042663,5482.12717231288,5467.15217767247,-14.9749946404117,4765.10525081568,10.755445550036,13.253167436283,-1.72182720412674,-703.768754060933,-5483.84899951701
5503.53547054526,5506.0295293935,5490.91352488061,-15.1160045129027,4785.82761213463,10.9048682924011,13.3989271406339,-1.71707737226939,-706.802990118245,-5507.74660676576
5527.47937452235,5529.96897817032,5514.76143991562,-15.2075382547,4806.63939689037,10.9982145466648,13.4878181946334,-1.71972006006756,-709.841763085316,-5531.68869823037
5551.45147657612,5553.93694979212,5538.68410436376,-15.2528454283583,4827.52413896076,11.0434028412133,13.528876057216,-1.72396937113996,-712.883934774162,-5555.66091916327
5575.70231435098,5578.18394355324,5562.90641318288,-15.2775303703675,4848.66684136084,11.0724966851338,13.5541258873984,-1.72340448297523,-715.962976305023,-5579.90734803622
5599.45080473674,5601.93256289299,5586.56090510928,-15.3716577837363,4869.30915325534,11.1664726181875,13.6482307744517,-1.72342700928434,-718.975178863216,-5603.65598990228
5623.39256245923,5625.87511452801,5610.44983060206,-15.4252839259628,4890.16109468566,11.2186111199287,13.7011631887141,-1.7241207372485,-722.012856653645,-5627.59923526526
5647.34933150709,5649.83460376525,5634.39509847931,-15.4395052859498,4911.07416860482,11.2227431450761,13.7080154032569,-1.73148988269268,-725.052419757195,-5651.56609364794
5671.36487345387,5673.85470375044,5658.40822488447,-15.4464788659711,4932.05279976129,11.2128754209644,13.7027057175383,-1.74377314843291,-728.099198271604,-5675.59847689888
5695.22714142901,5697.72428200385,5682.22362998299,-15.5006520208711,4952.85816307684,11.2436139422914,13.7407545171374,-1.75989750373486,-731.125364409889,-5699.48417950759
5718.96471321052,5721.47106847069,5705.8854255138,-15.5856429568873,4973.52476299701,11.3054471334476,13.8118023936156,-1.77384056327312,-734.134503080062,-5723.24490903396
5742.59516808194,5745.11178120327,5729.44494181934,-15.6668393839235,4994.10565323842,11.360714282035,13.8773274033469,-1.78951198057601,-737.128800561506,-5746.90129318384
5766.10958520602,5768.63636799252,5752.8775730519,-15.7587949406174,5014.57614571561,11.426566707312,13.9533494938205,-1.80544544679809,-740.106872783081,-5770.44181343932
5789.35800710764,5791.89509291639,5776.03615774145,-15.8589351749425,5034.81367494027,11.4953198469782,14.0324056557358,-1.8265295192056,-743.049012320379,-5793.7216224356
5812.53205497954,5815.0814333661,5799.13670687297,-15.9447264931281,5055.00716533446,11.5438288455436,14.0932072321161,-1.85151926101096,-745.981060799513,-5816.9329526271
5836.02644112163,5838.58809803081,5822.64040923248,-15.9476887983317,5075.55514650848,11.5155548362973,14.0772117454874,-1.87047705285089,-748.955739776846,-5840.45857508366
5859.70515946494,5862.28004688735,5846.27307616747,-16.0069707198547,5096.21245327672,11.5379412704174,14.112828692827,-1.89414202702217,-751.954764917791,-5864.17418891438
5883.44652160476,5886.03675426493,5869.99649831471,-16.0402559502321,5116.94938538827,11.5353212101992,14.1255538703831,-1.91470207985191,-754.961815006286,-5887.95145634478
5906.92003176929,5909.52970069898,5893.45847294206,-16.0712277569257,5137.45610161141,11.5311759464898,14.1408448761992,-1.93038288072526,-757.93275421137,-5911.46008357971
5930.28985343623,5932.92290743948,5916.87455414793,-16.0483532915481,5157.93272261092,11.4671852476768,14.1002392509356,-1.94811404061882,-760.889945577639,-5934.87102148011
5953.52883559109,5956.18928638985,5940.09820667977,-16.0910797100759,5178.23281165653,11.4667532093043,14.1272040080767,-1.9638757019983,-763.829270725248,-5958.15316209187
5976.67875447776,5979.36864926724,5963.34608639069,-16.0225628765414,5198.56173991272,11.3607529147774,14.0506477042527,-1.97191517228832,-766.75626165026,-5981.34056443952
5999.80530138458,6002.52444258099,5986.43999120885,-16.0844513721427,5218.74033466618,11.3861445090268,14.1052857054384,-1.97916566670793,-769.678822209383,-6004.50360824771
6022.72498900118,6025.47488038574,6009.36589325391,-16.1089871318312,5238.77586456311,11.3761288593012,14.1260202438835,-1.98296688795198,-772.572995578765,-6027.45784727371
6045.74035828272,6048.52150238787,6032.36806361945,-16.15343876841,5258.87960532686,11.381593493256,14.1627375984119,-1.99070116999877,-775.479159462598,-6050.51220355788
6068.94823238943,6071.76119177921,6055.54208531782,-16.2191064613907,5279.13229362698,11.4058506578835,14.2188100476803,-2.00029641370931,-778.410088104573,-6073.76148819293
6092.02515126935,6094.86881240214,6078.5635516385,-16.3052607636244,5299.24599581734,11.4566307412223,14.3002918739812,-2.0049688896396,-781.322524710796,-6096.87378129176
6115.23849106716,6118.11367565525,6101.75507887742,-16.3585967778034,5319.51199371371,11.4740059367273,14.349190524808,-2.00940625299835,-784.252491416716,-6120.12308190824
6138.31881816853,6141.22634433988,6124.69429972846,-16.5320446114121,5339.53753164193,11.6174809765408,14.5250071478701,-2.00703746353596,-787.163805550069,-6143.23338180341
6161.32148237629,6164.26253984568,6147.66125948861,-16.6012803570638,5359.59418503061,11.6631326921181,14.6041901614999,-1.99709019555952,-790.064164653562,-6166.25963004123
6184.5250274111,6187.49825991617,6170.87070326888,-16.6275566472946,5379.86520673042,11.6695170618543,14.6427495669193,-1.98480708037677,-792.990303618831,-6189.48306699655
6207.6531874838,6210.65865844046,6194.03587832804,-16.6227801124178,5400.10269509508,11.6447964948462,14.6502674515119,-1.97251266090379,-795.90569589388,-6212.63117110137
6231.06814327179,6234.10256935437,6217.37055837625,-16.7320109781053,5420.46524998918,11.7446829242635,14.7791090068262,-1.95290197127777,-798.85821035835,-6236.05547132563
6254.29541824983,6257.35784512694,6240.59924199286,-16.758603134068,5440.74743190455,11.7633526185129,14.825779495627,-1.93282363844214,-801.784633726756,-6259.29066876538
6277.10080333642,6280.19068997673,6263.31450124924,-16.8761887274796,5460.57064292851,11.8765913784378,14.9664780187338,-1.9097107087438,-804.653569029471,-6282.10040068546
6299.97698879808,6303.09086605761,6286.19368537251,-16.8971806850853,5480.54660141616,11.8997915671741,15.0136688266905,-1.88351185839844,-807.530595814755,-6304.97437791601
6323.17549640395,6326.30723110781,6309.40794466405,-16.8992864437437,5500.81573358349,11.9110106673676,15.0427453712265,-1.85654107251895,-810.448752153098,-6328.16377218032
6346.11373883842,6349.25949915299,6332.31395723516,-16.9455419178289,5520.8152257347,11.9677661485641,15.1135264631147,-1.83201545471076,-813.330746955156,-6351.09151460769
6369.25461835926,6372.40984204702,6355.4102738368,-16.9995682102466,5540.98399369851,12.0317088108541,15.1869324986292,-1.81263571161622,-816.238915849901,-6374.22247775865
6392.49414585312,6395.65718056136,6378.69340278181,-16.9637777795392,5561.33472341816,11.999718551934,15.1627532601707,-1.8010245193656,-819.159703883024,-6397.45820508072
6415.76657271108,6418.93662559212,6401.96513897325,-16.9714866188564,5581.67513702152,12.0075772220277,15.1776301030597,-1.79385651579716,-822.083858467532,-6420.73048210792
6439.03230586689,6442.20893111681,6425.17857228574,-17.0303588310581,5601.94894628591,12.0768633376084,15.2534885875226,-1.7768702435356,-825.006496243375,-6443.98580136034
6462.30533795224,6465.49094253751,6448.40254357307,-17.0883989644357,5622.24158087402,12.1337338133733,15.3193383986419,-1.76906056579635,-827.930023264845,-6467.26000310329
6485.63538735396,6488.83296163463,6471.61462416279,-17.2183374718169,5642.5146304194,12.2594510373377,15.4570253179965,-1.76131215381946,-830.861305897213,-6490.59427378844
6508.98689494196,6512.19950364274,6494.87323847425,-17.326265168473,5662.83340615183,12.3582941162014,15.5709028169932,-1.75536235148122,-833.795194673908,-6513.95486599421
6532.14035732581,6535.37152951453,6517.98938442873,-17.3821450857952,5683.04202492263,12.3958034849538,15.6269756736652,-1.75516941212796,-836.702528918244,-6537.12669892666
6555.28737100812,6558.53763270286,6540.99803767252,-17.5395950303464,5703.13754207475,12.5416993089334,15.7919610036864,-1.74763402666191,-839.608129624435,-6560.28526672952
6578.30736602976,6581.57745266405,6563.9213801993,-17.6560724647171,5723.16561023961,12.6456528169077,15.9157394511975,-1.74033301351574,-842.496102973229,-6583.31778567755
6601.12362530153,6604.41402843136,6586.64005660154,-17.7739718298262,5743.01702983412,12.7505166141782,16.0409197440184,-1.73305208581322,-845.356078853236,-6606.14708051717
6624.11364034035,6627.42139089188,6609.58876849717,-17.8326223947097,5763.07125346761,12.8044080145268,16.1121585660599,-1.7204638286505,-848.237978858209,-6629.14185472052
6647.42481235319,6650.74346718128,6632.85572844779,-17.8877387334847,5783.3958701662,12.868033926183,16.186688754282,-1.70104997920233,-851.160908260799,-6652.44451716046
6670.979202506,6674.30551313892,6656.44510533095,-17.8604078079527,5804.00956028455,12.854579205006,16.180889837924,-1.67951797002988,-854.115063016451,-6675.98503110896
6694.54348063925,6697.8743527359,6680.02030074005,-17.8540519958409,5824.60867128015,12.8654040188451,16.1962761154975,-1.65777588034396,-857.069405340266,-6699.53212861626
6717.745889508,6721.08016511106,6703.2723886884,-17.8077764226442,5844.94664832918,12.8243054516645,16.1585810547208,-1.64919536792281,-859.974935727153,-6722.72936047897
6741.08722375498,6744.42182832709,6726.61340573047,-17.8084225966159,5865.36653773399,12.8224020124033,16.15700658451,-1.65141601210623,-862.898284008583,-6746.07324433918
6764.21266623658,6767.54772639534,6749.73461105154,-17.81311534379,5885.59702413213,12.8230665538847,16.1581267126389,-1.654988631147,-865.792575550559,-6769.20271502648
6787.25651436888,6790.59321977161,6772.79053745604,-17.8026823155725,5905.77119774869,12.8098189687102,16.1465243714333,-1.65615794414168,-868.675497651494,-6792.24937771576
6810.48852089109,6813.82809070387,6795.94728288032,-17.8808078235572,5926.01740998584,12.8875625259289,16.2271323387205,-1.65367548483645,-871.583548379329,-6815.4817661887
6833.74446810825,6837.08855363678,6819.15902984577,-17.929523790991,5946.31116436691,12.9386705889853,16.2827561175256,-1.64676767346589,-874.494633152341,-6838.73532131024
6857.0524224047,6860.40031485187,6842.41905599075,-17.9812588611052,5966.65096886326,12.988436119202,16.336328566363,-1.64493029473806,-877.413017422238,-6862.04524514661
6880.54210692621,6883.8949456573,6865.86331511186,-18.0316305454352,5987.16094954316,13.0255500729936,16.3783888040818,-1.65324174135118,-880.355607310056,-6885.54818739866
6904.03668501641,6907.39601384126,6889.32763818208,-18.0683756591683,6007.6741142714,13.0636555008288,16.4229843256638,-1.64539133350584,-883.298915244192,-6909.04140517475
6927.66992657042,6931.03653468869,6912.87282560764,-18.1637090810578,6028.25828845067,13.1510931951855,16.5177013134815,-1.64600776757346,-886.260544924554,-6932.6825424563
6951.11204815184,6954.48972240137,6936.25636023361,-18.2333621677844,6048.7180220716,13.1970675385867,16.5747417881239,-1.65862037965627,-889.196958541645,-6956.14834278104
6974.58472306903,6977.97542978068,6959.6606379609,-18.3147918197795,6069.19887740507,13.2486300802164,16.6393367918722,-1.67545502790656,-892.137215583744,-6979.6508848086
6998.45111808579,7001.85689620963,6983.47738021361,-18.379515996015,6090.03195126521,13.2893758322814,16.6951539561144,-1.68436203989917,-895.129790988289,-7003.54125824952
7021.84929394111,7025.27698458637,7006.81091895726,-18.4660656291124,6110.44675800373,13.3428651706458,16.7705558159121,-1.6955098131982,-898.059670766729,-7026.97249439957
7045.3142017799,7048.76732705198,7030.35227171439,-18.4150553375827,6131.06099021796,13.2550715062521,16.7081967783427,-1.70685855924196,-900.998140055684,-7050.47418561123
7068.93070213076,7072.4094529101,7054.06156595333,-18.3478869567626,6151.81877003071,13.1561479732288,16.6348987525622,-1.71298820419827,-903.955784126833,-7074.1224411143
7092.29787258175,7095.80246518518,7077.40506082092,-18.3974043642746,6172.23816478187,13.1802607472235,16.6848533506542,-1.71255101361707,-906.879447052663,-7097.5150161988
7115.98518518467,7119.51312719054,7101.03423372532,-18.4788934652199,6192.89720645975,13.2430031195213,16.7709451254089,-1.70794833980834,-909.844975605393,-7121.22107553037
7139.73698426458,7143.28842023563,7124.7224339359,-18.5659862997157,6213.59801048566,13.3208845283063,16.8723204993474,-1.69366580036818,-912.818089250616,-7144.98208603598
7163.2872127987,7166.8612398283,7148.16127692843,-18.6999628998698,6234.07126458883,13.4529488484158,17.0269758780292,-1.67298702184272,-915.762999361458,-7168.53422685015
7187.01800614107,7190.61241385158,7171.91396067796,-18.6984531735943,6254.83541897104,13.4514975640168,17.0459052745155,-1.65254789907524,-918.731089606017,-7192.26496175065
7210.42885621276,7214.04193477605,7195.3930213267,-18.6489134493472,6275.37618119305,13.3970825946575,17.0101611579502,-1.63875229139446,-921.655592425053,-7215.68068706743
7233.90461540919,7237.53665257082,7218.85850686222,-18.6781457085879,6295.9085358934,13.4076584640956,17.0396956257176,-1.63845008286689,-924.588421051704,-7239.17510265368
7257.18416945674,7260.8355893041,7242.11891177428,-18.7166775298186,6316.2575414354,13.4321211788111,17.0835410261697,-1.63313650365201,-927.494506842528,-7262.46872580773
7280.31591170202,7283.98905403983,7265.23248899443,-18.7565650453814,6336.48650690762,13.4489892990516,17.1221316368441,-1.63443340853717,-930.380415495358,-7285.62348744835
7303.55891645135,7307.25396096321,7288.49885312004,-18.7551078431708,6356.847889173,13.4311937570987,17.1262382689713,-1.62886957420284,-933.279833521247,-7308.88283053742
7326.62483637548,7330.34431116735,7311.60325439049,-18.7410567768624,6377.07126123236,13.3984420469766,17.1179168388389,-1.62313993802994,-936.155133096155,-7331.96745110537
7349.71148732522,7353.45562011179,7334.61215502965,-18.843465082124,6397.19250294445,13.4867033784274,17.2308361650009,-1.61262891712241,-939.032281002328,-7355.0682490289
7372.67295124544,7376.44171454207,7357.51464821182,-18.9270663302418,6417.22128205527,13.5598263340819,17.3285896307159,-1.59847669951841,-941.891842856081,-7378.04019124158
7395.51443144352,7399.30700495722,7380.276472175,-19.0305327822029,6437.12800440675,13.651992854976,17.4445663686728,-1.58596641352942,-944.734434181791,-7400.89297137075
7418.46040109916,7422.2744501958,7403.18176233751,-19.0926878582705,6457.17009848938,13.7006169630474,17.5146660596764,-1.57802179859766,-947.589685646755,-7423.8524719944
7441.35116308748,7445.18386852291,7426.13537008548,-19.0484984374216,6477.26066645553,13.6543938915144,17.4870993269542,-1.56139911046811,-950.436102740418,-7446.74526763337
7464.43858655587,7468.28814555566,7449.18150440337,-19.1066411522825,6497.41307591131,13.7169783508565,17.5665373506435,-1.54010380163496,-953.308532293699,-7469.82824935728
7487.76194000286,7491.62355571097,7472.42794963328,-19.1956060777002,6517.73372128565,13.8171310151126,17.6787467232332,-1.51685935446465,-956.211087702085,-7493.14041506544
7511.22309976663,7515.09463466031,7495.8091568115,-19.2854778487957,6538.17383546505,13.9179104476132,17.7894453412907,-1.49603250750433,-959.131353853961,-7516.59066716779
7534.44674584747,7538.32806831531,7519.09451910152,-19.2335492137722,6558.55102440481,13.8762352327712,17.757557700593,-1.47599151317919,-962.019486209886,-7539.80405982848
7557.69520803206,7561.58600492297,7542.30884842411,-19.2771564988387,6578.86407043515,13.9209812684159,17.8117781593071,-1.46537833953237,-964.910156328507,-7563.05138326248
7581.11522561124,7585.01330280651,7565.60730152024,-19.4060012862545,6599.24114469239,14.0508843113476,17.9489615066099,-1.45703977964575,-967.823196607514,-7586.47034258614
7603.8467849498,7607.7530955974,7588.29814440362,-19.4549511937386,6619.10812999228,14.0944904092529,18.0008010568234,-1.45415013691397,-970.644164548274,-7609.20724573429
7626.20995327948,7630.12403431995,7610.5881225409,-19.5359117790438,6638.62297306782,14.1719917156919,18.0860727561764,-1.44983902287005,-973.414988495941,-7631.5738733428
7648.37433649142,7652.29527221825,7632.67528464889,-19.6199875693454,6657.95794563482,14.258113775331,18.1790495021547,-1.44093806718856,-976.158277081259,-7653.73621028542
7670.56857016158,7674.49661581921,7654.7403349706,-19.756280848607,6677.27314840486,14.3908380364709,18.3188836941013,-1.43739715450554,-978.904583720255,-7675.93401297372
7692.73259828929,7696.66756680867,7676.75729260096,-19.9102742077146,6696.54357988097,14.5429797957183,18.477948315113,-1.4323258926022,-981.646038612592,-7698.09989270128
7715.02914348146,7718.97127493937,7699.0690059668,-19.9022689725551,6716.09974536783,14.524758072746,18.4668895306552,-1.43537944190136,-984.404640040871,-7720.40665438127
7737.41742000589,7741.36821027962,7721.45556636577,-19.9126439138373,6735.71385619068,14.5279350250377,18.478725298766,-1.43391861507029,-987.175628790176,-7742.80212889468
7759.64402178898,7763.60293192181,7743.67612560859,-19.9268063132038,6755.1824087615,14.5369423803228,18.4958525131396,-1.43095380005896,-989.924670647148,-7765.03388572184
7781.75706747928,7785.72478718063,7765.72611814294,-19.9986690376737,6774.50671600032,14.5919232135757,18.5596429149144,-1.43902612275868,-992.658428265379,-7787.16381330338
7803.93215990287,7807.91065628295,7787.90036097142,-20.010295311531,6793.95162536308,14.5805476945809,18.5590440746656,-1.45125123686527,-995.399986845206,-7809.36190751981
7826.10844690279,7830.1008160073,7810.00917630521,-20.0916397020885,6813.32237867262,14.6445875320885,18.6369566366199,-1.4546830654719,-998.141480698061,-7831.55549907277
7848.02746910304,7852.03454180314,7831.93462005711,-20.0999217460335,6832.54656852096,14.6319240514148,18.6389967515185,-1.46092499451555,-1000.84897653066,-7853.49546679766
7869.77950302303,7873.80024552492,7853.64140614581,-20.1588393791137,6851.57096989053,14.6748484569535,18.6955909588516,-1.46324842025873,-1003.53368467554,-7875.26349394518
7891.19748210363,7895.23540981764,7874.981731802,-20.2536780156472,6870.27985768481,14.7440603899345,18.7819881039532,-1.47168991168955,-1006.17356402887,-7896.70709972934
7912.70980543312,7916.76509378382,7896.47231607443,-20.2927777093886,6889.12157443765,14.7625937300951,18.8178820808038,-1.47489562858665,-1008.82563726537,-7918.2399894124
7933.83222782509,7937.90572379318,7917.64565691967,-20.2600668735071,6907.69656139171,14.7105750298162,18.7840709979252,-1.47599587557847,-1011.42509140352,-7939.38171966874
7955.20969849343,7959.29910625214,7939.03418006294,-20.2649261891877,6926.45343540141,14.6986815797188,18.788089338423,-1.47683685076485,-1014.0575815123,-7960.77594310291
7976.4389509397,7980.54712984578,7960.23382465761,-20.3133051881438,6945.03238670141,14.7369337783143,18.8451126843772,-1.46819250376405,-1016.66963045997,-7982.01532234954
7997.52694070939,8001.65653560212,7981.28777466413,-20.3687609379657,6963.49245966558,14.7721178974833,18.9017127902099,-1.46704814775403,-1019.26236314631,-8003.12358374985
8018.59565847429,8022.74924593347,8002.41570653049,-20.3335394029746,6982.04297730403,14.7004970095215,18.854084468706,-1.47945493426983,-1021.85218416072,-8024.22870086773
8039.76372360167,8043.94327491705,8023.65663284597,-20.2866420710715,7000.68521299813,14.6237833525447,18.8033346679189,-1.48330740315027,-1024.45472725098,-8045.42658232019
8060.79587221851,8065.00539246282,8044.78839903141,-20.216993431398,7019.24474490207,14.5112918644123,18.7208121087319,-1.49618132266728,-1027.03983545202,-8066.50157378549
8081.76867885105,8086.01078870216,8065.68399154727,-20.3267971548732,7037.57212908276,14.5796622072619,18.8217720583712,-1.50502509649911,-1029.61688756101,-8087.51581379863
8102.61076613283,8106.88858016081,8086.48893334374,-20.3996468170682,7055.82902130463,14.6058064533397,18.8836204813171,-1.51602633574657,-1032.17593837486,-8108.40460649654
8122.80180580632,8127.11921178072,8106.54927534763,-20.569936433099,7073.41811883968,14.7361497907526,19.0535557651526,-1.51638066794531,-1034.64753717589,-8128.63559244868
8142.99356640423,8147.34924502448,8126.71147540814,-20.6377696163239,7091.10601174627,14.7696144980509,19.1252931183037,-1.51247649802054,-1037.11794015989,-8148.86172152249
8163.31104891515,8167.7015640974,8146.98340891415,-20.7181551832761,7108.89123754478,14.8148869064789,19.2054020887474,-1.51275309452616,-1039.60492446387,-8169.21431719193
8183.37645555264,8187.80370386681,8166.9490125839,-20.8546912829052,7126.39642513368,14.9219634860407,19.3492118002248,-1.50547948267783,-1042.05806693291,-8189.30918334949
8203.77712220814,8208.23785236144,8187.32920983962,-20.908642521832,7144.25622149224,14.9667375965347,19.4274677498381,-1.48117477198917,-1044.55416311936,-8209.71902713343
8224.00329121691,8228.49487420546,8207.65018008463,-20.8446941208325,7162.07046540033,14.9072859623081,19.398868950865,-1.44582516997041,-1047.02553985428,-8229.94069937544
8243.92533283964,8248.44484983267,8227.69918675968,-20.7456630730041,7179.64391061317,14.8268744677764,19.3463914608141,-1.3992716121908,-1049.45454775871,-8249.84412144487
8263.84739209033,8268.38927518425,8247.63096041932,-20.7583147649304,7197.09718885428,14.868438480464,19.4103215744053,-1.34799319052792,-1051.88176475557,-8269.73726837478
8283.5708350948,8288.12954568369,8267.39227708126,-20.7372686024233,7214.4187255926,14.871412164464,19.4301227533489,-1.30714584907471,-1054.28069733774,-8289.43669153276
8303.10318355826,8307.67431572327,8286.90364840906,-20.770667314204,7231.51718506233,14.9335036174997,19.504635782512,-1.26603153169075,-1056.65249487842,-8308.94034725494
8322.4617004493,8327.04142162431,8306.36820747577,-20.6732141485301,7248.59943319616,14.862083680333,19.4418048553365,-1.23140929319056,-1059.00018357281,-8328.27283091749
8341.87010603607,8346.45224165325,8325.71361432211,-20.7386273311436,7265.55634164078,14.9603249908086,19.5424606079939,-1.19616672315339,-1061.35343940448,-8347.6484083764
8361.65977203454,8366.23893732193,8345.37037871606,-20.8685586058625,7282.79112390735,15.1116969539716,19.6908622413701,-1.17769636449076,-1063.75695117322,-8367.41663368641
8381.30105742553,8385.87662659312,8364.96358435938,-20.9130422337463,7299.99168396723,15.1684329068113,19.7440020744121,-1.1690401593316,-1066.14094055148,-8387.04566675246
8400.75482530268,8405.32402442302,8384.19287792857,-21.1311464944422,7316.84551290981,15.4103260842353,19.9795252045617,-1.15162128988138,-1068.49898630864,-8406.47564571288
8419.84847069533,8424.40513229589,8403.2186219981,-21.1865102977793,7333.54180682566,15.4987442093445,20.0554058099136,-1.13110448786377,-1070.80791966032,-8425.53623678374
8438.76154265748,8443.30369786875,8422.12325292642,-21.180444942304,7350.15036068348,15.5183392407203,20.0604944519618,-1.11995049034457,-1073.0928427333,-8444.42364835908
8457.12222612904,8461.6503471235,8440.39632782021,-21.2540193032831,7366.20148599895,15.6162878997361,20.1444088942027,-1.1096104090808,-1075.30445223036,-8462.75995753258
8475.40756051886,8479.92327243293,8458.55711669547,-21.3661557374444,7382.15687391581,15.7441869997732,20.2598989138317,-1.10625682360845,-1077.50649960327,-8481.02952925654
8493.36677928972,8497.87076507659,8476.5562211864,-21.3145438901955,7398.00026504611,15.70173080496,20.2057165918376,-1.1088272983616,-1079.66478343866,-8498.97959237496
8511.53566085913,8516.02529622038,8494.66848639951,-21.3568098208719,7413.92401236421,15.7612754498517,20.2509108111108,-1.10589900976309,-1081.85037304506,-8517.13119523015
8529.66394727182,8534.13954066293,8512.83391401258,-21.3056266503336,7429.91274051382,15.720819005125,20.1964123962222,-1.10921425411507,-1084.03038775287,-8535.24875491705
8548.14812102405,8552.60841309609,8531.24753518531,-21.3608779107638,7446.10683262495,15.7838235357455,20.2441156077703,-1.11676230299557,-1086.25746486338,-8553.72517539907
8566.9303121213,8571.37365434851,8550.05450529833,-21.3191490501802,7462.65167231599,15.7550024721356,20.1983446993537,-1.12080435083267,-1088.52363733316,-8572.49445869933
8585.75670487848,8590.1823650389,8568.80577311534,-21.3765919235384,7479.1333375204,15.8278932937222,20.2535534541323,-1.12303846940648,-1090.79547406436,-8591.30540350828
8604.61393146215,8609.02186847704,8587.61475029572,-21.4071181813028,7495.67714993125,15.8646998080881,20.272636822968,-1.1344813583326,-1093.07208172281,-8610.15634983536
8623.26326126852,8627.65371560999,8606.14160032201,-21.5121152879549,7511.96546467674,15.9763232505538,20.366777592007,-1.14533769594305,-1095.32147334124,-8628.79905330592
8641.67640846769,8646.05086962913,8624.4389666208,-21.611903008322,7528.06835882973,16.0683759628172,20.4428371242705,-1.16906588405721,-1097.53967367513,-8647.21993551317
8659.94554688321,8664.30930820643,8642.53739118076,-21.7719170256329,7543.99975206458,16.2062451897114,20.570006512928,-1.20191051270695,-1099.7395496289,-8665.51121871911
8677.80395430782,8682.16397770813,8660.31964194034,-21.8443357677756,7559.67179406778,16.2459552172536,20.6059786175762,-1.23835715020426,-1101.88620502278,-8683.40233485833
8695.40436539847,8699.76977313151,8677.80856763224,-21.9612054992671,7575.09774691576,16.3069935002105,20.672401233251,-1.28880426602125,-1103.9996249825,-8701.05857739751
8713.16847058503,8717.54995736698,8695.62444894017,-21.9255084267951,7590.82482378315,16.2079235202198,20.5894103021708,-1.33609812462316,-1106.13572328167,-8718.88605549158
8730.55894049285,8734.96914083227,8713.01833398891,-21.9508068433398,7606.18376991745,16.1519377140964,20.5621380535188,-1.38866878982478,-1108.22323286131,-8736.35780962209
8747.55859763722,8752.00922544061,8730.12339350491,-21.8858319356878,7621.29965890911,16.000074666329,20.4507024697207,-1.43512946596763,-1110.25886406177,-8753.44435490656
8764.84693463126,8769.34516325696,8747.50658967872,-21.8385735782382,7636.64731105411,15.8670543346127,20.3652829603319,-1.47329061791148,-1112.33256924252,-8770.81845387486
8782.09809377599,8786.65355633903,8764.78903379887,-21.8645225401602,7651.88967926057,15.807220642609,20.3626832056689,-1.50183933449178,-1114.40119387279,-8788.15539567352
8799.284602269,8803.90067563986,8781.92936914331,-21.9713064965417,7666.97642435433,15.8477289007614,20.4638022716273,-1.50750422492068,-1116.4604490139,-8805.40817986477
8816.60757286265,8821.28759562346,8799.32214896095,-21.9654466624995,7682.29556896006,15.77521850307,20.4552412638939,-1.51020539861045,-1118.53678539952,-8822.79780102208
8833.76817721502,8838.51302346218,8816.61985514972,-21.8931683124508,7697.53485220912,15.6435437138691,20.3883899610289,-1.50477835142465,-1120.58978129204,-8840.0178018136
8850.77483808359,8855.58442548091,8833.68515045406,-21.8992750268568,7712.55443173671,15.5994838604748,20.409071257822,-1.4902037690347,-1122.62092248638,-8857.07462924993
8867.29944412258,8872.17251529984,8850.26408303433,-21.9084322654863,7727.14166284193,15.5712588476827,20.4443300249379,-1.46410224054841,-1124.58652243298,-8873.63661754039
8883.92631667563,8888.85773096448,8866.94333516288,-21.9143958015776,7741.81473439923,15.5470089221923,20.4784232110465,-1.43597259052749,-1126.56457335419,-8890.29370355499
8900.85076078232,8905.83593626674,8883.86845056725,-21.9674856994796,7756.69034803322,15.5800711057653,20.5652465901871,-1.40223910929055,-1128.58034164334,-8907.23817537603
8917.76382606756,8922.79990141277,8900.89241528136,-21.9074861314023,7771.66180414993,15.5090498279028,20.5451251731159,-1.3623609582834,-1130.59297208973,-8924.16226237104
8934.40000045459,8939.48397772238,8917.52269043912,-21.9612872832476,7786.27404935049,15.5591868361161,20.6431641039369,-1.31812317931049,-1132.56676426797,-8940.80210090169
8951.05791471712,8956.18550685678,8934.32601721422,-21.8594896425651,7801.05279403159,15.4635805553579,20.5911726950377,-1.26831694753036,-1134.54154013018,-8957.45382380433
8967.49055023818,8972.65946093075,8950.75974488994,-21.8997160408071,7815.49254217745,15.5132131350656,20.6821238276656,-1.21759221314175,-1136.48479492564,-8973.8770531439
8983.90874364193,8989.11324497323,8967.25456353326,-21.8586814399618,7829.99219732504,15.4918667329204,20.6963680642277,-1.162313375732,-1138.42467958395,-8990.27555834895
9000.26780313892,9005.50106786926,8983.59792945181,-21.9031384174489,7844.35045999322,15.5622430870131,20.7955078173445,-1.10763060009746,-1140.35510005869,-9006.60869846937
9016.42356852891,9021.68085915273,8999.74472403217,-21.9361351205567,7858.53593469203,15.6307445187108,20.8880351425273,-1.04809997801871,-1142.25688931816,-9022.72895913074
9032.61699047639,9037.89193106513,9015.88123945951,-22.0106916056367,7872.6990489267,15.7558677612582,21.0308083500161,-0.979883255618032,-1144.16207378842,-9038.87181432077
9048.66419371393,9053.94954519176,9031.83273706037,-22.116808131404,7886.71034727665,15.9076632185304,21.1930146963807,-0.923793435021167,-1146.04618321875,-9054.8733386268
9064.19303404386,9069.48255111906,9047.2449970712,-22.2375540478613,7900.25905200894,16.0745147780399,21.3640318532312,-0.87352219462011,-1147.85946725688,-9070.35607331369
9079.45657364873,9084.74387599092,9062.45817005342,-22.2857059374846,7913.63755120379,16.1831586263124,21.4704609684967,-0.815244968989149,-1149.63586381861,-9085.55912095992
9095.01684564279,9100.29095793026,9077.99696305588,-22.2939948743899,7927.30640101985,16.2603102096685,21.5344224971492,-0.759572377240609,-1151.45013441326,-9101.05053030751
9110.20634487797,9115.46089519464,9093.21301108988,-22.2478841047827,7940.70652608031,16.2853817056758,21.5399320223667,-0.707952082417344,-1153.21443709195,-9116.16884727707
9124.78528042932,9130.01683686353,9107.79762173601,-22.2192151275326,7953.56013947094,16.3281495933854,21.5597060275974,-0.659509099928293,-1154.89699136499,-9130.67634596347
9139.15719493061,9144.36034783024,9122.11448738738,-22.2458604428667,7966.16825411156,16.4376454043833,21.6407983040277,-0.605062138846513,-1156.55129541466,-9144.9654099691
9153.19932033655,9158.37161704128,9136.04660391674,-22.3250131245407,7978.44413529545,16.5935857523644,21.7658824570748,-0.559130667462634,-1158.16159928875,-9158.93074770874
9167.06882771531,9172.20575389592,9149.78890366367,-22.4168502322622,7990.55622792897,16.7638612867046,21.9007874673162,-0.516062764941232,-1159.74873849963,-9172.72181666087
9180.69024022316,9185.7856497154,9163.3924226839,-22.3932270315035,8002.55385710091,16.8340627214671,21.9294722137205,-0.46375481778144,-1161.30232040076,-9186.24940453318
9194.53339089492,9199.5806866342,9177.26539369088,-22.3152929433254,8014.80191211944,16.8470528404635,21.8943485797481,-0.420944363573784,-1162.88442593502,-9200.00163099777
9208.30643433171,9213.29908701454,9191.02697593849,-22.2721110760622,8026.96154767538,16.8874608744977,21.8801135573289,-0.391997518736518,-1164.45742578185,-9213.69108453329
9221.80497671664,9226.7399405027,9204.4062382987,-22.3337022039905,8038.77807569871,17.0335027081462,21.9684664941996,-0.365235709792625,-1165.99339830979,-9227.10517621249
9235.43946225833,9240.31523527672,9217.86279862145,-22.4524366552441,8050.6705996774,17.221120896808,22.0968939151757,-0.355542740066748,-1167.54774168413,-9240.67077801678
9248.69613799627,9253.51376716069,9231.09686501297,-22.4169021477148,8062.39932856451,17.2439005322758,22.0615296966925,-0.355372451023334,-1169.05290889948,-9253.86913961171
9262.14034243364,9266.90202856709,9244.46566777219,-22.4363607949063,8074.25244768817,17.304080799353,22.0657669327987,-0.370593862109265,-1170.58381394613,-9267.27262242921
9275.65606560701,9280.36332408968,9257.92526264207,-22.4380614476139,8086.18669737453,17.3443730742086,22.0516315568924,-0.386429890723486,-1172.12499515828,-9280.74975398041
9288.97429229246,9293.63145003675,9271.11617224818,-22.5152777885702,8097.88034036195,17.4533640118572,22.1105217561598,-0.404756032412399,-1173.64058791866,-9294.03620606917
9301.77531756817,9306.38947812611,9283.73494342867,-22.6545346974197,8109.07621259267,17.6103247955243,22.224485353463,-0.430049343959612,-1175.08878017996,-9306.81952747007
9314.63131580538,9319.20963272004,9296.49622259202,-22.7134101280078,8120.42412608285,17.6616077979778,22.2399247126135,-0.473485415394122,-1176.5455819246,-9319.68311813544
9327.31476346438,9331.86654566414,9309.12860938511,-22.7379362790303,8131.65640180208,17.6773304841844,22.2291126839622,-0.508823595066764,-1177.9810311781,-9332.37536925921
9339.6520925332,9344.1854131843,9321.35662874292,-22.8287844413718,8142.53112670749,17.7505293701855,22.2838500212856,-0.544934420087949,-1179.37043645552,-9344.73034760439
9351.79962405661,9356.32211908205,9333.49850007353,-22.8236190085109,8153.33921470774,17.7246205116282,22.2471155370518,-0.576503471459603,-1180.73578883724,-9356.89862255348
9363.85860289097,9368.37491074627,9345.62204084455,-22.7528699017245,8164.1259696176,17.6433355735648,22.1596434288654,-0.593226472857572,-1182.08929769982,-9368.96813721912
9375.53273494932,9380.0446978889,9357.3223042597,-22.7223936292029,8174.53586905322,17.6061050566882,22.1180679962572,-0.60432563294757,-1183.39076083942,-9380.64902352186
9387.16829348526,9391.67723021991,9369.07695127657,-22.6002789433278,8185.01533919188,17.4667635906589,21.9757003253057,-0.624578618023642,-1184.68619070271,-9392.30180883793
9398.76317598898,9403.27080582873,9380.79249146313,-22.4783143656092,8195.46118333465,17.3267202448051,21.8343500845533,-0.643964281062658,-1185.97527240953,-9403.91477010979
9409.88540279818,9414.39720103986,9391.92694343725,-22.4702576026005,8205.39910517445,17.2849948224716,21.7967930641245,-0.673464538481999,-1187.20130280127,-9415.07066557831
9421.08789161587,9425.60655563313,9403.09964477156,-22.5069108615269,8215.36630343356,17.2835362934615,21.8022003106906,-0.704710550834782,-1188.43805188886,-9426.31126618393
9431.99914464406,9436.53038705929,9414.04578517666,-22.484601882615,8225.14803680665,17.2160587533729,21.7473011685974,-0.737300714018571,-1189.63504908403,-9437.26768777329
9442.43373948425,9446.9847331588,9424.4695181405,-22.5152150182756,8234.46741614653,17.1968093802392,21.7478030547742,-0.767411963506878,-1190.76951395749,-9447.75214512227
9452.86409676067,9457.44243607163,9434.96140157352,-22.4810344980996,8243.86963826284,17.0907771503019,21.6691164612389,-0.81191803685632,-1191.90368134755,-9458.25435410848
9462.98498388181,9467.60088637028,9445.22054726262,-22.3803391076524,8253.07270559217,16.9144287602985,21.5303312487828,-0.850007858869857,-1192.99784952933,-9468.45089422915
9472.79379626553,9477.45548064793,9455.19753966866,-22.2579409792469,8262.01647610588,16.7264354101023,21.3881197924998,-0.869821186753966,-1194.05088474954,-9478.32530183467
9482.27781460506,9486.99292115245,9464.79471424355,-22.1982069088647,8270.61320833805,16.6040500172552,21.3191565646228,-0.879050344246224,-1195.06055624977,-9487.87197149668
9491.44570957601,9496.21948566755,9474.12000521407,-22.0994804534714,8278.9685779908,16.4492085414139,21.2229846329408,-0.876495820538304,-1196.02792304382,-9497.09598148808
9500.6892695914,9505.52462752158,9483.4122245726,-22.1124029489686,8287.27009948783,16.4145684182233,21.2499263484012,-0.862476600574063,-1197.00460168533,-9506.38710412213
9509.69867359012,9514.59732416337,9492.4644717885,-22.1328523748351,8295.36108138419,16.3886641629377,21.287314736154,-0.845537638682596,-1197.94892804301,-9515.44286180204
9518.98463056967,9523.94269251409,9501.78861327075,-22.1540792432978,8303.68627134311,16.3691346303182,21.3271965747447,-0.826882668553518,-1198.92922459622,-9524.76957518261
9528.26709372612,9533.28114964782,9511.14336158983,-22.1377880579803,8312.03404371667,16.3260294031841,21.340085324884,-0.797702733092861,-1199.90702060625,-9534.07885238089
9537.2854521229,9542.35413448976,9520.13417915544,-22.2199553342991,8320.05200897797,16.3848159611555,21.4534983280072,-0.766457006295209,-1200.84862718376,-9543.12059149603
9546.06570385405,9551.18491678328,9528.84400103966,-22.3409157436299,8327.80578587686,16.5027258793445,21.6219388086084,-0.718976935018098,-1201.75719209781,-9551.90389371831
9554.11268448477,9559.28321891553,9537.03330096799,-22.2499179475315,8335.12968234224,16.416303630125,21.5868380608963,-0.663079886638855,-1202.5666985124,-9559.94629880218
9561.78527017256,9567.00224411289,9544.79707054369,-22.2051735691771,8342.06612121937,16.3940271620683,21.6110011024221,-0.59417246675899,-1203.32512179109,-9567.59641657963
9569.23196267511,9574.48931016391,9552.3015301907,-22.1877799731814,8348.76881986018,16.4110737869056,21.6684212756811,-0.51935869750262,-1204.05206902803,-9575.00866886139
9576.29314196601,9581.58535870233,9559.38268570884,-22.2026729934765,8355.08788381332,16.4790354090008,21.7712521453255,-0.43142084815391,-1204.72622274369,-9582.01677955047
9583.2573432836,9588.57662829048,9566.48227554999,-22.094352740479,8361.44839962397,16.4225599602931,21.7418449671832,-0.352507773301663,-1205.38638369934,-9588.92913606378
9590.2441844877,9595.5841222117,9573.53628880866,-22.0478334030262,8367.76198354634,16.4342118690654,21.7741495930672,-0.273683809948609,-1206.04798907229,-9595.85780602165
9597.36180024923,9602.71240861578,9580.69726141225,-22.0151472035221,8374.16575667607,16.4709285428561,21.8215369094286,-0.193610294100234,-1206.72511503029,-9602.90601890989
9604.47299396035,9609.82462255804,9587.85683564397,-21.9677869140671,8380.57849328753,16.4937305848211,21.8453591825156,-0.12242773156052,-1207.40077008799,-9609.9470502896
9611.87964190913,9617.22572938653,9595.19862791379,-22.0271014727451,8387.1451149131,16.6186547717423,21.964742249153,-0.062359223595709,-1208.11587222429,-9617.28808861014
9619.17180348252,9624.50991688264,9602.54206831714,-21.9678485654946,8393.74227737987,16.6134743459872,21.9515877461352,-0.0162608193702438,-1208.81605175667,-9624.52617770202
9626.02466872245,9631.3512502902,9609.52941577488,-21.8218345153259,8400.02692775865,16.539933007487,21.8665145752794,0.044680059949919,-1209.45780795629,-9631.30657023028
9632.42625074207,9637.74049689633,9615.95357640695,-21.7869204893854,8405.81229181893,16.5734696976227,21.887715851879,0.100795362486827,-1210.04048922551,-9637.63970153384
9638.62068435823,9643.91945101059,9622.18394739579,-21.7355036148,8411.45083867824,16.5737506753853,21.8725173277771,0.137013712968493,-1210.59609500458,-9643.78243729762
9644.58773123883,9649.87078747325,9628.10515527362,-21.7656321996195,8416.80908051177,16.6573173877221,21.9403736221326,0.174741422509516,-1211.12133333933,-9649.69604605072
9650.1201490119,9655.38612992001,9633.5048648134,-21.8812651066223,8421.70003515117,16.831795454876,22.0977763630001,0.216511256380986,-1211.58831840586,-9655.16961866363
9655.20992360991,9660.45814665625,9638.57822790744,-21.8799187488142,8426.31454604928,16.8985215751726,22.146744621515,0.266825872726174,-1211.99685598542,-9660.19132078354
9659.7536601091,9664.9823633893,9643.07851185788,-21.9038515314468,8430.43614605157,16.9847684949211,22.2134717751467,0.309620243699788,-1212.33274556259,-9664.67274314561
9663.64794324674,9668.85769166144,9646.88406616899,-21.9736254924448,8433.95334278647,17.1121674525987,22.3219158672877,0.348290374844206,-1212.58243300766,-9668.50940128658
9667.22071872298,9672.41005686318,9650.44863130464,-21.9614255585147,8437.28109261066,17.1500470216211,22.3393851618228,0.377959603305265,-1212.78957909068,-9672.03209725985
9671.039445346,9676.20684020245,9654.38021609416,-21.8266241082926,8440.96166845758,17.0479977920939,22.2153926485093,0.388768540202383,-1213.02977909635,-9675.81807166222
9674.78433945722,9679.93230968683,9658.21323737906,-21.719072307768,8444.55666303143,16.9671447042784,22.1151149339037,0.396042626107653,-1213.26053172151,-9679.5362670607
9678.58313554702,9683.71502397843,9662.11403082131,-21.6009931571152,8448.21316226547,16.870823116131,22.002711547516,0.401718390397085,-1213.49915016544,-9683.31330558802
9682.40666326702,9687.52315371233,9665.87012151591,-21.6530321964047,8451.71392300044,16.9511407509542,22.0676311962924,0.414598999884834,-1213.74159951562,-9687.10855471246
9686.65971841175,9691.75643546842,9670.09297127267,-21.6634641957463,8455.61976740466,16.9988568546336,22.0955739113271,0.432109715586277,-1214.04109415243,-9691.32432575284
9691.06760326124,9696.14220846631,9674.3929752214,-21.7492332448984,8459.59098615926,17.1154969299618,22.1901021350494,0.440868890150545,-1214.36112017198,-9695.70133957617
9695.9983905671,9701.04656539605,9679.19873397064,-21.8478314253945,8463.98431101695,17.2630469864818,22.311221815414,0.463390390016455,-1214.7510325637,-9700.58317500604
9701.10300349367,9706.11811352339,9684.21494901826,-21.9031645051272,8468.56806515244,17.371020436792,22.3861304665119,0.48296596138377,-1215.16391790444,-9705.63514756201
9705.73703914025,9710.72012226942,9688.68607199871,-22.0340502707133,8472.68867573628,17.5341038390027,22.5171869681629,0.483136697451922,-1215.51425956498,-9710.23698557197
9710.27058248376,9715.21944746614,9693.06023534453,-22.1592121216018,8476.72593327521,17.6928042424015,22.6416692247755,0.482457103174672,-1215.85184496614,-9714.73699036295
9715.05051435882,9719.96227714154,9697.85349756883,-22.1087795727277,8481.16665484061,17.6610860919745,22.5728488746896,0.464069301968004,-1216.22277342626,-9719.49820783959
9719.94978087953,9724.82096910329,9702.64112732023,-22.1798417830663,8485.56987001731,17.7700810972194,22.6412693209977,0.461427537931185,-1216.60982976499,-9724.35954156536
9724.87692792922,9729.70813299589,9707.58613239915,-22.1220005967263,8490.1234522917,17.7521937270934,22.5833987937525,0.461398197026187,-1217.00128191044,-9729.24673479886
9729.73744699093,9734.53071626815,9712.49704495121,-22.0336713169519,8494.65660826724,17.6958089049772,22.4890781822049,0.455406865255275,-1217.38502981872,-9734.07530940291
9734.12039806113,9738.87970693994,9717.02242326076,-21.857283679184,8498.86671173592,17.547003875225,22.3063127540348,0.449029074851252,-1217.70668244998,-9738.43067786507
9738.04962135942,9742.77830722825,9720.95526834915,-21.823038879088,8502.53158807569,17.5488189959861,22.2775048647914,0.454465985704762,-1217.96921428777,-9742.32384124253
9741.7679559818,9746.47055935658,9724.72482619706,-21.7457331595162,8506.07755040311,17.4854509678011,22.1880543425673,0.442321183050886,-1218.20495461091,-9746.02823817353
9745.55023556944,9750.22702379007,9728.47653066559,-21.7504931244768,8509.59269810524,17.5072938980004,22.1840821186314,0.43358899415172,-1218.45024356622,-9749.79343479591
9749.2806295442,9753.93376209796,9732.36409779871,-21.5696642992618,8513.25633632601,17.33470920509,21.9878417588463,0.41817745957949,-1218.68958401312,-9753.51558463838
9752.70290948342,9757.3391242395,9735.76116836305,-21.5779558764782,8516.48809442544,17.3263714798605,21.9625862359592,0.384630359487746,-1218.88844357814,-9756.95449388004
9756.04872850311,9760.67472717602,9739.01843632436,-21.656290851666,8519.60875126406,17.3617972609233,21.9877959338344,0.331505082161424,-1219.07817997815,-9760.34322209386
9758.84032768627,9763.4656807101,9741.74985398978,-21.7158267202957,8522.26642045688,17.3782151203174,22.0035681441429,0.287741423851518,-1219.19569210907,-9763.17793928624
9761.78687110019,9766.41949681197,9744.67472940721,-21.744767404761,8525.08876876602,17.3634929759161,21.9961186877141,0.251351282948382,-1219.33460935825,-9766.16814552901
9764.60493425156,9769.2520123907,9747.56567426792,-21.6863381227764,8527.88390257296,17.2639166735714,21.9109948127217,0.224656689936744,-1219.45711500502,-9769.02735570074
9767.51625097526,9772.18166368471,9750.60885531186,-21.572808372851,8530.79613940295,17.1279848962889,21.7933976057405,0.220589232889992,-1219.59212667602,-9771.96107445182
9770.56984188988,9775.25369826038,9753.77589783188,-21.4778004284882,8533.80395536441,17.0191851330521,21.7030415035579,0.225241075069185,-1219.74670139242,-9775.02845718531
9773.52754200998,9778.2318557617,9756.7888349234,-21.4430208382924,8536.67196879991,16.9676248762364,21.6719386279535,0.228917789662718,-1219.88794833384,-9778.00293797202
9776.45896749053,9781.18565703152,9759.78163815366,-21.4040188778423,8539.53708067441,16.8968125273841,21.6235020683787,0.219483190536125,-1220.02507428874,-9780.96617384097
9779.57434634185,9784.32414289717,9762.93306379806,-21.3910790991145,8542.53798819753,16.849273730795,21.5990702861373,0.207991187022777,-1220.18708441351,-9784.11615171015
9782.49251515004,9787.2705463396,9766.09177041127,-21.1787759283223,8545.56935514839,16.6002977529083,21.3783289424965,0.199553014172026,-1220.32286224873,-9787.07099332543
9785.24974379404,9790.05803676785,9768.99523173392,-21.0628050339189,8548.35001433981,16.4630899284029,21.2713829022345,0.208577868308957,-1220.43663952581,-9789.84945889953
9787.89954221536,9792.73751752926,9771.67862391164,-21.0588936176182,8550.92645290194,16.4374721663454,21.2754474802399,0.216553862629761,-1220.53561714706,-9792.52096366662
9790.32252368391,9795.1879661097,9774.00398420064,-21.1839819090559,8553.14833930615,16.5713280215522,21.4367704473233,0.25278853826857,-1220.60285635623,-9794.93517757143
9792.84846375996,9797.735895379,9776.49797587136,-21.237919507634,8555.53594056636,16.6295779757604,21.5170095948083,0.279090087177264,-1220.68294521784,-9797.45680529181
9795.36461839032,9800.27260532305,9779.02835177957,-21.2442535434801,8557.96597631619,16.6377652142817,21.5457521470126,0.301498603534729,-1220.76087685984,-9799.97110671952
9797.38628491738,9802.31651440899,9781.01708604197,-21.2994283670327,8559.91765243894,16.6956591475674,21.6258886392087,0.326460272178169,-1220.77297333086,-9801.99005413684
9798.99582051311,9803.94974700261,9782.6337590143,-21.3159879882682,8561.55807681071,16.7078627299484,21.6617892194237,0.345801231154355,-1220.72988097245,-9803.60394577142
9799.34650342175,9804.33046922479,9783.01054864215,-21.3199205826381,8562.12112244239,16.7071495286032,21.6911153316582,0.371194749020798,-1220.51823145073,-9803.95927447578
9799.30865797234,9804.32535873305,9782.94469004147,-21.3806686915771,8562.29844346098,16.7554469359722,21.7721476966805,0.391479005102682,-1220.2547675754,-9803.93387972794
9798.73707178848,9803.79062563598,9782.43268642284,-21.3579392131236,8562.10593405429,16.7115523591,21.7651062066014,0.407166993474919,-1219.91958537507,-9803.3834586425
9797.72138212936,9802.80964677512,9781.62008403145,-21.1895627436703,8561.65521342426,16.5424649697322,21.630729615505,0.441166871830557,-1219.52370373534,-9802.36847990329
9796.26190052855,9801.38242015977,9780.43207667874,-20.9503434810287,8560.88436716837,16.3098510535881,21.4303706848206,0.480027203790462,-1219.06768230657,-9800.90239295596
9794.39122143464,9799.53824528679,9778.73343563475,-20.8048096520308,8559.65357828617,16.1819369460972,21.3289607982353,0.524151146209498,-1218.55570620239,-9799.01409414058
9792.17268189906,9797.33735768643,9776.66399330123,-20.6733643851955,8558.09187297342,16.084622125483,21.2492979128714,0.575933527669338,-1217.99618680016,-9796.76142415875
9789.27560480552,9794.44983123985,9773.76133142833,-20.6884998115153,8555.78678746567,16.1434857701017,21.3177122044433,0.629212392925832,-1217.34533156973,-9793.82061884691
9785.94793884148,9791.1259098666,9770.45036252659,-20.675547340035,8553.14110344983,16.1700740803004,21.348045105467,0.672497765432747,-1216.63676131131,-9790.45341210119
9782.69747885444,9787.87418891094,9767.29668987451,-20.5774990364106,8550.6637474509,16.0950263015043,21.2717363579976,0.694237321582587,-1215.93870510204,-9787.17995158935
9779.4421352833,9784.61372748382,9764.2294306825,-20.3842968013003,8548.2636651787,15.9381780420114,21.1097702425463,0.725473441242453,-1215.24029206257,-9783.88825404256
9775.6580762205,9780.82102932623,9760.4540884357,-20.3669408905223,8545.20943161229,15.9769583330782,21.1399114388353,0.772970548302023,-1214.4716862751,-9780.04805877792
9771.71949373887,9776.87050258586,9756.55227398079,-20.3182286050799,8542.06030878452,15.9763331194795,21.1273419665056,0.809113361419233,-1213.68285183486,-9776.06138922445
9767.53265425415,9772.67617114589,9752.46496326589,-20.2112078800255,8538.76920776894,15.9007687327668,21.0442856245365,0.833077744507042,-1212.86267775244,-9771.84309340138
9763.04034468107,9768.18119801182,9747.9740474946,-20.2071505171966,8535.09747378852,15.9397053008622,21.0805586316194,0.873408114413375,-1212.00316559168,-9767.30778989739
9758.38238057415,9763.52096683006,9743.44415044051,-20.0768163895498,8531.40139137696,15.8592004987278,20.9977867546711,0.920970365117042,-1211.12178869843,-9762.59999646495
9753.74323012715,9758.87551056847,9738.77439781726,-20.1011127512047,8527.55752925812,15.9429213509583,21.0752017922782,0.974089041070115,-1210.24277951808,-9757.9014215274
9749.21916006119,9754.34121913906,9734.33100913611,-20.0102100029673,8523.92347618097,15.9169458183236,21.0390048962074,1.02879489323828,-1209.37873806191,-9753.31242424583
9744.74979687776,9749.85741577047,9729.77198010983,-20.0854356606434,8520.16300914758,16.0651524480584,21.1727713407903,1.08733568014011,-1208.52163528209,-9748.77008009034
9740.22815034885,9745.31859263995,9725.15460507674,-20.1639875632005,8516.3764285337,16.1936524255886,21.2840947167205,1.12010715351996,-1207.65806938953,-9744.19848548644
9735.25778913556,9740.32538734442,9720.12013416756,-20.2052531768717,8512.2279146217,16.2955096754083,21.363107884261,1.15785470739017,-1206.73436483845,-9739.16753263701
9730.58640448422,9735.62255212534,9715.47844326556,-20.1441088597863,8508.42507083365,16.3118297455694,21.347977386698,1.20386852691209,-1205.849503905,-9734.41868359843
9725.89889819304,9730.89702693591,9710.75608522663,-20.1409417092757,8504.55108180514,16.3859548199055,21.3840835627714,1.24314185349358,-1204.96186156799,-9729.65388508241
9720.71626087148,9725.67248679085,9705.55664799539,-20.115838795452,8500.28674746984,16.4204313553688,21.3766572747506,1.26081847929508,-1204.00908204626,-9724.41166831156
9715.56126505376,9720.47109695402,9700.34449937802,-20.1265975760105,8496.01428571544,16.4862254323975,21.3960573326788,1.26945975666732,-1203.06075390593,-9719.20163719735
9710.09082456775,9714.95705253513,9694.96189953249,-19.9951530026554,8491.63009485085,16.3888843520981,21.2551123194726,1.25995931681856,-1202.07184536482,-9713.69709321831
9704.33501687909,9709.15940787643,9689.31050615883,-19.8489017176014,8487.02505703692,16.2630386511717,21.0874296484985,1.23852793089421,-1201.04692119102,-9707.92087994554
9698.41911060784,9703.20296455348,9683.47490658939,-19.7280579640969,8482.25861858837,16.1588811886305,20.9427351342673,1.21467717016757,-1200.00161083085,-9701.98828738331
9691.97015884549,9696.72293518107,9677.23787304388,-19.4850621371947,8477.17709042946,15.9055966856619,20.6583730212458,1.17331088404861,-1198.88747173038,-9695.54962429704
9685.64123514845,9690.36723638109,9670.96669869486,-19.4005376862383,8472.03578161891,15.8141099985735,20.5401112312189,1.1395735449827,-1197.79134353097,-9689.2276628361
9678.82203042275,9683.52735836416,9664.28037756105,-19.2469808031178,8466.53637578651,15.6528521378256,20.358180079244,1.11119927612809,-1196.63280249841,-9682.41615908805
9670.741446284,9675.44151295951,9656.29332695813,-19.1481860013807,8459.92604367603,15.5056910387515,20.2057577142692,1.05757171289038,-1195.30971156918,-9674.38394124662
9662.19597441435,9666.90498659056,9648.05557694158,-18.8494096489723,8453.13515099404,15.1336357398642,19.8426479160821,0.993238267112719,-1193.92718768045,-9665.91174832347
9653.62391645517,9658.35372527053,9639.77974309194,-18.5739821785933,8446.29196927008,14.7886863620158,19.5184951773967,0.944512998802222,-1192.54326082305,-9657.40921227172
9644.84565921858,9649.6094198324,9631.2408186474,-18.3686011849966,8439.20647040453,14.5047198757283,19.2684804895667,0.899879304573785,-1191.13446893832,-9648.70954052783
9635.58110231091,9640.39129132761,9621.98875110194,-18.4025402256756,8431.46455735282,14.4553432593247,19.2655322760443,0.862992050367086,-1189.66120169877,-9639.52829927728
9626.04220976684,9630.91050813654,9612.59398558692,-18.316522549596,8423.60835141508,14.2814487794951,19.1497471491833,0.833224599593986,-1188.15240957227,-9630.07728353694
9616.22586662372,9621.16107395467,9602.86197888431,-18.2990950703582,8415.44147399997,14.1783786614191,19.1135859923805,0.814490922022542,-1186.60601396232,-9620.34658303265
9605.61743439666,9610.62894651608,9592.31996985721,-18.3089766588451,8406.56460086384,14.098554042799,19.1100661622398,0.801089503393944,-1184.95427949001,-9609.8278570127
9594.88604721557,9599.97931320495,9581.79287011504,-18.186443089922,8397.70895472299,13.8914785869665,18.9847445763626,0.798301486437258,-1183.2856139056,-9599.18101171852
9584.06029961996,9589.23784989202,9571.10099925342,-18.1368506385971,8388.68325443822,13.7730824055145,18.9506326775818,0.813782038988927,-1181.60396277622,-9588.42406785304
9573.21636888963,9578.47888087761,9560.24379469951,-18.235086178097,8379.48263175589,13.8148269465415,19.0773389345237,0.842252756423359,-1179.91891018719,-9577.63662812117
9562.07058292259,9567.41644117507,9549.2047693454,-18.2116718296338,8370.124051614,13.7536239646565,19.0994822171026,0.887810387469098,-1178.19290734394,-9566.52863078757
9550.8844979031,9556.3093612607,9538.18441563032,-18.1249456303732,8360.78940986597,13.635154307272,19.0600176648793,0.935072034507681,-1176.45993372985,-9555.37428922619
9539.91864716293,9545.41380260953,9527.2669644767,-18.1468381328223,8351.50331789417,13.6607134970788,19.155868943673,1.00903081085369,-1174.7546157717,-9544.40477179868
9528.85906069598,9534.4137737189,9516.46541846369,-17.9483552552278,8342.34698278341,13.4767439290511,19.0314569519767,1.08310169675021,-1173.03533398353,-9533.33067202216
9517.62471680926,9523.23244808902,9505.41861950961,-17.8138285794075,8332.96804482994,13.3644223675599,18.9721536473174,1.15832506791035,-1171.29224961179,-9522.07412302113
9506.27709612169,9511.92781928199,9494.17601425327,-17.7518050286985,8323.39309152211,13.3511472523307,19.0018704126053,1.25006538390694,-1169.53285734726,-9510.67775389808
9494.52834753697,9500.21547317931,9482.74007099982,-17.4754021794944,8313.70757046882,13.1008225527224,18.7879481950548,1.31254601556176,-1167.71995451543,-9498.90292716377
9482.7619706164,9488.47631314432,9471.16884106753,-17.3074720767725,8303.88119766645,12.9766031408299,18.690945668747,1.38347359197631,-1165.90416980913,-9487.09283955232
9470.58201195789,9476.31625774424,9459.20393743286,-17.1123203114037,8293.70075147332,12.8494727407825,18.5837185271524,1.4713982157502,-1164.03178774378,-9474.8448595285
9458.4446506693,9464.19258557831,9447.28490394343,-16.9076816348746,8283.58847728285,12.6916843694273,18.4396192784349,1.53193764356273,-1162.16448901701,-9462.66064793476
9446.40826852495,9452.16738814813,9435.32377480758,-16.843613340533,8273.41844761656,12.6790366322945,18.4381562554702,1.59454291494144,-1160.3107842761,-9450.57284523318
9434.29206852542,9440.05814068575,9423.26331696956,-16.7948237161993,8263.15297254027,12.6926261804689,18.4586983407906,1.6638746245912,-1158.44646980469,-9438.39426606116
9422.38482044573,9428.15781429956,9411.40493342859,-16.7528808709803,8253.07689621796,12.6962360653963,18.4692299192314,1.71634904825051,-1156.61168816238,-9426.44146525132
9410.42813920879,9416.20818876438,9399.39361718375,-16.8145715806205,8242.84906789072,12.8083789675862,18.5884285231775,1.77385694255785,-1154.77069235048,-9414.43433182183
9398.04677949857,9403.83306465428,9387.08312770381,-16.7499369504743,8232.37801358727,12.794566434188,18.5808515898937,1.83091463942028,-1152.87419947711,-9402.00215001486
9385.37440141755,9391.16679370664,9374.52407353939,-16.6427201672384,8221.70295851027,12.7322968146588,18.5246891037384,1.8819689364943,-1150.93914609262,-9389.28482477013
9372.35727207347,9378.15521176405,9361.58763371046,-16.5675780535829,8210.68477325701,12.7132316950312,18.5111713855911,1.94359333200556,-1148.95926712145,-9376.21161843204
9358.98388869968,9364.78289698537,9348.35101165415,-16.4318853312028,8199.40078944789,12.6517437893913,18.4507520750812,2.01886674388168,-1146.93135546241,-9362.76403024149
9345.76725578376,9351.56080794323,9335.13182437518,-16.4289835680452,8188.11473147223,12.729820943388,18.5233731028423,2.09438953479714,-1144.92270336816,-9349.46641840844
9332.69973612111,9338.48009030121,9322.13463583752,-16.3454544636788,8177.0339213188,12.7334625093423,18.513816689432,2.16836222575331,-1142.93235229298,-9336.31172807545
9319.41859450268,9325.17959270566,9309.03615267409,-16.1434400315492,8165.8838703631,12.621952109297,18.382950312272,2.23951028072212,-1140.9127720303,-9322.94008242494
9305.69775868299,9311.4317569967,9295.2772673234,-16.154489673297,8154.13854910321,12.7257735080419,18.4597718217717,2.30528214847165,-1138.83343607172,-9309.12647484824
9291.96750886966,9297.66400060485,9281.62938425988,-16.0346163449615,8142.50646089724,12.7086681991759,18.405159934353,2.37054358938597,-1136.75237977326,-9295.29345701547
9278.83442902311,9284.4807149501,9268.48096911209,-15.9997458380094,8131.29620417751,12.7884079944573,18.4346939214516,2.4349480834386,-1134.74981685115,-9282.04576686666
9266.08509808807,9271.67013433871,9255.70337968377,-15.966754654949,8120.39406091505,12.8931149440859,18.4781511947358,2.51139653978443,-1132.79792222893,-9269.15873779892
9253.12083288132,9258.63530009873,9242.63255406128,-16.0027460374296,8109.2220639893,13.0809365910177,18.5954038084285,2.592657771002,-1130.817832301,-9256.04264232773
9240.11447122324,9245.5463861442,9229.58008961024,-15.9662965339409,8098.08266544895,13.200435152153,18.632350073118,2.66605353917448,-1128.83137062213,-9242.880332605
9226.34795226254,9231.68959012159,9215.59130611779,-16.0982840038009,8086.11734657393,13.4864576005938,18.8280954596688,2.72981145586291,-1126.74414808799,-9228.95977866573
9212.4092852755,9217.654640138,9201.66414289116,-15.9904972468412,8074.24870936032,13.5262442064682,18.7715990689847,2.78110182214045,-1124.6343317087,-9214.87353831586
9198.34952168173,9203.49296976401,9187.49767620051,-15.995293563497,8062.16657911464,13.6731822910878,18.8166303733893,2.82133680989059,-1122.50976027597,-9200.67163295412
9184.04042329034,9189.07348591742,9173.17175012506,-15.9017357923649,8049.96127678781,13.7259858592434,18.7590484863398,2.85731269397404,-1120.35316064328,-9186.21617322345
9169.37922524957,9174.2972497471,9158.54231039236,-15.7549393547411,8037.50315987129,13.7250945770703,18.6431190746106,2.88817971986465,-1118.1509708012,-9171.40907002724
9154.31357648313,9159.11037359712,9143.3218817094,-15.7884918877127,8024.51767150709,13.9002375585464,18.6970346725355,2.90854278482104,-1115.89566741749,-9156.20183081229
9139.16980364857,9143.8408767431,9128.18518565482,-15.6556910882732,8011.65313180919,13.8846552020419,18.5557282965765,2.90003720830413,-1113.63201663733,-9140.94083953479
9124.19102318122,9128.73595363598,9113.27157641245,-15.4643772235246,7999.01875119521,13.7789876633114,18.3239181180674,2.85954089453842,-1111.39328432269,-9125.87641274143
9109.54687999079,9113.96835223913,9098.60790711284,-15.3604451262866,7986.61383833332,13.7308741029276,18.1523463512627,2.7919012249775,-1109.20216755455,-9111.17645101414
9094.74799931253,9099.05232735856,9083.97052815488,-15.0817992036863,7974.26902859996,13.4859202131119,17.7902482591533,2.70844905546607,-1106.99305049946,-9096.34387830311
9079.38505139772,9083.58721270551,9068.58041410698,-15.0067985984952,7961.25202176008,13.420029570168,17.6221908779526,2.61539227945709,-1104.71300006748,-9080.97182042604
9063.75123473295,9067.86699310527,9052.93550387095,-14.9314892343103,7948.02570107592,13.3245340512915,17.44029242361,2.50880318930154,-1102.40099960573,-9065.35818991598
9048.11976421334,9052.16411236086,9037.38672715121,-14.7773852096568,7934.90636339007,13.120984597782,17.1653327453094,2.38794753565571,-1100.0924162255,-9049.7761648252
9032.48976160498,9036.47521273967,9021.73442139054,-14.7407913491519,7921.67209082383,13.0301394721236,17.0155906068216,2.27479925767016,-1097.78753130904,-9034.200413482
9016.50576674969,9020.44719344544,9005.56777507942,-14.8794183660153,7907.98015664448,13.0866932632737,17.0281199590361,2.14870159301861,-1095.43891684193,-9018.29849185242
9000.6582500797,9004.57073561433,8989.79831646572,-14.7724191485982,7894.66185912883,12.8857882014416,16.7982737360794,2.02585458748417,-1093.11060274943,-9002.54488102685
8984.77515774785,8988.67312250552,8973.92938744049,-14.7437350650234,7881.22802672592,12.7669638758953,16.6649286335696,1.92119356854908,-1090.78016714603,-8986.75192893697
8968.68709511288,8972.5866389932,8957.89059526471,-14.6960437284767,7867.63661198114,12.6260381824782,16.5255820627968,1.82953833432031,-1088.42444494926,-8970.75710065889
8952.55448310836,8956.46860079014,8941.84501036771,-14.6235904224319,7854.03005219804,12.460182756303,16.3743004380942,1.75071001566238,-1086.06424815402,-8954.71789077448
8936.43870787025,8940.37682601859,8925.78015956867,-14.5966664499167,7840.38026971577,12.350883036314,16.2890011846636,1.69233473474916,-1083.70755511816,-8938.68449128385
8920.24452540418,8924.21711889494,8909.68505563148,-14.5320632634716,7826.69056658484,12.2138487271295,16.1864422179178,1.65437895444492,-1081.34011009219,-8922.5627399405
8904.07081333462,8908.0855651092,8893.6746635645,-14.4109015446843,7813.06966770594,12.0255689208709,16.0403206954354,1.62941915075066,-1078.97557670781,-8906.45614595843
8887.77096025648,8891.83174847954,8877.64909755233,-14.1826509272028,7799.42652609813,11.7520521293869,15.8128403524472,1.63018942523867,-1076.59238202895,-8890.2015590543
8871.188864208,8875.29949353523,8861.13959209778,-14.15990143744,7785.33161115618,11.6879253154485,15.7985546426613,1.63865320522492,-1074.16932773637,-8873.66084033
8854.57675680839,8858.73591339763,8844.75074819264,-13.9851652049949,7771.36129817136,11.4748671411392,15.6340237303665,1.64885852537224,-1071.74059149592,-8857.08705487227
8838.00289290852,8842.2090231918,8828.37012759218,-13.8388955996046,7757.38515736441,11.300847285679,15.5069775689522,1.66808196934518,-1069.31688825845,-8840.54094122246
8821.40239681056,8825.65229299556,8811.97379012074,-13.6785028747913,7743.39449253755,11.1189644887089,15.3688606737234,1.69035779893289,-1066.88893978429,-8823.96193519662
8804.61456547592,8808.90065295576,8795.21585632474,-13.684796631002,7729.05003628312,11.1301580667951,15.4162455466196,1.73144891562209,-1064.434371126,-8807.16920404013
8787.49474161407,8791.81069615374,8778.43331135016,-13.3773848035881,7714.72078709334,10.8398645379873,15.1558190776517,1.77843427407024,-1061.93408998275,-8790.03226187967
8770.09663973812,8774.43314292718,8761.01997996487,-13.4131629623077,7699.79515714445,10.9052224992496,15.2417256883234,1.82856272601564,-1059.39626009442,-8772.60458020115
8752.38617203708,8756.73355213089,8743.39878086215,-13.3347712687283,7684.71931287085,10.8506658788724,15.1980459726806,1.8632747039548,-1056.81619328734,-8754.87027742693
8734.16754841249,8738.52205323523,8725.34027830963,-13.1817749255865,7669.29621287307,10.7028814443655,15.0573862670924,1.87561134150545,-1054.16845409506,-8736.64644189371
8715.83310171566,8720.1890518641,8707.21487101827,-12.9741808458139,7653.82569753615,10.502387933855,14.8583380823014,1.88415723649658,-1051.50501624564,-8718.3048946276
8697.42094907021,8701.77592776006,8689.04341114751,-12.7325166125516,7638.31955289817,10.269825810739,14.6248045006077,1.89228788805512,-1048.83157036128,-8699.883639872
8678.83520054406,8683.18965035284,8670.65783287005,-12.5318174827962,7622.63913283171,10.0620693559727,14.4165191647579,1.88470168196675,-1046.13399835638,-8681.30494867088
8659.4285577777,8663.78548702446,8651.4058449045,-12.3796421199491,7606.20460690777,9.89641272413103,14.2533419708931,1.87369985094282,-1043.3275381458,-8661.91178717351
8639.69786990021,8644.06090072731,8631.85064566038,-12.2102550669355,7589.51062289396,9.70900562732647,14.0720364544283,1.86178138749958,-1040.47824137893,-8642.19911933981
8619.93396955111,8624.31091684409,8612.48315693603,-11.8277599080366,7573.00311413456,9.30527514468409,13.6822224376355,1.85446252960053,-1037.62558027187,-8622.45645431447
8599.92468750701,8604.31583115527,8592.59399507843,-11.7218360768369,7555.97883522329,9.20598578551055,13.59712943376,1.87529335692327,-1034.73986649822,-8602.44053779834
8579.74562967514,8584.15130949713,8572.59455662118,-11.5567528759315,7538.85741788625,9.05699444675705,13.4626742687218,1.90592139279531,-1031.83121734214,-8582.24538810432
8559.65167905672,8564.06343639116,8552.7651462414,-11.2982901497832,7521.86241678341,8.85629986179563,13.2680571962359,1.96976704645933,-1028.93296241152,-8562.09366934471
8539.36546921916,8543.77602405505,8532.4420760618,-11.333947993242,7504.39901496118,8.95788932656791,13.3684441624501,2.03449616921049,-1026.00856493141,-8541.74152788585
8519.00083914359,8523.39991210365,8512.12420881808,-11.2757032855451,7486.9376993111,8.98994844961671,13.3890214096513,2.11331812411318,-1023.07319138287,-8521.28659397952
8498.47261156797,8502.84964167862,8491.51904971135,-11.3305919672719,7469.21974341707,9.13629528575854,13.5133253964239,2.18273342915398,-1020.11657286513,-8500.66690824948
8478.01773411334,8482.35930491074,8471.22868561373,-11.1306192970082,7451.8185362246,9.03100316748717,13.3725739648949,2.24195466788095,-1017.16819472127,-8480.11735024286
8457.54545883736,8461.84052775888,8450.76375145583,-11.0767763030494,7434.24588529466,9.08243856474478,13.3775074862767,2.30073118323066,-1014.21713497795,-8459.53979657564
8437.03207838802,8441.27323657294,8430.22931078479,-11.0439257881367,7416.60742385514,9.16415543201632,13.4053136169371,2.36138782880523,-1011.26049910086,-8438.91184874414
8416.3211861243,8420.49835661637,8409.60584864202,-10.8925079743524,7398.90326972887,9.14156072250573,13.3187312145796,2.42622324022856,-1008.27635567293,-8418.07213337614
8395.16114158839,8399.26809994795,8388.64879579113,-10.6193041568076,7380.94004135706,8.98879175961392,13.09575011919,2.47644596237936,-1005.23230847171,-8396.79165398557
8373.73942040688,8377.77486584585,8367.22211565215,-10.552750193699,7362.5711906698,9.01300535454021,13.0484507935082,2.49570059980917,-1002.15522438253,-8375.27916524603
8351.77038971486,8355.73372233904,8345.35039837721,-10.3833239618136,7343.83514430938,8.92912575256733,12.892458376732,2.50913441492056,-999.006119652925,-8353.22458792412
8329.5818468769,8333.46520891085,8323.22348668869,-10.2417222221593,7324.86112835944,8.89220911311157,12.7755711470642,2.53384892490616,-995.82850940434,-8330.93135998595
8307.01148695242,8310.81501908275,8300.67669305771,-10.138326025051,7305.52470981814,8.88581800797498,12.6893501383079,2.55102411326023,-992.600959126307,-8308.26399496949
8284.88844296349,8288.60856000529,8278.48983236032,-10.1187276449685,7286.48274563093,8.97022128496518,12.6903383267523,2.57161068178573,-989.435476047599,-8286.03694932348
8262.35010016763,8265.98269000215,8255.98296083315,-9.99972916899708,7267.20766815307,8.92509103902377,12.5576808735458,2.55795170455399,-986.217340975532,-8263.4247382976
8239.62787615552,8243.17572149085,8233.4903358536,-9.68538563723177,7248.00632675607,8.64417233573695,12.1920176710621,2.50663203383029,-982.977377063723,-8240.66908945701
8216.78836083194,8220.26361404713,8210.7843704984,-9.47924354872244,7228.58866785504,8.4726073656183,11.9478605808099,2.46861703208837,-979.727085611277,-8217.79499701504
8194.13709563922,8197.54761204216,8188.47222715613,-9.0753848860262,7209.54856767944,8.08277290994498,11.4932893128817,2.41790442685409,-976.505755049825,-8195.12970761531
8171.44873953856,8174.80719345649,8165.84270490301,-8.96448855345743,7190.2026492123,7.96319506005992,11.3216489779793,2.35716042452118,-973.282895266203,-8172.45003303195
8148.37883604776,8151.69855500442,8142.92013626287,-8.77841874155527,7170.62252619466,7.74391925705188,11.0636382137138,2.28521947215734,-970.012390596046,-8149.41333553227
8124.20966821656,8127.51615849093,8119.10648821514,-8.40967027579475,7150.31297344992,7.29790197401722,10.6043922483904,2.19472197259845,-966.598792792624,-8125.32143651833
8099.03442434618,8102.3511351808,8093.95243445128,-8.39870072954151,7128.79530719732,7.18492261909715,10.5016334537226,2.10293272418362,-963.05419452975,-8100.2482024566
8073.95647207887,8077.30068532711,8069.05885730214,-8.24182802498901,7107.51098462588,6.92003750183361,10.2642507500909,2.02242272510352,-959.525449951158,-8075.27826260203
8049.42223395626,8052.80880603711,8044.62968547563,-8.17912056148122,7086.60588350025,6.74504774940504,10.1316198302621,1.95249926877969,-956.071302706588,-8050.85630676832
8025.07890020982,8028.52360657082,8020.31313282425,-8.21047374657348,7065.77529310831,6.65826955292452,10.1029759139493,1.89250216737355,-952.645337548558,-8026.63110440344
8000.95110745795,8004.46389836426,7996.42539054507,-8.03850781919541,7045.3210979207,6.38055278291922,9.89334368922548,1.85483587003314,-949.249456754331,-8002.60906249422
7977.10744959459,7980.69829514541,7972.88475765792,-7.81353748750292,7025.17377497281,6.04116771535145,9.63201326618054,1.81847577868298,-945.892506906432,-7978.87981936674
7953.49242626771,7957.16711291356,7949.59276333159,-7.57434958198123,7005.23145665471,5.69395150634007,9.36863815219312,1.79428857021174,-942.567018106658,-7955.37282434335
7929.94709308483,7933.71386099432,7926.40285130191,-7.31100969242289,6985.38060089318,5.31497955290022,9.08174746238613,1.77073776996396,-939.251512638767,-7931.94312322436
7906.62237331337,7910.48349749907,7903.12982958415,-7.35366791491673,6965.39152189101,5.26500604892355,9.1261302346066,1.77246231969278,-935.965845373453,-7908.71103517937
7883.38963035255,7887.34442164306,7879.95122352056,-7.39319812252405,6945.46328181529,5.23584639281951,9.19063768333876,1.79743956081016,-932.690502144456,-7885.54698208226
7860.16781752723,7864.21284753756,7856.79937310595,-7.41347443160478,6925.55372942072,5.19939282891302,9.24442283925781,1.83094840765111,-929.414695277591,-7862.38189912991
7837.14226408981,7841.26738866179,7833.85355966847,-7.41382899331719,6905.79498926462,5.18445466040336,9.3095792323978,1.89575023907637,-926.162820164797,-7839.37163842272
7813.90313416772,7818.09886903006,7810.77056885167,-7.32830017839198,6885.92803421032,5.09368809781931,9.28942296016929,1.96112278178062,-922.88141185959,-7816.13774624829
7790.1285089508,7794.38207062922,7787.15988338845,-7.22218724075828,6865.59102125371,5.01123727026619,9.26479894868974,2.04261170792903,-919.526250426824,-7792.33945892129
7766.28253412255,7770.57404238785,7763.34154638727,-7.23249600059455,6845.03432074499,5.08932927168545,9.38083753699156,2.14834153639978,-916.158884105898,-7768.42570085147
7742.06741053684,7746.38493261976,7739.51257701456,-6.87235560520329,6824.49874548568,4.82810688475952,9.14562896769049,2.27327336248613,-912.740558166408,-7744.11165925728
7717.67995695837,7722.00408902576,7715.37431144382,-6.62977758195269,6803.65689514568,4.72650288923533,9.05063495663955,2.42085737468726,-909.296558923462,-7719.58323165109
7693.04174022418,7697.35240948746,7691.0911462961,-6.26126319136047,6782.70093163162,4.52422639580721,8.83489565909349,2.57363246773452,-905.816582196734,-7694.77877701973
7667.96409708036,7672.24355912777,7666.29797838419,-5.94558074357329,6761.31918147466,4.368327227676,8.6477892750797,2.70220853150311,-902.276588378026,-7669.54135059626
7642.71282519697,7646.94259471176,7641.3218203961,-5.62077431566679,6739.78527855225,4.21510747460111,8.4448769893969,2.82410267373092,-898.712439170131,-7644.11849203803
7617.63245870609,7621.79666260162,7616.28040709291,-5.51625550871335,6718.17022947213,4.29059520763537,8.45479910318621,2.93854359447253,-895.171634026318,-7618.85811900716
7592.82559384515,7596.90705724835,7591.51299775679,-5.39405949156661,6696.81528458219,4.34356954249153,8.42503294570754,3.03097345414203,-891.666739720468,-7593.87608379422
7567.16839624815,7571.15577796566,7565.80010667357,-5.35567129210741,6674.66109777039,4.45745777242387,8.44483948994991,3.08916819783887,-888.049840705329,-7568.06660976782
7541.73763205833,7545.61554709703,7540.18771144468,-5.42783565235807,6652.59514375271,4.67792222561949,8.55583726432929,3.12800161197394,-884.464566080007,-7542.48754548507
7516.2933963992,7520.05078002047,7514.71043600589,-5.34034401457185,6630.68234324274,4.7309152412584,8.48829886251839,3.1479548479501,-880.880137915204,-7516.90282517251
7491.16211601608,7494.79308740024,7489.43946569159,-5.35362170866413,6608.97096384671,4.85109837131316,8.48206975549166,3.12844804682889,-877.340053798043,-7491.66463935342
7465.6919427058,7469.19885651891,7463.78734869909,-5.41150781981095,6586.95852502498,4.97457175973719,8.48148557284247,3.06997775303435,-873.758845921075,-7466.12887876587
7439.81003727958,7443.20053443076,7437.9909822491,-5.2095521816818,6564.83893086205,4.84532275213668,8.23581990332205,3.02626772164557,-870.125783665414,-7440.17426670912
7413.69175273382,7416.97544199211,7411.74041502811,-5.2350269639948,6542.2934150409,4.93372436327124,8.21741362155639,2.98238665756473,-866.464613329663,-7413.99305533454
7387.73997365753,7390.92284418384,7385.86492012032,-5.05792406350348,6520.11015527108,4.80192881193219,7.98479933822138,2.926875274718,-862.827889574525,-7387.99596890909
7361.96400145955,7365.05430789158,7360.08428760626,-4.9700202853034,6498.00562556501,4.74078197717536,7.83108840918913,2.86106812388458,-859.217593917384,-7362.1932397677
7336.24500850147,7339.25775498499,7334.40192784692,-4.85582713805223,6476.00620496755,4.62114281752789,7.63388930103924,2.77806216298351,-855.617660716397,-7336.479692822
7310.43236651751,7313.37853829396,7308.73927235794,-4.63926593601526,6454.02290627673,4.40395817546689,7.35012995190484,2.71086401589132,-852.00550206532,-7310.66767427805
7284.22638763953,7287.11269054764,7282.55219980765,-4.5604907399685,6431.5684247999,4.31633367058353,7.20263657867193,2.64214583870433,-848.341629169057,-7284.47054470892
7257.74838402298,7260.58249584371,7256.03748310559,-4.5450127381119,6408.81066086701,4.29485315240085,7.12896497312375,2.58395223501247,-844.642870003573,-7257.99854360868
7231.13188244368,7233.91838711505,7229.48211375186,-4.43627336319074,6386.0008035344,4.20495080540431,6.99145547678616,2.55518211359502,-840.926128103872,-7231.36320500145
7204.3836553963,7207.11951212249,7202.92149550339,-4.19801661910119,6363.19086855956,4.00098403902832,6.73684076522647,2.5388241461218,-837.191802797713,-7204.58068797637
7177.62994037576,7180.3134196052,7176.28850653083,-4.02491307436063,6340.30050069152,3.87232718944995,6.55580641889024,2.53089334452913,-833.457112494774,-7177.78252626066
7150.4208092515,7153.04829914358,7149.05693437653,-3.99136476704562,6316.87296393114,3.88630948483852,6.51379937692121,2.52243460987494,-829.661535835514,-7150.5258645337
7123.20098557609,7125.77252234983,7121.9977648614,-3.77475748845179,6293.64369993355,3.69134930366618,6.26288607741478,2.48812858896247,-825.865936338878,-7123.28439376088
7095.63149013274,7098.15294824738,7094.62259717342,-3.53035107395444,6270.16882065212,3.43562768767221,5.95708580231326,2.42673472835675,-822.02704179293,-7095.72621351901
7067.54730393642,7070.02931074204,7066.75870653239,-3.27060420962397,6246.29001718208,3.13373767381577,5.61574447942132,2.34514026979621,-818.123549080535,-7067.68417047223
7039.3179775281,7041.77091462006,7038.65605135628,-3.1148632637583,6222.18312823588,2.93078850067164,5.38372559262952,2.26886232886997,-814.204060791546,-7039.50205229118
7010.48000287688,7012.91923978726,7010.19216818157,-2.72707160568516,6197.80668802165,2.46595576175025,4.90519267213857,2.17812106645674,-810.207359093474,-7010.74111872081
6981.51492366878,6983.95884828871,6981.44453136924,-2.51431691946207,6173.15782930258,2.15980441370457,4.60372903362184,2.08941211416119,-806.197289952506,-6981.86943617455
6952.34072690388,6954.80326143734,6952.50492142127,-2.29834001605475,6148.33527600826,1.84281107021221,4.30534560367668,2.00700558762318,-802.16263982541,-6952.79625584971
6923.3808485275,6925.87254687143,6923.8867921542,-1.9857547172177,6123.79775702925,1.42532923592099,3.9170275798429,1.93127286262436,-798.157762262334,-6923.9412740088
6894.58341554841,6897.11314141181,6895.28607943971,-1.82706197210009,6099.21985778946,1.18819138007319,3.71791724346269,1.89085527136271,-794.175366378892,-6895.22228614045
6865.77659078429,6868.35294649605,6866.6954990711,-1.65744742495647,6074.65217936229,0.93206603073529,3.50842174250529,1.8509743175466,-790.192345391259,-6866.50197217849
6837.19402148317,6839.81514542305,6838.26173231049,-1.55341311255427,6050.19667519694,0.759432564254224,3.38055650414777,1.82714339159718,-786.237913721969,-6837.98800203147
6808.48601068231,6811.15002304633,6809.62754893122,-1.52247411511923,6025.5384731395,0.681860671893886,3.3458730359254,1.82339892080527,-782.265676870923,-6809.32662412553
6779.96676041575,6782.67578949439,6781.20494044856,-1.47084904582587,6001.0528281578,0.595584081370923,3.30461316003951,1.8337641142127,-778.31834817656,-6780.84202538019
6751.73159566856,6754.48775262071,6753.23365927266,-1.25409334805677,5976.97607242293,0.346259581634686,3.10241653379926,1.84832318574398,-774.409263663986,-6752.63942943498
6723.18229982093,6725.98476238306,6724.8556915944,-1.12907078868102,5952.51443332673,0.210837068669857,3.01329963082204,1.88422884214312,-770.457029425545,-6724.10053354093
6694.31552974687,6697.16489394399,6696.34882955546,-0.816064388543877,5927.94822573059,-0.0940885155782917,2.75527568155752,1.93921129301143,-766.461392531863,-6695.22568265099
6665.306954968,6668.20241330037,6667.64058807425,-0.561825226125024,5903.19631843193,-0.335047388188989,2.5604109441847,1.99858571806234,-762.445683924266,-6666.20382758232
6636.20877941105,6639.14069103065,6638.84442534731,-0.296265683334866,5878.34953035404,-0.556544572368139,2.37536704722557,2.07910136388822,-758.415793629382,-6637.06158966675
6607.31782419925,6610.2755007802,6610.08680338493,-0.188697395310273,5853.47773092444,-0.570146016647815,2.38753056432011,2.19883316901578,-754.41023929148,-6608.07666761121
6578.30806950706,6581.27684025156,6581.1347950769,-0.14204517467054,5828.41012109853,-0.487585244468613,2.48118550005411,2.33914032538204,-750.38553365298,-6578.93769992618
6548.88454213095,6551.84736330959,6551.86414908976,0.0167857801531617,5803.09473485491,-0.512823538377744,2.4499976402643,2.46678342042165,-746.302630814436,-6549.38057988918
6519.41468830267,6522.35220072162,6522.61221632308,0.260015601466225,5777.81949303192,-0.615931458408972,2.32158096055757,2.58159656202329,-742.211126729164,-6519.7706041596
6489.95013563405,6492.84332813766,6493.27901822293,0.435690085254849,5752.46557871912,-0.634270824472519,2.25892167914933,2.694611764408,-738.11882773941,-6490.14871637327
6460.28648690685,6463.1133711232,6463.73627672713,0.622905603925285,5726.94260870319,-0.654853223711008,2.17203099264348,2.79493659656587,-733.998731427385,-6460.31843452666
6430.19351468058,6432.93508137073,6433.86658594043,0.931504569683791,5701.17271449578,-0.799397930218924,1.94216875994383,2.87367332962506,-729.820198115012,-6430.06140804111
6400.08898085049,6402.730964211,6404.00286995833,1.27190574730492,5675.4495915369,-1.00179360389374,1.64018975662307,2.91209550392898,-725.641182917505,-6399.81886870708
6369.73453002992,6372.26979216534,6373.8960748311,1.6262826657419,5649.5163845845,-1.21196269033712,1.32329944508359,2.94958211083112,-721.430108135768,-6369.32021005452
6339.30166848906,6341.72451797684,6343.50020048342,1.77568250656883,5623.31529696134,-1.22513442306477,1.19771506471039,2.97339757128297,-717.211505950808,-6338.75112040555
6308.99863312633,6311.30620715465,6313.23304196835,1.9268348136991,5597.23640645387,-1.25116351101296,1.05641051732645,2.98324533102256,-713.013390183483,-6308.32296182363
6278.6977591383,6280.89169667085,6282.88018652606,1.9884898551887,5571.06930670002,-1.19022814108666,1.00370939147844,2.9921992466693,-708.818680579378,-6277.8994974242
6248.35950581735,6250.43723315635,6252.49743541673,2.06020226037127,5544.88620899505,-1.14877029062911,0.928957048374675,2.98915930874408,-704.622067112951,-6247.4480738476
6218.03670204208,6220.00434841228,6222.18618953179,2.18184111951653,5518.7888148175,-1.18344705395279,0.784199316247137,2.96604043576266,-700.431334278545,-6217.03830797652
6187.30128812175,6189.1698511939,6191.55477002999,2.38491883608854,5492.42835797434,-1.31709556304448,0.551467509099508,2.93638634519111,-696.190025710458,-6186.2334648487
6156.86251981421,6158.63925187498,6161.03293559869,2.39368372370601,5466.1366605225,-1.2650992222268,0.511632838546669,2.90531656224921,-691.990958513953,-6155.73393531272
6126.14854836427,6127.84085232867,6130.43479175203,2.59393942335562,5439.80673877292,-1.41496002342975,0.277343940964006,2.87128336431592,-687.756769614801,-6124.96956896435
6096.00016240079,6097.60908493221,6100.34394108661,2.734856154394,5413.91382852626,-1.5129207522745,0.0960017791526938,2.83085793355277,-683.599254626808,-6094.77822699868
6065.70498965445,6067.23474926183,6070.14923756082,2.91448829900438,5387.94691529678,-1.66505128076766,-0.135291673384634,2.77919662561847,-679.423125638436,-6064.4555526362
6035.42240351465,6036.87770472287,6039.9299722044,3.05226748154337,5361.9604247917,-1.78862080863024,-0.333319600422592,2.7189478811201,-675.250599531598,-6034.15875684175
6004.67538304622,6006.06509002731,6009.27282186061,3.20773183329819,5335.60585550347,-1.94794113560029,-0.558234154501554,2.64949767879461,-671.01746867836,-6003.41559234853
5973.72695056585,5975.05391176874,5978.2553070676,3.20139529885718,5308.90736479503,-1.93802299853388,-0.611061795654709,2.59033350320674,-666.757608769366,-5972.46357826555
5942.98933558578,5944.26059041926,5947.5492190309,3.28862861164744,5282.50479221738,-2.04347327073631,-0.772218437272835,2.51641017437958,-662.52801663914,-5941.74418024488
5912.04665185628,5913.27353749278,5916.66503931485,3.39150182205928,5255.94593471778,-2.17331814843832,-0.94643251193867,2.44506931012745,-658.274035286926,-5910.82846818265
5881.2158838165,5882.40784007158,5885.94589171875,3.53805164716863,5229.54252294293,-2.36442749807888,-1.17247124299766,2.36558040416356,-654.037788371653,-5880.04225966741
5850.32509095026,5851.48919367786,5855.14271194211,3.65351826425302,5203.04443677451,-2.51509683667491,-1.35099410909023,2.30252415516245,-649.795751012434,-5849.18666952269
5819.37326639425,5820.51417318534,5824.29619438546,3.78202120011438,5176.490883614,-2.66461714021242,-1.52371034911344,2.25831085100371,-645.546999920455,-5818.25586233433
5788.43346978023,5789.5567513302,5793.58840286181,4.03165153160788,5150.06303250605,-2.93072969023278,-1.80744814026157,2.2242033913441,-641.301166964416,-5787.33254793887
5757.61454003432,5758.71513422426,5763.06782147867,4.35268725441607,5123.79155280171,-3.24799952269631,-2.14740533276395,2.20528192165074,-637.070986755296,-5756.5098523026
5727.05688755069,5728.12810739555,5732.66479210489,4.53668470933784,5097.58816406732,-3.40718917336405,-2.33596932850402,2.20071538083065,-632.875912656728,-5725.92739201472
5696.47223496062,5697.50863732509,5702.36855757236,4.85992024727555,5071.51975138933,-3.72524612894374,-2.68884376449177,2.17107648278287,-628.677729700245,-5695.3375608423
5666.09690011482,5667.09440943413,5672.38031705763,5.28590762351086,5045.74404737331,-4.1542412215132,-3.15673190223409,2.12917572127592,-624.50709396304,-5664.96523371283
5635.70355864249,5636.66073301838,5642.20510800186,5.54437498349922,5019.78031095722,-4.41218630916759,-3.45501193328318,2.08936305021083,-620.335433994437,-5634.57136996816
5605.13586060666,5606.057389458,5611.80992908297,5.75253962498453,4993.63642730272,-4.64419526384942,-3.72266641253458,2.02987321245239,-616.143628567807,-5604.02751624554
5574.76084023886,5575.65173611469,5581.72349790707,6.07176179238429,4967.79445522062,-5.01338546880588,-4.12248959298374,1.94927219940044,-611.979770487035,-5573.70246391529
5544.49858846712,5545.36741640736,5551.8448013202,6.47738491284144,4942.15354528005,-5.4874969073181,-4.61866896709068,1.85871594574781,-607.832540094407,-5543.50870046162
5513.96421326156,5514.82307086464,5521.43266784058,6.609596975949,4915.99257408554,-5.67871013707282,-4.81985253398471,1.7897444419607,-603.650349313074,-5513.03332642268
5483.35241320723,5484.20737788201,5490.96886414102,6.76148625901694,4889.76951233335,-5.87589548991525,-5.02093081513965,1.74055544387431,-599.458796363803,-5482.46682243814
5452.72124123846,5453.57677420563,5460.25906494252,6.6822907369011,4863.29258924423,-5.83669274805143,-4.98115978089196,1.70113095600999,-595.26534474227,-5451.87564324962
5421.93648336779,5422.79490832692,5429.43831655079,6.64340822385239,4836.71453249257,-5.83087565625854,-4.97245069712879,1.67095752672244,-591.052826531486,-5421.12395080021
5390.99810838326,5391.85960162137,5398.78373544989,6.92413382850948,4810.33427380669,-6.15885400088785,-5.29736076277269,1.62677306573378,-586.822688577472,-5390.23282855567
5359.78857481862,5360.65306873553,5367.66120463214,7.00813589662548,4783.51600303205,-6.28492128815079,-5.42042737125221,1.58770852537281,-582.557493074726,-5359.06536021016
5328.36613304119,5329.23109758504,5336.17173910244,6.94064151742123,4756.38544131536,-6.28370648552836,-5.41874194167507,1.52189957574815,-578.264398211343,-5327.70919800929
5297.22077295674,5298.09178957771,5305.04823527646,6.95644569874864,4729.59275711672,-6.38194915109377,-5.51093253012721,1.44551316862693,-574.009964991124,-5296.6462764091
5266.18562241197,5267.06803727189,5273.97471820178,6.90668092988199,4702.81139239435,-6.39725744218597,-5.51484258224595,1.39183834763898,-569.771487459799,-5265.67619892426
5235.09209872402,5235.99199542635,5242.91486493604,6.92286950969278,4676.04095763714,-6.47498361301526,-5.57508691068998,1.34778259900481,-565.526124699908,-5234.64421282735
5204.03180510708,5204.95034014698,5211.9543053587,7.0039652117243,4649.358764576,-6.61204553916658,-5.69351049926629,1.31045471246056,-561.285086070244,-5203.63988543452
5173.01795999663,5173.95692944286,5180.96133536271,7.00440591985977,4622.62337704572,-6.65619209519966,-5.71722264897166,1.28718327088777,-557.050775046103,-5172.66974617196
5141.94527903217,5142.89807258708,5150.02558901261,7.12751642551152,4595.92768126384,-6.78984097501232,-5.83704742008087,1.29046900543376,-552.807438743331,-5141.60760358165
5110.80704718734,5111.77088374666,5119.05421207177,7.2833283251205,4569.21659475186,-6.96479811759094,-6.00096155826599,1.28236676685603,-548.555250553058,-5110.48851697981
5079.55007092863,5080.52392284949,5087.81809627771,7.29417342822085,4542.24232999274,-6.9801435983175,-6.00629167745308,1.28788175077071,-544.287884534208,-5079.23604109873
5048.41581124457,5049.39545712975,5056.90704094747,7.51158381771535,4515.55376199869,-7.17526351305271,-6.19561762785434,1.31596618986214,-540.037312758931,-5048.07949093991
5017.27124928799,5018.24713005895,5025.83451877846,7.58738871951583,4488.6848820144,-7.19957190506437,-6.22369113409214,1.36369758542821,-535.785939178633,-5016.88343247352
4986.25694327218,4987.21814369352,4995.03382223026,7.81567853676376,4462.0882577834,-7.38246810535717,-6.42126768402392,1.39441085273621,-531.551153594137,-4985.82373284078
4955.3912849551,4956.33068226429,4964.33080977505,8.00012751077134,4435.57377995395,-7.51861625434528,-6.57921894515475,1.42090856561971,-527.336121255484,-4954.90977369867
4924.60974784206,4925.5222134044,4933.69559820674,8.17338480233083,4409.12630272343,-7.65050407605942,-6.73803851371305,1.4353462886147,-523.133949194691,-4924.08686711579
4893.44798171326,4894.33457916403,4902.64323295589,8.30865379186203,4382.35156856475,-7.78710263415622,-6.90050518338612,1.40814860848283,-518.883515782655,-4892.92643055556
4862.56826036157,4863.42824258855,4871.73193718122,8.30369459265571,4355.69109942686,-7.79541964238384,-6.93543741538312,1.36825717726917,-514.672580577089,-4862.05998541129
4831.54683705634,4832.385725247,4840.82081637311,8.43509112611973,4329.06177255143,-7.95907429694375,-7.12018610628776,1.31490501983373,-510.444138801849,-4831.07082022716
4800.35477615421,4801.17164352768,4809.85561032485,8.68396679714959,4302.37927262853,-8.21806547345514,-7.40119809997468,1.28276869717513,-506.193568999138,-4799.88887483051
4769.12247575016,4769.91435737982,4778.55384803359,8.63949065376166,4275.36479212287,-8.18064216461075,-7.38876053494669,1.25073011881443,-501.938325791906,-4768.663627261
4737.89469526957,4738.66375407824,4747.384594277,8.72084019874023,4248.47124800714,-8.2609712837836,-7.49191247511075,1.22892772363405,-497.684418546213,-4737.43482635462
4706.61583806741,4707.36396568991,4716.18767922579,8.82371353587617,4221.52931807913,-8.3381590032192,-7.59003138072404,1.23368215514839,-493.424678991503,-4706.13028353474
4675.69800935818,4676.41568577552,4685.42540628309,9.00972050756917,4194.95649870529,-8.47059742341885,-7.75292100608922,1.25679950147835,-489.212108076315,-4675.15888627403
4644.66837762396,4645.34446126601,4654.63520666608,9.29074540008714,4168.3712979312,-8.68685314519269,-8.01076950314682,1.27997589693645,-484.98393283795,-4644.06448536906
4613.70528050391,4614.32659749217,4623.39285916459,9.06626167241391,4141.34052438663,-8.39913707952996,-7.77782009128403,1.28844158113129,-480.763893196822,-4613.03815591103
4582.67927662767,4583.23547729621,4592.17724548716,8.94176819096066,4114.35650846227,-8.21236522877587,-7.65616456024832,1.28560363071552,-476.535133394178,-4581.94987366548
4551.75883508098,4552.24443338799,4561.30804892214,9.06361553414375,4087.71478523224,-8.27616189046235,-7.79056358346125,1.27305195068448,-472.320211739224,-4550.9713814373
4520.536845053,4520.95150040787,4530.04314661456,9.09164620669027,4060.70750495335,-8.23843719981216,-7.82378184494363,1.26786436175009,-468.067777299467,-4519.68363604611
4489.72177068772,4490.05670404095,4499.4303562293,9.37365218835508,4034.29372219915,-8.44131872715701,-8.10638537394293,1.26726681441661,-463.869367215736,-4488.78943722653
4459.11789810779,4459.36159487232,4468.9417089807,9.58011410838643,4007.97826800806,-8.56031966121303,-8.31662289668766,1.26349121170239,-459.699949760936,-4458.09810366061
4428.86217597742,4429.0133770581,4438.54013218045,9.52675512233613,3981.7345488166,-8.44978404334616,-8.29858296265734,1.22817215967918,-455.577411204166,-4427.78520489842
4398.84087866848,4398.89845187775,4408.48723408247,9.58878220471828,3955.80363401117,-8.44884647289302,-8.39127326362963,1.19750894108814,-451.486091130216,-4397.70094293666
4368.85477924935,4368.81698590215,4378.39937670326,9.58239080111092,3929.84553967667,-8.38924620567155,-8.42703955288252,1.15535124823372,-447.398485778361,-4367.6616346539
4338.91793615563,4338.78356805867,4348.39648324137,9.61291518269132,3903.96066089421,-8.3609151489551,-8.49528324590775,1.11763193678478,-443.318190410382,-4337.66593612189
4309.39920336802,4309.16587108634,4318.69436898228,9.52849789593756,3878.32592207847,-8.2216842578528,-8.4550165395406,1.07348135639203,-439.294965547414,-4308.09238972994
4279.84063553539,4279.50450358177,4289.30640252019,9.80189893842014,3853.00918572925,-8.43564532140104,-8.77177727502744,1.03012166339303,-435.26709512755,-4278.47438191836
4250.34359987487,4249.89775587915,4259.87984989262,9.98209401347663,3827.63634786281,-8.53989208326098,-8.98573607898433,0.996357934489574,-431.247144095323,-4248.90139794465
4220.92114694815,4220.35865880913,4230.61731129091,10.2586524817704,3802.41622816226,-8.73406548075642,-9.29655361978922,0.962098861980309,-427.23898426666,-4219.39655994713
4191.53414588542,4190.84934446982,4201.32050704607,10.4711625762608,3777.17335974387,-8.87742986005439,-9.56223127567963,0.908931300576428,-423.238216001625,-4189.94041316922
4162.09748503233,4161.29179615295,4171.89023230667,10.5984361537202,3751.82456846129,-8.96189765192331,-9.76758653131591,0.830849622399434,-419.234814222969,-4160.46094653054
4133.07640304223,4132.15319215525,4143.02547758467,10.8722854294117,3726.99818073881,-9.21169270495389,-10.1349035919617,0.737381837449741,-415.2899150084,-4131.41581031779
4103.99522351217,4102.9639149981,4114.00871220602,11.044797207929,3702.01342614915,-9.35885731738574,-10.3901658314572,0.654631376469598,-411.34065468041,-4102.30928362163
4075.25212782853,4074.11686704428,4085.38939176815,11.2725247238894,3677.40051352654,-9.5876744581244,-10.7229352423873,0.549589481492859,-407.439288760126,-4073.56727756276
4046.93666904255,4045.70937584906,4057.13134971994,11.4219738709069,3653.11258925345,-9.77457775974917,-11.0018709532579,0.42010291764276,-403.59865754886,-4045.2892729314
4018.41207127629,4017.10895845503,4028.64746246495,11.538504009917,3628.62163680205,-9.94323715459137,-11.2463499758619,0.292154034050366,-399.733671628855,-4016.81680442098
3990.49362688873,3989.12113486865,4000.85265749026,11.7315226216099,3604.7178450595,-10.176322236429,-11.5488142565091,0.182708365095037,-395.952104065655,-3988.93842650355
3962.88977533422,3961.45832740004,3973.41101720625,11.9526898062005,3581.13289429919,-10.4578955885676,-11.8893435227606,0.0633462834365354,-392.214776623614,-3961.3949811166
3935.6080467384,3934.12822043424,3946.2159138953,12.0876934610586,3557.7376807949,-10.6524154719164,-12.132241776061,-0.044548315006564,-388.522781415423,-3934.17276874926
3908.58388376355,3907.0651972423,3919.27215462306,12.2069573807627,3534.55171150981,-10.8354771651478,-12.3541636864029,-0.147206305645186,-384.867649418892,-3907.21240354794
3881.67248898464,3880.13017367395,3892.39173710214,12.2615634281918,3511.42160560463,-10.9794714663153,-12.5217867770079,-0.260223348817955,-381.230354846322,-3880.39039702277
3854.86399287836,3853.31779630437,3865.59749230361,12.2796959992415,3488.35851021419,-11.1045385613174,-12.6507351353161,-0.371039136075885,-377.610021225496,-3853.68883544045
3827.97783121427,3826.44036900835,3839.0554000522,12.6150310438266,3465.51410532986,-11.5175537090261,-13.0550159149217,-0.439984871094865,-373.981279593438,-3826.88035387946
3801.54218041763,3800.02533478309,3812.71763949588,12.6923047127924,3442.81563914072,-11.6870066493695,-13.2038522839085,-0.511547571115682,-370.413547926281,-3800.53688235421
3774.96178325042,3773.47685533685,3786.45985723996,12.9830019031081,3420.21440127743,-12.0802080174943,-13.565135931068,-0.582134027964631,-366.8275899905,-3774.05898936481
3748.45039261381,3747.00452794446,3760.18321333852,13.178685394069,3397.57125003265,-12.3712645983658,-13.8171292677391,-0.638443873672311,-363.250407179532,-3747.64297181812
3721.4303021581,3720.0321075182,3733.31504933685,13.2829418186404,3374.40060599481,-12.5753106718602,-13.9735053117423,-0.690563493103931,-359.60500683514,-3720.72267101131
3694.51523938415,3693.17087669953,3706.53571353597,13.3648368364434,3351.30138967642,-12.7587448807874,-14.1031075654001,-0.738270728957144,-355.972594588511,-3693.9091474285
3667.84814846485,3666.56269178619,3680.10229556932,13.5396037831223,3328.51532536252,-13.0394575037626,-14.3249141824019,-0.785310399284938,-352.372280606065,-3667.34800218549
3641.4210167025,3640.19718383006,3653.81384537436,13.6166615442874,3305.84086668952,-13.2209576898941,-14.4447905623075,-0.828129018026072,-348.801107702876,-3641.0253128481
3614.98144270756,3613.81821236796,3627.58945278921,13.7712404212477,3283.20670462884,-13.4510354548559,-14.6142657944394,-0.843025373197993,-345.225773533571,-3614.66123774117
3588.55645087646,3587.44776449055,3601.33325445629,13.8854899657344,3260.50187795071,-13.5953194846469,-14.7040058705411,-0.818515904805514,-341.649892410378,-3588.26628039537
3562.08207881578,3561.020384722,3574.9867277332,13.9663430112084,3237.69218703925,-13.6755351567089,-14.7372292504885,-0.770886239279105,-338.065426933229,-3561.79127096127
3535.77265487668,3534.75243489483,3548.73633019776,13.983895302929,3214.9463054991,-13.6756161051309,-14.695836086972,-0.711940784048322,-334.501965482702,-3535.46437567888
3509.57224847816,3508.58470691176,3522.83090884252,14.2462019307657,3192.50708693215,-13.8862012356591,-14.8737428020622,-0.627540871292462,-330.951362781654,-3509.21224778306
3483.40867227255,3482.44130914251,3497.02972728575,14.5884181432301,3170.1624066487,-14.1568036815755,-15.1241668115961,-0.535748668372819,-327.403069305427,-3482.97705781089
3457.12720006516,3456.16774022048,3471.15350641153,14.9857661910423,3147.746272231,-14.4570921092216,-15.4165519538954,-0.430785762851506,-323.838019943374,-3456.59852598334
3430.66175463012,3429.69961960839,3445.00233937412,15.3027197657281,3125.07825328818,-14.6643043629846,-15.6264393847144,-0.323719618989519,-320.247805704921,-3430.02333922739
3404.61772253762,3403.63737653673,3419.1522364442,15.5148599074588,3102.65691393124,-14.7521917136643,-15.7325377145293,-0.217677807070789,-316.713000320028,-3403.85505434382
3378.69264131128,3377.67866148638,3393.38648428083,15.7078227944621,3080.31906932945,-14.8199606688405,-15.8339404937248,-0.126117699269334,-313.193532650649,-3377.80477918566
3353.36135659294,3352.29958192748,3368.13868817796,15.8391062504661,3058.43606190778,-14.8276552942418,-15.889429959684,-0.0503237092230207,-309.75294997939,-3352.34990563672
3327.96189675099,3326.84046650481,3342.93555426458,16.095087759764,3036.61611218339,-14.9575471368648,-16.0789773830614,0.0161103767022865,-306.303331704467,-3326.82435612811
3302.84673427832,3301.65211283408,3317.81363475577,16.1615219216916,3014.84131519611,-14.8857483701414,-16.0803698143937,0.0811521072943371,-302.891167452347,-3301.57096072678
3278.18790373025,3276.90830131797,3293.27458486867,16.3662835507119,2993.63586243535,-14.9880178554465,-16.2676202677356,0.0986632829766442,-299.54005915035,-3276.80963803499
3254.10741961515,3252.74110801156,3269.18703871842,16.4459307068707,2972.80924741947,-14.9693396394228,-16.3356512430232,0.110279463857932,-296.267511835087,-3252.63082854768
3230.99289722,3229.53587094213,3245.88654168672,16.3506707445939,2952.64073136643,-14.7721798398335,-16.2292061176968,0.121464626894824,-293.124345693406,-3229.41440631525
3207.90862446562,3206.36191538469,3222.51630847206,16.1543930873758,2932.38708621472,-14.4652259183655,-16.0119349992909,0.142458088085077,-289.986764169269,-3206.21945729661
3185.16635140092,3183.52612649072,3199.68344305142,16.1573165607064,2912.60828886238,-14.3369497987533,-15.9771747089703,0.180141851737965,-286.89501233731,-3183.34598463898
3162.31994089588,3160.58230012758,3176.67501073742,16.0927106098402,2892.65350401248,-14.1239429649887,-15.8615837332961,0.231126876544312,-283.790379848387,-3160.35117325103
3139.79109631016,3137.94299682548,3154.11595336885,16.1729565433722,2873.11070964759,-14.0484022047156,-15.8965016893991,0.27645485397212,-280.728788867294,-3137.66654197152
3116.94728107407,3114.97852749189,3131.36898201204,16.3904545201611,2853.43868747734,-14.1182935225404,-16.0870471047169,0.303407415441897,-277.626887119271,-3114.67512007645
3094.8731640457,3092.76875476134,3109.15126926141,16.3825145000785,2834.19832266741,-13.9543528994049,-16.0587621837697,0.323752316309986,-274.629194277709,-3092.44500244504
3072.86101706131,3070.61953820749,3087.10765486261,16.4881166551203,2815.1422387543,-13.9229395521232,-16.1644184059304,0.323698249190674,-271.641717859129,-3070.2958399583
3051.17438216492,3048.78890654941,3065.34440257534,16.5554960259491,2796.36397538843,-13.8879545120102,-16.2734301275292,0.282065898416855,-268.698361288497,-3048.50684065098
3029.28430810768,3026.74988857862,3043.64446910853,16.8945805299174,2777.69056699039,-14.1360463733067,-16.6704659023589,0.224114627552143,-265.729787490607,-3026.52577395106
3007.02126005104,3004.33975431392,3021.47234841651,17.1325941025852,2758.60036273256,-14.291948594569,-16.9734543316931,0.159139770893267,-262.712845913057,-3004.18061454302
2985.39305277222,2982.56646624461,2999.84246791819,17.2760016735835,2739.98182754634,-14.3716921047326,-17.1982786323463,0.0777230412380158,-259.78291733061,-2982.48874320336
2963.55705547248,2960.5898415281,2978.03229093304,17.4424494049478,2721.22929263693,-14.499755799641,-17.4669697440251,-0.0245203390767201,-256.827518635207,-2960.61436186717
2941.94417595605,2938.84136544651,2956.46613065939,17.6247652128796,2702.67934196953,-14.6407879399987,-17.7435984495297,-0.118833236651544,-253.905621926524,-2938.96019868315
2920.25423503819,2917.0223135073,2934.82888857072,17.8065750634322,2684.08955098585,-14.8116875017378,-18.0436090326389,-0.237033969205579,-250.976371554092,-2917.25934747649
2898.50768366886,2895.15646014374,2912.97696237366,17.8205022299364,2665.30973970891,-14.8464865610046,-18.1977100861313,-0.377207856192947,-248.044430520957,-2895.53366799992
2876.82605345901,2873.36852936758,2891.16337640116,17.794847033584,2646.55097872781,-14.8502957938582,-18.307819885289,-0.512972851709163,-245.125370525061,-2873.88150221929
2854.89505432073,2851.34403367623,2869.24396146708,17.899927790865,2627.71169044757,-14.9938881460329,-18.5449087905327,-0.64498099967342,-242.177252019197,-2851.98901467589
2833.15642075343,2829.52132758843,2847.35314780315,17.8318202147202,2608.88647845915,-14.9876960295176,-18.6227891945131,-0.790968979791948,-239.257638323795,-2830.31229656822
2811.49040298707,2807.78293165843,2825.59065451699,17.8077228585656,2590.19391506454,-15.0546981892554,-18.7621695179196,-0.954446659359942,-236.351186111791,-2808.73737831776
2789.69278354466,2785.92886810722,2803.8247797027,17.8959115954836,2571.55246560345,-15.2908651339908,-19.0547805714288,-1.15886897594783,-233.431183075201,-2787.08773708316
2768.20672846215,2764.40855562519,2782.5093414649,18.1007858397123,2553.30756990203,-15.6587480488074,-19.4569208857565,-1.35613504604032,-230.557906608923,-2765.76469067124
2746.73633146612,2742.92266153833,2761.09626939874,18.1736078604141,2534.9506344578,-15.9038560020363,-19.7175259298185,-1.54391806940767,-227.689553010349,-2744.46657960774
2725.3037796383,2721.49863075514,2739.82020014042,18.3215693852861,2516.71225904256,-16.2375196399445,-20.0426685231055,-1.72109913782076,-224.82904023568,-2723.21972989296
2703.90298242949,2700.12248007864,2718.65961813256,18.5371380539304,2498.55469149741,-16.6261370701404,-20.4066394210104,-1.86950136707739,-221.974428002224,-2701.99198144571
2682.25586939794,2678.52005426082,2697.14460137232,18.6245471115035,2480.0764828684,-16.9088284653904,-20.6446436025175,-2.02009649101077,-219.088214994937,-2680.54015075182
2660.8950109575,2657.21886664019,2675.83480279247,18.6159361522857,2461.74977106705,-17.0961251290166,-20.7722694463273,-2.15633329404545,-216.241365019472,-2659.37519993423
2639.66088521439,2636.05777918561,2655.02035958207,18.9625803964506,2443.89238786533,-17.6432751961276,-21.2463812249175,-2.28380082846911,-213.411772545195,-2638.34158001407
2618.62203451394,2615.10322016174,2634.20791787178,19.1046977100539,2425.98788740719,-17.972965622899,-21.4917799751225,-2.38708226507257,-210.607112729662,-2617.4903024268
2597.80985124263,2594.38165624715,2613.5442260175,19.1625697703432,2408.18909000416,-18.2113697378448,-21.6395647333254,-2.47699496298509,-207.832130976335,-2596.85865121015
2577.10055028097,2573.76667171222,2592.75767083812,18.9909991259201,2390.24167782011,-18.2105056352993,-21.5443842040469,-2.55338507812463,-205.069378096148,-2576.32005679034
2557.27362161988,2554.0314526654,2572.97414794794,18.9426952825326,2373.15548456939,-18.306171827166,-21.548340781626,-2.60564549909238,-202.424308877637,-2556.6370981645
2537.97920856318,2534.83189848212,2553.89489735277,19.0629988706369,2356.69635048398,-18.5684008593343,-21.7157109403723,-2.65271206973816,-199.851258938545,-2537.48461055189
2518.2451563837,2515.1961202836,2534.41718011096,19.2210598273744,2339.86996402577,-18.8455947334176,-21.894630833546,-2.67357100617072,-197.220787091374,-2517.86969128979
2498.63022047078,2495.68248977691,2515.10180784008,19.4193180631691,2323.19163026302,-19.1673412825351,-22.1150719764081,-2.69575391323964,-194.605931490304,-2498.37824369016
2479.28170428064,2476.44109112417,2496.0885034724,19.6474123482362,2306.7733973299,-19.518582422076,-22.3591955785475,-2.7117832303089,-192.0268893728,-2479.15287435448
2459.8457847879,2457.11915558302,2477.04366408495,19.9245085019355,2290.32231743278,-19.9117811497519,-22.6384103546448,-2.71390185270389,-189.435248504884,-2459.83305743574
2440.09432047885,2437.48060627631,2457.52458676822,20.0439804919206,2273.41335325006,-20.1188840872084,-22.7325982897745,-2.6886177978493,-186.799851316017,-2440.16922407417
2420.42496571761,2417.92029835552,2438.06248543045,20.1421870749286,2256.54090627621,-20.2893145317603,-22.7939818938478,-2.65179481892168,-184.173373973163,-2420.57209317446
2400.64432083663,2398.24344387715,2418.2476226501,20.0041787729558,2239.30798438284,-20.1935783892072,-22.5944553486912,-2.5902765757296,-181.529914842993,-2400.83372045289
2380.88843378666,2378.58488485239,2398.74059281476,20.1557079623579,2222.37750432131,-20.3767164613456,-22.6802653956135,-2.52455743325758,-178.887645926695,-2381.10944228567
2361.30641276091,2359.08278342331,2379.45463300688,20.3718495835708,2205.63420514068,-20.5929508729182,-22.816580210509,-2.44473062694079,-176.265158493147,-2361.52751405026
2341.88345589817,2339.72234963314,2360.16228989366,20.4399402605104,2188.88397481584,-20.6613277528848,-22.8224340179093,-2.38249375739734,-173.660808835202,-2342.10484339055
2322.67117909041,2320.55773217609,2341.12052019482,20.562788018726,2172.3646111948,-20.7770518235587,-22.8904987378804,-2.32771071914892,-171.083619719177,-2322.88544289524
2303.87990207929,2301.81132088068,2322.37870572801,20.5673848473368,2156.10697389644,-20.789990729162,-22.8585719277834,-2.29118708044572,-168.562918912008,-2304.10250796112
2285.43563502262,2283.40640414546,2303.91673208402,20.510327938584,2140.07318423745,-20.7266021502092,-22.7558330273748,-2.24550508879784,-166.08905293537,-2285.65190923426
2267.2262772907,2265.23135403244,2285.91921920416,20.6878651717324,2124.46838413194,-20.888940199305,-22.8838634575977,-2.1959982858649,-163.646833358081,-2267.4273523183
2249.10654211176,2247.13827658401,2267.97769752852,20.8394209445208,2108.90061431707,-21.007955676937,-22.9762212046966,-2.13680026017406,-161.213883471637,-2249.27507684417
2231.12774382533,2229.17738577184,2249.99785811211,20.8204723402616,2093.26839705183,-20.9389064835783,-22.8892645370631,-2.06879219680084,-158.798253257075,-2231.24617796866
2213.19189523714,2211.25527100322,2232.19567733663,20.9404063334142,2077.82605662634,-21.0206637273599,-22.9572879612707,-2.01688162785909,-156.38650233816,-2213.27215263108
2195.16157992014,2193.22840366101,2214.26855338685,21.0401497258396,2062.26181845258,-21.0608565355041,-22.9940327946439,-1.95388306879943,-153.960618003064,-2195.18228672981
2177.44560723476,2175.50354825106,2196.56390891027,21.0603606592057,2046.8673566124,-20.9968176584087,-22.9388766421081,-1.87851598290279,-151.575068280765,-2177.38206423396
2159.71936475129,2157.74758353554,2178.9364466002,21.1888630646841,2031.52092330026,-20.9878977190842,-22.959678934831,-1.7708158701476,-149.186339170097,-2159.51839940568
2142.04585545388,2140.01932078028,2161.34722539339,21.3279046131251,2016.2215880438,-20.9796371824367,-23.0061718560515,-1.67826724292599,-146.803904592531,-2141.6975880232
2124.45984483443,2122.3525990226,2143.63503476082,21.2824357382281,2000.79903852416,-20.769910346318,-22.877156158164,-1.59472041992924,-144.430716656597,-2123.94731944252
2107.02088666309,2104.80931042803,2126.07494659442,21.2656361664024,1985.53865639857,-20.5934288813981,-22.8050051164584,-1.53936895005742,-142.075659145917,-2106.34867937808
2089.99917795515,2087.66165120644,2109.1008517644,21.4392005579712,1970.81174410164,-20.5875860293201,-22.9251127780355,-1.48591222006428,-139.775019882832,-2089.1475634265
2072.80668205673,2070.33219048204,2091.86648855943,21.5342980773929,1955.86517399057,-20.5132422086029,-22.9877337832909,-1.45343570589596,-137.45475027476,-2071.78562618793
2055.73413049715,2053.11563305806,2074.7102771511,21.5946440930453,1941.00291324464,-20.4213955957066,-23.0398930348062,-1.44524894175912,-135.152612848212,-2054.56088199981
2038.73199995015,2035.96389805758,2057.61177923962,21.6478811820459,1926.18990354781,-20.3191450184866,-23.0872469110569,-1.43936572901209,-132.861241420823,-2037.40326378658
2022.10179516855,2019.18256974636,2041.10241028044,21.9198405340907,1911.93776514383,-20.4569193740196,-23.3761447962117,-1.45630426212064,-130.620949398728,-2020.63887400847
2005.44221940583,2002.37488776536,2024.26687863787,21.8919908725175,1897.37447585705,-20.3123990737569,-23.3797307142309,-1.48773984171366,-128.380142622533,-2003.86262760706
1988.94543316584,1985.73692125615,2007.56410736078,21.8271861046445,1882.9471834004,-20.1668324361045,-23.3753443458019,-1.54815824115562,-126.165082201568,-1987.28507949731
1972.73737296187,1969.40113940924,1991.34006853462,21.9389291253959,1868.97916619397,-20.2347605422316,-23.5709940948796,-1.63206496948588,-123.992967310127,-1971.03320437871
1956.37640140612,1952.92712203566,1974.97306504878,22.0459430131269,1854.88348377285,-20.3119820121345,-23.7612613826046,-1.71531836947309,-121.804899645403,-1954.64244040513
1940.12825240643,1936.5749652366,1958.84350354458,22.2685383079884,1841.00376557918,-20.5116485354379,-24.0649357052666,-1.79639739728184,-119.636135362692,-1938.37136263387
1924.07295315185,1920.42383629533,1942.73896365287,22.3151273575448,1827.13078003988,-20.555646362058,-24.2047632185772,-1.88963586103107,-117.497819474038,-1922.31347215636
1908.84884948173,1905.11057895879,1927.37549065207,22.2649116932766,1813.87704272089,-20.5011968131231,-24.2394673360481,-1.97455564277323,-115.47300357395,-1907.08513460155
1893.49699588256,1889.68532289505,1911.92849967009,22.2431767750456,1800.57308731646,-20.5112445552974,-24.3229175428068,-2.07974076775983,-113.435153121407,-1891.76506366282
1878.77468369941,1874.90297675482,1897.31568090267,22.4127041478428,1788.02412687284,-20.7348562309834,-24.6065631755597,-2.1938590277186,-111.485413057553,-1877.09683578255
1863.99958916111,1860.08230124617,1882.73583296359,22.6535317174254,1775.51181175062,-21.0427133892075,-24.9600013041529,-2.3064695867235,-109.530490799704,-1862.38877083289
1849.3244339369,1845.37778266755,1868.09700191179,22.7192192442435,1762.91725416488,-21.1841206124155,-25.1307718817477,-2.41155263750492,-107.591300384419,-1847.78933530505
1835.19591689135,1831.22851276151,1853.83598578092,22.607473019398,1750.62313070182,-21.1539758409418,-25.1213799707754,-2.5139069513769,-105.726762030466,-1833.74241971289
1820.87081031258,1816.8934450789,1839.58443935329,22.6909942743796,1738.35598199919,-21.3217311131661,-25.2990963468226,-2.60810207244472,-103.836559426547,-1819.50154715133
1806.39069878049,1802.40996554627,1825.00286758077,22.592902034526,1725.76565358448,-21.3001316081038,-25.2808648423323,-2.68796280781393,-101.925176804117,-1805.09792835406
1792.06382892833,1788.08417609023,1810.71596602557,22.631789935336,1713.45946389969,-21.4297113925934,-25.4093642306921,-2.7775742953567,-100.034076421227,-1790.86175038557
1778.41054706173,1774.43551526334,1797.21203280583,22.7765175424992,1701.83439158853,-21.6572687914534,-25.6323005898361,-2.85578304733771,-98.2334242646525,-1777.29129831068
1764.90133971485,1760.94011746286,1783.74513124695,22.8050137840803,1690.21018653944,-21.7613990529455,-25.7226213049299,-2.91760752084995,-96.4525522283616,-1763.85772498371
1751.10004076376,1747.16279563999,1770.19895364147,23.0361580014963,1678.54875030412,-22.0812912571164,-26.0185363808972,-2.9823783793979,-94.6325817167478,-1750.14517401938
1737.2215794319,1733.31477912257,1756.48359427487,23.168815152303,1666.72989085651,-22.3103710046165,-26.2171713139276,-3.04835616162791,-92.802059579989,-1736.36313528419
1723.65866627593,1719.78584526985,1743.16431896622,23.3784736963557,1655.24540256152,-22.6004226922239,-26.4732436982959,-3.09477000194152,-91.0136864066452,-1722.8806152718
1710.23980592362,1706.40026759872,1730.08620903385,23.6859414351185,1643.97246434422,-22.976962616593,-26.8165009414799,-3.13055950636485,-89.2443041959944,-1709.5308271051
1696.80090672131,1692.99026229617,1716.74145532529,23.7511930291303,1632.44667865598,-23.115926960118,-26.9265713852718,-3.17537835614777,-87.4701550254506,-1696.1656406523
1683.26943903939,1679.4801623163,1703.52550792149,24.0453456051873,1621.06467540287,-23.4776509011701,-27.2669276242537,-3.22158201906986,-85.6824145376923,-1682.70174433537
1670.090275647,1666.31746980385,1690.57084707497,24.2533772711176,1609.90511513303,-23.7564446567132,-27.5292504998707,-3.27587322874965,-83.9416051706995,-1669.5933430326
1656.87647806433,1653.12087700327,1677.4044164625,24.28353945922,1598.53900660772,-23.8591012885771,-27.6147023496289,-3.33116289040896,-82.1965727451809,-1656.45203989369
1644.42564928062,1640.684833037,1664.90048644834,24.2156534113408,1587.71674349799,-23.843665423724,-27.5844816673408,-3.36882825600154,-80.5525712063619,-1644.05366129301
1631.82744765784,1628.10528345793,1652.28652780057,24.1812443426512,1576.8117649092,-23.8731264498666,-27.5952906498029,-3.41404630715119,-78.8888091985326,-1631.51932976507
1619.01474043773,1615.31424559655,1639.59337926252,24.2791336659604,1565.83866811845,-24.0205036417551,-27.7209984829183,-3.44186481696859,-77.1965759610499,-1618.75611041355
1606.987474151,1603.30853145843,1627.77520092741,24.4666694689772,1555.63944310184,-24.2630549031151,-27.9419975956737,-3.47532812669587,-75.6110859522787,-1606.78385958513
1595.49337849926,1591.8361062494,1616.29486602182,24.4587597724305,1545.6908081959,-24.2952358286445,-27.9525080785002,-3.49374830607604,-74.0978061320088,-1595.32985455548
1584.28738758631,1580.64944824249,1605.0502853117,24.4008370692052,1535.91895518894,-24.253815648446,-27.8917549922801,-3.4909179230734,-72.6222480458231,-1584.14036616556
1573.53276241875,1569.91272155161,1594.59145301558,24.6787314639771,1526.8579539831,-24.5313200949937,-28.1513609621284,-3.47262949815106,-71.2061285306414,-1573.38535104977
1562.48084028393,1558.8748940171,1583.57563295387,24.7007389367818,1517.28089873635,-24.549905870854,-28.1558521377072,-3.455113200926,-69.7498474184564,-1562.33000721803
1551.28719068441,1547.69050690269,1572.43403562949,24.7435287268018,1507.57852629113,-24.564971613888,-28.1616553956114,-3.41812666880983,-68.2736360071732,-1551.1086335715
1540.46855960621,1536.87248713534,1561.65719809167,24.7847109563493,1498.19651441441,-24.5748462116045,-28.1709186824828,-3.38620772613607,-66.846891403411,-1540.25869486147
1529.7283832719,1526.12343697656,1550.86777848028,24.7443415037184,1488.77526312821,-24.4739488781461,-28.0788951734788,-3.33455366976511,-65.4270690218413,-1529.45799064634
1518.89298505612,1515.2611703502,1540.03785941942,24.7766890692164,1479.3192019517,-24.4182443029953,-28.0500590089076,-3.27336993969386,-63.9920274074132,-1518.53454028991
1508.03874368583,1504.36448396602,1529.24924731452,24.8847633484921,1469.95141201128,-24.4641793716094,-28.1384390914253,-3.25367574292986,-62.5515110461655,-1507.61815970896
1496.83426712574,1493.10948124237,1517.69184024419,24.5823590018319,1459.87489411028,-24.1041834685633,-27.828969351933,-3.24661035010345,-61.0635564840197,-1496.35609159247
1485.87231810984,1482.08958333753,1506.50971734185,24.4201340043322,1450.17431167605,-23.9087505206503,-27.691485292963,-3.27135128863442,-59.6067569544443,-1485.36093462616
1475.61451840602,1471.76280945633,1496.26672644225,24.5039169859276,1441.3223507674,-23.9506956473338,-27.8024045970149,-3.29848761108811,-58.2428632859657,-1475.06129706742
1465.5848281336,1461.65281641269,1486.07316637962,24.4203499669306,1432.47258701639,-23.7966679059594,-27.7286796268654,-3.30832965993657,-56.9089090231834,-1464.96114607263
1455.95385202842,1451.93233187699,1476.52974101721,24.5974091402312,1424.23702308589,-23.9124428707049,-27.9339630221352,-3.33655388189755,-55.6292718132249,-1455.26888575889
1446.35924785006,1442.24120588942,1466.91054366086,24.6693377714627,1415.92734886159,-23.9234268196931,-28.0414687803232,-3.37213100886662,-54.3553258081591,-1445.61333689828
1436.66055738423,1432.44425636671,1457.3840418056,24.9397854388822,1407.75185167121,-24.1599951891139,-28.3762962066105,-3.43651076773022,-53.0687009021228,-1435.88076713445
1426.91975106548,1422.61294332756,1447.4863808462,24.8734375186537,1399.2261295473,-24.0859255911207,-28.3927333290441,-3.51929581039101,-51.7795471092946,-1426.13223913794
1417.31567145938,1412.92572614728,1437.86038450696,24.934658359687,1390.96131817859,-24.1556714929545,-28.5456168050731,-3.61095844538189,-50.5100247737486,-1416.53668459266
1407.7617152512,1403.29282583857,1428.44010261762,25.1472767790491,1382.87292908027,-24.359636216517,-28.8285256291456,-3.68124885009321,-49.2484223874378,-1406.97407468865
1398.25752269938,1393.71425189742,1418.81725389697,25.103001999559,1374.59034391711,-24.3283970188338,-28.8716678208034,-3.76866582124501,-47.9955758011132,-1397.48291771866
1388.979853984,1384.36861551581,1409.39283994341,25.024224427609,1366.48843347664,-24.283244789447,-28.8944832576543,-3.87025883004254,-46.7746652968112,-1388.23887434585
1379.86066295955,1375.19127420597,1400.22335066337,25.0320764573981,1358.63501090869,-24.3515554957623,-29.0209442493457,-3.98886779194654,-45.5772075466295,-1379.18014199792
1370.71337599716,1366.00217138385,1391.07940893061,25.0772375467598,1350.8141995544,-24.4804411194961,-29.1916457328161,-4.1144081860532,-44.3796175622711,-1370.1165795699
1361.42732582006,1356.68391444749,1381.85577661905,25.1718621715793,1342.8994744739,-24.6387967463683,-29.3822081189515,-4.21034594736774,-43.1666480925358,-1360.89426039485
1352.48884943848,1347.72284938654,1372.92749003576,25.2046406492226,1335.26232261801,-24.7745806213755,-29.540580673326,-4.33594002409874,-42.0011074418579,-1352.05878941065
1343.54716777519,1338.77557303123,1363.73720418971,24.9616311584797,1327.37552417435,-24.6652874161846,-29.4368821601539,-4.47525100167645,-40.8369310170413,-1343.25082403291
1334.74560036024,1329.99006574295,1355.08023701021,25.0901712672682,1319.9983340306,-24.946688613112,-29.7022232304009,-4.61205196313114,-39.6939549427473,-1334.60211770608
1326.41049670262,1321.68476573441,1346.5256866332,24.8409208987909,1312.63146682638,-24.8360419437645,-29.5617729119939,-4.72085201320341,-38.6150718200358,-1326.40561774761
1318.19344279521,1313.51749309518,1338.26540175857,24.7479086633939,1305.56158372093,-24.9223337091238,-29.5982834091601,-4.85037474576379,-37.5541927834153,-1318.36786784094
1310.23055272594,1305.62460404326,1330.44171691887,24.8171128756191,1298.88414562954,-25.1827581092501,-29.7887067919396,-4.97159391631949,-36.5291652056699,-1310.59619795957
1302.45274049352,1297.93563544245,1322.71418905401,24.7785536115723,1292.24231652156,-25.3199120421113,-29.8370170932042,-5.05846348162729,-35.5303360140869,-1302.99409892407
1295.08702798889,1290.66804960139,1315.43871370064,24.7706640992384,1285.95563136716,-25.4558780511762,-29.8748564386484,-5.1041923394098,-34.5872746728992,-1295.77224194081
1287.9856327346,1283.66889913746,1308.3199313811,24.651032243655,1279.76127262057,-25.4543416954572,-29.7710752926187,-5.12004304896309,-33.67870180951,-1288.78894218641
1280.92892563172,1276.7176444344,1301.31356534809,24.5959209136929,1273.66254824918,-25.5080024366656,-29.7192836339853,-5.12336272029406,-32.7743798192148,-1281.84100715469
1273.86502573414,1269.75907780225,1294.32760222942,24.5685244271721,1267.55433172696,-25.5571582954134,-29.6631062273011,-5.09458180012925,-31.8678523025924,-1274.85365960238
1267.11499716998,1263.1059770089,1287.97376902104,24.8677920121388,1262.03347549439,-25.9196860529373,-29.9287062140118,-5.06091420187761,-31.001207728532,-1268.16689121078
1260.79242763033,1256.86790952581,1281.83648527516,24.9685757493701,1256.67241768478,-26.0687124769088,-29.9932305814526,-5.02465483208061,-30.1887224224688,-1261.89256435789
1254.61624226228,1250.76833912211,1275.97470125316,25.2063621310662,1251.55910350955,-26.3362137387762,-30.184116878959,-4.97775474788848,-29.3933524915167,-1255.74609387
1248.65677887174,1244.87607915375,1270.03651669573,25.1604375419922,1246.33665813719,-26.3038108329806,-30.0845105509818,-4.92407300898787,-28.623931567559,-1249.80015216274
1242.82814166265,1239.10408874003,1264.18061711359,25.0765283735508,1241.21125633121,-26.2531289619632,-29.9771818845771,-4.9006535110246,-27.8700142934039,-1244.00474225106
1236.9541169958,1233.27134127615,1258.45634375167,25.1850024755175,1236.22169830485,-26.3758634779365,-30.0586391975939,-4.87363672207845,-27.1082821689001,-1238.14497799822
1231.40176881036,1227.74697471327,1252.95673507343,25.2097603601713,1231.38499597794,-26.370650035929,-30.025444133004,-4.81568377283587,-26.3874228683307,-1232.56265848611
1225.99954984653,1222.35744182575,1247.6947246904,25.3372828646645,1226.75917077483,-26.4442568457302,-30.0863648665258,-4.74908200186368,-25.6846359174385,-1227.1065238276
1220.52315845648,1216.87944375198,1242.16411294912,25.284669197139,1221.88968214792,-26.3365830934948,-29.9802977980068,-4.69562860086068,-24.9700594020588,-1221.57507235284
1215.08291736537,1211.42419962229,1236.53625361639,25.1120539940937,1216.92909380092,-26.1047373276571,-29.7634550707323,-4.65140107663552,-24.2585608921061,-1216.07560069894
1209.71870432619,1206.03304372446,1230.85412769013,24.8210839656744,1211.89096301186,-25.7283103224926,-29.4139709242218,-4.59288695854347,-23.55605163681,-1210.625930683
1205.07789134777,1201.35543578252,1226.30109281648,24.9456570339499,1207.91733488343,-25.7880654523421,-29.510521017594,-4.56486398364264,-22.9486219166907,-1205.92029976617
1200.6053927248,1196.83888238903,1221.70265079763,24.863768408571,1203.86396666818,-25.6233673280868,-29.389877663854,-4.52610925527746,-22.3647933847141,-1201.36499164431
1195.86210900766,1192.05327297684,1216.97719462619,24.9239216493552,1199.76135090295,-25.6446245551254,-29.4534605859649,-4.52953893660551,-21.7453826598548,-1196.58281191345
1191.75995396098,1187.91033134828,1212.66443441783,24.754103069549,1196.02768912367,-25.4806722666299,-29.3302948793507,-4.57619180980008,-21.212937103954,-1192.48652315807
1187.86647945934,1183.97930995341,1208.51634700805,24.5370370546492,1192.42285646927,-25.2655724059149,-29.1527419118531,-4.61570485720598,-20.7091953959775,-1188.59501481061
1184.36140525458,1180.44292465682,1205.06106539364,24.6181407368341,1189.46119409601,-25.3580967583982,-29.2765773561764,-4.658436619336,-20.2583079169791,-1185.10136127616
1181.05014954841,1177.10037128499,1201.53342290513,24.4330516201262,1186.39503179537,-25.1783359234006,-29.1281141868215,-4.69506256669634,-19.8334536764506,-1181.79543385171
1177.62675912826,1173.64147238936,1198.13905031195,24.49757792261,1183.46283145987,-25.2291166940248,-29.2144034329563,-4.71682551034816,-19.3930443624309,-1178.35829789971
1174.60558519964,1170.58061890566,1195.11191402355,24.5312951178948,1180.86486453619,-25.2655761742878,-29.2905424682801,-4.75924735038645,-19.0062968377445,-1175.33986625606
1171.91600344976,1167.84699280054,1192.17554292177,24.3285501212296,1178.30176464788,-25.0495587810466,-29.1185694302666,-4.79001930903777,-18.6637975829218,-1172.63701210959
1169.4316140674,1165.31384472289,1189.57557890406,24.2617341811716,1176.03380378126,-24.9509930381643,-29.06876238268,-4.80702820150768,-18.3488033243052,-1170.1208729244
1167.02150898361,1162.85869881648,1186.85978754728,24.0010887308102,1173.66546959498,-24.6895136140335,-28.852323781153,-4.85123505034229,-18.045553002662,-1167.70993386684
1164.75975168979,1160.56107089588,1184.60086857553,24.0397976796718,1171.72425698667,-24.7278978391609,-28.9265786331021,-4.88678095343008,-17.7633925422939,-1165.4478518493
1162.56565271212,1158.33779272003,1182.39441470355,24.0566219835211,1169.82287617453,-24.7491951415508,-28.9770551336358,-4.92043315011407,-17.4919716791472,-1163.25822587016
1160.47579882502,1156.23184139009,1180.53497549718,24.303134107102,1168.24643048631,-25.00605788557,-29.2500153205011,-4.94688121339942,-17.2354262242807,-1161.17872260351
1158.43938736659,1154.1904352789,1178.47804549804,24.2876102191387,1166.43517183365,-24.9838482378459,-29.2328003255389,-4.94519010639672,-16.9880637707891,-1159.13562538531
1156.70320648674,1152.45638240076,1176.84371621902,24.3873338182664,1164.9969462325,-25.0755080178482,-29.3223321038252,-4.93499828555551,-16.7817682720852,-1157.39138068633
1155.2037351146,1150.96163366619,1175.25772231196,24.2960886457667,1163.57349905675,-24.976460808589,-29.2185622569804,-4.92247361121532,-16.6066968664285,-1155.88410727741
1154.17070495565,1149.9305676219,1174.15452362823,24.2239560063535,1162.58071897809,-24.9020166704182,-29.1421540041798,-4.91819799782308,-16.4920026479719,-1154.84876561971
1153.53817844572,1149.29545609691,1173.73030427231,24.4348481754061,1162.20090186908,-25.0918557407304,-29.3345780895586,-4.89972991415105,-16.42913231738,-1154.19518601105
1152.93205083852,1148.68106999965,1173.11254204823,24.4314720485783,1161.64411096275,-25.0807323554294,-29.3317131943047,-4.90024114572526,-16.3686722311964,-1153.58131114537
1152.89985110025,1148.63474240578,1173.02080036752,24.3860579617525,1161.53300013289,-25.0159326238765,-29.2810413183525,-4.89498335659879,-16.3827835912339,-1153.52972576237
1152.49102402731,1148.2075379145,1172.55171906247,24.344181147977,1161.08610126475,-24.9412650577301,-29.2247511705476,-4.88057002257183,-16.3461878202987,-1153.08810793707
1152.16830023614,1147.86234605635,1171.94790072573,24.0855546693876,1160.50130326073,-24.6546700108306,-28.9606241906163,-4.87506952122562,-16.3216669862324,-1152.73741557757
1151.67294617935,1147.34354507834,1171.46106009636,24.1175150180027,1160.05327235707,-24.6552041659321,-28.9846052669358,-4.86709024893499,-16.2748779882173,-1152.21063532729
1151.32651498473,1146.97423721642,1171.20668935033,24.2324521339264,1159.81986407229,-24.7438865596015,-29.0961643279264,-4.86371219400054,-16.2505374720479,-1151.8379494104
1150.78091132502,1146.41172498184,1170.78648667709,24.3747616952521,1159.44670721198,-24.8671177288676,-29.2363040720469,-4.86154237679351,-16.2013218419187,-1151.27326735864
1150.14217682535,1145.75798909442,1170.39905921772,24.6410701233088,1159.09086194696,-25.0892293949487,-29.4734171258748,-4.83234700256611,-16.1405442733377,-1150.59033609698
1149.60686842865,1145.21229368581,1170.03559908202,24.8233053962171,1158.7382100008,-25.2267036332753,-29.621278376108,-4.79797297989423,-16.09536206113,-1150.01026666571
1149.4913519985,1145.08416470088,1169.83336927242,24.7492045715471,1158.48823998658,-25.1018565388451,-29.5090438364733,-4.75983926493041,-16.1049685507881,-1149.84400396582
1149.67250659592,1145.24679538885,1169.93278831097,24.6859929221122,1158.47071917493,-24.950749041603,-29.3764602486717,-4.69046732656217,-16.1525364626103,-1149.93726271541
1149.95955263866,1145.51326335538,1170.23334145637,24.7200781009927,1158.63766130617,-24.8913840628,-29.3376733460743,-4.61759524508754,-16.2132753953151,-1150.13085860047
1150.7353214715,1146.2560154889,1170.98937405845,24.7333585695462,1159.19512829232,-24.7977794839398,-29.2770854665275,-4.54372689698578,-16.3379726631175,-1150.79974238589
1151.80405323721,1147.28140204185,1171.96617638148,24.6847743396149,1159.92107398921,-24.6186969606007,-29.1413481559439,-4.45657381633239,-16.5016762086168,-1151.73797585818
1152.94273650994,1148.36155653663,1172.787363858,24.4258073213803,1160.50897152587,-24.2386800756567,-28.8198600489538,-4.39405272758311,-16.6724450597377,-1152.75560926422
1154.47330509529,1149.819895993,1174.1828306014,24.3629346083985,1161.64944911067,-24.0702437848514,-28.7236528871486,-4.36071827875477,-16.8940997694899,-1154.18061427174
1155.90209757901,1151.17120664102,1175.45500537283,24.2837987318354,1162.69423702268,-23.8947589922464,-28.625649930245,-4.34185119841121,-17.1026195485872,-1155.51305783942
1157.07287553854,1152.25997059994,1176.40750973512,24.1475391351742,1163.46680740024,-23.6718674572196,-28.4847723957918,-4.33723326062304,-17.277935595519,-1156.59720386056
1158.32204158298,1153.42151091954,1177.64812278562,24.2266118660876,1164.53446064277,-23.6766162625159,-28.5771469259494,-4.35053505986043,-17.4641972027315,-1157.77204597942
1160.19380043926,1155.19898313065,1179.33209658167,24.1331134510319,1165.98670437303,-23.5280805621434,-28.5228978707469,-4.38978441971777,-17.7351766283954,-1159.58876755037
1161.78315520115,1156.69250323075,1180.61810978277,23.925606552037,1167.08301445828,-23.270136266127,-28.3607882365297,-4.43518168449467,-17.9702770090112,-1161.12768491524
1163.43857079299,1158.2542234902,1182.1854638447,23.9312403545058,1168.43680825613,-23.2154080859652,-28.399755388762,-4.46851503425613,-18.2171706228587,-1162.72273852446
1164.97407058172,1159.70128991423,1183.69331039675,23.992020482521,1169.79820435158,-23.2753611096167,-28.5481417770967,-4.55612129457353,-18.4512273397491,-1164.2574112088
1166.57182933868,1161.22276626308,1184.94797091268,23.7252046495975,1170.90699824256,-23.0317103285267,-28.3807734041032,-4.65556875450604,-18.6965414246508,-1165.87833501759
1168.11248849583,1162.69840205523,1186.5337343181,23.835332262875,1172.35527909572,-23.1789547815904,-28.593041222179,-4.7577089593069,-18.9361641817019,-1167.45611101454
1169.41391210863,1163.95199084633,1187.88474443579,23.9327535894577,1173.60579253956,-23.3375102161715,-28.7994314784756,-4.86667788901855,-19.1456297852485,-1168.81866873534
1170.70522141902,1165.2069752922,1189.18394470876,23.9769694165724,1174.76171855465,-23.4111879345661,-28.9094340613809,-4.93246464480658,-19.3546907989398,-1170.139439937
1171.91869563976,1166.39194493061,1190.10514063719,23.7131957065931,1175.53568822894,-23.1705988219923,-28.6973495311448,-4.98415382455228,-19.5536062328285,-1171.37609875516
1173.34690606882,1167.79679251514,1191.3519836305,23.5551911153741,1176.59914082466,-23.0337718191313,-28.5838853727999,-5.02869425742599,-19.7815370632749,-1172.82548677257
1174.65631679978,1169.08892540268,1192.62990414885,23.5409787461631,1177.70735457586,-23.044262589027,-28.6116539861145,-5.07067523995246,-19.993224812939,-1174.15960064262
1176.36111358632,1170.78482642548,1194.43234273175,23.6475163062568,1179.30053275481,-23.199210292135,-28.7754974529585,-5.12798114670036,-20.2597911236359,-1175.91280757219
1178.22863564172,1172.65237651345,1196.28632860493,23.63395209147,1180.92012338124,-23.2409631650877,-28.8172222933464,-5.18327020187729,-20.5494754255747,-1177.83564671533
1180.44603610138,1174.88195610622,1198.40618119488,23.5242250886454,1182.76265805921,-23.2036926726422,-28.7677726677866,-5.24354757914401,-20.8870707148101,-1180.12550368536
1182.65599014324,1177.10903333995,1200.50982831364,23.4007949737067,1184.55313071411,-23.1210850176065,-28.6680418208946,-5.26724684718327,-21.2239444467254,-1182.37628018713
1184.85762087254,1179.33481545266,1202.81660809533,23.4817926426708,1186.53769636056,-23.2403371144187,-28.7631425343019,-5.28134989162531,-21.5602616263968,-1184.61616534429
1186.99693539728,1181.50632399474,1204.99699550858,23.4906715138583,1188.38882881306,-23.2805565113979,-28.771167913961,-5.28049640010771,-21.8886630956357,-1186.78682039484
1189.35255090244,1183.89334692491,1207.5742614337,23.6809145087783,1190.59603123189,-23.4879918714975,-28.9471958490285,-5.26628134024572,-22.2445115420549,-1189.15962826517
1192.06029200097,1186.6259798371,1210.47313027818,23.8471504410782,1193.06720747554,-23.6516093318812,-29.0859214957381,-5.23877105466198,-22.6446938572971,-1191.86475089177
1195.13642921229,1189.70901185444,1213.30310783405,23.5940959796201,1195.41495818339,-23.3688770035654,-28.7962943614224,-5.20219838180406,-23.09034803246,-1194.91121023624
1198.52239689194,1193.09070303817,1216.68558803939,23.5948850012373,1198.29518425514,-23.3486549579023,-28.7803488116688,-5.18546381043087,-23.5758675946929,-1198.27616684859
1202.81498752687,1197.3701982298,1221.07964367985,23.7094454500536,1202.10040153022,-23.4675873977589,-28.9123766948269,-5.20293124477694,-24.1821733944124,-1202.57312947458
1207.79779243145,1202.34374590785,1225.95518311905,23.6114372111945,1206.33802632213,-23.4215421026,-28.8755886261976,-5.26415141500282,-24.8813082119311,-1207.60789732286
1213.18734661636,1207.73026280586,1231.17808885468,23.4478260488272,1210.85385454203,-23.3007438467074,-28.757827657204,-5.31000160837451,-25.6342359210236,-1213.04026441424
1218.67790391871,1213.22962307102,1236.56721792258,23.3375948515497,1215.56197166175,-23.2863407595918,-28.734621607272,-5.3970267557201,-26.4022730165585,-1218.62664982676
1224.37683609854,1218.94617982274,1242.22210289823,23.2759230755043,1220.48540745204,-23.3078083626982,-28.7384646385077,-5.46254156300308,-27.1992370091972,-1224.40872138575
1230.05075538671,1224.64520194607,1248.01682079082,23.3716188447525,1225.51763608968,-23.4627222684807,-28.8682757091142,-5.49665686436483,-27.9958415655151,-1230.14185881044
1235.66652482301,1230.29562770697,1253.93921246085,23.6435847538944,1230.70671864963,-23.8264104280373,-29.1973075440897,-5.55372279019362,-28.7862166014179,-1235.84935049717
1241.14918895811,1235.81754018838,1259.32051149213,23.5029713037598,1235.34513938413,-23.7547946600945,-29.0864434298223,-5.58347212605742,-29.5588442340632,-1241.40101231445
1246.81999360982,1241.53406679102,1265.01219209096,23.4781252999518,1240.28079593011,-23.8173542028788,-29.1032810216777,-5.62515572172705,-30.356551882584,-1247.15922251275
1252.47842956506,1247.2344291653,1270.51379671948,23.2793675541791,1244.97394756493,-23.6465913099114,-28.8905917096543,-5.61122415547471,-31.1510733100427,-1252.84565332079
1258.18106578766,1252.96867948231,1276.1866540463,23.217974564008,1249.81400010386,-23.5815772765018,-28.7939635818703,-5.57598901786207,-31.9486429603072,-1258.54466850017
1264.03460070342,1258.8463085609,1281.90744063139,23.061132070504,1254.68947033523,-23.4192540541551,-28.6075461966771,-5.54641412617355,-32.7643844223435,-1264.39272268708
1269.71796461155,1264.5540234079,1287.78282515066,23.2288017427744,1259.74592644506,-23.5848275172533,-28.7487687209063,-5.5199669781335,-33.5568656837459,-1270.07399038604
1274.91195688547,1269.76886386324,1293.05843908289,23.2895752196722,1264.26404188611,-23.6344449733257,-28.7775379955605,-5.48796277588939,-34.2823599726792,-1275.25682663912
1280.24710641753,1275.12143293409,1298.27595227589,23.1545193418084,1268.71334568441,-23.4917927825156,-28.617466265948,-5.46294692414137,-35.025553515646,-1280.58437985824
1285.7274109632,1280.62284802509,1303.57131794336,22.9484699182596,1273.23473301929,-23.295357045654,-28.3999199837484,-5.45145006548932,-35.7880349895569,-1286.0742980906
1291.47282780356,1286.39039224078,1309.11737583613,22.7269835953461,1277.94783301777,-23.0600444451501,-28.1424800079115,-5.41549641256562,-36.5850392309388,-1291.80588865336
1297.48435592429,1292.42753970719,1315.233068129,22.8055284218136,1283.19362137574,-23.1274591150346,-28.1842753321337,-5.3787469103175,-37.4181936635857,-1297.80628661753
1303.87067907202,1298.84042404799,1321.40794197025,22.5675179222685,1288.44597290703,-22.8772178308792,-27.9074728548969,-5.33995493262565,-38.3019239958559,-1304.18037898063
1310.19097130426,1305.19172177446,1327.61848419987,22.4267624254238,1293.75047625143,-22.7393059149286,-27.7385554447247,-5.31179301930097,-39.1798009677593,-1310.50351479377
1316.87489885495,1311.90620110612,1334.38728362427,22.481082518155,1299.57908640664,-22.8121218032596,-27.7808195520791,-5.29973703392912,-40.1079342515655,-1317.20593814006
1324.04982219434,1319.11594687923,1341.50326460751,22.3873177282817,1305.70026009072,-22.7528255400306,-27.6867008551399,-5.2993831268526,-41.1023876436473,-1324.41533000609
1331.8065002179,1326.90606306456,1349.48221746673,22.5761544021783,1312.57905982279,-22.9487196281064,-27.8491567814501,-5.27300237927509,-42.1761600232237,-1332.17906544384
1340.04371040501,1335.1798678893,1357.968957848,22.7890899586994,1319.92894432525,-23.1995059576917,-28.0633484734042,-5.27425851470841,-43.3142720374591,-1340.45412640401
1348.20218590497,1343.38064780982,1365.96607165683,22.5854238470149,1326.81048209259,-23.0497517604915,-27.8712898556506,-5.28586600863884,-44.4414555728839,-1348.66651381846
1356.77534194939,1352.00053031432,1374.37490829856,22.3743779842452,1334.04732833474,-22.8966708537378,-27.6714824888204,-5.29710450457815,-45.6246844684111,-1357.29763481889
1365.07557514777,1360.36015750838,1382.76907752506,22.4089200167005,1341.28486888917,-22.9816730709574,-27.6970907103444,-5.2881706936397,-46.7723793295523,-1365.64832820202
1373.64813025139,1368.99413834675,1391.05045900854,22.0563206618151,1348.33931009432,-22.6464870364166,-27.3004789410736,-5.24415827926369,-47.9553071934964,-1374.23829662601
1382.59210080032,1377.99215329201,1399.99541196185,22.0032586698603,1355.96445809547,-22.5575661632508,-27.1575136715598,-5.15425500169757,-49.1852088681083,-1383.14640829371
1391.70528263743,1387.14678524969,1409.19322139762,22.0464361479297,1363.81787432532,-22.5474591414881,-27.1059565292206,-5.0595203812891,-50.4348674536043,-1392.206305631
1401.44802076727,1396.91647351447,1418.66668175909,21.7502082446328,1371.84412503367,-22.1628744164832,-26.6944216692974,-4.94421342466039,-51.7667701500873,-1401.86068693913
1411.1661162751,1406.64920749104,1428.37788697959,21.7286794885344,1380.13787394684,-22.0662577939651,-26.5831665780028,-4.85448708947072,-53.0945001222209,-1411.50369458052
1420.72674654018,1416.22750313866,1437.82889913805,21.6013959993907,1388.24653298851,-21.9225956662308,-26.4218390677418,-4.82044306835036,-54.4028092178974,-1421.04794620701
1430.30792570773,1425.83064891048,1447.3315140399,21.5008651294123,1396.42121108624,-21.8289605260179,-26.306237323258,-4.805372193848,-55.7156751475024,-1430.63602110434
1439.82943279001,1435.38271977229,1456.95318524494,21.5704654726509,1404.7220460942,-21.9150549267035,-26.3617679444233,-4.79130247177304,-57.0224416225269,-1440.17402224407
1449.3593631673,1444.95527138592,1466.32343741616,21.3681660302473,1412.78896521993,-21.7624404515819,-26.1665322329619,-4.79836620271628,-58.3328383989709,-1449.75363758865
1458.79093974918,1454.44329439458,1475.69766304446,21.2543686498699,1420.88279797387,-21.7249697589086,-26.0726151135048,-4.81824646363831,-59.6331115342178,-1459.26154085823
1468.51966656484,1464.24225160307,1485.27938819229,21.037136589211,1429.13747775853,-21.5921064689599,-25.8695214307148,-4.83238484150609,-60.9742952752826,-1469.07463644458
1477.9293717341,1473.73014514328,1494.58586400558,20.855718862304,1437.15031036618,-21.4947165247114,-25.6939431155362,-4.83822425322516,-62.2737778926266,-1478.56836939651
1487.2582907147,1483.15046845634,1503.96405240944,20.8135839530764,1445.24655874903,-21.5512815380644,-25.6591037964088,-4.8455198433366,-63.5630135037438,-1487.99598829969
1496.70442504568,1492.69175595643,1513.44706062888,20.7553046724368,1453.38299305462,-21.5444907725636,-25.557159861789,-4.80185518934947,-64.8659227636098,-1497.49361114579
1506.5826779431,1502.66334296942,1523.43793255434,20.7745895849311,1461.97659639224,-21.6172705870335,-25.5366055607136,-4.76201597578073,-66.2233521378897,-1507.42535894519
1516.50358932076,1512.67654457957,1533.13863857642,20.4620939968437,1470.23827494268,-21.3191581284153,-25.1462028696015,-4.68410887275334,-67.5844725064949,-1517.36065345233
1527.03763003124,1523.28609719895,1543.5406498417,20.2545526427641,1479.09905641201,-21.083970435035,-24.8355032673325,-4.58095062457105,-69.0225440542682,-1527.86704782351
1537.73080172748,1534.03990508114,1554.08647021554,20.0465651344084,1488.04856212454,-20.794914838059,-24.4858114843954,-4.43924634998883,-70.477154440996,-1538.47915143112
1548.98228711566,1545.33278638921,1565.259427992,19.9266416027786,1497.54856483633,-20.5689366480526,-24.2184373744858,-4.29179577170896,-72.0026589273723,-1549.62458216093
1560.10477604901,1556.47954876464,1576.29491781702,19.8153690523812,1506.9263742482,-20.3290002986013,-23.9542275829686,-4.13885853058329,-73.5074020994145,-1560.61840729523
1571.48030814726,1567.85608153913,1587.64604392087,19.789962381728,1516.57446550083,-20.1358803180261,-23.7601069261676,-3.97014454443169,-75.0417229644584,-1571.82622608355
1583.12977671738,1579.48970283724,1598.93829798943,19.4485951521845,1526.16388109049,-19.6435556746784,-23.2836295548149,-3.8350344026306,-76.6094513015813,-1583.32473723988
1594.88113565966,1591.20675726381,1610.57337621347,19.3666189496468,1536.09307855514,-19.4013362268404,-23.0757146226896,-3.70909567303678,-78.1893933313702,-1594.91585293686
1606.67389438817,1602.94732997603,1622.20125133444,19.2539213584086,1546.04642718359,-19.1472524310251,-22.8738168431695,-3.61989548476006,-79.7747196356139,-1606.56722546079
1618.63625557173,1614.84946186869,1634.10039102209,19.2509291534145,1556.26591576542,-19.0136834346308,-22.800477137669,-3.54954798425314,-81.3840232409412,-1618.39900985295
1630.53792931942,1626.68119083265,1646.09074910116,19.4095582685073,1566.60106754074,-19.048597960562,-22.9053364473269,-3.49577817881512,-82.9854597392346,-1630.17696901147
1642.42138486321,1638.48471614827,1657.66610878505,19.1813926367655,1576.51171493315,-18.6734858598744,-22.610154574798,-3.42876193802727,-84.5831557899183,-1641.91347808631
1654.38000678765,1650.35318821129,1669.2421427148,18.8889545035084,1586.44407159179,-18.2546683662289,-22.2814869425823,-3.39253243906942,-86.190603562082,-1653.74572065037
1666.04477434464,1661.92660688383,1680.68892486333,18.7623179795081,1596.31749559503,-18.0340840647699,-22.152251525587,-3.38993354608109,-87.7613628143817,-1665.31654042992
1677.83311677918,1673.6252304509,1692.149010257,18.5237798060888,1606.20562713068,-17.7241758202921,-21.93206214856,-3.408282342467,-89.351665468778,-1677.03351279339
1689.49569484368,1685.21039742738,1703.59791961896,18.3875221915855,1616.11724967381,-17.5524237750853,-21.8377211913775,-3.45019899979093,-90.9308689449431,-1688.66059642718
1701.25256363181,1696.8970005428,1715.22051388059,18.3235133377898,1626.17614116459,-17.4507221016682,-21.806285190689,-3.48277185290131,-92.527144568895,-1700.37977239571
1713.4021405822,1708.97901543771,1727.14357754364,18.1645621059404,1636.49898450176,-17.2760021940152,-21.6991273385238,-3.53456523258192,-94.1791582744467,-1712.5135806703
1725.78482394238,1721.30915449962,1739.5231604287,18.2140059290843,1647.27592738591,-17.3580601209075,-21.8337295636623,-3.61972363457895,-95.8669566773758,-1724.92887813421
1738.01750285262,1733.51515215648,1751.6936679279,18.1785157714509,1657.86932204177,-17.3937503110837,-21.8961010072345,-3.71758523577755,-97.5419311219159,-1737.23273739225
1750.07125178137,1745.56826174015,1763.98009645952,18.4118347193684,1668.56573137323,-17.6920554914347,-22.1950455326484,-3.78321081327738,-99.197575899581,-1749.35147255346
1761.96742826844,1757.48131886951,1775.97284807195,18.4915292024513,1678.96775813386,-17.8344130737656,-22.3205224726818,-3.82899327023069,-100.834083208313,-1761.31031213975
1774.04912354341,1769.59651834629,1788.22937300011,18.6328546538213,1689.61968323435,-18.0680299721385,-22.520635169236,-3.88778051541009,-102.49747028118,-1773.48429886172
1785.89508021902,1781.48957032359,1799.90626234367,18.4166920200789,1699.72177654264,-17.9555234925933,-22.3610333880148,-3.94434136793197,-104.128827168975,-1785.43391169154
1798.06039241431,1793.7113432763,1812.10826015849,18.3969168822016,1710.33271424053,-18.0749346026585,-22.4239837406657,-4.02706685845774,-105.802612776432,-1797.73841013479
1809.89912537312,1805.62633362269,1823.74995417095,18.1236205482777,1720.44095084099,-17.97681809416,-22.2496098445845,-4.12598929630669,-107.434992626284,-1809.75232291901
1821.85636410219,1817.66919625147,1835.60025110476,17.931054853295,1730.70601040051,-17.933331998824,-22.1204998495277,-4.18944499623035,-109.083685700491,-1821.85864124772
1833.8601223781,1829.75889442291,1847.46568233544,17.7067879125293,1740.98257742135,-17.8603876913084,-21.9616156464956,-4.2548277339629,-110.73793264805,-1834.01372215689
1845.93688924184,1841.92889993974,1859.17419061798,17.2452906782471,1751.08832905517,-17.5501982078283,-21.5581875099157,-4.3128968316665,-112.398758394493,-1846.24179677142
1858.33191472738,1854.42578576039,1871.50880054922,17.0830147888276,1761.76614223197,-17.5357807888597,-21.4419097558333,-4.3588949670096,-114.101553284253,-1858.78468072741
1871.25641477201,1867.46259824008,1884.39102568824,16.9284274481724,1772.87800525875,-17.4956589740357,-21.2894755059536,-4.3610480577769,-115.874068487286,-1871.82364629787
1883.97714151662,1880.29463367663,1896.89892758156,16.604293904929,1783.59989815682,-17.2396646515488,-20.9221724915212,-4.31787858659049,-117.616908011332,-1884.61251226324
1897.09555310365,1893.51799191557,1910.00546536899,16.48747345343,1794.86508799685,-17.1794260835465,-20.7569872716167,-4.26951381818795,-119.409891190345,-1897.78750573377
1910.13250340294,1906.65567659709,1923.12800644393,16.4723298468449,1806.1654581444,-17.2231949272498,-20.7000217331028,-4.22769188626096,-121.190240185784,-1910.88336848335
1923.71731500588,1920.32963187365,1936.48220919404,16.1525773203897,1817.62727488788,-16.9512549096197,-20.3389380418272,-4.18636072143406,-123.041295027608,-1924.51599259509
1937.45021502392,1934.14608919839,1950.52771586502,16.3816266666331,1829.77528345193,-17.2345717624263,-20.5386975879541,-4.15707092131775,-124.909503334431,-1938.30316011972
1951.41001669405,1948.1810129162,1964.38345901389,16.202446097701,1841.69721337038,-17.0932527296759,-20.3222565075275,-4.11981040982678,-126.806056053359,-1952.30082332603
1965.70860078785,1962.55784412547,1978.67952291219,16.1216787867156,1854.01404636894,-17.0537766776972,-20.2045333400643,-4.08285455335388,-128.748331096588,-1966.64069867882
1980.75931708223,1977.67922915881,1993.68878942597,16.0095602671592,1866.91747486317,-16.9490892764399,-20.0291771998477,-4.01961693268892,-130.790931495501,-1981.69884609151
1995.71542206259,1992.70178288721,2008.54068689117,15.8389040039724,1879.70068642748,-16.8052967664219,-19.8189359417864,-3.98003193781969,-132.820032401531,-1996.68181482504
2010.66104844203,2007.70737102391,2023.63867533449,15.9313043105738,1892.70635531046,-16.8913989542677,-19.8450763723646,-3.91377206179209,-134.846092085823,-2011.62114308572
2025.95497744318,2023.05093983104,2039.20155700015,16.1506171691223,1906.09757499099,-17.0607061161512,-19.9647437282956,-3.81412655917251,-136.918108568344,-2026.86506639022
2041.53865257695,2038.67361192461,2054.79006315453,16.1164512299242,1919.47192572847,-16.9597886706232,-19.8248293229482,-3.7083780930264,-139.026515519096,-2042.38199001765
2057.39856129307,2054.56244474263,2070.62699375557,16.0645490129351,1933.04970370545,-16.821622940653,-19.657739491087,-3.59319047815328,-141.170480528294,-2058.15563522079
2073.56077718773,2070.74661867884,2086.76524714004,16.0186284612131,1946.9050473953,-16.6969948775163,-19.5111533864066,-3.49252492519918,-143.352724669946,-2074.23914360404
2089.64702525382,2086.85111862848,2102.71458518056,15.8634665520735,1960.57363285208,-16.4505676779443,-19.246474303273,-3.38300775120553,-145.523960079678,-2090.23412637968
2105.96542618257,2103.18048593232,2118.9979423845,15.8174564521813,1974.55901281703,-16.3181229938274,-19.1030632440545,-3.28560679186888,-147.724536359356,-2106.4660927242
2122.42133967619,2119.64255658857,2135.27993184322,15.6373752546563,1988.54022845001,-16.0612853720333,-18.8400684596393,-3.20269320498671,-149.942396598208,-2122.84524979356
2139.2876519792,2136.51182841938,2152.03731961701,15.5254911976157,2002.96078411435,-15.8888148780531,-18.6646384378514,-3.13914724023896,-152.215682742912,-2139.65097565963
2156.20559955368,2153.43805866447,2168.8333181237,15.3952594592436,2017.42046679872,-15.7122042744332,-18.4797451636422,-3.08448570439633,-154.497337029401,-2156.52254436888
2173.35558626974,2170.60076044168,2185.71656866428,15.1158082226058,2031.94306464302,-15.3979853682656,-18.1528111963035,-3.03700297370046,-156.810506994971,-2173.63776341539
2190.46513376053,2187.72493398693,2202.85165235517,15.1267183682322,2046.71540512508,-15.3676177300909,-18.1078175036796,-2.98109913544565,-159.117346365532,-2190.70603312238
2207.64261700618,2204.91611881026,2219.75016121727,14.8340424070175,2061.25948369495,-15.0509215660354,-17.7774197619405,-2.94337735492277,-161.434054877256,-2207.85949616519
2224.62879559747,2221.91998259576,2236.45391155499,14.5339289592274,2075.65068198767,-14.7464785919839,-17.4552915936903,-2.92136263446199,-163.724592201775,-2224.84134523022
2241.77649986049,2239.08658865512,2253.40381291572,14.3172242605874,2090.25505017266,-14.5166958703626,-17.2066070757145,-2.88938281512686,-166.038145558194,-2241.97597147026
2259.1195619157,2256.44579236595,2270.74614125621,14.30034889025,2105.22387488177,-14.4822527099125,-17.1560222596393,-2.85567336939017,-168.377939743845,-2259.30146573535
2276.86183513171,2274.19649745257,2288.23936412322,14.0428666706657,2120.25394619018,-14.162752587241,-16.8280902663714,-2.78522359570672,-170.770641528759,-2276.98172104828
2294.73794703161,2292.07388321417,2306.06227660883,13.9883933946674,2135.62349403356,-14.065594529379,-16.7296583468097,-2.7412649521453,-173.180047527417,-2294.81514816632
2312.52990400329,2309.8590016062,2323.92653492378,14.0675333175747,2151.06503192695,-14.1127744668937,-16.7836768639731,-2.71614354639744,-175.577646543236,-2312.5751451526
2330.36750684542,2327.67887349143,2341.64975235925,13.9708788678156,2166.35726871252,-13.9695425110419,-16.6581758650308,-2.68729699720893,-177.979780643941,-2330.36617048865
2347.89162044572,2345.18244058507,2359.17071641159,13.9882758265434,2181.5113155804,-13.9601963938269,-16.6693762544799,-2.68110042793382,-180.340501259148,-2347.863541013
2365.42199349063,2362.69553530638,2376.5708528576,13.8753175512289,2196.55949383075,-13.8405577378155,-16.5670159220749,-2.69169837084343,-182.703057397697,-2365.38723367722
2382.92851508139,2380.18745613163,2393.87490259864,13.6874464670104,2211.52303941585,-13.6577569741108,-16.3988159238542,-2.71136945684351,-185.063232639645,-2382.89882558849
2400.35970749996,2397.61301748789,2411.14905665589,13.5360391680014,2226.51763159669,-13.5712875882286,-16.3179776002866,-2.78193843228983,-187.413363491493,-2400.39495592018
2417.81227426195,2415.0671705527,2428.3766619113,13.3094913586068,2241.46829071769,-13.4231294414299,-16.1682331506886,-2.85874179208235,-189.76711298571,-2417.92591234478
2435.13722982517,2432.40637594974,2445.52022984871,13.11385389897,2256.34540527431,-13.3127627047334,-16.0436165801628,-2.92976268119359,-192.104587255596,-2435.33613863093
2452.82559786297,2450.12112891298,2462.95204427313,12.8309153601696,2271.43344800385,-13.0991983332225,-15.8036672832077,-2.97275192304008,-194.491348192316,-2453.093880836
2470.73999097416,2468.07325838677,2480.77465490436,12.7013965176114,2286.87190997479,-13.0408842030462,-15.7076167904295,-3.00622027281835,-196.908965202394,-2471.07947865958
2488.43722633162,2485.82134001218,2498.36894853942,12.5476085272409,2302.11619970674,-12.9766084480574,-15.5924947675031,-3.04488624026218,-199.297635072946,-2488.86622625245
2506.45386673877,2503.90235954309,2516.21990994584,12.3175504027507,2317.5659049447,-12.8416809061227,-15.3931881017975,-3.07563769904768,-201.729642700181,-2506.97799724215
2524.44167586427,2521.96683130952,2534.35154525692,12.3847139473995,2333.28560402401,-13.0002588033763,-15.4751033581214,-3.09038941071952,-204.156330643626,-2525.05722072023
2542.18078273111,2539.79098460059,2551.89793429243,12.1069496918337,2348.43568267199,-12.8031536193489,-15.192951749851,-3.08600205801411,-206.548253678468,-2542.87698665862
2559.67287200352,2557.37885151021,2569.41551320203,12.0366616918243,2363.56064482569,-12.7939933612856,-15.0880138545942,-3.05135216277167,-208.906220539112,-2560.430203673
2577.56798383945,2575.374816834,2587.34784272063,11.9730258866257,2379.04916127683,-12.7988837100317,-14.9920507154691,-3.01902482884653,-211.317706272648,-2578.39384166286
2595.47257479635,2593.3837461903,2605.12454633909,11.7408001487956,2394.38165680065,-12.6402545741294,-14.729083180178,-2.98828303137815,-213.731172569824,-2596.3720292217
2613.17768544588,2611.1982509206,2622.81721438885,11.6189634682452,2409.63704852365,-12.5777650320145,-14.557199557279,-2.93823608903202,-216.118401954237,-2614.13648700966
2631.10715691274,2629.23886835812,2640.70484735982,11.4659790017129,2425.0612317601,-12.4891490388873,-14.3574375935257,-2.89145859180775,-218.535074191539,-2632.13032694994
2649.22473795488,2647.47092798057,2659.0801729312,11.6092449506166,2440.96329445026,-12.7126607199635,-14.4664706942766,-2.85722574365424,-220.974104224583,-2650.32815372424
2667.41677286768,2665.78449372271,2677.42392527741,11.6394315547002,2456.79782988541,-12.8023454032851,-14.4346245482453,-2.79519299354107,-223.421288385556,-2668.57968671628
2685.99114727884,2684.48899310567,2695.96710190638,11.4781088007141,2472.78122919785,-12.7074566298255,-14.2096108029936,-2.73150200227686,-225.917374710806,-2687.22049510795
2704.40937152639,2703.03730842081,2714.1876468928,11.1503384719978,2488.41423629113,-12.3952972602784,-13.7673603658421,-2.61702189384156,-228.390432495525,-2705.65433031467
2722.90062213124,2721.6472286993,2732.51040442506,10.8631757257719,2504.11190253081,-12.080836671617,-13.3342301035467,-2.47105437778394,-230.869556272027,-2724.1182830771
2741.57866436349,2740.43270696926,2751.28729116748,10.8545841982302,2520.2585534127,-12.0494242334601,-13.1953816276975,-2.3407974294621,-233.369535184256,-2742.77350439872
2760.14590107505,2759.10487030164,2769.71303889806,10.6081685964327,2536.08317668093,-11.7901056630046,-12.8311364364075,-2.22296783998174,-235.852830057114,-2761.32783814163
2778.82058165801,2777.8764114678,2788.24293814658,10.3665266787746,2551.99725943388,-11.5255532988245,-12.4697234890303,-2.10319681025674,-238.348875522958,-2779.97960827806
2797.73193492273,2796.87394150723,2806.74168821988,9.86774671266651,2567.83189638163,-10.9741625097681,-11.8321559252987,-1.96440921261971,-240.874201050856,-2798.83835071983
2816.70096194468,2815.91648804212,2825.4101808852,9.49369284309629,2583.83118762939,-10.5338857551875,-11.31835965776,-1.82466681465463,-243.403660070476,-2817.74115485677
2836.0136552139,2835.27770481318,2844.60235606223,9.32465124904111,2600.27945978809,-10.2406653689946,-10.9766157697088,-1.65196452066079,-245.974860794811,-2836.92966933386
2855.4009777577,2854.69364708354,2863.96547936527,9.27183228173108,2616.90440226289,-10.055387765709,-10.7627184398468,-1.49088615812298,-248.551963260522,-2856.18453324168
2874.87832523413,2874.18317288952,2883.22332135466,9.0401484651589,2633.42070054838,-9.68158404743281,-10.3767363920577,-1.33658792689461,-251.139208733181,-2875.5197608164
2893.84478155766,2893.149123848,2902.36678681827,9.21766297030025,2649.88137072493,-9.69294514343237,-10.3886028530646,-1.17093988279126,-253.656355976142,-2894.32006373078
2912.92820529533,2912.21717706032,2921.37648412932,9.15930706900893,2666.2035284367,-9.4628887933693,-10.1739170283773,-1.01460995936156,-256.187565651997,-2913.23178701969
2932.00186341277,2931.25944528819,2940.06338530022,8.80394001203067,2682.20516311376,-8.91914532035933,-9.66156344495187,-0.857623432906375,-258.71584561937,-2932.1170687211
2950.88000608127,2950.09688963008,2958.92153069438,8.8246410642987,2698.44839196504,-8.78541601065793,-9.56853246185757,-0.743891397560901,-261.217030126888,-2950.84078102764
2970.21026749328,2969.38191477017,2978.01868283701,8.63676806685088,2714.89187048702,-8.46107264697476,-9.28942537006734,-0.652657303213462,-263.779469653216,-2970.03457207339
2989.71868397884,2988.84427103533,2997.60492392498,8.76065288965631,2731.79023492138,-8.43872492087768,-9.31313786440075,-0.552484974733928,-266.367173978346,-2989.39675601007
3009.10900449513,3008.18610273358,3016.72999748834,8.54389475475052,2748.2670850048,-8.09789080930393,-9.02079257084938,-0.476897816095217,-268.939810299631,-3008.66300054968
3028.30934250507,3027.33869753027,3035.57573121582,8.2370336855645,2764.50598381578,-7.68417185600177,-8.65481683080342,-0.417783145232795,-271.487530545273,-3027.75648067551
3047.09442343654,3046.08050828265,3054.16650237239,8.08599408975801,2780.55413478564,-7.44038569325521,-8.45430084714114,-0.368306757382664,-273.980674344145,-3046.44881504003
3065.48121618176,3064.43280397078,3072.48897984238,8.05617587160798,2796.40074985788,-7.34241909877623,-8.39083130977286,-0.334655438155317,-276.422885422653,-3064.76745940893
3083.38518576806,3082.30446802723,3090.21376127938,7.9092932521629,2811.70213883691,-7.11767206002372,-8.19838980086459,-0.289096548699206,-278.800718991178,-3082.59356457593
3101.28096951173,3100.17129949584,3108.17556357141,8.00426407557861,2827.26345579233,-7.16102457718459,-8.27069459307188,-0.266430517494999,-281.17853829658,-3100.43773001333
3119.20657218968,3118.07367681295,3125.74399112891,7.67031431593526,2842.44944893406,-6.80442231316056,-7.93731768987383,-0.267003373938861,-283.561545568789,-3118.3406801869
3137.06322034103,3135.91319879199,3143.20482896538,7.29163017340047,2857.53304657919,-6.40595013537117,-7.55597168440299,-0.264341511007711,-285.936123897208,-3136.17754030299
3155.42655205754,3154.26370834883,3161.21548911567,6.95178076684741,2873.09220170292,-6.04540991162026,-7.20825362032036,-0.256472853473689,-288.379760266231,-3154.52018120231
3173.70462772183,3172.52950783095,3179.35108757216,6.82157974122027,2888.79677729145,-5.90371540315053,-7.07883529401899,-0.257255552802009,-290.811565833506,-3172.78676338375
3192.26890307819,3191.08172823388,3197.99672028386,6.91499204998283,2905.02129329857,-6.0333279731709,-7.22050281748333,-0.305510767502258,-293.280937752799,-3191.38723900139
3211.16832821368,3209.97869403352,3216.58169422702,6.60300019349739,2921.14137002968,-5.76906369840708,-6.95869787856172,-0.355697685070209,-295.796021882413,-3210.33439171859
3230.47293566365,3229.28900392589,3235.63365867111,6.34465474521357,2937.63271612271,-5.52701466416202,-6.71094640190428,-0.36629165668675,-298.367234205091,-3229.65529558259
3250.07037539921,3248.89888342107,3254.78319438275,5.88431096170731,2954.19126028384,-5.09869444338683,-6.27018642152612,-0.385875459818579,-300.977809558751,-3249.28475888088
3269.37380292786,3268.22779066694,3273.89415841346,5.66636774652258,2970.73338686374,-4.91040016289627,-6.05641242380881,-0.390044677282156,-303.550816227012,-3268.61783534422
3289.00841152071,3287.88917199038,3293.38731453415,5.49814254376654,2987.57472982023,-4.73493908409009,-5.85417861440803,-0.356036070640813,-306.168620784568,-3288.245208061
3309.12219572623,3308.03685964053,3313.19780560686,5.16094596633906,3004.68342918611,-4.41086335997735,-5.49619944568586,-0.335253479347706,-308.849629900124,-3308.37211311987
3329.51317456541,3328.46313426527,3333.57945381832,5.11631955305602,3022.27181289836,-4.32467236126677,-5.37471266141237,-0.25839310835217,-311.566034028305,-3328.72152737362
3350.24850177176,3349.22977535698,3354.14373509606,4.91395973909191,3040.01089843765,-4.08968010455944,-5.1084065193571,-0.194446780268814,-314.327283438681,-3349.42422213723
3371.05014134234,3370.06807701528,3375.02540344092,4.95732642565318,3058.07339156401,-4.11954540716447,-5.10160973422687,-0.144283308574488,-317.096295185504,-3370.21236032385
3392.03655343531,3391.08967705956,3395.93321488556,4.84353782600892,3076.1335887014,-3.98577571560631,-4.93265209135856,-0.0891142653476038,-319.888740449524,-3391.1787913249
3412.90049550198,3411.99160808044,3416.83517472653,4.84356664610401,3094.17285450904,-3.93641986846571,-4.84530729000919,-0.00174064390529653,-322.664060861397,-3411.99334872433
3433.60937144689,3432.73925442296,3437.6242530412,4.88499861825018,3112.11966947136,-3.92944196532539,-4.79955898925745,0.0854396289866146,-325.419143940861,-3432.65381479396
3454.76437778933,3453.93216929704,3458.91135764789,4.97918835085709,3130.5181547972,-3.98675875707943,-4.81896724934763,0.160221101508446,-328.232981749207,-3453.77194819553
3476.48644556665,3475.68687888346,3480.45402060097,4.7671417175233,3149.08038380594,-3.71505136771736,-4.51461805090982,0.252523666613828,-331.121113128432,-3475.43435521683
3498.14122632486,3497.3716772242,3501.72738131294,4.3557040887432,3167.39396022022,-3.25197761890635,-4.02152671955799,0.334177369183853,-333.999243723536,-3497.03749985502
3519.84323032433,3519.10687131671,3523.36938611142,4.26251479470684,3186.10584908934,-3.14664629989768,-3.8830053075262,0.379509487182112,-336.884027534898,-3518.72736182953
3541.22183886665,3540.52560759819,3544.51153059742,3.98592299922128,3204.35036821895,-2.8536244584424,-3.54985572690512,0.436067272320404,-339.725095106145,-3540.08954032588
3562.3895368845,3561.73291883338,3565.70624959312,3.97333075974038,3222.65586636501,-2.80379488047636,-3.46041293158859,0.512917828148818,-342.53746539996,-3561.22000100523
3583.49076706661,3582.86583699858,3586.64987863503,3.78404163644972,3240.72117526851,-2.56861717653763,-3.19354724458388,0.590494391865226,-345.338208974649,-3582.27534260671
3603.9959652126,3603.40037226986,3607.32315388467,3.92278161479805,3258.60676218827,-2.66810693821767,-3.26369988095776,0.659081733835858,-348.057309962568,-3602.74129053603
3624.47953979742,3623.91527370783,3627.8275717796,3.91229807176867,3276.32462815737,-2.61739585886097,-3.18166194843513,0.73063612333414,-350.772307498903,-3623.1846375845
3644.94222952055,3644.41012022657,3648.45281057999,4.04269035341076,3294.18395716104,-2.72600690628597,-3.25811620026745,0.784574153144866,-353.484279265812,-3643.62554607344
3665.23400924453,3664.73104769659,3668.58941135671,3.85836366012498,3311.58646767562,-2.52551098980158,-3.02847253773888,0.829891122382267,-356.173052558712,-3663.90115657423
3685.42377448125,3684.94951696803,3688.67850389368,3.72898692563797,3328.96341651459,-2.38804021083386,-2.86229772405428,0.866689201580601,-358.848398177509,-3684.08282776646
3705.93697132267,3705.4915715372,3709.01601298808,3.5244414508632,3346.54085293525,-2.17225138423783,-2.6176511696877,0.906790281173052,-361.568369771664,-3704.58478125605
3726.58632703524,3726.16489699783,3729.38517096956,3.22027397173039,3364.11074451362,-1.83128298018277,-2.25271301759535,0.967560954131295,-364.306865501819,-3725.1973360437
3747.42820135549,3747.0264260131,3750.26783933571,3.24141332260041,3382.15974027986,-1.80208251948468,-2.20385786186858,1.03755546073394,-367.070543595108,-3745.98887055238
3768.34295335371,3767.96083958319,3771.19997176266,3.23913217945666,3400.24658152235,-1.75054529056983,-2.13265906109595,1.10647311836297,-369.846917121945,-3766.85436646483
3789.05573704559,3788.6903622865,3791.65564016673,2.96527788022177,3417.88074947624,-1.4213505089266,-1.78672526802223,1.17855261219394,-372.596338078289,-3787.5118096743
3809.73521527572,3809.38234119331,3812.37073701171,2.98839581839608,3435.75669579758,-1.36352400969016,-1.71639809209765,1.27199772629815,-375.342043487845,-3808.11034346703
3829.89494939406,3829.55932844768,3832.24262287028,2.68329442261097,3452.88895277291,-1.0126767477785,-1.34829769415448,1.33499672845643,-378.018673368923,-3828.22433171924
3850.58021156647,3850.26416111328,3852.56347906241,2.29931794912967,3470.39061315461,-0.575388726511105,-0.891439179683501,1.40787876943607,-380.764987138381,-3848.85628234386
3871.40404368512,3871.1092551157,3873.31312872734,2.20387361162879,3488.28915744473,-0.413305441305888,-0.70809401070271,1.49577960092484,-383.528191681673,-3869.61347551479
3892.44074058131,3892.1599331886,3894.37937702337,2.21944383477086,3506.45311769009,-0.331359987976654,-0.612167380692255,1.60727645407758,-386.318982879201,-3890.55265673453
3913.49981338634,3913.23128280131,3915.05030235338,1.81901955206846,3524.24446075302,0.144010967475908,-0.124519617544972,1.69449993451868,-389.111341665851,-3911.5367828668
3934.86176831288,3934.5935788396,3936.53691698345,1.94333814383471,3542.81078645205,0.107477672729348,-0.160711800541993,1.7826263432982,-391.9435041881,-3932.81095249632
3956.35249334986,3956.08038741841,3957.79232078431,1.71193336591168,3561.15646020199,0.403392612703771,0.131286681253206,1.84322004716692,-394.792640535153,-3954.23716737123
3977.94297391373,3977.65803943665,3979.24276843617,1.58472899951308,3579.69493704343,0.594434663475526,0.309500186397505,1.89422918591093,-397.653602206822,-3975.76381025074
3999.32373568766,3999.02691432648,4000.33284145686,1.3059271303818,3597.92394784549,0.912442952432499,0.615621591245134,1.92154872163101,-400.487344889738,-3997.10536560486
4020.65120437909,4020.34316364174,4021.64887781018,1.30571416846314,3616.38256311627,0.955406354881906,0.647365617525648,1.95307978599235,-403.313234907931,-4018.39008385574
4042.69763056228,4042.38110061593,4043.84185500264,1.46075438670529,3635.63666651642,0.825931562733021,0.509401616392285,1.97015600310119,-406.235032483121,-4040.41094461284
4064.71986998995,4064.3948866184,4065.84403196935,1.44914535096072,3654.73636408621,0.831093446094094,0.506110074528314,1.95525542548955,-409.152412457656,-4062.43963119291
4087.21242276257,4086.87764073609,4088.16821175667,1.2905710205896,3674.10745416622,0.971984460996509,0.63720243451929,1.92777345510714,-412.13298413533,-4084.94986728097
4109.70291057124,4109.36729759495,4110.45061089518,1.08331330021888,3693.46510110283,1.12315634029408,0.787543364014002,1.87085666423187,-415.114653128108,-4107.49644093071
4132.53331854477,4132.20928140422,4133.02609361013,0.816812205914882,3713.06941610626,1.32089998924528,0.996862848696821,1.81367505461713,-418.143002449263,-4130.3956063496
4155.37437193625,4155.07810837164,4155.64485581081,0.566747439186658,3732.70572097934,1.49392329306641,1.19765972843972,1.76440716763141,-421.174727663841,-4153.31370120401
4177.63488824058,4177.38535977787,4177.81869668467,0.433336906813776,3751.97287432402,1.53165955287477,1.28213109014568,1.71546799696107,-424.130354363682,-4175.66989178089
4199.71789963404,4199.52729398554,4199.94250374739,0.415209761853599,3771.2132269584,1.44236787703475,1.25176222852252,1.6669719903769,-427.062304798613,-4197.86032199516
4222.25032134733,4222.13791306999,4222.23132657871,0.0934135087172303,3790.56945456349,1.62571840599201,1.51331012864179,1.60672363736354,-430.055148377858,-4220.53118943263
4244.78465501533,4244.76212027741,4244.68241844142,-0.0797018359797458,3810.06135301762,1.67596633574259,1.65343159780282,1.57372976182718,-433.047335661967,-4243.18839051557
4266.92723947764,4267.01333452492,4266.70987004014,-0.303464484760023,3829.18616938881,1.75529852903138,1.84139357629606,1.53792909154238,-435.985771559798,-4265.47540543336
4289.21392337968,4289.4211020712,4289.12619447574,-0.294907595469246,3848.62060796478,1.65060578251129,1.85778447403131,1.56287687856546,-438.942709632396,-4287.85822519264
4310.98961548775,4311.33238083004,4310.84978648064,-0.482594349395087,3867.41960061658,1.73933694541949,2.08210228771818,1.59950793832875,-441.830677925738,-4309.7328728917
4332.70196630227,4333.18022822445,4332.44395853606,-0.736269688381543,3886.05911834094,1.93421788992762,2.41247981211123,1.67621012373822,-444.708630071401,-4331.50401810071
4354.40995009592,4355.0124190782,4354.15873162955,-0.853687448641131,3904.79698586416,2.02984017316617,2.63230915544161,1.77862170680308,-447.583124058593,-4353.2337973714
4375.66421443818,4376.38435615478,4375.41082542785,-0.973530726911196,3923.1008138859,2.16755162886108,2.88769334544038,1.91416261853257,-450.395848923414,-4374.47019353623
4396.92586663287,4397.75354494558,4396.60262804912,-1.15091689646252,3941.34113226326,2.37796468269967,3.2056429954145,2.05472609895588,-453.206769686905,-4395.69881884662
4417.96331281996,4418.89392641651,4417.70679239564,-1.18713402086916,3959.52012493239,2.45747546210299,3.38808905864039,2.20095503777451,-455.98571242549,-4416.69297137874
4438.70387486416,4439.7320307796,4438.24017908346,-1.49185169612849,3977.18129835014,2.80185601751246,3.83001193296765,2.33816023684075,-458.720720496492,-4437.39387054276
4459.77911731864,4460.89065118211,4459.2800947216,-1.61055646050261,3995.27835273159,3.00445871127623,4.11599257476044,2.50543611426187,-461.496305875764,-4458.38521506784
4480.78797923104,4481.97250996607,4480.1695086591,-1.80300130696114,4013.22940752297,3.29817512481219,4.48270585985414,2.67970455289736,-464.260396583271,-4479.29280541318
4501.73849807785,4502.98739632601,4501.07435821137,-1.91303811465237,4031.23453134377,3.48958607946703,4.73848432763782,2.82544621298441,-467.014380654618,-4500.16195011303
4522.54568449094,4523.84877630976,4521.9710619343,-1.87771437545203,4049.24736821673,3.55036267590803,4.85345449473158,2.97574011928017,-469.747953598303,-4520.87303619048
4543.33228815793,4544.68581894622,4542.7515921204,-1.9342268258245,4067.14355818236,3.71046193387417,5.06399272216178,3.12976589634266,-472.478268041713,-4541.55605304989
4564.73696258979,4566.12724808524,4564.33026700932,-1.79698107590548,4085.78756212851,3.66119162397924,5.05147711942044,3.25449604352061,-475.288208837304,-4562.8727520417
4586.05321375966,4587.47896457781,4585.65383947181,-1.82512510600718,4104.19362532316,3.77328971909057,5.19904053724707,3.37391543123547,-478.086298717414,-4584.10504914657
4606.94645514778,4608.40418205341,4606.4383722351,-1.96580981832131,4122.09820636248,4.02050193370477,5.47822883934066,3.51241902102611,-480.827746851613,-4604.8917630324
4627.93088009315,4629.41248874338,4627.0320215567,-2.3804671866903,4139.83527518044,4.51677645222645,5.99838510247379,3.61791791577953,-483.578828460487,-4625.79457082761
4649.08485056273,4650.57508201806,4648.19341197571,-2.38167004237418,4158.08723243914,4.64696160611427,6.13719306145658,3.7555230190863,-486.350656517473,-4646.81955899898
4670.04204241643,4671.52665213107,4669.1415096247,-2.38514250638395,4176.15995383741,4.78793490973944,6.27254462439133,3.88740211801123,-489.094153669279,-4667.63925001307
4691.03030800204,4692.48743317026,4689.82263378007,-2.66479939017854,4193.96175113793,5.23039831222342,6.68752348044422,4.02272409026453,-491.838158551881,-4688.46470908
4711.75340518472,4713.17458219954,4710.41574440535,-2.75883779418955,4211.75929719021,5.44616501386206,6.86734202867105,4.10850423447802,-494.547942980656,-4709.06607796505
4732.54792912505,4733.9296531616,4731.32860888508,-2.6010442765356,4229.88832686666,5.39236732147701,6.77409135803088,4.17304708149503,-497.267234936919,-4729.7566060801
4753.04084241572,4754.37845558244,4751.55818146363,-2.82027411881539,4247.33769926654,5.75477051034396,7.09238367706023,4.27210955824569,-499.948372638848,-4750.1063460242
4773.42539532613,4774.71313442448,4771.68880831673,-3.02432610776878,4264.70916652614,6.10089285808977,7.38863195644372,4.36430584867599,-502.615335941906,-4770.34882857581
4793.66357787714,4794.89892064579,4791.76727228626,-3.13164835954397,4282.0623874877,6.33700573164353,7.57234850027923,4.44070014074018,-505.264184657821,-4790.45822050505
4813.83725819217,4815.02060045214,4811.59067591119,-3.42992454096759,4299.16166774902,6.77028869214726,7.9536309521203,4.52370641115757,-507.905301751003,-4810.49689404099
4833.67551516822,4834.8065090219,4831.18177398579,-3.62473503611417,4316.09204364916,7.08058310517364,8.2115769588637,4.58684192274618,-510.502888413882,-4830.21966709917
4853.21476282648,4854.29576026763,4850.34107884873,-3.95468141887987,4332.67037675836,7.48050840198066,8.56150584310484,4.60682442422257,-513.063877666153,-4849.68893584341
4872.26435837637,4873.29965055233,4869.20256165528,-4.09708889705208,4349.04462700676,7.65687221670374,8.69216439266263,4.59507549561395,-515.562859152912,-4868.70457505673
4891.76232948863,4892.75637103107,4888.33573518136,-4.42063584970852,4365.64359698941,7.99400923607135,8.98805077850458,4.5674149287956,-518.124723263147,-4888.18895610228
4911.12456659576,4912.09181018449,4907.49286903193,-4.5989411525532,4382.33151626311,8.12019356177641,9.08743715049532,4.48849599794154,-520.672856770857,-4907.60331418656
4930.3712276556,4931.33288986093,4926.52217026032,-4.81071960061027,4398.92469978982,8.23723229649545,9.19889450181127,4.38817490119916,-523.209295569292,-4926.94471495974
4949.29844220498,4950.27984420336,4945.2403964279,-5.03944777546724,4415.24991073528,8.34124348817445,9.32264548655037,4.28319771108385,-525.707287981526,-4945.99664649229
4968.23073557159,4969.25504136864,4964.23905905709,-5.01598231153865,4431.83925049826,8.18247464806995,9.20678044511089,4.19079813357186,-528.209010425253,-4965.06424323507
4987.11584132159,4988.2079617925,4983.17415675406,-5.03380503844671,4448.37863572037,8.032191392664,9.12431186357066,4.09050682511923,-530.705014208557,-4984.11745496739
5006.09314025333,5007.26862432796,5001.93468588097,-5.3339384469835,4464.68604821623,8.19380275210419,9.36928682673299,4.03534837974578,-533.21328928499,-5003.23327594823
5025.37089013143,5026.64525302054,5021.19186707119,-5.45338594934523,4481.47185002193,8.13768424540061,9.41204713451017,3.9586611851618,-535.76135586411,-5022.68659183538
5044.24841189686,5045.63276349317,5039.93833700722,-5.69442648595407,4497.77273306787,8.22189263985773,9.6062442361628,3.91181775020652,-538.253786189128,-5041.72094574297
5063.17861060216,5064.67684689719,5058.92551083853,-5.75133605865853,4514.28913805309,8.13905733609024,9.63729363111954,3.88595757246143,-540.750415212975,-5060.79088932473
5082.13032834045,5083.75336016907,5077.85224573523,-5.90111443383667,4530.76498616619,8.11679077442587,9.7398226030353,3.83870816919658,-543.248551399841,-5079.91465199987
5101.21716356963,5102.97733784024,5096.90229900284,-6.07503883741502,4547.33701872857,8.11495841616791,9.87513268678108,3.80009384936748,-545.765186424884,-5099.17724399088
5120.3224598881,5122.22667350161,5116.13553830416,-6.0911351974521,4564.10829324629,7.93175065155565,9.83596426506423,3.74482906761289,-548.282415990257,-5118.481844434
5139.26665605029,5141.32583549441,5135.10508294867,-6.22075254573489,4580.59072609188,7.89907406790934,9.95825351201941,3.73750096628423,-550.77685589051,-5137.58833452812
5158.1306584169,5160.35202829543,5153.92430328711,-6.42772500831142,4596.89737106908,7.97504744188864,10.1964173204108,3.76869231210053,-553.258239905925,-5156.58333598332
5176.85461344911,5179.24017528041,5172.91477064408,-6.32540463632395,4613.37739141793,7.75732795859467,10.1428897898832,3.81748515355301,-555.719894072595,-5175.42269012684
5195.34635099477,5197.90052246,5191.46114804344,-6.43937441655617,4629.40347865913,7.79534860806881,10.3495200732958,3.91014565673484,-558.147523727565,-5193.99037680325
5213.64123516056,5216.35382957185,5210.06370430274,-6.29012526911335,4645.49427920023,7.60242018242526,10.3150145937049,4.02488932459374,-560.544535777911,-5212.32894024725
5231.73744651503,5234.60064620642,5228.07461511593,-6.52603109048164,4661.02655588782,7.79914514366923,10.662344835063,4.13631374457855,-562.911745483541,-5230.46433246183
5249.75682825739,5252.75656836328,5246.04754903986,-6.7090193234187,4676.51761404155,7.97478452505385,10.9745246309374,4.26550530752328,-565.264429690786,-5248.49106305575
5267.83857673665,5270.9703639088,5264.48046591819,-6.48989799060125,4692.44839468823,7.76634184237293,10.8981290145164,4.40823102391581,-567.623840206045,-5266.56213288485
5285.86517207732,5289.1188489857,5282.53406466926,-6.58478431644175,4707.9946195567,7.89563923322949,11.1493161415919,4.56453182515317,-569.974913287406,-5284.55431716055
5303.72902555161,5307.09110171061,5300.40884732297,-6.68225438762296,4723.3832953857,8.04212150042273,11.4041976593993,4.72194327177766,-572.303608665491,-5302.36915843883
5321.84731785047,5325.29878944773,5318.73788499598,-6.56090445172721,4739.21127816149,7.97029216369941,11.4217637609294,4.86085930920547,-574.665747525306,-5320.4379301385
5339.7738810055,5343.30144746368,5336.59665586813,-6.70479159555408,4754.56879892722,8.20537154699709,11.7329380051608,5.02814640960995,-576.999710531299,-5338.27330105407
5357.72634595463,5361.31871376964,5354.46049031998,-6.85822344966294,4769.91883296297,8.47063845809888,12.0630062731046,5.20478282344122,-579.336874533588,-5356.11393094621
5374.85715555228,5378.50882014049,5371.71875132822,-6.79006881226227,4784.79090042121,8.50209486015133,12.1537594483488,5.36369063608634,-581.564160270918,-5373.14512950439
5390.94777520237,5394.65138470887,5387.69376905054,-6.9576156583365,4798.53609460662,8.75956779419702,12.4631773006969,5.50556164236189,-583.652112801558,-5389.14582306651
5406.70560438591,5410.45632359386,5403.26305977835,-7.19326381550571,4811.93176234903,9.07936167870707,12.8300808866604,5.63681707115422,-585.694480358181,-5404.8195065227
5422.30986094502,5426.10291835226,5418.66648987748,-7.43642847476954,4825.16232046099,9.4323317021108,13.225389109331,5.78896063456173,-587.71520878194,-5420.31395771769
5437.64647415137,5441.48180701541,5433.88195182516,-7.59985519023056,4838.25348284205,9.69424512006742,13.5295779841118,5.92972279387715,-589.69874618925,-5435.55208422153
5453.03738932633,5456.90443354738,5448.98944955523,-7.91498399213879,4851.24466767635,10.1062192397927,13.9732634608262,6.05827946869197,-591.68650241023,-5450.84615407869
5468.6918585843,5472.58153764366,5464.57884668156,-8.00269096208744,4864.7059081912,10.2801606749746,14.1698397343186,6.16714877223584,-593.705789718137,-5466.41438887142
5483.90802326946,5487.81912026581,5479.63591280452,-8.18320746128144,4877.71333047427,10.5301796116453,14.4412766079795,6.25806914669815,-595.664513183548,-5481.5610511191
5499.18873293749,5503.11451827348,5494.69071022866,-8.42380804481189,4890.7253304373,10.8337475854021,14.7595329213737,6.33572487656029,-597.629654914813,-5496.77879339691
5514.52966727815,5518.46842020335,5509.67196746707,-8.79645273629377,4903.6950629127,11.2324698364391,15.1712227616472,6.3747700253532,-599.602134529012,-5512.09365017799
5529.79726041326,5533.74816883025,5524.50533328007,-9.2428355501943,4916.53720019021,11.6947761686094,15.6456845856092,6.40284903541648,-601.565284054439,-5527.34531979483
5544.7746628515,5548.73533821427,5539.18308687323,-9.55225134104517,4929.25861806654,12.0265693820217,15.9872447447883,6.43499340374704,-603.489475402946,-5542.30034481054
5559.98825616558,5563.96172061084,5554.19515606303,-9.76656454781105,4942.28272103144,12.2582176352674,16.2316820805221,6.46511753271363,-605.447317498886,-5557.49660307813
5575.08156429663,5579.0698753758,5569.20738289912,-9.86249247669632,4955.33218825202,12.3582670866249,16.3465781658082,6.48408568911259,-607.391108957994,-5572.58578968668
5590.18015609989,5594.18488321489,5584.32949473287,-9.85538848202886,4968.48549860788,12.3558238416665,16.3605509566739,6.50516247464705,-609.338833650344,-5587.67972074025
5605.20790888607,5609.23018046785,5599.32429535466,-9.90588511318055,4981.51922133979,12.4117239982102,16.4339955799816,6.52811046679635,-611.276963548082,-5602.70207000106
5620.30099715247,5624.34894256025,5614.32644000949,-10.0225025507707,4994.53957449622,12.5372413609266,16.5851867687273,6.562684217958,-613.224181295313,-5617.7862583423
5634.90103908793,5638.98809960547,5628.87373665518,-10.1143629503155,5007.1741245398,12.6223346058774,16.7093951234357,6.59503217312382,-615.104579942235,-5632.39306743235
5649.05394477616,5653.18180445228,5643.01284339044,-10.168961061858,5019.43704792731,12.6942745473985,16.8221342235309,6.65317316166762,-616.92262230146,-5646.52863129062
5663.28735427604,5667.4535671073,5657.5121350825,-9.94143202481158,5032.03632548289,12.5014557717282,16.6676686029918,6.72623657817392,-618.749573021426,-5660.72733052913
5677.88445032218,5682.0809378317,5672.04619306172,-10.0347447699765,5044.60557660104,12.6561969841138,16.8526844936409,6.81793972365947,-620.622676737033,-5675.26299810804
5692.61773520259,5696.8377233704,5686.69261693497,-10.1451064354421,5057.29295424276,12.813249399106,17.0332375669235,6.88813113148344,-622.511531560736,-5689.94959223893
5706.80508801141,5711.05548032187,5700.76065006641,-10.2948302554702,5069.48484286658,12.9936735884158,17.2440658988788,6.94923564341042,-624.32657155641,-5704.10624467846
5720.87959570785,5725.16135496203,5714.64480204583,-10.5165529162017,5081.48386063921,13.2696694887734,17.5514287429521,7.03487582675085,-626.126065579859,-5718.12647913529
5735.0221737364,5739.32862342426,5728.67242799474,-10.6561954295187,5093.61507505917,13.4728685774699,17.7793182653191,7.123122835802,-627.934230099772,-5732.20550058847
5749.48101205356,5753.80512578113,5742.95516083923,-10.8499649419023,5105.94691198497,13.748650187817,18.0727639153873,7.22279897348257,-629.785449880777,-5746.58232680766
5764.16655420878,5768.49708312019,5757.22789519751,-11.2691879226875,5118.22981065047,14.2701900444777,18.6007189558768,7.33153103319276,-631.666553513824,-5761.16555208699
5779.00973057166,5783.3332353256,5771.8821269619,-11.4511083636932,5130.83055668532,14.6125845345623,18.9360892884976,7.48498092480393,-633.566589351769,-5775.84825440081
5794.23202620659,5798.53453154789,5786.80937648665,-11.7251550612382,5143.65807418679,15.0609683293267,19.3634736706105,7.63831860937388,-635.512983690475,-5790.89621293851
5809.89105080534,5814.15358489206,5802.35980437762,-11.793780514433,5157.05325059919,15.3229219287895,19.5854560154983,7.79167550106771,-637.514878277363,-5806.36190939099
5825.66570872956,5829.87885621071,5818.03432721857,-11.8445289921451,5170.58744919996,15.5473903179969,19.7605377991391,7.91600880699085,-639.530869211604,-5821.96284740372
5841.65297808682,5845.80271014461,5833.45507243336,-12.347637711253,5183.83408595158,16.2462524119756,20.3959844697518,8.04834675850334,-641.572639723288,-5837.75436338612
5857.58698631555,5861.65379892052,5849.13538359851,-12.5184153220131,5197.36386034174,16.6176089175789,20.6844215225446,8.16600620053438,-643.60551705624,-5853.48779271999
5873.50606464068,5877.47251656803,5865.21576423593,-12.2567523321075,5211.35529506901,16.5160713343749,20.4825232617333,8.22577092962736,-645.634698237299,-5869.24674563841
5889.62810711955,5893.48323597818,5881.12544997715,-12.3577860010214,5225.16882819949,16.768761897208,20.6238907558323,8.266104754809,-647.690517022865,-5885.21713122337
5906.65520232185,5910.39253212407,5897.84321004854,-12.5493220755312,5239.67474822652,17.113195774822,20.8505255770417,8.3012035015048,-649.867258320517,-5902.09132862259
5924.01183167994,5927.62460131786,5914.84500935706,-12.7795919608046,5254.44792679791,17.4748507648932,21.0876204028328,8.30802844202556,-652.089054117127,-5919.31657287585
5941.44848236375,5944.93351290417,5931.98660722331,-12.946905680847,5269.35850808107,17.7660428264388,21.2510733668611,8.30416768600871,-654.323931456246,-5936.62934521816
5959.6020269942,5962.95414258238,5949.83949646804,-13.1146461143392,5284.88383607298,18.0630043436517,21.4151199318376,8.30047381748949,-656.655186577568,-5954.65366876488
5977.63664658667,5980.86168276002,5967.8584767306,-13.0032060294148,5300.60225307019,18.061316223921,21.2863523972587,8.28314636784232,-658.97307729257,-5972.57853639217
5995.96396410177,5999.06148643113,5985.72618707859,-13.3352993525155,5316.1234150504,18.5087125342267,21.6062348635709,8.27093551105589,-661.331836517155,-5990.79055092006
6014.68470746369,6017.65919672877,6004.01709016845,-13.6421065603115,5332.0130362087,18.9255223171693,21.9000115822506,8.2579050219399,-663.746148937818,-6009.40129170682
6033.99211660202,6036.84479927369,6022.92254078395,-13.9222584897532,5348.44810762712,19.3029794389129,22.1556621106017,8.23340362084684,-666.241029535977,-6028.61139565283
6053.32675886064,6056.06448717183,6042.09437193259,-13.9701152392405,5365.13210548131,19.4526079712429,22.1903362824478,8.22022104320371,-668.742045408089,-6047.84426612863
6073.29441747191,6075.91821072608,6061.77766709995,-14.1405436261221,5382.24753228455,19.7186120017841,22.3424052559576,8.20186162984046,-671.328273185571,-6067.71634909624
6093.35773561685,6095.8684836958,6081.26603115415,-14.6024525416351,5399.15501966559,20.2768397665672,22.7875878455267,8.18513530389434,-673.925876184694,-6087.68334839191
6113.75718173141,6116.1478510319,6101.64912528371,-14.4987257481826,5416.92770030688,20.2624093342537,22.6530786347497,8.1543528865637,-676.567072090266,-6107.99349814532
6134.80822787077,6137.07158206589,6122.38701597783,-14.6845660880601,5435.00461859681,20.5066850045352,22.7700391996394,8.08547311158243,-679.296924269447,-6128.9861089543
6156.13470382139,6158.27939775315,6143.53703753426,-14.742360218874,5453.48308305495,20.5846957363582,22.7293896681245,7.98702944925488,-682.066925030065,-6150.29236830389
6178.59454271728,6180.62830505512,6165.73591469355,-14.8923903615714,5472.86479585377,20.7377553546263,22.7715176924619,7.87912733089172,-684.991991508884,-6172.74917772423
6201.63693579274,6203.58049474659,6188.4920908452,-15.0884039013622,5492.77598248978,20.8632449631326,22.8068039169801,7.71840001561111,-687.997708339811,-6195.86209473097
6224.82684143678,6226.70434284389,6211.60927407293,-15.0950687709331,5513.06601326177,20.7332236586063,22.6107250656828,7.51565629475332,-691.027604516422,-6219.18868654912
6248.73674252298,6250.57670931027,6235.48103949919,-15.0956698110642,5533.99378750472,20.5844794952562,22.424446282571,7.32877647150632,-694.158475522981,-6243.24793283877
6272.92818104774,6274.76646698237,6259.31305939798,-15.4534075843869,5554.85550396071,20.7404912980558,22.5787772326832,7.12536964829738,-697.332185788985,-6267.64109733409
6297.42019659713,6299.29104807233,6283.46016252466,-15.8308855476733,5575.97143224673,20.8977059612978,22.7685574365092,6.9376718888332,-700.551058389107,-6292.35337618351
6322.79791929697,6324.7372727151,6308.84945759784,-15.887815117237,5598.18816227452,20.7179371451873,22.6572905632945,6.76947544605946,-703.891819877266,-6317.96779726903
6348.58983787367,6350.63055027585,6334.35566604976,-16.2748842260727,5620.44726789655,20.8539346631682,22.8946470653341,6.61976283926004,-707.288635313966,-6344.01078743658
6374.68271723317,6376.850473328,6360.45535577482,-16.3951175531718,5643.23055884118,20.7255489857823,22.8933050805971,6.49818752742706,-710.726609406218,-6370.35228580057
6401.30602426973,6403.62523512224,6387.1878993696,-16.4373357526332,5666.5319566506,20.5391049687718,22.8583158212804,6.42098006864637,-714.234962650348,-6397.20425505358
6428.13342134157,6430.61419469115,6413.77408213738,-16.8401125537732,5689.6070635262,20.7578316479935,23.238604997583,6.39849244381063,-717.768526167388,-6424.21570224735
6455.61563987344,6458.25537630738,6441.23961247738,-17.015763829981,5713.42066351677,20.8118875806176,23.4516240145624,6.43586018458045,-721.383088776042,-6451.81951612281
6483.77059913804,6486.56040806603,6469.25705162121,-17.3033564448152,5737.71028929282,20.9794931062538,23.7693020342502,6.4659455894345,-725.080816738969,-6480.0944624766
6512.49993242378,6515.43056316134,6498.10518632668,-17.3253768346751,5762.75634168347,20.8953252978942,23.825956035467,6.50057920079377,-728.848265442417,-6508.92998396057
6541.76049650192,6544.8231522626,6527.30078767967,-17.5223645829303,5788.06523508486,21.0153602199108,24.0780159805854,6.55565139765621,-732.679901197169,-6538.26750086496
6571.82894953211,6575.00516447622,6557.05880512154,-17.9463593546765,5813.81584237263,21.3991440752037,24.5753590193058,6.62899966463063,-736.61396308429,-6568.37616481159
6602.37718104158,6605.64674522852,6587.56891697064,-18.0778282578611,5840.25678729828,21.5123077188727,24.7818719058022,6.7040436479374,-740.608086024446,-6598.94270158057
6633.26211319643,6636.60323782368,6618.34484701569,-18.258390807976,5866.9270928197,21.6924720522963,25.0335966795374,6.77520587156031,-744.642548324445,-6629.82803195212
6664.39087775256,6667.79385428263,6649.24861674916,-18.5452375334914,5893.68762655444,21.9968113396359,25.399787869727,6.8545503362366,-748.706439858495,-6660.93930394642
6695.97799463716,6699.42571730485,6680.72684987614,-18.6988674286914,5920.97363941007,22.177237412788,25.6249600804671,6.92609265177488,-752.827117814316,-6692.49962465309
6728.24113259245,6731.71751696616,6713.08207386451,-18.6354431016473,5949.04024772936,22.1647539093155,25.6411382830099,7.00569518136327,-757.036130953794,-6724.71182178482
6760.54865132581,6764.03439510411,6745.15038587449,-18.8840092296227,5976.8031482656,22.4980297353451,25.9837735136512,7.09976428403403,-761.247473324877,-6756.93463082009
6793.04537241348,6796.53071824662,6777.23739918377,-19.293319062848,6004.60461576048,22.9578471758858,26.4431930090197,7.14987394617702,-765.482909477118,-6789.38084430045
6825.99387599452,6829.47328112578,6810.10405378381,-19.3692273419513,6033.13811026101,23.0783102040087,26.5577153352586,7.18848799330195,-769.777455529497,-6822.28479313247
6859.40959099153,6862.87994879322,6843.23200393275,-19.6479448604747,6061.88747614249,23.389314833842,26.859672635546,7.21172777506806,-774.132800015196,-6855.66822101816
6893.08266103821,6896.55413749862,6877.07110108523,-19.4830364133832,6091.30412330651,23.2548522114954,26.7263286718829,7.24329225850313,-778.523685520211,-6889.31084524011
6927.36479996803,6930.83578617083,6911.27302367988,-19.5627624909425,6120.99149711182,23.3784654605657,26.8494516633674,7.28668917242614,-782.99483739564,-6923.5490969984
6962.5571187958,6966.02323009104,6946.41072897129,-19.6125011197531,6151.5002672095,23.469553481829,26.9356647770611,7.32316365730828,-787.587298104471,-6958.70006643373
6999.20237745382,7002.64966653952,6982.94229249597,-19.7073740435586,6183.19756177258,23.6353371367103,27.0826262224147,7.37525217885702,-792.36947854453,-6995.27441436067
7036.55939775627,7039.98425954614,7020.12835856669,-19.8559009794426,6215.4784370448,23.8369534304959,27.2618152203532,7.40591424091727,-797.244007280974,-7032.57834530523
7074.73751494012,7078.13229553675,7058.24113529318,-19.8911602435759,6248.60380679807,23.9083255150454,27.3031061116773,7.41194586810165,-802.225382627005,-7070.72034966866
7113.97588434633,7117.33616848064,7097.33560645989,-20.0005620207459,6282.56345376758,24.0659451263652,27.4262292606684,7.42566723992705,-807.346485452385,-7109.91050124071
7153.7553071623,7157.07946290146,7136.62566733901,-20.453795562451,6316.65949458067,24.5552581312069,27.8794138703663,7.42561830791264,-812.540554450412,-7149.65384459354
7194.66836791824,7197.9456481419,7176.85885366972,-21.0867944721726,6351.53266931825,25.2498677757382,28.5271479993879,7.44035352722052,-817.885830824263,-7190.50529461467
7236.26011351695,7239.47638376068,7218.1489515573,-21.3274322033818,6387.38025579046,25.5598071807939,28.7760774245139,7.44864522113434,-823.320050545709,-7232.02773853956
7278.6714531485,7281.81440152157,7260.21660130716,-21.5978002143956,6423.91906520688,25.8891664383313,29.0321148114052,7.43431459701192,-828.863221503267,-7274.38008692455
7321.95226873874,7325.02045229219,7303.16017081253,-21.8602814796591,6461.22738289257,26.2032537620071,29.2714373154626,7.41115583580609,-834.521632084149,-7317.60929645639
7366.31168450385,7369.30204730315,7347.07451155795,-22.2275357452049,6499.3888287441,26.5986900662817,29.5890528655744,7.36151712037163,-840.324165693477,-7361.94053018279
7410.95982479462,7413.87942660255,7391.39644362764,-22.4829829748947,6537.89558778258,26.8963280090243,29.8159298169362,7.33294684204216,-846.167909003024,-7406.5464797605
7456.97220070779,7459.82417529497,7437.03224393686,-22.7919313581082,6577.54524128163,27.232212275725,30.0841868628962,7.29225550479004,-852.19474715044,-7452.53191979018
7504.92096639598,7507.70441310461,7484.79019281054,-22.9142202940507,6619.05290091721,27.3884792191059,30.1719259277481,7.25770563369444,-858.479586259641,-7500.44670747091
7553.87689853344,7556.59830515673,7533.46285965613,-23.1354455005917,6661.32233420022,27.6538712398425,30.3752778631307,7.23983236253739,-864.900693093372,-7549.35847279418
7604.79303224168,7607.45475022673,7583.86677682449,-23.5879734022299,6705.08518445506,28.1236399090365,30.7853578940829,7.19738449185852,-871.584207877576,-7600.25736573486
7657.64109003475,7660.24945560432,7636.51841551526,-23.7310400890547,6750.85782062104,28.2568381327554,30.8652037023218,7.13416361327198,-878.526431280952,-7653.11529199105
7711.47243235534,7714.04000978478,7690.30727003392,-23.7327397508464,6797.66121385625,28.206786556511,30.7743639859452,7.04162423509948,-885.604431942596,-7706.99838554967
7766.49894121589,7769.04010534017,7744.99443029646,-24.0456750436869,6845.24925179346,28.4043226046892,30.9454867289507,6.89981168526354,-892.845366817758,-7762.14029365489
7821.91833988912,7824.44972830701,7800.25108838866,-24.1986399183509,6893.34642592318,28.4326920803658,30.9640804982615,6.76544057991244,-900.13922188558,-7817.6842877271
7878.22968608981,7880.77456719624,7856.31048870151,-24.4640784947185,6942.11949110754,28.556959500328,31.1018406067551,6.63776211204121,-907.553235481929,-7874.13680508419
7936.59181907498,7939.16148317265,7914.27978997496,-24.8816931976895,6992.49961107084,28.8517433012701,31.4214073989314,6.53971420124402,-915.240464702874,-7932.62176897139
7996.00462188518,7998.61347695543,7973.65850898769,-24.9549679677216,7044.12109547935,28.815471761921,31.4243268321685,6.46935886444399,-923.068054643901,-7992.14411809098
8057.38086540465,8060.0337045442,8034.83966237118,-25.1940421730182,7097.25526157583,28.9700526583099,31.6228917978442,6.42884962482896,-931.155551170529,-8053.60485491937
8119.26320851436,8121.9678212529,8096.47436095997,-25.4934602929119,7150.7682964089,29.1876975517443,31.8923102902692,6.3988499973557,-939.307214553727,-8115.56897125552
8181.78463618536,8184.53993973518,8158.72348422936,-25.8164555058094,7204.8073626322,29.4363354873576,32.1916390371734,6.37518353136455,-947.540938065806,-8178.16475620382
8245.17203184434,8247.97338919642,8221.87598569791,-26.0974034985177,7259.64791776957,29.6381044763956,32.4394618284832,6.34205832996545,-955.886009598378,-8241.63133086646
8309.49789405228,8312.3448796299,8285.96964149149,-26.3752381384021,7315.30024880976,29.8440978800144,32.6910834576315,6.31584531923323,-964.353547362489,-8306.02903431066
8375.89642150592,8378.78276839789,8352.11540539136,-26.6673630065289,7372.77211152257,30.0280190140377,32.9143659060011,6.24700289947007,-973.096290969312,-8372.53576549841
8445.1024556805,8448.01975670618,8421.02442658355,-26.9953301226262,7432.63805945476,30.2523346042647,33.1696356299582,6.17430550733087,-982.212061621474,-8441.84545119886
8516.08760091307,8519.03986827193,8491.68393529824,-27.3559329736984,7494.04252112309,30.4821755188245,33.4344428776862,6.0785099039867,-991.562904271145,-8512.96135836793
8589.33289403711,8592.31527278392,8564.45619235694,-27.8590804269805,7557.26803419783,30.8516904617296,33.83406920853,5.97498878154906,-1001.21316937755,-8586.34028400237
8668.12667565189,8671.11698610822,8643.10441965523,-28.0125664529783,7625.61509925461,30.9105368605307,33.9008473168607,5.88828086388305,-1011.60103953675,-8665.22870524434
8751.91018215212,8754.89730247638,8726.37180739954,-28.5254950768469,7697.92405359051,31.3323245908096,34.319444915073,5.79394983822359,-1022.6538039708,-8749.10335263815
8839.7043015836,8842.68069826733,8813.64387325151,-29.0368250158199,7773.69524432297,31.7669969075563,34.7433935912684,5.70656857544971,-1034.24206035308,-8836.97412969188
8929.95147804972,8932.91255943548,8903.29453655705,-29.6180228784201,7851.50477578648,32.2905687222304,35.251650107973,5.63362722955068,-1046.15613354103,-8927.27893220593
9023.45353003124,9026.39562962045,8996.37459537213,-30.0210342483081,7932.2973212315,32.6519845937501,35.5940841829455,5.57304993463591,-1058.50422420599,-9020.8225796858
9119.41578588497,9122.32923426452,9091.49358781965,-30.8356464448666,8014.77638313425,33.4596043612031,36.3730527407359,5.53740629586915,-1071.17979838954,-9116.79182796865
9219.04773022366,9221.91089015669,9190.41520537015,-31.4956847865384,8100.57690629327,34.1282565989642,36.9914165319711,5.49573174543417,-1084.34256733144,-9216.41515841125
9320.72731286846,9323.52504121742,9291.41821075955,-32.1068304578764,8188.18689869906,34.7657525678757,37.5634809168293,5.45665045895685,-1097.77466160154,-9318.06839075848
9425.06417762829,9427.78227567727,9395.42853263838,-32.3537430388697,8278.44590142863,35.0590372358735,37.7771352848554,5.42339224598022,-1111.55923896378,-9422.35888343129
9532.32445204811,9534.94275823036,9502.07193088972,-32.870827340634,8370.91685415943,35.676723197455,38.2950293796814,5.42420203904658,-1125.73087469126,-9529.51855619131
9642.97687514562,9645.47480004746,9612.31810520605,-33.1566948414137,8466.56716954325,36.0568834790066,38.5548083808374,5.39811353942183,-1140.35282212337,-9640.07668650804
9759.1368900272,9761.48893236151,9727.85170687918,-33.6372254823241,8566.78429412799,36.6459996886433,38.998042022955,5.36081654063228,-1155.70659621057,-9756.12811582089
9882.22811118093,9884.40409667539,9850.30438098253,-34.0997156928429,8672.98691337757,37.2587732580236,39.4347587524696,5.33504305962442,-1171.98242454534,-9879.06905361576
10011.6712185163,10013.6470561963,9979.12402971645,-34.5230264798296,8784.74479416819,37.8231490334377,39.7989867133951,5.27596023356703,-1189.10327531469,-10008.3710959627
10148.1785875283,10149.9289978934,10114.8150595168,-35.1139383765699,8902.48230419424,38.5310373987294,40.281447763835,5.16750938726333,-1207.16524593533,-10144.7614885061
10295.4362505826,10296.9213320839,10261.3231414019,-35.5981906820648,9029.632733883,39.1452049712994,40.6302864726185,5.03209579055587,-1226.6583117283,-10291.8892362934
10452.7308912622,10453.9188742761,10417.5961535887,-36.3227206873201,9165.23200286989,40.0098387258928,41.1978217397384,4.8751010524216,-1247.48904966642,-10449.0437732236
10621.7917598215,10622.647235906,10585.0746993928,-37.5725365131973,9310.49477303802,41.4088813906211,42.2643574751247,4.69182096192944,-1269.88810539286,-10617.9554149441
10796.3373524989,10796.8451477758,10757.9748060808,-38.8703416950236,9460.47413548245,42.8420133416018,43.3498086185163,4.47946692349487,-1293.02120367481,-10792.3656808523
10974.7012995804,10974.8680734865,10934.7328468242,-40.1352266623079,9613.86092064437,44.1732859949553,44.3400599010656,4.20483323876303,-1316.66709294111,-10970.6632402478
11157.1069714034,11156.9405580271,11115.5421930571,-41.398364970032,9770.73158908372,45.5199227319404,45.3535093557047,3.9551443856727,-1340.85545958772,-11152.9854136415
11344.1994202778,11343.6886691695,11301.1918900608,-42.4967791086785,9931.79333605819,46.73611166783,46.2253605595045,3.72858145083138,-1365.66997255178,-11339.9600877186
11538.3016947524,11537.4196949744,11493.9553618794,-43.4643330950003,10099.02877987,47.8570000415376,46.9750002634866,3.51066716848883,-1391.41591484092,-11533.9090278059
11734.9249210871,11733.6646214615,11689.4008519764,-44.263769485177,10268.6340460594,48.7936602179242,47.5333605923359,3.2695911071612,-1417.4972148098,-11730.3950303544
11933.6709248888,11932.0343630526,11887.5916535184,-44.4427095342774,10440.763731037,49.0478143605649,47.4112525244474,2.96854299016794,-1443.85937949123,-11929.0658200625
12134.9716611502,12132.972950277,12088.1995474386,-44.7734028383911,10615.040544018,49.3710113403217,47.3723004670819,2.5988976286937,-1470.56010579189,-12130.3740526483
12338.6845180195,12336.3397903162,12291.6428105474,-44.6969797688824,10791.8482982439,49.2570742106675,46.9123465073984,2.21536673851521,-1497.57914556497,-12334.1244235777
12547.0194628094,12544.3454424961,12499.3648547235,-44.9805877725483,10972.3452794721,49.4601345358397,46.7861142225102,1.80552644996526,-1525.21404880144,-12542.5399160461
12759.5362258063,12756.5545925657,12711.3679220673,-45.1866704983821,11156.6113176309,49.5175307842322,46.535897543624,1.34922704524065,-1553.40737739116,-12755.2053655204
12976.9372412551,12973.6715350954,12928.0792111103,-45.5923239850995,11344.9479504903,49.7355230694493,46.4698169097835,0.877492924683184,-1582.25376769535,-12972.7940421707
13202.579367856,13199.0417120188,13152.6817159629,-46.3599960558863,11540.1384608884,50.2423042496664,46.7046484124326,0.344652356546355,-1612.19860271789,-13198.6970596622
13434.214104554,13430.4313399211,13383.0023500495,-47.4289898715608,11740.3066506221,50.9618311901391,47.1790665572439,-0.249923314314697,-1642.94562274176,-13430.6812632354
13670.5880456004,13666.597960762,13617.8883828157,-48.7095779463338,11944.4501972046,51.8074053176808,47.8173204792661,-0.89225746707145,-1674.33044307818,-13667.4902182291
13911.2244380232,13907.0743201625,13857.0992293469,-49.9750908155759,12152.378852827,52.5561625687779,48.4060447080798,-1.56904610749285,-1706.28942262743,-13908.64336627
14156.0535897234,14151.7886935575,14100.2873450506,-51.5013485068803,12363.6791929589,53.5619903022087,49.2970941362397,-2.20425437064344,-1738.81240646234,-14153.9929479281
14404.3215818344,14399.9858242844,14347.3955445093,-52.5902797751016,12578.4526076963,54.0709816999168,49.7352241498823,-2.85505562522021,-1771.79799243825,-14402.8408799096
14653.8236092038,14649.458857019,14595.8571832608,-53.6016737581414,12794.4021976772,54.4710404679748,50.1062882831588,-3.495385474982,-1804.9503710586,-14652.9542424939
14908.5850292094,14904.2257737458,14849.8994329401,-54.3263408056635,13015.2148773962,54.5672940900912,50.2080386265025,-4.11830217916039,-1838.80285772307,-14908.344075925
15167.1100512301,15162.8005725806,15107.9581598165,-54.8424127641054,13239.5791780803,54.3759039029074,50.0664252533956,-4.77598751070699,-1873.15496924689,-15167.5765600913
15428.9626414014,15424.7512205846,15369.1790216621,-55.5721989225071,13466.6679985052,54.3463892323819,50.1349684154846,-5.43723050702296,-1907.94825366392,-15430.1884510916
15692.3757860632,15688.3197473186,15632.7505850031,-55.5691623154691,13695.9539602233,53.4779524626026,49.421913717961,-6.1472485975082,-1942.94387337728,-15694.4669959161
15957.3650413499,15953.5308718261,15897.8941036125,-55.6367682135915,13926.6175914299,52.6039406499438,48.769771126091,-6.8669970875045,-1978.14350927013,-15960.3978689136
16225.5072566281,16221.9545127668,16166.2675368948,-55.6869758719577,14160.0506451562,51.6997729226864,48.1470290613063,-7.53994681065244,-2013.75683854929,-16229.4944595774
16494.7761006484,16491.5777106921,16435.1620966909,-56.4156140012255,14393.8332297477,51.4258066223466,48.2274166660314,-8.18819733519543,-2049.51706427838,-16499.7659080273
16766.707225084,16763.9269014645,16706.9761058905,-56.9507955739746,14630.149773047,50.9298589164374,48.1495352969002,-8.80126027707687,-2085.62759312052,-16772.7281617415
17040.9539414776,17038.6507023968,16980.9907731126,-57.6599292841874,14868.3183917858,50.5947201390785,48.2914810583208,-9.36844822587058,-2122.04082955273,-17048.0191506227
17317.045439096,17315.2728911134,17257.2281392236,-58.0447518898104,15108.3855784884,49.9646058537118,48.1920578711254,-9.85269401868765,-2158.69525475382,-17325.1255851321
17593.1442134369,17591.9538152326,17532.7539491213,-59.1998661112877,15347.7250782859,50.073162999715,48.8827647954388,-10.3171013158549,-2195.34597215131,-17602.2709165485
17869.2272641013,17868.6658155016,17808.5645246995,-60.1012908021559,15587.259379578,49.9824437518895,49.4209951521918,-10.680295649966,-2231.98544077145,-17879.3461111516
18147.215195676,18147.3099611143,18086.5948774627,-60.7150836515792,15828.7217210802,49.6232319213925,49.7179973596857,-10.9970862918985,-2268.87024267443,-18158.3070474062
18427.5530969718,18428.3262609529,18367.0067661451,-61.3194948078444,16072.2170290978,49.2779202119813,50.0510841930552,-11.2684106147913,-2306.05814766205,-18439.5946715677
18709.5541632648,18711.0255157353,18649.610533749,-61.4149819862859,16317.6772597623,48.420884249085,49.8922367195952,-11.522745266695,-2343.45601925344,-18722.548261002
18994.4680666441,18996.6413917973,18935.1663156775,-61.4750761198259,16565.6620602367,47.5800115710212,49.7533367242055,-11.7217393956228,-2381.22599483642,-19008.3631311929
19284.0655191507,19286.9206638093,19225.5057842418,-61.4148795674709,16817.7753765837,46.6899689746761,49.545113633234,-11.8697659342424,-2419.60017359233,-19298.7904297435
19574.9383512416,19578.4634948599,19516.9786905835,-61.4848042763741,17070.8523394621,45.9616683471274,49.4868119654346,-11.9979923109423,-2458.12434343243,-19590.4614871709
19867.2431523373,19871.4215457344,19809.7036588992,-61.7178868352561,17324.9658756682,45.4559587200137,49.6343521171178,-12.0835347181448,-2496.82131794908,-19883.5050804526
20159.897554745,20164.7232440484,20102.4604378668,-62.2628061815891,17579.0737655769,45.2786955131997,50.1043848165204,-12.1584213650788,-2535.54509365501,-20176.8816654134
20452.6224848398,20458.0949412855,20395.6564849551,-62.4384563304311,17833.6211505775,44.7395572543977,50.2120137001282,-12.2264426303137,-2574.26177700797,-20470.3213839159
20745.3908840629,20751.5165964766,20688.7953934932,-62.721202983478,18088.0826845127,44.3379536638583,50.4636660775545,-12.2575369059288,-2612.97024588644,-20763.7741333826
21039.9180439727,21046.6919089226,20983.2743115342,-63.4175973883505,18343.6343712645,44.3821881427384,51.1560530925647,-12.261544295789,-2651.9014845655,-21058.9534532184
21336.6282387232,21344.0559940893,21280.1769820536,-63.8790120356119,18601.2853188059,44.2317520670572,51.659507433052,-12.21950460256,-2691.11116785026,-21356.2754986918
21622.2344905367,21630.3856368491,21565.4320215156,-64.9536153334339,18848.7765986795,44.6230630113891,52.774209323788,-12.1794060096446,-2728.83482884577,-21642.5650428587
21904.1438416847,21913.0533364235,21847.3124418071,-65.7408946163799,19093.4115841341,44.6756116776848,53.5851064164844,-12.1557881998966,-2766.05664587287,-21925.2091246234
22179.0123612953,22188.7332680684,22122.3587593207,-66.3745087477433,19332.1285540627,44.5537437249757,54.2746504980583,-12.0998582496857,-2802.33006350765,-22200.8331263181
22450.4589463362,22461.0150626289,22394.6892218577,-66.3258407711753,19568.5876187955,43.7392259455615,54.2953422381948,-12.0304985329842,-2838.13210159514,-22473.0455611619
22721.4673583791,22732.8535569485,22666.6146747869,-66.2388821615774,19804.6345153047,42.976526663063,54.362725232488,-11.8761569290945,-2873.85631641131,-22744.7297138776
22991.3160966537,23003.5245343402,22937.548306635,-65.9762277051559,20039.8736961754,42.0366375800195,54.2450752664691,-11.7311524386886,-2909.40576289829,-23015.2556867789
23259.8425964314,23272.8552489976,23206.4199003858,-66.4353486118582,20273.2908836712,41.7928897697642,54.8055423359093,-11.6298062759494,-2944.75882299051,-23284.4850552735
23525.8158002921,23539.6151863336,23473.1648103689,-66.4503759647064,20504.9875834797,41.0789149964388,54.8783010379652,-11.5720749267446,-2979.74930181602,-23551.1872612604
23788.5655014885,23803.1191266411,23736.9345990288,-66.1845276123214,20734.1750544223,40.1029686393276,54.6565937919994,-11.5279338203234,-3014.28747842687,-23814.6470604615
24048.9725770619,24064.2317237682,23997.6673858506,-66.5643379176116,20960.626576869,39.8521583405809,55.1113050469436,-11.4530328706681,-3048.49384185233,-24075.6847566389
24302.6167200699,24318.5494053022,24252.050899552,-66.4985057502069,21181.6229387666,39.2114014456431,55.1440866778696,-11.3544190723393,-3081.78237985767,-24329.9038243745
24546.5919899971,24563.1957622761,24496.5825585343,-66.6132037417799,21394.0938733216,38.7236983932207,55.3274706722568,-11.2857330695258,-3113.77441828219,-24574.4814953456
24787.3576966119,24804.625657079,24738.8392931694,-65.7863639096386,21604.772715002,37.2505517363475,54.5185122034591,-11.2678517061774,-3145.3344298736,-24815.8935087852
25024.7656772043,25042.7121991597,24977.4951609287,-65.2170382309747,21812.3166094976,36.0048902210794,53.9514121764867,-11.2656260544834,-3176.44417748568,-25053.9778252142
25257.2727340651,25275.9470304354,25211.2598852215,-64.6871452138599,22015.723319803,34.6455763378099,53.3198727081089,-11.3672725057463,-3206.90383792429,-25287.3143029411
25482.1404541817,25501.6298457437,25437.6696761017,-63.9601696419427,22212.8065504083,32.9849936929118,52.4743852548853,-11.4857843870597,-3236.34891008047,-25513.1156301307
25699.4344662399,25719.8416368259,25656.5693346334,-63.2723021925107,22403.4097679917,31.235674131806,51.6428447177904,-11.6294574747187,-3264.78902411639,-25731.4710943006
25905.8420552618,25927.2903561417,25865.2814028533,-62.008953288429,22585.2270688498,28.8313600463449,50.2796609262849,-11.7292923621374,-3291.78362636561,-25939.0196485039
26105.7528612008,26128.3491403812,26067.1163945598,-61.2327458213873,22761.0308949315,26.8105850848495,49.4068642652613,-11.8258815561224,-3317.91138118448,-26140.1750219374
26293.0912999536,26316.9711087054,26256.9728296325,-59.9982790729103,22926.5816901684,24.1461183593545,48.0259271111572,-11.9723519617567,-3342.36349142584,-26328.9434606672
26468.6832791015,26493.9709601942,26434.4058184128,-59.565141781369,23081.2095667337,22.2294461142466,47.5171272069245,-12.0480145744455,-3365.24426625358,-26506.0189747686
26628.9774808685,26655.8101967906,26596.9825873098,-58.8276094807635,23223.0211540629,19.8754122596772,46.7081281816872,-12.1194812990727,-3386.08091454595,-26667.9296780896
26785.9360397839,26814.3725846236,26755.8442188676,-58.5283657560069,23361.4657087912,18.0108382721174,46.4473831118675,-12.0809826441387,-3406.45949272055,-26826.4535672678
26937.359408348,26967.4389636304,26909.1261774443,-58.3127861860755,23495.0015487399,16.2782262847834,46.3577815671734,-11.9550046189012,-3426.07963332323,-26979.3939682493
27081.1792121027,27112.9291381938,27054.4843351953,-58.4448029984948,23621.5014827811,15.0133951246269,46.7633212158202,-11.6814817826653,-3444.66433419694,-27124.6106199765
27216.1564945211,27249.594720833,27191.455140389,-58.1395804439529,23740.7309594855,13.3786342744406,46.8168605863272,-11.3227198576293,-3462.04690076109,-27260.9174406906
27340.1008669991,27375.241451644,27317.5160058868,-57.7254457571372,23850.4695222514,11.6892799932849,46.829864638176,-10.8955811189589,-3477.94206475437,-27386.1370327629
27450.4900911709,27487.3537635961,27430.1751634985,-57.1786000975343,23948.5871977608,9.88665064650206,46.7503230716561,-10.4282770258779,-3492.01624276357,-27497.782040622
27543.1747073604,27581.8073951733,27526.1352325064,-55.6721626668718,24032.4090480871,7.04818899628156,45.6808768090929,-9.99128585777936,-3503.71747027707,-27591.798681031
27615.7938023179,27656.2657251273,27601.8049728387,-54.4607522885799,24098.5266929497,4.53330261998948,45.0052254293582,-9.45552685922098,-3512.73380674824,-27665.7212519865
27675.7714492505,27718.1023794011,27665.7417146237,-52.3606647773799,24154.5450090233,1.181608188243,43.5125383388136,-8.84812643856332,-3520.04483203895,-27726.9505058396
27722.496951311,27766.7119813195,27716.3997129669,-50.3122683525712,24198.8932905105,-1.96744981144833,42.2475801970345,-8.06468815553347,-3525.57111061194,-27774.7766694751
27755.9318956102,27802.0559467381,27754.3687073665,-47.6872393715965,24232.2677937454,-5.638042532299,40.4860085956117,-7.20123077598464,-3529.30214439713,-27809.2571775141
27772.5082088744,27820.5678904478,27775.518705511,-45.049184936748,24251.0145242448,-9.26789494837427,38.7917866250554,-6.25739831169474,-3530.76157957796,-27826.8252887595
27783.937458836,27833.8902032343,27791.5705970752,-42.3196061591165,24265.2800437886,-12.8450051311859,37.1077392671354,-5.21186689198433,-3531.50242017861,-27839.1020701263
27791.6162079953,27843.40559981,27802.7894414677,-40.6161583422,24275.1369747209,-15.2354314084069,36.5539604062653,-4.06219793593401,-3531.71466468274,-27847.4677977459
27792.7945159941,27846.3608233423,27807.5179772708,-38.8428460714955,24279.3855891335,-17.6247973905666,35.941509957613,-2.90133611387885,-3531.03372425118,-27849.2621594561
27786.796478895,27842.0823725297,27804.2719426233,-37.8104299063743,24276.6055747395,-19.1813083125529,36.1045853221439,-1.70584458422609,-3529.37221246796,-27843.7882171139
27769.9030689691,27826.8655961478,27788.9981888595,-37.8674072883615,24263.2088872771,-19.5429525865641,37.4195745921829,-0.447832696179523,-3526.23713427857,-27827.313428844
27743.6319970782,27802.2157846478,27763.9976363141,-38.2181483336549,24241.2398753729,-19.4397290028931,39.1440585666147,0.925910232948805,-3521.83185070823,-27801.2898744148
27708.8618372615,27769.0015052819,27730.9025587173,-38.0989465645693,24212.3195670213,-19.7286197580216,40.4110482624046,2.31210169783226,-3516.2708899982,-27766.6894035841
27665.8406142685,27727.4600595919,27689.4461090571,-38.0139505346994,24176.0449636487,-19.7901246709879,41.8293206524004,3.81537011770261,-3509.58577529074,-27723.6446894741
27617.73799827,27680.7148849377,27642.2982733547,-38.4166115829358,24134.621853348,-19.0797925335907,43.897094134044,5.48048255110677,-3502.19593745559,-27675.2344023866
27561.047389418,27625.24249851,27586.765117077,-38.4773814330063,24085.8769443844,-18.4608350143002,45.7342740776622,7.25689264465266,-3493.63128004792,-27617.9856058653
27491.6142344131,27556.889095919,27517.8153181678,-39.0737777512351,24025.3395155464,-17.0598601079211,48.2150013980289,9.14122364678863,-3483.33457897461,-27547.7478722722
27418.7966523948,27484.9523143385,27446.91739383,-38.034920508506,23963.3288689996,-17.0783299852303,49.0773319583932,11.0424114498888,-3472.5461133805,-27473.9099028886
27342.8814130188,27409.7130564087,27372.5714871049,-37.1415693037769,23898.2386810493,-16.6625537525359,50.16908963732,13.0275203335468,-3461.30528572208,-27396.6855360751
27260.4073341033,27327.7072781549,27292.05915315,-35.64812500488,23827.9143479801,-16.6605453806092,50.6393986709762,14.9912736660979,-3449.15353150379,-27312.7160044888
27172.4768585541,27240.0553907278,27205.4931507499,-34.562239977936,23752.3083690437,-16.0754513959542,51.503080777761,16.9408407998183,-3436.24394090633,-27223.114549928
27081.1515709527,27148.8247871376,27115.9562421973,-32.8685449403375,23674.3272125651,-16.0328811177513,51.6403350671545,18.7717901268108,-3422.85723950537,-27130.0529970108
26990.3506213768,27057.9268025059,27026.3926932418,-31.5341092640712,23596.4188168639,-15.5884018708235,51.9877792582802,20.4536699941966,-3409.52020638376,-27037.4731325117
26894.8123108464,26962.1441441241,26931.3424831576,-30.8016609665182,23513.833328481,-14.5621881997851,52.769645077929,21.967984111406,-3395.54117056511,-26940.1761600127
26793.2186665019,26860.1915722843,26828.9550400694,-31.2365322149069,23424.8682065361,-12.4020409120303,54.5708648703352,23.3343326554243,-3380.75250087785,-26836.8572396289
26685.4673088321,26751.9822569093,26719.8915275053,-32.0907294039436,23330.0203880048,-9.69240770717554,56.8225403699551,24.7318109660016,-3365.13932853455,-26727.2504459433
26575.4940958883,26641.419966781,26607.7382365253,-33.6817302557113,23232.4141444606,-6.15220272173586,59.7736681710428,26.0919379153254,-3349.23215414943,-26615.3280288657
26456.2042978223,26521.4674057877,26486.6735032343,-34.7939025533835,23127.2983768461,-3.18037949004224,62.0827284753529,27.2888259219663,-3332.0863004663,-26494.1785798658
26335.2433027326,26399.7352240088,26363.8296682379,-35.9055557709318,23020.7046857266,-0.183958016531913,64.3079632596492,28.4024074887224,-3314.72257502259,-26371.3328165201
26213.9179417641,26277.5482444397,26241.7559198221,-35.7923246175196,22915.0646782885,1.54014987421726,65.1704525498135,29.3781279322933,-3297.31311360138,-26248.1701165074
26092.9876727583,26155.6657396491,26119.6115270765,-36.0542125725842,22809.3490437667,3.68202464409449,66.3600915348582,30.3058789622701,-3279.95660434754,-26125.3598606868
25971.9893188,26033.6278143531,25997.5998733468,-36.0279410062799,22703.962070561,5.4309141738286,67.0694097268782,31.0414687205997,-3262.5963340652,-26002.5863456325
25849.7587962593,25910.2663225327,25874.0704422142,-36.1958803184839,22597.2002151082,7.4919314382114,67.9994577116234,31.8035773931375,-3245.06664971292,-25878.4627451395
25725.2893495605,25784.5753789836,25749.5472006932,-35.0281782903719,22489.8768390068,8.18378166717693,67.4698110902667,32.4416327998986,-3227.22872888658,-25752.1337461837
25599.6476575131,25657.6274558149,25621.824551305,-35.8029045099038,22379.6260295692,10.788977089989,68.7687753917209,32.965870881824,-3209.23265085396,-25624.661584933
25480.0672254326,25536.6132410138,25500.8118072553,-35.8014337584985,22275.3647205277,12.666297948119,69.2123135293096,33.4108797708088,-3192.03620695679,-25503.202361243
25362.4222325559,25417.4369253319,25381.6017800986,-35.8351452332906,22172.8497620075,14.4720252651008,69.4867180410676,33.6515728077786,-3175.10044528337,-25383.7853525241
25244.3580512582,25297.7741488939,25261.4135805131,-36.360568380794,22069.6019477459,16.6389031605498,70.0550007962671,33.6944324154764,-3158.11720035169,-25264.0797164784
25128.4150077725,25180.1694260988,25142.8003465981,-37.3690795007246,21967.7782671996,19.2113816767304,70.9658000030482,33.5967205023224,-3141.42535889619,-25146.5727055965
25016.5879489049,25066.6314364498,25027.6550752688,-38.9763611809874,21868.8584975916,22.4360888045846,72.4795763495295,33.5032151685413,-3125.29336250871,-25033.1282212813
24907.2863182003,24955.5902271776,24915.0775803076,-40.5126468700972,21772.1883400674,25.5878419668825,73.8917509442835,33.3791040741851,-3109.51013616593,-24922.2111231035
24799.8358851416,24846.4020977728,24805.1154579952,-41.2866397775535,21678.0351385612,27.8058191240481,74.3720317551949,33.0853919776481,-3093.99492745637,-24813.3167057951
24696.0370601926,24740.8443371255,24698.7216212676,-42.12271585787,21587.0573366451,29.9940662527997,74.8013431856735,32.6786273278002,-3078.98565729478,-24708.1657097977
24595.5133384674,24638.5606663373,24594.4803567162,-44.0803096210843,21497.8961592041,33.1846046865625,76.2319325565343,32.1516229354505,-3064.43257457667,-24606.4090434019
24496.7451295806,24538.0724922809,24492.7560293891,-45.316462891786,21411.1643407555,35.4504944500122,76.7778571502227,31.4613942584345,-3050.13029437516,-24506.6110980224
24401.759625977,24441.4410839952,24395.5579048809,-45.88317911431,21328.6025639244,36.7986494597573,76.4801074779442,30.5969283636347,-3036.35841259287,-24410.8441556316
24307.9680313654,24346.0781476811,24299.479263143,-46.5988845381416,21247.1066096042,38.1011780692512,76.2112943849878,29.6124098468447,-3022.760243692,-24316.4657378343
24217.3729236318,24253.9551085784,24206.3495524854,-47.6055560930297,21168.073402722,39.6996560997033,76.281841046316,28.6762849532855,-3009.59986481015,-24225.2788236252
24131.8670870178,24166.9652535242,24118.4647634116,-48.500490112601,21093.5851647992,41.1612762120746,76.2594427184871,27.7589526058881,-2997.12064600649,-24139.2063009183
24047.8390030158,24081.505093372,24032.0333856135,-49.471707758463,21020.2161634447,42.7804024013574,76.4464927575489,26.9747849990862,-2984.84243716972,-24054.5303083729
23966.1680956131,23998.418123843,23948.2567400316,-50.1613838113448,20949.1249154033,44.171812243778,76.4218404735979,26.2604566622533,-2972.87136796605,-23972.1576671807
23890.2986400498,23921.0808498868,23869.7370360024,-51.3438138844325,20882.4450764657,46.1891607585842,76.9713705955933,25.6275567111576,-2961.66440282554,-23895.4532931757
23817.2749314411,23846.551892827,23793.9223261969,-52.6295666300664,20818.1083905445,48.3276733016024,77.6046346875206,24.9750680574566,-2950.83886759494,-23821.5768247695
23746.293429782,23774.0582206902,23719.9508259934,-54.1073946967478,20755.456935316,50.5435238599556,78.3083147681821,24.2009200714356,-2940.29297060596,-23749.8573006187
23676.0842761679,23702.3781801449,23646.5392442119,-55.8389359329901,20693.3542722103,52.8760486370782,79.1699526140363,23.3310166810458,-2929.85395532054,-23679.0471634638
23606.860723622,23631.7292453448,23575.9276125212,-55.8016328235649,20633.8766259467,53.4339016254385,78.3024233482284,22.5007905246604,-2919.55019604986,-23609.2284548202
23539.0286722222,23562.5265940432,23505.5015383078,-57.0250557354249,20574.4799364765,55.1132622868598,78.61118410785,21.5861283724218,-2909.43547345877,-23540.9404656708
23472.8989948408,23495.0968962516,23436.8015268225,-58.2953694291116,20516.5947239284,56.7449704929326,78.9428719037255,20.6475024746161,-2899.55930041944,-23474.449393777
23410.1741095305,23431.1314409924,23372.4901655077,-58.6412754846406,20462.6973316773,57.3389510447438,78.2962825065676,19.6550070219311,-2890.13782680852,-23411.4764339704
23352.8794681234,23372.6180508301,23312.7363956823,-59.8816551477957,20412.5282492793,58.9148383613698,78.6534210680434,18.7717659202473,-2881.43638048276,-23353.8462849098
23302.6993432171,23321.1771007812,23259.7278634454,-61.4492373357508,20368.0461781395,60.9861183541599,79.4638759181998,18.0146385824472,-2873.66704672341,-23303.1624621987
23265.860650561,23282.9724004448,23219.2335464935,-63.7388539512484,20334.2291482296,63.9791712156166,81.0909210993647,17.3520671481196,-2867.65233111579,-23265.6203332966
23243.3891482344,23259.0090445457,23191.5357841921,-67.4732603536256,20311.3195831405,68.5406872359096,84.1605835472649,16.6873231936382,-2863.528877858,-23242.3217213521
23238.1734835766,23252.1588610485,23180.8493631029,-71.309497945664,20303.0775958388,73.4117423266929,87.3971197986428,16.0876218529786,-2861.68414541112,-23236.0712391956
23235.5199448886,23247.7842418041,23171.4955055147,-76.288736289334,20295.8989061933,79.4505911607627,91.7148880761755,15.4261517868448,-2860.17044753459,-23232.3580900172
23234.3405934772,23244.8025038584,23165.9226201201,-78.8798837383126,20292.3145081772,83.1821968778807,93.6441072590661,14.7642235207481,-2858.84388842216,-23230.0382803376
23237.2934773613,23245.8772333104,23165.0357336516,-80.8414996587872,20292.9950406659,86.2386317591873,94.8223877082474,13.9808880494589,-2858.05980493619,-23231.8963452609
23245.5505871584,23252.2013144728,23169.5834938465,-82.6178206262594,20298.3872902529,89.1759614699178,95.8266887842324,13.2088681579727,-2857.98733543561,-23238.9924463148
23259.511333581,23264.1940785563,23177.9581025132,-86.2359760430673,20306.9535406121,93.8756218482105,98.5583668234879,12.3223907804162,-2858.68217112068,-23251.8716877759
23279.022872881,23281.7306505875,23193.8280039741,-87.9026466133837,20322.3813948688,96.5118278203467,99.2196055268227,11.3169589134388,-2860.12965019188,-23270.4136916741
23307.7220202751,23308.4318405754,23218.8080449318,-89.6237956436568,20345.6884724062,99.2272473660045,99.937067666318,10.3132720226656,-2862.80630050294,-23298.1185685528
23352.5789690317,23351.2721981037,23260.5640973067,-90.7081007970115,20383.7503937704,101.189202570611,99.8824316425912,9.17433084557996,-2867.63937269065,-23342.0978672581
23400.6897862592,23397.420842516,23304.6103763668,-92.8104661491431,20423.842878562,103.921314648101,100.652370904909,7.84190475576875,-2872.9255930491,-23389.5789377602
23455.9149344509,23450.734275223,23355.3773495697,-95.3569256532021,20469.9019586656,106.833262396617,101.652603168732,6.29567751553103,-2879.17971338859,-23444.4385977074
23521.4926379837,23514.4463855265,23416.14710061,-98.2992849164922,20524.6628513007,109.999038168727,102.952785711537,4.65350079504794,-2886.8307485142,-23509.7928847314
23596.8514034494,23587.9808562304,23486.844166416,-101.136689814468,20588.1012275625,112.944987042172,104.074439823172,2.93775000870617,-2895.8051888448,-23585.0431062217
23678.624346211,23668.0238748862,23563.1231192644,-104.900755621746,20656.3534455447,116.617190540446,106.016719215593,1.11596359385291,-2905.65371012588,-23666.9079112923
23765.5325076218,23753.317720064,23645.3018977945,-108.015822269487,20729.8176689615,119.508047231628,107.293259673874,-0.722562595610091,-2916.20679142862,-23754.0402826596
23859.1449378534,23845.4426593477,23734.571067654,-110.87159169366,20809.5427307601,121.927261338797,108.224982833151,-2.64660886050832,-2927.67494575448,-23848.0892682082
23958.5846818406,23943.5078084631,23828.938118364,-114.569690099074,20893.5084706634,125.125678417297,110.048805039807,-4.52088505926789,-2939.95053275988,-23948.0286935223
24063.6702753109,24047.3377604249,23930.3305482253,-117.007212199667,20983.6978899846,126.964918491941,110.632403605942,-6.37480859372521,-2953.00746683438,-24053.7125690187
24174.1223465676,24156.6704950392,24038.0440704085,-118.626424630612,21079.4412216782,127.872089246828,110.420237718381,-8.20618691222877,-2966.80903564255,-24164.8766819514
24295.4148163728,24276.9431029562,24156.3636475018,-120.579455454404,21184.1193037925,129.224591741409,110.752878324883,-9.82657712951817,-2982.07092083888,-24286.7696800858
24420.0767737828,24400.6713656577,24278.2539262995,-122.417439358273,21291.7935820913,130.484622120657,111.079213995614,-11.338225362659,-2997.79856957077,-24412.0095910204
24545.02481934,24524.7884535671,24400.4276166688,-124.360836898272,21399.7000880929,131.744457300914,111.508091528061,-12.8527453702107,-3013.58027394609,-24537.6411989373
24671.2284301696,24650.2817163298,24524.5832775735,-125.698438756318,21509.4110297374,132.271718777471,111.325004937687,-14.3734338186282,-3029.54568165474,-24664.6551501485
24801.2772095842,24779.7256827381,24654.1671507742,-125.558531963956,21623.922035033,131.322557304185,109.771030458067,-15.7875015058874,-3046.03261724708,-24795.513184244
24934.362306219,24912.2968133147,24785.330044726,-126.966768588683,21739.4916876015,131.939040749409,109.873547845116,-17.0932207435644,-3062.9315778681,-24929.3900340583
25072.6158813744,25050.0723438051,24922.3430156311,-127.729328173987,21860.2837816247,131.814387086558,109.270849517287,-18.4584786566993,-3080.51771266315,-25068.5308224618
25215.7695485583,25192.8057940361,25064.899334334,-127.90645970213,21985.9861963624,131.022702687798,108.058948165556,-19.8475115365706,-3098.76064950817,-25212.6533055727
25361.5466641423,25338.2392890163,25209.1833346303,-129.055954385987,22113.1022704201,131.082731173454,107.775356047483,-21.2805983385048,-3117.36166254874,-25359.5198873548
25517.1035875487,25493.5203583767,25362.0102948628,-131.510063513989,22247.3977002884,132.430655306687,108.847426134757,-22.6626373792324,-3137.27523195356,-25516.182995756
25677.4119318424,25653.6430396367,25519.1785364685,-134.464503168262,22385.4387075615,134.143226936152,110.374334730492,-24.0901684377689,-3157.82999734468,-25677.7332080745
25835.9042357521,25812.0697112655,25674.5061042953,-137.563606970234,22521.8731550388,135.879188300585,112.044663813998,-25.5189431562347,-3178.15189241271,-25837.5886544218
26000.2513382366,25976.4606938923,25837.701111449,-138.759582443313,22665.4326242822,135.546347423195,111.755703078956,-27.003879364361,-3199.27236653115,-26003.4645732567
26168.6875535284,26145.0659727835,26005.129586039,-139.936386744463,22812.6411293868,135.085173159932,111.463592415015,-28.4727943294506,-3220.96125098171,-26173.538767113
26339.0546707204,26315.7176602028,26173.8353238514,-141.882336351387,22960.8697918854,135.252126265005,111.915115747372,-29.967220604012,-3242.93275257002,-26345.6848808068
26512.045724252,26489.1284285622,26345.6907623566,-143.43766620561,23111.9391208179,134.836052608447,111.918756918637,-31.5189092869746,-3265.27055082566,-26520.6473378492
26685.7411696425,26663.4140495816,26520.9820626961,-142.431986885501,23266.3556743758,131.663247685276,109.336127624345,-33.095859261155,-3287.72224758141,-26696.5099088427
26859.7413478532,26838.1685476129,26695.8353837223,-142.333163890565,23419.9689570213,129.540103432302,107.967303191974,-34.365860698596,-3310.23228739959,-26872.5344083115
27034.4732794823,27013.7697940331,26871.5448198706,-142.224974162512,23574.1236250424,127.496624889703,106.793139440475,-35.4318347220405,-3332.85302955022,-27049.2016287551
27210.1271270329,27190.3747471957,27046.986395279,-143.388351916715,23727.638501364,126.886073625966,107.13369378871,-36.2546581280025,-3355.60255204299,-27226.6294053237
27386.4715219508,27367.7436899178,27226.2410324896,-141.502657428165,23884.6527453818,123.370319311019,104.64248727798,-36.8601701501834,-3378.44845725799,-27404.6038600679
27566.6052976458,27548.9612987131,27408.8151580183,-140.146140694789,24044.32794981,120.483374484259,102.839375551508,-37.3067651432853,-3401.79397335154,-27586.2680638564
27752.3323634213,27735.8146539324,27596.5101816987,-139.304472233656,24208.2933245867,118.163662447271,101.645952958367,-37.658519275296,-3425.87537638735,-27773.4731732077
27938.1567277005,27922.8317504839,27783.052311707,-139.779438776889,24371.0718086271,117.118377885958,101.79340066934,-37.9860381075544,-3449.96654118747,-27960.8177885915
28123.0053289772,28108.9809979264,27968.5562264988,-140.424771427639,24532.8156479275,116.256482110348,102.232151059545,-38.1926203680902,-3473.93319893939,-28147.1736182945
28308.2234378878,28295.6043805265,28153.4668159026,-142.137564623871,24693.7607886499,116.511110988356,103.892053627061,-38.2455109968099,-3497.95153824957,-28333.8498915233
28494.0548427898,28482.9284579248,28339.3536975121,-143.574760412658,24855.3071816012,116.691926271925,105.56554140686,-38.0092190058003,-3522.05573491667,-28520.9376769306
28679.9428826185,28670.3644281002,28526.2631982739,-144.101229826227,25017.6777850551,116.091382075641,106.51292755726,-37.5883022689779,-3546.17371548777,-28707.9527303691
28866.7957084529,28858.8064909908,28714.0369325631,-144.769558427772,25180.5903367191,115.781586483125,107.792369021024,-36.977189406744,-3570.4237852507,-28895.7836803976
29054.0820901669,29047.7038581838,28901.9512271406,-145.752631043146,25343.4560602154,115.89996683257,109.521734849367,-36.2308961937848,-3594.726063119,-29083.9347543775
29242.0179465848,29237.2240281872,29090.1871457823,-147.036882404807,25506.4674446937,116.45086434219,111.656945944492,-35.3799364603133,-3619.09963754899,-29272.6039646475
29427.4429254872,29424.1759017085,29276.3054663054,-147.870435403019,25667.6225591061,116.700648059215,113.433624280532,-34.4368111224926,-3643.1197183218,-29458.612712831
29612.7397223305,29610.9291450851,29463.2212235918,-147.707921493338,25829.5562529308,116.078937728589,114.268360483225,-33.4395610101184,-3667.10453167113,-29644.3687060952
29796.4425665746,29796.0121957078,29648.6382664025,-147.373929305346,25990.2569206259,115.328435051371,114.898064184536,-32.4758651208128,-3690.85721089734,-29828.4880608286
29977.0945209885,29977.9512267385,29830.3970843034,-147.554142435094,26147.6257121186,115.284281735895,116.14098748583,-31.4131549492626,-3714.18452713401,-30009.3643816877
30153.9429735295,30156.0357401077,30009.2690792995,-146.766660808209,26302.6516074194,114.30280330158,116.395569879801,-30.3710909284098,-3736.9885628085,-30186.4068310361
30330.3990884202,30333.6797502357,30188.5394892916,-145.140260944139,26457.9660054088,112.700473223338,115.981135038859,-29.1591259052799,-3759.73260978802,-30362.838876141
30504.9723885893,30509.4188107772,30365.153830921,-144.264979856253,26610.8688471541,111.881902811699,116.328324999672,-27.9366548565855,-3782.22163862351,-30537.3554656338
30677.7978841871,30683.388974443,30540.7695224339,-142.619452009097,26762.9639281244,110.358750587694,115.949840843625,-26.6696111654689,-3804.475205475,-30710.0585856085
30849.7476340485,30856.4861746739,30715.7039001711,-140.782274502785,26914.5550356872,108.579007883518,115.317548508867,-25.4647259939192,-3826.61359047779,-30881.9509006678
31020.1580120828,31028.0653673745,30889.0016025444,-139.063764830139,27064.7448154378,106.86950523828,114.776860530033,-24.2869043000983,-3848.54369140667,-31052.3522716746
31183.3681745585,31192.4971377109,31054.0461725485,-138.45096516246,27207.6729199621,106.172816734142,115.301779886601,-23.149185275856,-3869.52243786221,-31215.6463229868
31346.0411125308,31356.4170740181,31219.0473469429,-137.36972707524,27350.7107789485,104.887113289901,115.263074777264,-22.1066522979742,-3890.4432202924,-31378.5237263161
31508.7094938882,31520.3924407686,31383.3464659857,-137.045974782844,27493.1615949594,104.178260728542,115.8612076089,-21.1847671739422,-3911.36963820021,-31541.5772079425
31670.7304528102,31683.786151792,31547.8227893983,-135.963362393626,27635.931526188,102.569495515765,115.625194497528,-20.3381678960928,-3932.22943110643,-31704.124319688
31832.8073222295,31847.3076302361,31712.5984532643,-134.70917697176,27778.9457361961,100.754568989031,115.25487699554,-19.4542999762167,-3953.10701704439,-31866.7619302122
31993.3219701045,32009.3000707013,31874.1257489807,-135.174321720633,27918.8481236504,100.684113763115,116.66221435999,-18.5121073606427,-3973.78973269093,-32027.812178062
32151.6962191919,32169.2058287934,32033.049812424,-136.156016369422,28056.4890431984,101.009968739663,118.519578341119,-17.6364380283013,-3994.19720725386,-32186.8422668217
32304.693960492,32323.8320192896,32188.5949570474,-135.237062242144,28191.5424011542,99.2635721002988,118.401630897881,-16.8354313442631,-4013.88798723751,-32340.6674506338
32455.6961141672,32476.54311961,32342.5799130068,-133.963206603291,28325.1878699478,97.1955229823078,118.042528425182,-15.9206781781046,-4033.31272123703,-32492.4637977881
32603.4304093046,32626.0591907219,32493.3414542854,-132.717736436505,28455.8235355772,95.3029674011105,117.931748818391,-14.7859876181077,-4052.3039063263,-32640.84517834
32749.2963915864,32773.7693733629,32641.4992282246,-132.270145138262,28584.0129062207,94.2368372804558,118.709819056924,-13.5603260813359,-4071.04664808523,-32787.3296994442
32891.1753247913,32917.5439624845,32787.0076557509,-130.536306733588,28709.9336792685,91.9893502010326,118.357987894244,-12.1783188393401,-4089.25229532171,-32929.7222813238
33030.8748654484,33059.1494812044,32930.6881545934,-128.461326611007,28833.9049034083,89.8130353581135,118.087651114161,-10.373675496844,-4107.15692668192,-33069.5231567013
33166.7508252338,33196.9085312482,33071.5007441353,-125.407787112906,28955.3225916013,86.8935382752838,117.051244289615,-8.35654282328694,-4124.53469535724,-33205.2650740715
33294.3082132886,33326.310713687,33202.1669071051,-124.143806581899,29067.7547404774,85.760057861642,117.762558260031,-6.38124832186688,-4140.79341494954,-33332.6919620089
33421.9992202364,33455.7936657863,33334.2653883292,-121.528277457062,29181.5414757667,83.4020444834465,117.196490033298,-4.33178742376346,-4157.05569998628,-33460.12545321
33547.8418708893,33583.3502456107,33464.6354155235,-118.714830087179,29293.6162567396,81.1829944653455,116.691369186722,-2.02346090045739,-4173.04261968437,-33585.3737065111
33674.7147236715,33711.8382337493,33595.9824289456,-115.855804803721,29406.3947596955,79.1776567741147,116.301166851948,0.445362048227659,-4189.14230720191,-33711.3928717011
33794.3415856296,33832.9951931867,33718.3199970304,-114.675196156331,29511.2979895501,78.7843891116338,117.437996668775,2.76280051244097,-4204.25920696782,-33830.2323926743
33907.678510538,33947.793888736,33835.7812948553,-112.01259388077,29612.112032924,77.0479755749253,117.163353773001,5.15075989222762,-4218.51850203899,-33942.6431288438
34017.7734106065,34059.2566240238,33950.0754647893,-109.181159234494,29710.1618677506,75.2863113154258,116.769524732732,7.58836549823864,-4232.32523154046,-34051.6682585255
34122.794227077,34165.5359797445,34058.4665077163,-107.069472028179,29802.8883712821,74.4761998948525,117.217952562365,10.1484805341826,-4245.42965590011,-34155.3874992103
34226.2001935569,34270.0668603074,34165.3175262531,-104.749334054307,29894.4120426365,73.4939851540704,117.360651904612,12.611317850307,-4258.29416576629,-34257.4555424571
34324.1185055187,34369.0023116604,34265.974462155,-103.027849505446,29980.6277539075,73.0808957161632,117.964701857932,14.9368523524854,-4270.40985589502,-34354.065459308
34418.9438901837,34464.7396083057,34364.1632116261,-100.576396679623,30064.8232057925,72.024059571636,117.819777693608,17.2433810139856,-4282.0966248196,-34447.4962272917
34505.6386628321,34552.2934130899,34453.204351548,-99.0890615418895,30141.1834160006,71.7739418742528,118.428692132157,19.3396305902627,-4292.68130495718,-34532.9537824997
34588.1995720652,34635.6334995908,34538.533326721,-97.1001728697898,30214.65012992,70.846456469738,118.280383995387,21.1802111255997,-4302.70298567538,-34614.4532884652
34662.2157623817,34710.3770281692,34615.0591785623,-95.3178496068286,30280.4244374136,70.2209951404119,118.382260927898,23.0644113210655,-4311.57032982767,-34687.3126168481
34729.313375323,34778.1656198203,34686.7708767724,-91.3947430478266,30342.2521266515,67.5560349831177,116.408279480418,25.0135364325885,-4319.50521368837,-34753.1520833877
34784.9487048393,34834.4980028392,34746.3184046803,-88.1795981589343,30393.4585457617,65.5769118606301,115.126209860596,26.94661170166,-4325.91324721693,-34807.5513911376
34825.4376162281,34875.6923669933,34792.4592402432,-83.2331267501218,30433.3299873094,61.8061145915716,112.060865356735,28.8277386066113,-4330.3015143272,-34846.8646283867
34864.5211680862,34915.4502373879,34836.3573779751,-79.0928594127817,30471.2579425597,58.7654016589722,109.694470960648,30.6016115478613,-4334.49782386748,-34884.84862584
34902.0422740942,34953.6367010977,34878.3856651386,-75.251035959092,30507.4863031875,56.0758774839115,107.670304487463,32.4192685283697,-4338.48009342271,-34921.2174325693
34934.2535628199,34986.5144654391,34913.5016599517,-73.0128054874103,30537.7158248332,54.7914519758005,107.052354594975,34.0395491075679,-4341.74628601092,-34952.4749163315
34962.1118999384,35015.0133771364,34943.2611689807,-71.7522081557098,30563.231374933,54.4687966532377,107.370273851233,35.6180656955132,-4344.41172835223,-34979.3953114409
34984.9379096257,35038.4867063265,34968.9333845394,-69.5533217871146,30585.4825963833,53.0662562688464,106.61505296968,37.0617311825646,-4346.38905697358,-35001.424975144
34994.3736512449,35048.5825984631,34979.860898043,-68.7217004201252,30594.7798692596,53.0313234887004,107.240270706908,38.5185702867771,-4346.56245849662,-35010.0640281763
34991.8702613915,35046.752882768,34978.3845587983,-68.3683239697351,30593.338977702,53.4021132680012,108.284734644518,39.9164106747813,-4345.12917042151,-35006.8364720933
34981.5479952873,35037.0749033123,34969.4614945599,-67.6134087523113,30585.4731494414,53.4398998343838,108.96680785937,41.3533991070603,-4342.63494601145,-34995.7215042052
34963.0599627311,35019.2319729654,34953.9209082321,-65.311064733248,30572.1052644179,51.9196468842491,108.091657118493,42.7805923852464,-4339.03505142895,-34976.4513805801
34937.2983685183,34994.1243496341,34931.8817642312,-62.2425854029222,30553.2539018529,49.5856858193725,106.411666935124,44.169081532195,-4334.45878084604,-34949.9552681019
34901.2702010116,34958.7990297867,34898.8324324332,-59.9665973535478,30525.0324041724,47.7190317114172,105.24786048658,45.2812631330353,-4328.5187651277,-34913.5177666537
34853.6466188194,34911.8983893407,34854.0092660457,-57.8891232949795,30486.4902601897,46.1278151633766,104.379585684664,46.4904623896825,-4321.02854346641,-34865.4079269511
34804.0739299131,34863.0486345557,34806.9039792043,-56.1446553514087,30446.1112755785,44.6908624895959,103.665567132144,47.5209117807342,-4313.271791845,-34815.527722775
34747.3712667745,34807.1194144751,34753.8755194269,-53.2438950482627,30400.7063696187,42.1031235866461,101.851271287272,48.6073762390046,-4304.56177356911,-34758.5120382361
34686.9478912759,34747.480995125,34697.0518031986,-50.4291919263847,30351.893659436,39.6999257122537,100.23302956136,49.8038376349703,-4295.35430612766,-34697.67715749
34626.4374516106,34687.7207703483,34640.3444577896,-47.3763125586978,30303.2989929658,37.0113591123173,98.2946778499831,50.9183652912815,-4286.12709953255,-34636.8024050571
34565.1210907502,34627.1312830849,34582.3566493154,-44.7746337695226,30253.5599220143,34.777233005204,96.7874253398399,52.0127915703168,-4276.78393573078,-34575.1184915145
34502.4565575003,34565.2088238085,34522.0332671469,-43.1755566616347,30201.9327098493,33.2547907433846,96.0070570515691,52.8315003899391,-4267.26905690761,-34512.3773234186
34440.5097006896,34504.046451119,34462.411120841,-41.6353302780166,30150.9917389442,31.663501832642,95.2002522620744,53.5649219840533,-4257.85445991271,-34450.481529135
34378.5069893123,34442.8526893886,34403.0034406357,-39.8492487529482,30100.155337073,29.9180029093435,94.263702985665,54.4144542327144,-4248.43364932998,-34388.4382351559
34316.6830350022,34381.8765903971,34342.9635659815,-38.913024415616,30048.64125338,29.0050995316309,94.1986549265689,55.2856305109525,-4239.03668209061,-34326.5909598862
34255.3737850013,34321.4974056662,34282.8751496591,-38.6222560070778,29997.0004082588,28.6576873977459,94.7813080626828,56.1590520556054,-4229.7156893447,-34265.3383536106
34196.3408203567,34263.4201193841,34225.5205183284,-37.8996010556942,29947.6535749183,27.9943159764935,95.0736150039451,57.1740139482502,-4220.69292946188,-34206.2461054359
34141.5279342307,34209.5591384285,34171.0581533441,-38.5009850843871,29900.5640752051,28.7307637596683,96.7619679574208,58.2609828730282,-4212.23309526592,-34151.2981555555
34091.5814983931,34160.5494078976,34122.0186264562,-38.5307814414171,29858.4328288998,28.7358769361874,97.7037864407317,59.1730049993086,-4204.41279255716,-34101.3764028983
34045.5299752308,34115.435830124,34078.2377233064,-37.1981068175245,29821.1930025676,27.21561339277,97.1214682859544,59.9233614684235,-4197.12135927039,-34055.5124686555
34010.0537147678,34080.8075391922,34044.8297799346,-35.9777592576265,29792.7675775354,26.0605577245645,96.8143821489568,60.8366228913331,-4191.22557950779,-34019.9709163009
33983.301461432,34054.8246554207,34020.299701164,-34.5249542566305,29772.2136974046,24.6023659907821,96.1255599794646,61.6006057228342,-4186.48539803659,-33993.2240496978
33963.2715575431,34035.4945848328,34002.1496123025,-33.3449725302892,29757.2261144815,23.4099353729916,95.6329626626932,62.2879901324078,-4182.63550768857,-33973.2065947004
33940.9206076517,34013.8414668965,33980.6945558254,-33.1469110710403,29739.2639507695,23.1883341838747,96.109193428672,62.9622823576338,-4178.46832269829,-33950.8791845388
33922.5264561328,33996.100195544,33963.5333639556,-32.5668315884438,29725.0410948442,22.6760823023121,96.2498217135671,63.6829901251261,-4174.80927898627,-33932.4172054189
33901.1894569317,33975.4189923643,33943.4787391585,-31.940253205786,29708.3546852873,22.0776198896153,96.3071553222776,64.3669021164899,-4170.75715175475,-33911.0520902478
33881.3939784688,33956.2002042732,33923.7373506429,-32.4628536302751,29691.7179613067,22.766463024339,97.5726888287974,65.1098351985214,-4166.90955413776,-33891.0903690747
33857.250536641,33932.612987086,33900.4279953335,-32.184991752462,29672.1769421666,22.581425735019,97.9438761800557,65.7588844275878,-4162.49216873932,-33866.8541026584
33833.9117125569,33909.74769241,33875.8924156171,-33.8552767928934,29651.2259549171,24.5104655094048,100.346445362435,66.4911685695422,-4158.17529213048,-33843.2565238405
33808.9382498464,33885.1460785687,33850.088497379,-35.0575811897319,29629.2806731609,26.0244666723995,102.232295394701,67.1747142049728,-4153.63311001314,-33817.9713643638
33783.2554885441,33859.7463111076,33823.4030066885,-36.3433044191124,29606.8843809478,27.371924875915,103.862747439387,67.519443020269,-4148.9991827204,-33792.2268680873
33752.187087834,33828.9250575146,33792.1157477384,-36.8093097762414,29580.7628110419,27.763654926359,104.501624607016,67.6923148307717,-4143.66062186567,-33761.2327426839
33721.2050943144,33798.0878343802,33760.6831836085,-37.4046507717199,29554.5702958099,28.3026322266993,105.185372292498,67.7807215207837,-4138.33216627789,-33730.3071128595
33686.8929008928,33763.8047992798,33725.1416540283,-38.6631452515187,29524.7562938317,29.5746087289074,106.486507115936,67.8233618644206,-4132.5619983322,-33695.9814374154
33647.4614049139,33724.322311108,33682.7862301582,-41.5360809498027,29489.0281063009,32.3126954204873,109.173601614531,67.6375206647258,-4126.12060319254,-33656.6847904433
33606.3450135415,33683.0885894752,33640.4840070969,-42.6045823782818,29453.7037069018,33.1812810360912,109.924856969743,67.320274591459,-4119.46002560363,-33615.7683148838
33563.0246298794,33639.5961161587,33595.5202279852,-44.0758881734867,29416.1348790985,34.3758457471192,110.947332026327,66.8714438528427,-4112.51390503386,-33572.7246723058
33518.8398288297,33595.1735313058,33549.0619490678,-46.1115822379415,29377.4210826284,35.9477195544337,112.281422030444,66.1698397925023,-4105.47102664687,-33529.0036915132
33471.6040359104,33547.6982363298,33499.2539097168,-48.4443266130037,29335.9909065858,37.5752688343954,113.669469253777,65.2251426407697,-4098.03786049014,-33482.473093689
33420.9930011285,33496.8767956296,33445.7477458391,-51.1290497905063,29291.4033541052,39.4078338113039,115.291628312436,64.1625785219214,-4090.18181321197,-33432.7142171077
33361.1062027204,33436.841556905,33383.5937420579,-53.2478148471587,29239.4798351635,40.4971879581202,116.232542142724,62.9847272955655,-4081.12917959881,-33373.8568296095
33291.9828461788,33367.6223767502,33312.3153663379,-55.3070104122988,29179.7098013703,41.3933453473281,117.032875918705,61.7258655064066,-4070.87969946117,-33305.8965112438
33217.9426509004,33293.5026701822,33236.5656350078,-56.9370351744018,29116.1965995636,41.7420471660973,117.30206644784,60.3650312734347,-4060.00400417074,-33233.1376389088
33141.4809611466,33217.0039705461,33158.1444234513,-58.8595470947686,29050.3055056464,42.3430605590272,117.866069958452,59.0065228636783,-4048.83239494126,-33157.9974476824
33062.0930992554,33137.6158762848,33076.7807641312,-60.8351121535328,28982.0342754983,42.756115832116,118.278892861436,57.4437807078974,-4037.30270792509,-33080.1720955768
32977.4158996464,33053.0269046348,32989.4104019977,-63.6165026370852,28908.7955560796,43.5202183203528,119.1312233087,55.5147206716123,-4025.1001252465,-32997.5121839632
32885.3473120735,32961.1320684056,32895.3273263354,-65.8047420701795,28829.934137876,43.4716917798109,119.256448111902,53.4517060417239,-4011.94148241776,-32907.6803623639
32783.3879393586,32859.5190348425,32791.0461447696,-68.4728900728238,28742.6824301431,43.196730266671,119.327825750533,50.8549356777128,-3997.50877894881,-32808.6640991648
32674.6708852212,32751.3667412144,32679.7181162283,-71.6486249860654,28649.4573022025,42.99003409168,119.685890084897,48.0372650988281,-3982.22354892698,-32703.3294761156
32555.8986703367,32633.4116617746,32559.4263189273,-73.9853428472605,28548.6572553484,41.585579709444,119.098571147302,45.1132283000473,-3965.65583527883,-32588.2984334745
32431.2437915385,32509.7999272477,32432.4357419498,-77.3641852978752,28441.8075712731,41.0992302423253,119.655365951472,42.2911806535977,-3948.33699002311,-32467.5087465941
32297.2420639304,32377.0586536544,32296.0824636635,-80.9761899909278,28326.6524148519,40.7940671822176,120.610656906253,39.6344669153254,-3929.79558189625,-32337.4241867391
32154.2170268241,32235.5448442315,32151.9372091745,-83.6076350569165,28204.8606004354,39.2719503904045,120.599767797725,36.99213274081,-3910.08447599835,-32198.5527114906
32009.1697674418,32092.1964997198,32005.6079367271,-86.5885629926673,28081.0513746071,37.9942783098564,121.021010587852,34.4324475951838,-3890.12411452482,-32057.7640521246
31863.6711081473,31948.5442661376,31859.0237465316,-89.5205196060818,27956.8355112179,36.7262625176628,121.599420507944,32.0789009018607,-3870.10933441179,-31916.4653652358
31713.6388131852,31800.5116400991,31710.7896678513,-89.7219722477897,27831.5114897017,32.6241606212268,119.496987535158,29.775015287366,-3849.50316286228,-31770.7366248117
31560.9193161388,31649.9341883545,31558.2903906573,-91.6437976972586,27701.9771788665,30.4024689910825,119.417341206794,27.7735435095334,-3828.53966828121,-31622.160644845
31401.6321463692,31492.9383302132,31399.7087498042,-93.2295804089622,27567.244828966,27.6793993272711,118.985583171237,25.7560027622722,-3806.70791807594,-31467.1823274509
31240.1322074735,31333.8335519532,31237.9297199022,-95.9038320509799,27429.5134520907,26.0428177749749,119.744162254728,23.8403302037512,-3784.57593760775,-31309.9932217495
31078.4581506033,31174.6039050982,31075.8905785922,-98.7133265059709,27291.203315658,24.8506391731365,120.996393668084,22.2830671621183,-3762.40419577211,-31152.3208379361
30915.9131077009,31014.4615170335,30912.888944442,-101.572572591596,27151.713113343,24.1157296102002,122.664138942866,21.0915663512692,-3740.08426474771,-30993.3699506823
30754.4401262632,30855.3445303794,30751.8496954297,-103.494834949691,27013.93493181,22.6212446377893,123.525648753909,20.0308138042192,-3717.88394981547,-30835.3137165751
30589.7859500461,30692.976121006,30585.0092890447,-107.966831961346,26870.5905290347,23.9717642898828,127.1619352498,19.1951032884578,-3695.22365672157,-30673.7810177176
30419.4771217787,30524.8612888774,30413.150533024,-111.710755853416,26722.7216917771,24.9830112806821,130.367178379444,18.6564225260213,-3671.77241872081,-30506.2048663514
30250.2181383854,30357.608628279,30242.5186436264,-115.089984652613,26575.7241122028,26.0793537977358,133.469843691323,18.3798590387096,-3648.41467238483,-30339.2287692403
30080.2104038538,30189.4155641593,30069.9454122357,-119.470151923542,26426.7284339015,28.5799926565216,137.785152962033,18.31500103849,-3624.9019772957,-30171.1005631208
29901.7246814009,30012.6075832147,29889.2786553488,-123.328927865889,26270.7973647845,30.7113644289975,141.594266242811,18.2653383769248,-3600.21595218735,-29994.3422448377
29725.0584955128,29837.4981640206,29709.8759354644,-127.622228556143,26115.8083613888,33.4996027534113,145.939271261161,18.3170427050224,-3575.75053137059,-29819.1811213155
29558.9803366624,29672.8231842738,29541.7401988106,-131.0829854632,25970.6844778607,35.6292426334045,149.472090244783,18.3891047815832,-3552.66661616831,-29654.4340794922
29393.9898798031,29509.1147341489,29374.9693928433,-134.145341305603,25826.7265381137,37.5626702543363,152.687524600117,18.5421832945189,-3529.70067143505,-29490.5725508544
29230.6942322832,29346.9717631144,29210.4468018004,-136.524961313971,25684.7670627448,38.9941036683452,155.271634499529,18.7466731855575,-3506.93306587006,-29328.2250899288
29070.0384782108,29187.3571391566,29048.4908540067,-138.866285149938,25544.921221726,40.6289542176536,157.947615163449,19.0813300135132,-3484.48830226718,-29168.2758091431
28913.8534694462,29032.0135250692,28890.3986263002,-141.614898768957,25408.0524821684,43.2007542814014,161.360809904341,19.7459111353813,-3462.6002329964,-29012.2676139338
28762.569690577,28881.3160326973,28737.9511901591,-143.364842538178,25275.970058353,45.283718916491,164.030061036715,20.6652184985345,-3441.31591330759,-28860.6508141987
28615.0796131115,28734.0788235785,28588.5668682775,-145.51195530097,25146.3069879919,48.2989568812097,167.298167348272,21.7862120472964,-3420.47366823834,-28712.2926115312
28470.7080867856,28589.6529233936,28441.8394074662,-147.813515927439,25018.942872063,51.7583770532242,170.703213661197,22.8896977337588,-3400.00683766944,-28566.7632256599
28329.8831776915,28448.4357198416,28298.855525363,-149.580194478596,24894.7398715823,55.1755471967987,173.728089346879,24.147894868285,-3379.9677589124,-28424.2878249733
28192.097595988,28309.9116472299,28159.5133191213,-150.39832810854,24773.8577658312,57.9414378338108,175.755489075699,25.3571609671587,-3360.29839232301,-28284.5544862627
28058.344088663,28175.1256205917,28025.8810111495,-149.244609442159,24658.4643926701,58.7406884216389,175.52222035026,26.2776109081019,-3341.13900757134,-28148.8480096836
27935.3502712378,28050.8691576857,27902.1149728737,-148.754184811952,24551.5159159316,60.423802901434,175.942689349259,27.1885045373131,-3323.41055240478,-28023.6806531483
27818.0961115647,27932.1903124982,27782.7383583041,-149.451954194078,24448.3345490772,63.3160539410884,177.410254874517,27.9583006804388,-3306.44550854643,-27904.2320118177
27702.9229016312,27815.4372537945,27664.865609725,-150.571644069575,24346.463634006,66.6970949068245,179.211447070151,28.6398030005781,-3289.76217271843,-27786.797450794
27597.6175420427,27708.3500391085,27556.7620043309,-151.588034777522,24252.9986964684,70.2287702660599,180.961267331777,29.3732325542581,-3274.39007530832,-27678.9768065542
27496.2587721637,27605.0760228369,27452.1799392243,-152.896083612553,24162.5657083197,74.1400640770411,182.957314750258,30.0612311377098,-3259.55299976695,-27575.0147916992
27397.0699587746,27503.8506583476,27346.9723458198,-156.87831252775,24071.5489683458,80.508311304474,187.289010877459,30.4106983497065,-3245.01267912436,-27473.4399599979
27302.7582014465,27407.3469716178,27247.7815414817,-159.565430136161,23985.9458478523,85.68735568004,190.27612585133,30.7106957151693,-3231.12499791415,-27376.6362759027
27227.8882656436,27330.0867659886,27166.833506949,-163.253259039637,23916.1184961187,91.9500259770351,194.148526322052,30.8952672824073,-3219.81974354788,-27299.1914987062
27165.5151068943,27265.1807414738,27098.3219914846,-166.858749989266,23857.2619106512,98.0633040070814,197.728938586588,30.8701885973214,-3210.18989223601,-27234.3105528765
27119.4782468183,27216.4856668276,27047.5422125873,-168.943454240286,23814.3683853846,102.367914265784,199.375334274991,30.4318800347053,-3202.74194716799,-27186.0537867928
27089.110487595,27183.3727431685,27014.3713806429,-169.001362525579,23786.9312192701,104.796517741059,199.058773314565,30.0574107889844,-3197.38275058377,-27153.3153323795
27062.2356063005,27153.7507697222,26984.3057000641,-169.44506965805,23762.0401777415,107.68456854364,199.199731965247,29.7546623071961,-3192.51086001538,-27123.9961074149
27041.5676378905,27130.2993905676,26960.6071246961,-169.692265871541,23742.8180940903,110.277496798582,199.00924947568,29.3169836041406,-3188.47204700158,-27100.9824069635
27028.1625563878,27114.094113033,26944.4281499178,-169.665963115194,23730.3600875358,112.389016633105,198.320573278319,28.6546101631211,-3185.4134522189,-27085.4395028699
27022.5849529008,27105.7060615174,26935.5684506367,-170.137610880697,23723.982082976,115.192078427242,198.313187043836,28.1755761631383,-3183.41079149758,-27077.5304853543
27025.8756731122,27106.2083291323,26935.1169299106,-171.091399221753,23724.8733194081,118.39993587916,198.73259189933,27.6411926775719,-3182.60241782493,-27078.5671364548
27046.2935105999,27123.8415570448,26951.8805704417,-171.960986603096,23740.7366062083,121.471672893651,199.019719338498,27.0587327354002,-3184.085231498,-27096.7828243094
27074.0732331264,27148.9006585551,26977.4558126553,-171.444845899812,23764.7474330052,122.765733552312,197.593158981065,26.1483130812545,-3186.56006656884,-27122.7523454739
27107.3573588041,27179.551515349,27008.6259637472,-170.925551601774,23793.627740154,123.95912052473,196.153277069611,25.227725467848,-3189.77049812533,-27154.3237898811
27148.8884087345,27218.495008414,27047.9347170314,-170.560291382654,23829.7212967068,125.079939111736,194.686538791287,24.1262474086321,-3194.08717291594,-27194.3687610054
27195.2739052743,27262.4691477194,27092.9233686743,-169.545779045097,23871.0748527,125.129356411322,192.324598856369,22.778819811271,-3199.06969616303,-27239.6903279081
27250.0341117292,27314.9793736724,27145.0368909416,-169.942482730811,23918.3926280943,126.463885272184,191.409147215378,21.4666644845652,-3205.17759836272,-27293.5127091878
27315.0909847736,27377.9958453544,27210.3886291894,-167.607216165054,23977.7273993367,124.690209613682,187.595070194531,19.9878540294807,-3212.67337582318,-27358.0079913249
27384.9028476714,27445.9993574233,27280.610511486,-165.388845937311,24041.1103715567,122.983965015226,184.080474767116,18.6916288298063,-3220.80851109946,-27427.3077285935
27456.0241193419,27515.5855354459,27350.0618927649,-165.523642680939,24103.6010717925,123.283653333892,182.845069437828,17.3214267568901,-3229.13939421548,-27498.264108689
27530.3831062356,27588.6451264693,27424.948657494,-163.696468975318,24171.310563072,121.16390781018,179.425928043921,15.7294590686043,-3237.90863535344,-27572.9156674007
27610.0243032311,27667.1997242033,27506.0918525247,-161.107871678667,24244.3200091528,118.320222546566,175.495643518767,14.3877718400964,-3247.38407153178,-27652.8119523632
27695.2145638946,27751.5455128773,27594.6457440732,-156.899768804143,24323.9027959661,113.711960656849,170.042909639583,13.1431408354427,-3257.59980727167,-27738.4023720419
27786.9047370426,27842.5855564592,27687.9395242451,-154.646032214134,24407.0855860482,111.15363939418,166.834458810775,12.1884265966355,-3268.66551160018,-27830.3971298625
27883.2583802034,27938.439950783,27786.0748375573,-152.365113225728,24494.0376610855,108.90192256953,164.083493149223,11.7183799234946,-3280.31879654838,-27926.7215708596
27980.2950217349,28035.0799722899,27884.9339654199,-150.146006870013,24581.2686984581,107.002498893767,161.787449448758,11.6414425787421,-3292.02382438302,-28023.4385297111
28078.5481715632,28133.0943641688,27985.7237112553,-147.37065291346,24670.3460015783,104.349177102325,158.895369707935,11.5247167944738,-3303.85299288254,-28121.5696473743
28178.0516616143,28232.4484701953,28087.2414202459,-145.207049949326,24759.9411947613,102.291578537942,156.688387118904,11.4813371695749,-3315.81888831509,-28220.9671330257
28278.3830181026,28332.6607259613,28189.4090305392,-143.251695422049,24849.8469786206,100.704006102407,154.98171396105,11.7300185390017,-3327.83203337964,-28320.9307074223
28379.0339791259,28433.225351165,28291.5657780727,-141.659573092285,24939.6517267703,99.5521151888365,153.743487227895,12.0839141356064,-3339.83013716676,-28421.1414370294
28475.1516650994,28529.2866180139,28386.4072685324,-142.8793494815,25022.7525450525,101.223182175196,155.358135089762,12.4787856082616,-3351.17593787163,-28516.8078324057
28563.6894687177,28617.8675718207,28476.0291976776,-141.83837414308,25101.8451967643,100.360712240168,154.53881534313,12.7004412000559,-3361.48355971321,-28605.1671306206
28641.8981181721,28696.2500059604,28555.6350444907,-140.614961469768,25172.3076753106,99.2019405144629,153.55382830277,12.9388668330008,-3370.38850234706,-28683.3111391275
28706.2297126185,28760.9112695096,28621.7054218339,-139.205847675732,25230.9394629075,97.8726690222299,152.554225913352,13.3483782376242,-3377.41758068871,-28747.562891272
28754.5165489467,28809.7128877285,28671.7833067153,-137.929581013244,25275.4754243152,96.7666596568132,151.962998438586,14.0334174253494,-3382.27446497474,-28795.6794703032
28780.340419468,28836.3385121198,28701.2148083648,-135.123703754976,25302.415624591,93.806844958473,149.804937610312,14.6812338553384,-3384.11794991847,-28821.6572782645
28777.9236808497,28834.976001011,28703.7348876629,-131.241113348161,25305.8981536014,89.8614474617754,146.913767623065,15.6726542749071,-3382.16407978656,-28819.3033467361
28737.1505988538,28795.5208715145,28667.3730850198,-128.147786494645,25275.6210471009,86.4649339275682,144.835206588266,16.6874200936254,-3375.06461782528,-28778.8334514209
28672.6143801702,28732.5399794841,28610.2103393909,-122.329640093204,25227.7719336517,80.0792931872141,140.004892501134,17.675252407931,-3364.7631533313,-28714.8647270762
28580.3216546703,28642.0450137973,28524.2093855794,-117.835628217854,25154.4329757308,75.1644945286837,136.88785365567,19.0522254378192,-3350.72418441082,-28622.9927883595
28462.2649075631,28525.9478572892,28414.3637902519,-111.584067037327,25060.6087766236,68.4574558661915,132.140405592274,20.5563385549496,-3333.19867507333,-28505.3915187342
28315.630423359,28381.4294967512,28274.8088092721,-106.620687479098,24940.7789360333,63.0289367396826,128.828010131915,22.2073226528194,-3311.82255058605,-28359.2221740984
28128.9359589781,28196.9943812705,28095.5669904272,-101.427390843316,24786.2975429679,57.5672482858223,125.625670578221,24.1982797349091,-3285.07116772437,-28172.7961015356
27900.1791751165,27970.666272551,27875.085770551,-95.5805019999733,24596.2842558062,51.2233314288985,121.710428863427,26.1299268634598,-3252.67158788133,-27944.5363456875
27630.9591641933,27704.095500743,27615.9176442145,-88.1778565285383,24373.059636536,43.0553175194322,116.191654069102,28.0137975405604,-3214.84421013787,-27676.0817032024
27325.291032778,27401.3021829252,27320.3642887723,-80.9378941528672,24118.0746033636,35.0879504966584,111.099100643864,30.1612064910008,-3172.12847891774,-27371.1409764342
26979.7612068057,27058.8761157375,26985.6622871441,-73.2138285934346,23829.1312068939,26.5690626761823,105.68397160803,32.4701430145997,-3124.06093723559,-27026.4059727229
26586.4644697469,26668.9662675526,26602.7791014961,-66.1871660565396,23498.2235634768,18.6413542246766,101.143152030407,34.955985973874,-3069.59955204543,-26634.0102815788
26149.0248880012,26235.1946499873,26175.2846301551,-59.9100198322383,23128.5193160544,11.2714481714673,97.4412101575645,37.5311903253259,-3009.23412377533,-26197.663459662
25663.6051792378,25753.7020855453,25699.5760362988,-54.1260492465579,22716.830112556,4.32479487077468,94.4217011782866,40.2956519317248,-2942.45027181104,-25713.4064336136
25145.4804977373,25239.6601698312,25194.3649155898,-45.295254241388,22279.7831766379,-5.57470187477021,88.6049702191324,43.3097159777428,-2871.27202297417,-25196.3504538535
24585.2310743648,24683.6758235539,24644.931101309,-38.7447222449473,21803.6712413289,-12.887288428741,85.5574607603905,46.8127385154461,-2794.44712146463,-24636.8630850385
23975.5115578881,24078.3293515453,24047.3182609292,-31.0110906161676,21285.5290922232,-20.9924856149415,81.8253080422465,50.8142174260817,-2710.97495127992,-24027.5151341192
23302.0131515065,23409.3895497898,23384.9872941817,-24.4022556080904,20711.0162437527,-27.9619351402199,79.4144631430673,55.0122075349788,-2618.95884289403,-23354.3773422548
22552.098442459,22664.2224381948,22648.0331872448,-16.1892509499946,20071.8319825395,-36.4334667821028,75.6905289536685,59.5012780036766,-2516.69992670166,-22604.7211601911
21770.8458404645,21887.6611844889,21878.8738442344,-8.78734025452842,19404.4723378545,-43.820902802938,72.9944412214865,64.2071009669581,-2410.19440541289,-21823.4540835219
20948.5422242441,21069.9641685915,21069.51875708,-0.445411511515194,18702.2717759832,-51.8849328593315,69.5370114880298,69.0915999765154,-2298.15538112025,-21000.872568615
20081.3781119344,20207.242219123,20212.881186272,5.63896714900802,17958.4891411605,-57.1833650614719,68.6807421270772,74.319709276085,-2180.07233583535,-20132.9225098469
19162.1675305475,19292.4024184321,19305.1897029031,12.7872844709398,17170.3757395489,-63.1920561475346,67.0428317371375,79.830116208077,-2054.98384714613,-19212.5723022241
18180.3420979262,18314.9034907996,18336.3339875882,21.4304967885866,16329.1283193558,-70.2782743683309,64.2831185050211,85.7136152936026,-1921.49205293871,-18229.189875506
17142.6367938019,17281.3684307679,17308.3840578194,27.0156270514302,15436.0991283457,-73.9495048432808,64.7821321227722,91.7977591742012,-1780.48717029947,-17189.5706715937
16011.6232635654,16154.4873864641,16190.1906526456,35.7032661814305,14465.1790408483,-80.5594389111727,62.3046839875857,98.0079501690169,-1627.00366162825,-16056.4794362951
14761.037559836,14908.1569692705,14953.8388218395,45.6818525690117,13392.0266925816,-88.5605400620486,58.5588693724496,104.240721941456,-1457.57140731643,-14803.916247329
13362.7423890769,13514.3183308694,13572.3151069619,57.9967760924958,12193.6184328531,-99.3409592106327,52.2349825817938,110.231758674291,-1268.46491543448,-13404.0865721951
11939.7974226722,12095.4282487506,12166.7567934863,71.3285447357816,10974.0276757871,-110.24846084322,45.3823652351316,116.710909970918,-1076.01820772831,-11978.7173387797
10484.0105884324,10643.387444008,10729.7295815198,86.3421375118256,9727.2746261313,-122.422914206888,36.9539413687439,123.296078880568,-879.158876507974,-10520.0913651275
8994.96574589818,9157.81122730291,9257.05531371434,99.2440864114259,8449.3828362101,-132.248160171178,30.597321233554,129.841407644979,-677.831069859245,-9027.96981965794
7460.50815230065,7626.64885767561,7737.75740128444,111.108543608825,7131.42158321083,-141.347059284437,24.793646090513,135.902189699338,-470.433628374256,-7490.74666797628
5888.25223030844,6057.51126124624,6183.68005871386,126.168797467627,5783.92732414002,-153.674304971781,15.5847259660241,141.753523433654,-257.999211140179,-5915.75773781258
4309.3922109582,4481.44278521256,4617.85633325772,136.413548045143,4425.50785443298,-160.796752895116,11.2538213592574,147.667369404401,-44.6811094203187,-4333.77541580818
2732.80877342809,2907.18280761315,3052.17867610636,144.995868493196,3066.75714139203,-165.610959697311,8.76307448776666,153.758942980962,168.337408266627,-2753.42386463221
1186.75826927539,1362.85175554115,1514.59947180567,151.747716264516,1731.97143422913,-167.926997005319,8.16648926046488,159.914205524974,377.286167948428,-1202.9375500162
-304.068120117069,-126.921071281211,24.8816317702561,151.802703051464,437.351472563023,-162.555034652442,14.592014183411,166.39471723487,578.86455802765,293.315788516064
-1751.39701089763,-1573.86255532926,-1425.63312234994,148.229432979319,-824.32287418184,-152.435206385711,25.0992491826691,173.328682161987,774.638930330088,1747.19123749124
-3132.63130592423,-2955.52199110385,-2810.78699797416,144.734993129696,-2029.55106965031,-141.482647232838,35.6266675875381,180.361660717234,961.597589041081,3135.88365182108
-4417.60843939114,-4241.96665151675,-4097.84211996067,144.124531556083,-3149.97484019791,-131.885052941826,43.7567349325481,187.881266488631,1135.74854625139,4429.84791800538
-5688.05673476895,-5514.62836527381,-5377.53301400958,137.095351264234,-4265.27741429963,-114.827140710851,58.601228784298,195.696580048538,1307.95217975849,5710.32494532234
-6917.2563549471,-6746.96816291772,-6615.20221834302,131.765944574695,-5344.12910946385,-98.5005559821151,71.7876360472735,203.553580621973,1474.62668950115,6950.52174353967
-8013.53369683817,-7847.73083103037,-7719.64201517174,128.088815858611,-6307.70287755901,-82.2518392728104,83.5510265349906,211.639842393607,1623.57898000637,8059.37067342396
-9071.51689688114,-8910.95480267139,-8785.82568628441,125.129116386985,-7237.47186071394,-66.6768991316962,93.885195078059,219.014311465047,1767.36813703552,9129.96911413643
-10071.5274917549,-9916.99898993184,-9794.3089042112,122.690085720636,-8116.38390654463,-51.7768588652588,102.75164295777,225.441728678418,1903.36672634498,10142.4407186102
-10986.8206435497,-10839.0664496523,-10719.6252669487,119.441182703671,-8922.98657221119,-35.8186280235935,111.935565873769,231.376748577449,2028.0154433149,11070.4431982298
-11798.7360014689,-11658.6111515643,-11541.0099173557,117.601234208663,-9638.86159621718,-21.0394859105156,119.085363994067,236.686598202729,2138.8349193412,11895.297749767
-12597.0420544646,-12464.8824968409,-12353.9037803789,110.978716461949,-10347.3125706994,-2.02966677066345,130.129890853092,241.108607315042,2247.69981699451,12705.9911041559
-13368.3880289269,-13244.5602791843,-13132.5079830481,112.052296136221,-11024.4081473651,8.85251371327863,132.680263455836,244.732559592067,2352.83239527509,13489.2928387764
-14085.3547903539,-13970.3990082392,-13860.4478670937,109.951141145515,-11657.6136902456,22.8659090636639,137.821691178333,247.772832323853,2450.60700917193,14218.1718405631
-14654.2408244797,-14549.1438299804,-14446.0467577294,103.097072250929,-12168.2577707062,42.5728078676859,147.669802367043,250.766874617978,2528.55586164117,14799.9107045983
-15191.0657395044,-15096.117410143,-15001.5373391637,94.580070979362,-12651.9108996251,62.8960355232984,157.844364884623,252.424435863982,2602.05087540254,15348.541846007
-15672.7669181179,-15588.2271738128,-15499.3430117821,88.8841620307146,-13084.138986935,79.3736570581816,163.913401363311,252.797563394031,2668.00158824108,15841.0247372068
-16039.1964256059,-15965.5284464541,-15878.1518784757,87.3765679783833,-13411.9331645227,91.1284208694361,164.796400021289,252.172967999676,2718.39168195262,16217.7014144538
-16290.0498446179,-16227.5763947107,-16147.6113802604,79.9650144503253,-13645.9057619556,109.050299065217,171.523748972438,251.488763422763,2753.19438172758,16479.0651581335
-16399.6338887262,-16348.7638506289,-16272.1014149884,76.6624356405622,-13753.3040159869,122.647467474636,173.517505571878,250.17994121244,2768.97734021398,16598.9437918414
-16374.9243662156,-16335.9450195564,-16262.1390378905,73.8059816658505,-13743.3787097294,135.138966060959,174.118312720194,247.924294386044,2766.68462254714,16583.8693139424
-16212.381076423,-16185.6767411083,-16112.0477633537,73.6289777545813,-13611.0608744587,144.530696089923,171.235031404633,244.864009159216,2745.85089805425,16430.5407502675
-15955.4102779362,-15941.1395940183,-15880.6621996835,60.4773943348369,-13409.1967368817,166.028736100906,180.299420018763,240.776814353594,2712.24227715539,16181.9164083719
-15571.9496613924,-15570.3233919634,-15522.4308916315,47.8925003318417,-13096.7830965126,186.43571983102,188.061989260026,235.954489591873,2661.60228471084,15806.2778815553
-15119.6790841427,-15130.6958214512,-15098.1806394185,32.5151820327185,-12726.467192491,208.418229990878,197.401492682334,229.91667471505,2601.63012164255,15360.6124961663
-14559.750061657,-14583.535678453,-14570.4469707926,13.0887076603073,-12266.9596933241,234.377541126807,210.591924330868,223.680631991177,2527.16790945969,14807.2163104441
-13893.8274851465,-13930.4860225982,-13933.8843984257,-3.39837582747609,-11712.500073977,257.089378263413,220.430840811751,217.032464984274,2438.41678943294,14147.5184875825
-12980.3239668809,-13030.6322747981,-13047.963147796,-17.3308729979496,-10941.941020674,278.198693641341,227.890385724167,210.559512726219,2316.58163984824,13241.1917875243
-11840.950107219,-11905.6206594652,-11942.5189452055,-36.8982857403654,-9981.63497174306,305.26975323693,240.599200990734,203.700915250364,2164.58488871285,12109.3215747156
-10480.3943621803,-10559.8927909108,-10618.5868200872,-58.6940291764608,-8831.4063696516,334.017405330206,254.518976599745,195.824947423288,1983.00539785892,10755.7177383341
-8960.88290467212,-9055.34908401218,-9133.80213464638,-78.4530506341904,-7540.20604886526,359.404323723756,264.9381443837,186.485093749517,1780.08117953063,9241.83417776171
-7341.21851338741,-7450.50636108802,-7555.718177859,-105.211816770962,-6168.31417500655,390.711974422895,281.424126722287,176.212309951326,1563.61631280377,7626.71867103935
-5697.85976096008,-5821.43286175229,-5953.39057717354,-131.957715421242,-4774.27360702634,420.189420370128,296.616319577912,164.658604156673,1343.77557430387,5986.09146590896
-4138.65420129256,-4275.23513688736,-4430.93621333336,-155.701076446004,-3447.67885534762,443.871304485984,307.290368891183,151.589292445187,1134.84665043093,4426.82442933254
-2739.5329801103,-2887.39488421449,-3063.19512364259,-175.800239428104,-2253.47030854698,460.854879175561,312.992975071365,137.192735643262,946.917550738889,3024.58761985776
-1566.27342673615,-1723.31263439795,-1906.96472814939,-183.652093751444,-1239.77963085746,462.285646648499,305.246438986675,121.594345235235,788.779442527178,1844.90697963321
-665.032197703534,-828.766548662033,-1010.44996304198,-181.683414379941,-448.957110742745,450.521850171168,286.787499212651,105.104084832708,666.596937131954,933.870633494752
-50.0031382799039,-217.77805566866,-385.601264417387,-167.823208748716,109.161865441654,423.144371278637,255.369453889897,87.5462451411709,582.309375000209,305.324300809824
247.253674108609,78.4036484181121,-66.9886098187109,-145.392258236809,404.461396792176,382.911983220099,214.061957529585,68.6696992927689,540.119705903664,-9.73394912533259
206.308053070023,39.6902266383584,-77.5615331242658,-117.251759762631,416.387589192515,332.713671579944,166.095845148274,48.8440853856457,542.793207702438,9.15385874728894
-151.369755325331,-312.434809174227,-395.205017491255,-82.7702083170181,163.406980746059,272.732027064759,111.666973215865,28.8967648988441,587.508763136156,341.331574073077
-801.413283312535,-953.65274442921,-983.76463723148,-30.1118928022634,-320.545522720198,190.136984645613,37.8975235289458,7.78563072668725,671.00474523797,961.438375155903
-1678.03451677238,-1818.06317508041,-1810.58229357051,7.48088150990312,-1011.72159556071,118.200562144609,-21.8280961634209,-14.3472146535247,784.513483356259,1803.71596042688
-2734.66887128459,-2858.94758510933,-2809.52461575963,49.422969349696,-1850.66232106471,37.76500879458,-86.513705030145,-37.0907356804517,921.771559014463,2821.85684942886
-3888.75645558283,-3993.93676547172,-3908.71388547084,85.2228800009056,-2777.82055172565,-39.1108605491351,-144.291170438023,-59.0682904371228,1071.82504330806,3934.8684750346
-5078.16844451653,-5161.42417760027,-5054.29490245508,107.129275145188,-3748.02825838204,-103.691413462599,-186.947146546365,-79.8178714011799,1226.44877267187,5081.60630619908
-6221.51480719926,-6280.55885403443,-6169.24975771714,111.309096317276,-4696.22042952304,-150.389579331609,-209.433626166772,-98.1245298495041,1374.9047983446,6182.4343241849
-7257.79400439625,-7291.0295229394,-7188.67095430093,102.358568638464,-5566.71478841186,-181.943602852479,-215.179121395618,-112.820552757155,1509.13561313192,7178.20897018224
-8118.94862631214,-8125.73575083575,-8046.137502376,79.5982484597597,-6303.3223536438,-195.381827966334,-202.168952489968,-122.570704030209,1620.244444702,8003.16504680556
-8756.6625178357,-8737.4816594114,-8691.31268173007,46.1689776813207,-6862.45710327349,-192.258382473599,-173.077524049309,-126.908546367985,1701.94703208861,8610.57311304341
-9127.34142116535,-9083.60779604846,-9075.65419906163,7.95359698683961,-7200.53626872899,-178.263525896353,-134.529900779475,-126.576303792642,1748.54162654,8957.03149225583
-9238.50709997533,-9172.24719147429,-9206.73578613456,-34.4885946602678,-7324.29404365727,-153.083535057065,-86.8236265560364,-121.312221216301,1761.12952126099,9050.93497025799
-9081.38423992981,-8995.22103526517,-9064.14057464499,-68.919539379828,-7212.82563998302,-129.944089429496,-43.7808847648567,-112.700424144684,1738.6145105173,8882.52061112048
-8672.73563914855,-8569.52109558045,-8681.62346048749,-112.102364907052,-6898.51561762927,-90.9542501639465,12.2602934041467,-99.842071502905,1683.26577135533,8469.67902407753
-8042.54309982624,-7925.59590000024,-8071.35151267644,-145.755612676201,-6388.86890905463,-54.4936142831686,62.4535855428216,-83.3020271333845,1599.18057648844,7842.29387286686
-7242.82010995733,-7115.48830955228,-7290.32546481437,-174.837155262081,-5732.2123416131,-17.3724881411565,109.959312263873,-64.8778429982068,1493.23528020306,7050.61046655409
-6312.2635162495,-6177.79918696122,-6381.29451872605,-203.495331764835,-4965.74711693962,24.0380184623176,158.502347750602,-44.9929840142349,1370.55441777219,6132.80620294698
-5328.21811808593,-5189.40020014452,-5417.47347613598,-228.073275991475,-4152.73370915938,65.8633989012109,204.681316842643,-23.3919591488338,1241.34780782778,5166.00824099568
-4358.03110384644,-4217.7196388185,-4470.89767038281,-253.178031564319,-3355.04736948412,111.564106085623,251.875571113583,-1.30246045073608,1114.54784044795,4216.41717836776
-3453.09277471601,-3313.69223473716,-3588.25743680796,-274.565202070826,-2611.04781747533,154.763361129689,294.163901108544,19.5986990377135,996.808318370351,3333.29093377485
-2648.26967952487,-2511.71946146755,-2798.66416264634,-286.944701178786,-1945.47733672048,189.840135847268,326.390353904583,39.4456527257952,892.632478651658,2551.16511419336
-2010.68064242783,-1878.35433979193,-2168.94431262085,-290.589972828932,-1415.99723060585,216.122742843592,348.449045479502,57.8590726505755,810.806154665573,1936.21341244251
-1562.06126473153,-1435.10935453983,-1715.68080386147,-280.571449321656,-1036.39107003793,228.576934502152,355.528844693852,74.9573953721959,754.247129195749,1510.06674991201
-1330.15058889403,-1209.06631501578,-1462.02294153016,-252.956626514389,-825.28923735837,221.583278220081,342.667552098337,89.7109255839449,726.444629755738,1298.77724059971
-1318.10893472801,-1202.92004214864,-1420.53697057811,-217.616928429468,-794.256095502432,203.867656077817,319.056548657176,101.439620227717,727.720495303388,1304.35966237635
-1518.13752748928,-1408.60920072615,-1582.4144413869,-173.805240660744,-935.902552401993,174.79246791648,284.320794679602,110.515554018856,757.027443003774,1519.12475474503
-1878.38493054076,-1774.18640910151,-1892.04336398621,-117.856954884686,-1200.24606613641,129.325990030646,233.524511469876,115.667556585189,807.464854434973,1889.8539656867
-2397.06404288482,-2297.67409325678,-2372.60928865931,-74.9351954025335,-1612.78029104548,94.4379741452633,193.827923773313,118.89272837078,878.721725984607,2416.56682162755
-3039.67372963393,-2944.64611938742,-2972.36705340592,-27.7209340184918,-2126.32766157509,52.9887646944957,148.016374941011,120.295440922523,966.334832753348,3064.94156030994
-3784.24208281727,-3693.15398510466,-3678.08360651365,15.070378591001,-2730.3324416397,13.4523691342717,104.540466846888,119.610845437888,1067.36201031184,3812.76483054255
-4553.38477691842,-4466.00176820545,-4418.46788401373,47.5338841917331,-3364.85678249382,-16.9400474482752,70.4429612646873,117.976845456421,1171.58794697635,4583.97861366188
-5304.28746313245,-5220.92472831741,-5156.95428525963,63.9704430577883,-4001.3015278411,-29.6513583744755,53.7113764405634,117.68181949835,1273.33457691689,5338.60654781577
-5988.01023491492,-5909.29459984879,-5840.88474950449,68.4098503442976,-4591.07522448141,-30.8384890139661,47.8771460521619,116.286996396456,1366.09652141955,6025.58159624524
-6561.80120896492,-6488.51775193228,-6431.69586575522,56.8218861770663,-5102.49881412733,-15.0916335327898,58.1918234998368,115.013709676899,1444.2107613048,6603.5314616092
-6997.84754754841,-6930.78551827962,-6896.0421603747,34.7433579049184,-5505.90960833509,11.9870426239673,79.0490718927384,113.792429797658,1503.92498183729,7044.57794807729
-7256.17010562714,-7196.47718387525,-7198.03322023978,-1.5560363645379,-5771.44307118448,55.2022294149962,114.89515116686,113.339114802324,1539.92926385765,7309.81629867758
-7333.58013199592,-7282.41247427806,-7336.35850911824,-53.9460348401705,-5896.04324646516,114.217615070514,165.385272788361,111.43923794819,1551.75450060128,7393.85171222627
-7226.52703433432,-7184.6020492597,-7281.85268945843,-97.2506401987266,-5850.40782134397,162.737325828449,204.662310903062,107.411670704335,1538.8565388188,7292.01371996404
-6934.58582427593,-6902.28405902705,-7050.65954177326,-148.375482746196,-5652.03358982744,218.54233813927,250.844103388152,102.468620641959,1501.09457258777,7004.75267966902
-6464.51286439303,-6442.07755859347,-6624.2660714787,-182.188512885221,-5281.3727208135,256.288234436323,278.723540235855,96.535027350635,1439.42837801585,6538.61258594414
-5850.62444851956,-5838.364551934,-6050.3434124775,-211.978860543494,-4780.72500963492,288.453253845614,300.713150431172,88.7342898876767,1358.35269273026,5927.09884182167
-5142.72718760789,-5140.65180717464,-5375.40133853888,-234.749531364245,-4188.52857140152,310.298987852113,312.374368285357,77.6248369211082,1264.49760405847,5218.27664409575
-4388.17820445841,-4396.18626466713,-4652.89306929012,-256.706804622997,-3553.79439216902,329.734381131507,321.726320922785,65.0195162997944,1164.1181934209,4461.20578096693
-3635.13523954283,-3652.57416465511,-3911.48595938157,-258.911794726449,-2897.23128269824,325.691839814497,308.252914702211,49.3411199757548,1063.59579665909,3701.91528463089
-2894.68522027817,-2920.63892264752,-3172.73767946389,-252.098756816366,-2240.66528852186,310.26055280622,284.306850436849,32.2080936204833,964.280484562522,2952.84701626802
-2236.67236224232,-2269.26500509663,-2495.37853736639,-226.113532269761,-1631.85499116615,270.486339013673,237.893696159372,11.7801638896101,875.303710089856,2281.04516898625
-1683.78804741288,-1720.37583696293,-1912.01940734699,-191.643570384064,-1100.56048598028,216.348336262294,179.760546712247,-11.8830236718182,799.575897694904,1708.4928132911
-1272.58481215064,-1309.10755462316,-1447.01895232585,-137.911397702686,-665.753667987851,134.915309913729,98.3925674412033,-39.518830261484,741.746454076524,1269.58872436168
-1039.23230391762,-1070.09147911579,-1129.32194762004,-59.230468504248,-353.376177996907,20.5861260917831,-10.2730491063931,-69.5035176106435,706.442252012491,1000.58796150513
-977.395139075387,-995.864928232662,-974.579709720297,21.2852185123725,-180.997641688721,-103.586781669429,-122.056570826704,-100.771352314332,692.810715717255,895.09357591834
-1076.45790195838,-1075.00871875926,-964.368272890519,110.640445868742,-133.80036901421,-243.159388824584,-241.71020562546,-131.069759756715,699.498144119587,943.93895900255
-1339.44615232916,-1310.04492489112,-1112.89744708358,197.147477807527,-227.882280729696,-384.514692888049,-355.113465449981,-157.965987642454,727.049178711433,1152.07893724865
-1729.52969625961,-1664.33102847434,-1402.93248814365,261.398540330701,-452.848645284562,-505.917195559312,-440.718527774026,-179.319987443326,770.763855415744,1485.01104103101
-2221.31227716273,-2113.23510103552,-1796.47217260719,316.762928428339,-774.703997529939,-619.026416150806,-510.949240023598,-194.186311595259,827.581863482001,1919.04878944027
-2803.63892030967,-2646.81608872198,-2295.68489014433,351.131198577653,-1197.47272239063,-709.771157962106,-552.94832637441,-201.81712779676,896.395039956933,2444.99896092522
-3421.98427608722,-3212.25277561119,-2850.95359479048,361.299180820713,-1679.49513968183,-772.20458014076,-562.473079664719,-201.173898844007,970.284556264638,3011.07887676718
-4030.07127923719,-3765.12308755516,-3414.09602353975,351.027064015412,-2178.94348057298,-807.615778105544,-542.667586423531,-191.640522408122,1043.51202055864,3573.48256514704
-4586.79294409529,-4266.480263233,-3942.60021666164,323.880046571367,-2659.69936860408,-816.102813707895,-495.790132845586,-171.910086274225,1110.99076178331,4094.57017695877
-5069.9000160986,-4696.37695135118,-4413.93403429563,282.442917055533,-3102.07572423618,-797.738623777582,-424.215559030149,-141.772641974622,1170.08566808483,4554.60430937655
-5443.10085189742,-5020.70086139441,-4793.8618717023,226.838989692118,-3475.40979389004,-751.469610816279,-329.069620313279,-102.230630621166,1216.2214471911,4918.47023077325
-5672.56929360444,-5207.70857540077,-5036.47647595059,171.232099450185,-3736.5927175314,-690.81860238718,-225.957884183505,-54.7257847333266,1245.15797368586,5152.98279066744
-5769.89080373911,-5270.52959205459,-5151.90233252066,118.627259533937,-3891.88859967698,-619.482787585483,-120.121575900966,-1.4943163670339,1258.51941647666,5269.03527568756
-5738.57209594773,-5213.98147759611,-5139.43756197698,74.5439156191297,-3937.86716250824,-543.975482379372,-19.3848640277422,55.1590515913793,1256.72945106011,5269.14052918747
-5679.91845119864,-5139.72114947045,-5126.02780535383,13.6933441166101,-3984.95741852156,-441.868278763328,98.3290229648708,112.022367081479,1253.09275391375,5251.74351655192
-5581.7801199516,-5036.11255680897,-5065.32982208205,-29.2172652730959,-3986.8473087625,-349.107370491132,196.560192651513,167.342927378414,1245.82544069797,5203.45548418738
-5425.77599512873,-4884.62346349753,-4952.97267099816,-68.3492075006285,-3939.85856365857,-253.677467905632,287.475063725574,219.125856224942,1232.23996356453,5103.74931972247
-5214.70046632875,-4687.21308559895,-4780.93498913529,-93.7219035363484,-3834.68973603885,-167.635474713016,359.851906016805,266.130002480451,1212.37525557689,4953.34308807939
-4990.52318976465,-4484.66211682513,-4598.91587083181,-114.253754006699,-3713.51151533863,-85.5823404293167,420.278732510214,306.024978503514,1191.42933399671,4790.68709532864
-4747.29455596365,-4269.87782037438,-4375.96223018059,-106.084409806218,-3544.87599953384,-34.1696920066046,443.247043582672,337.162633776452,1168.2488644232,4607.04045415083
-4474.38312775235,-4030.22915866616,-4117.3587524158,-87.1295937496458,-3335.23575765757,1.78065701724092,445.934626103434,358.805032353788,1140.92802711204,4389.03419101995
-4170.30668913838,-3762.27614466874,-3817.79297091134,-55.5168262425952,-3079.16698926992,17.7947534953309,425.825297964963,370.308471722366,1108.93445336379,4132.58461639111
-3820.59511877926,-3449.90925398747,-3471.24988260475,-21.3406286173003,-2772.97696668471,22.4175755197295,393.103440311529,371.762811694228,1070.03572761429,3821.6720656817
-3415.75791125006,-3082.16121310135,-3076.544864738,5.61634836333726,-2417.27198033804,24.2035579158434,357.800256064559,363.416604427894,1022.68948882787,3445.57781752923
-2972.26390800258,-2673.35589803348,-2645.05776317078,28.2981348627052,-2022.94985302962,19.4861856881343,318.394195657233,346.692330519938,968.800240661115,3020.04822855343
-2468.53043090094,-2200.3010673902,-2164.7593758185,35.5416915716889,-1583.02761132157,19.9242751503133,288.15363866105,323.695330232735,905.427094729667,2523.99639762293
-1959.97143612035,-1717.00127569046,-1688.85418230233,28.1470933881068,-1145.64276980853,25.6158825918915,268.586043021807,296.733136409913,839.944548903732,2013.73441210036
-1424.68846157013,-1201.28519977387,-1193.06555937671,8.21964039714027,-692.067923735835,36.9629826802691,260.366244476513,268.585884873654,769.583520514554,1469.8710846475
-886.710304996045,-676.997113580252,-696.359821569175,-19.3627079889201,-241.303940767188,52.2612872699855,261.974478685796,242.611770696876,697.66765149885,919.608884277125
-354.830881000513,-153.294390486826,-200.124351550473,-46.8299610636338,204.999573402833,65.8072263418742,267.343716855549,220.513755791916,625.637680745227,373.808146278751
174.600329699221,372.696024552371,291.301135560639,-81.3948889917362,640.218645144078,87.7354323515062,285.831127204659,204.436238212924,553.353747796372,-168.259786339445
700.925901593388,899.112222380682,775.905204243177,-123.207018137514,1060.82727103882,121.398081902084,319.58440268939,196.377384551876,481.299451347531,-702.734837828809
1222.06268932172,1422.28526693464,1258.76760486244,-163.51766207221,1470.92260103583,161.228595169295,361.451172782223,197.933510710012,410.088506883422,-1224.35175622463
1724.73366189612,1927.70700141301,1731.18652465953,-196.520476753474,1866.7318697512,199.753371074018,402.726710590898,206.20623383742,341.751578929091,-1721.50076757558
2204.30693651881,2409.42518810285,2184.34910011757,-225.076087985283,2241.07245056947,240.299667698408,445.41791928241,220.34183129713,277.065181749069,-2189.08335680569
2655.10479694955,2860.69088734693,2624.81261704137,-235.878270305567,2602.05301898715,270.001703001488,475.587793398858,239.709523093295,216.949925039086,-2620.98136425363
3069.34557950684,3272.23890112911,3023.52544428495,-248.713456844163,2922.83338327257,309.164863555914,512.058185178172,263.344728334011,162.652667321642,-3008.8941727951
3439.83202293508,3636.12088415486,3370.64937622081,-265.47150793403,3198.60163365869,356.373536961751,552.662398181526,287.190890247495,115.143147685378,-3348.92999390734
3768.35300810302,3953.66256271476,3682.99197448581,-270.670588228942,3447.95282154196,394.559532493571,579.869087105303,309.198498876368,74.1593459325206,-3644.46406383839
4037.97074125811,4207.76874641787,3923.02305009241,-284.745696325444,3637.15763699212,442.704550748379,612.502555908136,327.756859582688,41.8914464823928,-3880.01188683516
4269.40215492809,4419.27742273845,4130.6740245287,-288.603398209754,3806.13562984282,478.60051722226,628.475785032613,339.872386822857,15.3339921369917,-4079.40503591558
4427.67806354621,4554.12663611687,4255.52316571026,-298.603470406622,3908.928204496,517.664657522546,644.113230093224,345.509759686605,-1.08520152764263,-4208.61687643027
4549.20423849502,4649.21274932266,4360.30494969873,-288.907799623924,4003.11456046207,533.636713563608,633.645224391248,344.737424767327,-12.4529644693165,-4304.47532455533
4612.51970640985,4683.90788916459,4416.69404035269,-267.213848811894,4064.49001274554,531.895742634782,603.283925389505,336.070076577612,-16.1339510295295,-4347.83781258696
4631.06948267064,4673.07703356151,4445.62766564287,-227.449367918627,4114.60002361275,502.202938184784,544.210489075651,316.761121157021,-14.2665208731003,-4356.31591240448
4593.12927152392,4606.39695997296,4415.03611752364,-191.36084244931,4120.63916973589,466.992701537806,480.260389986853,288.899547537542,-5.4974002502005,-4317.49741243541
4477.46541067221,4464.74448598196,4339.60549564841,-125.138990333566,4101.07994418981,389.17057757027,376.449652880026,251.310662546461,12.7851110878707,-4213.43382343549
4308.11287535675,4273.65060482986,4211.71999439051,-61.9306104393419,4044.35271369005,301.103946519824,266.641675992938,204.711065553594,37.3437848531295,-4068.93953927626
4089.1295387447,4038.85030935377,4045.37608186706,6.52577251328891,3961.658728944,194.938499517194,144.65927012628,151.185042639567,67.4676897165187,-3887.6652667142
3809.66613551358,3750.79753169439,3828.89220954455,78.0946778501779,3839.60046381619,74.6065099056474,15.737906086432,93.8325839366115,104.540838208236,-3656.96494775775
3504.34042544555,3444.75396687858,3591.74359716559,146.989630286993,3700.37533991125,-52.0339829068311,-111.620441473801,35.3691888131916,144.000931558855,-3409.38477806539
3163.04604558493,3111.15295333491,3315.38033306949,204.227379734556,3523.59384469871,-173.21824942347,-225.111341673466,-20.8839619389149,187.329549690322,-3132.03691527383
2780.16157881694,2744.35229788655,2995.80304625648,251.450748369907,3301.92371103438,-286.252821041881,-322.062101972264,-70.6113536023569,235.509311175551,-2814.96365148892
2365.32349918557,2353.08085258419,2636.19785997816,283.117007393966,3034.42770170693,-381.549316121901,-393.791962723248,-110.674955329287,287.554886399469,-2463.75580791347
1946.98549197688,1964.37561410242,2255.95470175551,291.579087653078,2734.45586219077,-447.501412847204,-430.11129072166,-138.532203068584,339.968957366689,-2102.907817171
1568.57049656322,1620.17163518154,1904.13274272114,283.9611075396,2446.95564874073,-491.145333853467,-439.544195235147,-155.583087695547,387.239818324053,-1775.75472287708
1228.70755006566,1317.29221825332,1565.64882362594,248.35660537262,2154.99912700632,-496.444757647306,-407.860089459643,-159.503484087027,429.846819293358,-1476.79570234033
936.393100731934,1062.56038048128,1272.29059051375,209.73021003246,1889.80412381751,-486.418826052987,-360.25154630362,-150.521336271167,466.992197032594,-1213.08171675245
756.855410791911,918.747139125744,1088.58849536294,169.841356237187,1707.48893495703,-460.352111295459,-298.460382961629,-128.619026724444,490.28141286965,-1047.36616585017
722.929376611104,916.825147137336,1036.6188496312,119.793702493873,1627.60010771049,-409.185804028851,-215.290033502616,-95.4963310087471,495.484927070544,-1012.32147814607
707.00719577802,928.153586850374,992.037024841606,63.8834379912212,1544.07228330523,-337.34244385353,-116.196052781179,-52.3126147899598,499.722643673661,-980.466201640329
697.589558475107,939.577878701997,962.160912122977,22.5830334209725,1466.56043170729,-264.33418427021,-22.34586404332,0.237169377648442,504.636688961962,-939.340709324336
649.702660517117,904.861338251345,891.419840028529,-13.4414982228302,1345.96402817358,-180.005300444856,75.1533772893892,61.7118790665609,516.256067211602,-843.14945918478
683.687592148247,942.543293604495,902.177484949628,-40.3658086548671,1292.82519181958,-90.5667899310793,168.288911525186,127.923102870312,518.570809740246,-814.620190734189
747.323512230082,999.951747265927,950.201747707632,-49.7499995583106,1274.78349279241,-9.05698599822702,243.571249037635,193.821249479325,518.402994564103,-806.130497786616
851.921927940554,1088.26357805825,1037.3528626482,-50.9107154100386,1294.44243836713,71.5761943416629,307.917844459368,257.007129049328,514.096704768243,-831.256449008913
1012.73181424545,1223.38936821497,1177.64020324993,-45.7491649650512,1368.68238829764,147.328029386427,357.985583355947,312.236418390892,503.278603438606,-911.15294982407
1243.27273600296,1420.02903578591,1393.85507676961,-26.1739590162924,1520.03302578225,206.993457229459,383.74975701241,357.575797996115,483.753747008757,-1062.45323778979
1493.20339946602,1629.81815330691,1635.47114579424,5.65299248733534,1708.54039192464,246.429475534991,383.044229375888,388.697221863214,461.766467993622,-1241.12093144369
1740.91546993926,1833.61294972165,1879.03291387664,45.4199641549948,1914.60259879466,266.007519070139,358.704998852526,404.124963007522,439.694647925538,-1429.48798671413
1956.67703078615,2004.25896023898,2101.55909969722,97.3001394582274,2119.08298542387,258.565036804291,306.146966257138,403.447105715359,420.970991442008,-1600.81185452362
2127.59316280398,2131.7020540352,2285.60929851739,153.907244482191,2305.30209105713,229.193654622144,233.302545853365,387.209790335554,406.902582875303,-1744.49226369964
2264.59519896407,2229.08053470182,2432.62400368247,203.543468980658,2471.30025199368,189.032943524775,153.518279262527,357.061748243185,395.73799655439,-1872.01878645863
2416.24155674231,2347.17940750151,2583.98371766722,236.804310165689,2651.3883580629,145.729481539773,76.6673322990027,313.471642464689,380.876282860378,-2033.70776503684
2663.79172195809,2568.50649715256,2817.43323133406,248.9267341815,2908.82035218176,106.416955747826,11.1317309422946,260.058465123793,351.445585971502,-2308.44803202876
2930.34171470236,2817.53642051791,3058.20779211725,240.671371599346,3175.81690609692,72.3066418414817,-40.4986523429677,200.172719256374,317.78183323605,-2617.36370126154
3188.43742649481,3067.77821193178,3281.6251412629,213.846929331103,3427.42123233398,44.6114962594975,-76.047718303527,137.799211027579,283.595302098667,-2929.97900090422
3362.25335400101,3243.83815724829,3432.53013427865,188.691977030348,3616.06871885,5.33806156928889,-113.077135183439,75.6148418469107,259.15342641826,-3168.22331540139
3427.42872836707,3320.99454223738,3480.15723290357,159.162690666188,3710.58827763464,-35.2366456309742,-141.670831760661,17.4918589055285,247.922903636584,-3303.50268333185
3482.66287203983,3396.39406017987,3533.44889194154,137.054831761652,3805.69539726242,-85.9475941444081,-172.216406004354,-35.1615742426992,237.084931078189,-3431.55563442259
3576.77684831648,3517.89322493095,3628.99224423491,111.099019303951,3929.57978162816,-132.415444158466,-191.299067544,-80.2000482400439,220.387489153223,-3598.09327317101
3735.26449761546,3709.89388869689,3802.77714532744,92.8832566305369,4113.98671494639,-183.915034464688,-209.285643383278,-116.402386752736,194.807182866218,-3826.29627544963
3911.71419782984,3925.053138163,4002.26136548416,77.208227321145,4311.08196810039,-232.639368692618,-219.300428359459,-142.092201038314,166.728401577937,-4067.14533920132
4034.91052697255,4090.69591950208,4157.9576504667,67.2617309646035,4461.0427424322,-280.196905345176,-224.411512815639,-157.149781851034,145.935310114455,-4247.84570135312
4072.45936703932,4172.89488751271,4216.14522578978,43.2503382770701,4515.77044854288,-306.293042211275,-205.85752173789,-162.607183460817,137.018039292283,-4335.50207097354
4033.94727379064,4179.5556935652,4203.7889080238,24.2332144586095,4501.00765819763,-328.19670504256,-182.588285267995,-158.35507080939,138.86367936443,-4337.91076437458
4020.98867065828,4210.45283762766,4220.91063277172,10.4577951440618,4503.17800717775,-344.184720823291,-154.720553853915,-144.262758709849,138.004615696175,-4354.7155963375
4049.65962380747,4280.37127422935,4265.9284711656,-14.4428030637423,4520.91449996762,-338.905085556101,-108.193435134228,-122.636238197968,132.349790604047,-4403.0075124273
4117.06355682936,4384.97080097986,4347.11430340353,-37.8564975763255,4562.34527062096,-322.846188541756,-54.9389443912569,-92.795441967584,122.43552524984,-4477.76624294743
4193.42627111246,4493.79484971553,4422.2237002743,-71.5711494412476,4594.07885263041,-288.347707947535,12.0208706555403,-59.5502787857001,112.304873570418,-4553.34512850123
4139.49582226837,4468.00345897463,4373.59288156988,-94.4105774047535,4519.74507471475,-259.907602176196,68.6000345300565,-25.8105428746993,120.341650270178,-4493.81400184932
4052.13486839109,4403.60126971997,4292.92632628904,-110.674943430932,4417.97123533615,-232.184139571176,119.282261757687,8.60731832675949,133.652227373859,-4394.9939513932
3923.51242051133,4292.46027242317,4188.30588838449,-104.154384038673,4298.24570860626,-221.429065895774,147.518786016063,43.3644019773855,153.304222199159,-4249.09587044577
3818.86880901141,4199.29567337322,4106.72483491025,-92.5708384629774,4200.3713999936,-211.002514660623,169.424349701194,76.8535112382141,170.500076321573,-4122.44216213501
3776.06277827129,4162.49802037705,4098.74235954057,-63.7556608364765,4172.7592504143,-216.735201590575,169.700040515176,105.944379678699,179.961270552425,-4056.55364069835
3774.72686426423,4162.39221716876,4130.2605933846,-32.1316237841685,4183.08134414778,-224.159952627874,163.505400276669,131.373776492505,184.194527255683,-4031.01844067626
3720.51753285855,4105.71013408162,4101.40456461049,-4.30556947114322,4146.08184051944,-230.035874090265,155.156727132807,150.851157661664,195.528433570628,-3954.85897641995
3602.0815935706,3981.92500253578,4020.63628136862,38.711278832829,4071.37664334328,-253.992054415337,125.851354549838,164.562633382666,215.302995357325,-3817.36236915312
3397.6969513944,3770.50328579487,3858.5894626475,88.0861768526178,3931.92022143626,-287.958515904693,84.8478184957694,172.933995348389,246.264754137159,-3597.56929044647
3315.82589716143,3679.45500423855,3821.34752801215,141.892523773592,3903.60291767578,-327.043762953748,36.5853441233726,178.477867896957,260.733257560597,-3500.97713634159
3242.49125840738,3595.86971400476,3767.52055800867,171.650844003906,3860.95661026825,-344.665379477001,8.71307612037719,180.363920124283,273.799972383877,-3415.50579388048
3055.29349079459,3398.5225855104,3596.36701524207,197.844429731653,3719.43672019523,-362.472997152744,-19.2439024369247,178.60052729472,301.670232247889,-3219.92205821569
2947.11776339635,3279.92934881746,3484.22306160149,204.293712783996,3629.01301297832,-363.063003089873,-30.2514176687609,174.042295115236,318.832246492093,-3105.88705370223
2964.77234869024,3286.89390346107,3481.83543288716,194.94152942607,3633.56297163735,-349.66846326066,-27.5469084898142,167.394620936255,319.122159686447,-3119.49928252483
2896.63437556505,3209.33675541736,3368.85555809506,159.51880267769,3542.97861892181,-315.744517652627,-3.04213780030567,156.476664877382,330.599725704139,-3052.86009054
2799.54284235894,3103.94335514464,3218.3504822009,114.407127056238,3418.54128631884,-273.205522419229,31.1949903664751,145.602117422709,345.792921540672,-2958.34123772193
2866.04891956422,3162.3055366884,3228.26251941804,65.9569827296385,3431.64098340389,-226.343407672471,69.9132094517132,135.870192181347,339.24865616719,-3026.43534450705
2954.46994493074,3243.14479384657,3242.53142083591,-0.613373010634943,3445.72659185414,-161.346261501788,127.32858741403,126.715214403392,329.9103854216,-3116.42957944318
3067.41633727035,3349.30608700246,3279.09469958745,-70.2113874150234,3479.75673777829,-94.9863372782301,186.903412453888,116.692025038867,317.354063229721,-3232.6140619636
3203.79020373364,3479.25724033491,3334.1120529834,-145.145187351522,3527.89413307853,-22.1997536505418,253.267282950733,108.122095599207,301.904175694349,-3371.1351447357
3340.58144853925,3609.48545699274,3393.93203950553,-215.553417487226,3580.37352577539,46.8924249959049,315.7964334494,100.243015962172,286.68450223203,-3509.24244103056
3469.78194079055,3730.75819556699,3428.29518371968,-302.463011847349,3603.91845607738,138.762446739312,399.738701515783,97.275689668428,272.898962026145,-3633.48250589858
3582.87196604386,3833.84479590364,3469.544190207,-364.300605696653,3631.32026837953,213.164029307908,464.136859167699,99.836253471045,261.612331643571,-3734.00854243259
3653.46547855437,3891.51543446164,3461.50103045252,-430.014404009137,3611.7956140977,298.113389329315,536.163345236607,106.148941227469,256.443524872655,-3785.36649323419
3708.8359331052,3930.26200454076,3452.64053688908,-477.621467651693,3591.66528266439,370.816558479104,592.242629914657,114.621162262961,253.645908038289,-3815.64084227779
3773.65579959272,3974.28852338303,3487.12783495153,-487.160688431499,3612.65549660969,410.927505699368,611.560229489677,124.399541058182,249.927202716344,-3849.88898232484
3926.09065664602,4102.36491037348,3630.7292123294,-471.635698044081,3733.55103387309,427.11810936887,603.392363096333,131.756665052252,234.578486595933,-3970.60824532123
4172.76415880962,4322.10776313618,3871.1129734673,-450.994789668886,3941.6755470322,437.715097345274,587.058701671834,136.06391200295,206.626485567845,-4186.04385113323
4448.74416543659,4570.08113338858,4136.62759376303,-433.453539625563,4174.69865955924,448.509514139653,569.846482091662,136.392942466097,174.46400826231,-4433.68819092247
4700.40266097368,4794.22505929512,4375.57862258835,-418.646436706763,4386.94616608703,458.518132745434,552.340531066866,133.694094360106,145.061637858783,-4660.530964935
4871.98994257708,4939.64172119578,4523.88230502895,-415.759416166829,4521.85008201194,475.880002594212,543.531781212916,127.772365046091,125.740142029085,-4811.86935614968
4961.0582643547,5004.95993499228,4603.78945614872,-401.170478843562,4605.63142015034,472.053056960682,515.954727598273,114.784248754709,116.626212756322,-4890.17568623759
5038.16717764634,5061.48539997384,4672.52459852957,-388.960801444275,4681.55184065317,464.827149756413,488.14537208391,99.1845706396399,108.211812763255,-4962.3008293342
5225.14200628241,5231.60294688794,4860.79270687795,-370.810240009982,4865.97021220375,443.411815566251,449.872756171745,79.0625161617629,84.240021487559,-5152.54043072616
5424.39323977152,5418.50449874616,5041.79298920732,-376.711509538856,5043.50649396524,438.653055525795,432.764314500442,56.0528049615856,57.766309719505,-5362.45169378457
5461.52722195469,5450.13287035251,5055.30709013467,-394.825780217838,5080.48360064484,432.911647701033,421.517296098833,26.6915158809989,51.8680263911742,-5423.4413544715
5472.16258462681,5461.88829094788,5068.22482032831,-393.663470619578,5123.974084556,396.787078520469,386.512784841562,-7.15068577801311,48.5985784496633,-5469.0389767259
5585.18095982914,5582.20414479201,5204.58533539565,-377.618809396356,5279.44351553465,336.752169490103,333.775354452978,-43.8434549433793,31.0147251956207,-5626.04759973539
5610.16737936559,5621.07964489563,5245.32419720246,-375.75544769318,5348.19192893904,286.833774354188,297.746039884237,-78.0094078089416,24.8583239276453,-5699.08905270457
5479.59147593182,5511.36589964303,5162.88233894026,-348.483560702773,5312.98202023768,205.742831591115,237.517255302317,-110.966305400458,39.1333758969815,-5622.33220504348
5398.247665771,5456.5507241611,5160.38870718556,-296.162016975562,5348.0611474167,97.0524070443385,155.355465434435,-140.806551541123,46.8658886900473,-5597.35727570222
5398.17246474965,5487.76537550848,5226.69550620446,-261.069869304041,5435.07654071865,7.01862883508629,96.6115395939262,-164.458329710106,43.9227048040948,-5652.2237052186
5275.98854847887,5401.55604021149,5178.76680680997,-222.789233401531,5416.13288236447,-82.5102402202792,43.0572515123459,-179.731981889184,57.6340936653298,-5581.28802210067
5040.3479885015,5204.84175071374,5030.25791972223,-174.583830991514,5305.22409153334,-177.695599307807,-13.2018370955704,-187.785668087081,87.1805037240181,-5392.62741880082
4906.316040765,5110.0078650079,4999.84034908406,-110.167515923837,5289.48714156988,-278.893367411476,-75.2015431685864,-185.369059092423,104.277733393405,-5295.37692410031
4865.91701064955,5107.12086444965,5048.71727032165,-58.4035941280165,5328.90542211468,-352.775855622243,-111.572001822114,-169.975595950127,110.212555842905,-5277.09646039978
4716.24824866076,4992.3486659681,4955.08905346944,-37.2596124986783,5233.2212345808,-384.921723288227,-108.821305980864,-146.080918479541,132.051262631817,-5138.42958444765
4513.81329598847,4820.47145129961,4819.18742338711,-1.28402791251477,5095.59766023085,-419.420873488508,-112.76271817735,-114.046746089866,162.363490753878,-4934.51819738948
4456.17704656378,4787.21596745777,4827.60422294425,40.3882554864855,5079.19826564639,-448.160461175007,-117.121540281021,-76.7332847945368,174.860757907604,-4863.9492522523
4493.26458628376,4841.94322071542,4891.28742809852,49.3442073830983,5102.25378448283,-432.998852299551,-84.3202178678974,-34.9760104848048,175.99034589951,-4876.9192312002
4432.53441782706,4792.25876349507,4856.58665826745,64.3278947723747,5039.90314241189,-416.35843025466,-56.6340845866474,7.69381018572851,191.010294330159,-4784.56495330936
4356.0393746396,4719.46729592673,4806.88682656709,87.4195306403384,4965.65021143064,-400.705568160199,-37.2776468730622,50.1418837672791,208.905268630838,-4669.32541215946
4447.29998468279,4806.84240390817,4885.97427109726,79.1318671890881,4998.48429112988,-346.166885333218,13.3755338921597,92.5074010812457,205.017421113865,-4714.33500282692
4626.89846154434,4975.91490648063,5017.68938949521,41.7744830145777,5074.21306506511,-257.683578366635,91.3328665696576,133.107349584236,189.631025154127,-4842.80755689639
4678.51948872676,5012.01220362329,5026.26379321762,14.2515895943196,5048.19467811223,-178.471312148278,155.021402748271,169.272992342592,191.203877237212,-4842.7392112807
4692.88179974443,5006.39004044122,4997.68365894339,-8.70638149783678,4994.49151302111,-103.910637099231,209.597603597565,200.891222099725,197.699076177456,-4805.49881834149
4717.94727315429,5007.71551548747,4972.23955393767,-35.4759615498081,4945.81649866115,-25.453735078586,264.314507254587,228.838545704773,202.41549042826,-4778.87696978268
4763.9682687795,5026.42783734249,4946.44795412937,-79.9798832131331,4898.01727085115,69.8748858730948,332.334454436107,252.354571222965,203.923887944767,-4774.07326611952
4860.18994676759,5092.5888142904,4968.96103088757,-123.627783402823,4895.6887242348,162.771627335041,395.170494857857,271.54271145503,198.270404802261,-4821.04610283536
5039.75485636891,5240.49045595674,5084.83174200665,-155.658713950113,4977.31071253086,243.536588983696,444.272188571541,288.613474621425,181.092445145632,-4951.87698133531
5279.81368834698,5448.50081805542,5280.07684680225,-168.423971253166,5133.21330934971,301.943633365451,470.630763073884,302.206791820717,155.343254368176,-5146.29402623469
5521.86545623807,5658.70100740975,5500.30931384983,-158.39169355993,5318.09868732331,332.707529143426,469.543080315111,311.151386755174,128.940760228657,-5347.54962065456
5648.45156122565,5755.02865390828,5603.54761201013,-151.481041898154,5404.61537854936,361.232469585508,467.809562268146,316.328520369987,117.396286909227,-5438.70013353829
5757.75098344592,5836.0437819358,5685.53547840254,-150.508303533272,5474.8439709707,390.687423255051,468.980221744925,318.47191821165,107.780410779816,-5517.57186372415
5842.73561908317,5894.8474995173,5757.04616853218,-137.801330985127,5539.52107568798,404.283387290914,456.395267725055,318.593936739924,101.06884389573,-5576.25356277737
5889.77757759848,5917.54197226987,5804.53538314644,-113.006589123413,5587.75839850279,401.336347709153,429.100742380516,316.094153257101,99.3171686134355,-5601.44781901277
5926.64603429434,5932.22517451091,5832.77517827047,-99.4499962404589,5616.87384381465,408.655464315253,414.234604531821,314.784608291361,98.8832738355644,-5617.44056621953
5962.31449247739,5947.52238893599,5894.03148452806,-53.4909044079338,5678.88596866264,382.060189018391,367.268085476993,313.777181069058,98.6316652036221,-5633.74520786693
6003.9081056997,5970.11013113009,5970.51078245484,0.400651324743905,5757.08376913932,344.463037627084,310.665063057476,311.065714382218,97.6387010667032,-5659.04441674787
6070.42367689953,6018.27778952967,6064.27221594521,45.9944264155213,5850.95823700405,312.976074081896,260.830186712023,306.824613127545,93.510634186398,-5711.45317640212
6197.32707769736,6126.98573985177,6213.4962364356,86.5104965838169,5992.54548829467,286.210147839302,215.868809993705,302.379306577522,81.4285584366066,-5824.60643327424
6343.62295117953,6254.59724242038,6377.27807110922,122.680828688813,6148.81772288258,261.473270417017,172.447561657876,295.12839034669,66.6680421200619,-5959.46885207369
6520.29800024024,6412.66311023751,6578.1502428152,165.487132577673,6343.08490727817,224.871116377039,117.236226374314,282.723358951985,47.6580234149784,-6129.93975128552
6722.22578759461,6596.3989879296,6791.67269084439,195.273702914786,6549.85478487124,197.307873995294,71.4810743302858,266.754777245074,24.9368712719194,-6329.64421068453
6922.8376121866,6779.4146171496,6984.38445805396,204.969840904355,6735.54129417783,189.286890337312,45.8638953003103,250.833736204667,1.99057232854172,-6528.58088094493
7065.67000829056,6905.45798615462,7131.34714369728,225.889157542646,6886.73991680386,165.160136659356,4.948114523415,230.837272066066,-13.7699548273511,-6674.62071408855
7128.19984202323,6952.97649664591,7206.97548037206,253.998983726157,6983.10826269695,125.480971546302,-49.7423738310277,204.25660989513,-19.6106077799909,-6748.71988675077
7090.00769364126,6902.1846830603,7151.6439283133,249.459245253003,6964.46504093162,112.733961546016,-75.0890490349382,174.370196218071,-12.8086911636244,-6727.81448684222
7032.05754798605,6834.31351777643,7079.69035612093,245.376838344481,6933.99285291687,93.8850398366093,-103.858990372988,141.517847971497,-4.17965523256886,-6692.79566980494
6982.40042480566,6777.93606665789,7033.64046303151,255.70439637361,6933.85909292166,50.8896137131365,-153.574744434645,102.129651938964,2.34828182910712,-6675.80641471894
6975.70019998008,6768.86452669979,6991.70389633197,222.839369632172,6937.41697575337,40.3946098345476,-166.441063445748,56.3983061864314,2.11138560784905,-6712.46622051336
7021.12473205079,6817.19785767042,6985.26896056102,168.071102890627,6972.39959588593,42.6304345802388,-161.296439800145,6.77466309048549,-6.09470158463474,-6810.42319457992
7071.63890281468,6877.01862823445,6975.74953107286,98.7309028384012,7005.75868381479,49.9485072662471,-144.671767313956,-45.9408644755538,-15.9317117336244,-6922.95949271001
7078.86091316452,6901.29252806125,6926.88968209425,25.597154033001,7006.46448962279,51.3446762778322,-126.223708825431,-100.626554792428,-21.0517472639016,-7001.91908285368
7016.41659708838,6864.14845646217,6828.70435883743,-35.4440976247355,6967.57264254503,31.072087272741,-121.196053353461,-156.640150978191,-17.7718672706068,-7020.78860744037
6855.14801318355,6736.84276546632,6654.67002105762,-82.1727444087019,6862.65487504721,-9.44790615795331,-127.753153875174,-209.925898283872,-1.94104429428722,-6946.7686637502
6639.61169856725,6563.35720926159,6439.9124055443,-123.444803717304,6719.24984208694,-58.9868005223188,-135.241289827966,-258.686093545261,20.6513429973956,-6822.04330280685
6409.32560253839,6383.41878672263,6233.92561453658,-149.493172186059,6580.19931255569,-126.077573154296,-151.984388970053,-301.477561156109,44.7961368630154,-6684.89634787874
6215.11116535237,6246.52225492817,6081.33243232491,-165.189822603266,6479.00387740542,-199.751442158477,-168.340352582685,-333.530175185951,64.1412698945788,-6580.05243011411
6090.66739509708,6185.28891669002,6023.79895970735,-161.489956982674,6449.58056041856,-284.227195228088,-189.605673635142,-351.095630617814,74.6859700934023,-6536.38454730784
6027.94939853018,6190.24214388258,6054.85679453725,-135.385349345328,6486.64640558159,-380.913912295039,-218.621166942635,-354.006516287963,77.783094756386,-6544.24866017054
5976.70189464176,6209.63539483295,6106.7193435894,-102.916051243529,6527.82710203508,-470.77572941089,-237.842229219711,-340.758280463242,80.3494779824371,-6550.39367529616
5910.92339690009,6214.87607747809,6191.84538016528,-23.0306973128028,6591.2108575613,-594.064232764975,-290.111552186997,-313.142249499804,86.2232278962254,-6528.01832697788
5816.66893909476,6189.32156538095,6257.91079821062,68.5892328296692,6627.51543612235,-713.193119552161,-340.54049326595,-271.951260436283,97.6533774754365,-6461.27282581724
5663.62428649534,6101.10042543233,6275.28792865305,174.187503220713,6613.92075941172,-831.793408077683,-394.317269140681,-220.129765919967,118.503064838729,-6321.23019135231
5514.6852681892,6011.20641072331,6272.63957700862,261.433166285313,6569.80396104833,-914.616126158098,-418.094983623994,-156.661817338675,140.502566701028,-6167.86822806198
5365.78196940689,5914.03236506436,6265.12642255302,351.094057488654,6513.15373720316,-982.863080371615,-434.612684714123,-83.5186272254708,164.508687424676,-5997.55099228984
5209.59231546863,5800.35251739795,6238.21994570587,437.867428307932,6429.66693039875,-1028.51967734142,-437.759475412112,0.107952895819547,191.554937588703,-5800.24456450213
5088.18148960519,5711.00204518908,6211.5692796732,500.567234484123,6337.49930176798,-1033.56580140578,-410.745245821889,89.8219886622327,215.752010757007,-5621.18005652685
5041.98056416034,5685.4599935796,6220.81951052891,535.359516949299,6273.36895741741,-999.802995172623,-356.323565753358,179.035951195937,231.585398084441,-5506.42404238368
5099.63952245402,5751.62360141087,6325.10088104223,573.477279631357,6294.61856549632,-959.754313085557,-307.770234128685,265.707045502669,235.224729956772,-5485.91655590821
5242.33197158752,5890.1709688235,6500.84405161927,610.673082795757,6379.48869383295,-908.127633235958,-260.288635999984,350.384446795775,229.029089009471,-5539.78652202773
5406.36608924153,6038.10965977913,6611.32090739003,573.211247610878,6401.76907402353,-774.409761711776,-142.666191174159,430.545056436716,220.993223070241,-5607.56460334243
5547.51404610498,6152.19571731905,6689.9901532314,537.794435912332,6407.13138206538,-642.968452840181,-38.286781626095,499.507654286232,216.64888312023,-5652.68806303283
5625.46837333895,6193.74015515866,6693.91837731189,500.178222153231,6360.47641790909,-513.795305632017,54.4764761876984,554.654698340933,221.212738938148,-5639.08545681772
5620.76124975908,6144.88060284694,6573.25836659788,428.377763750943,6210.91283184747,-353.203125880159,170.916227207702,599.293990958649,236.948456208241,-5545.58661188828
5606.66448634179,6080.04535282993,6401.89118017233,321.845827342405,6021.2346376014,-160.850468005506,312.530398482638,634.376225825042,253.719683254105,-5445.66912700488
5608.28333622617,6025.15435674054,6263.74393447162,238.589577731083,5878.02718762663,-1.60668901668328,415.264331497699,653.853909228776,268.137162383785,-5371.30044751177
5684.35113010126,6040.6795736197,6202.38661070957,161.707037089879,5812.60974368327,143.93240923639,500.260852754827,661.9678898447,272.191022818408,-5378.711683775
5857.4187938258,6150.76875112747,6230.76471957142,79.9959684439261,5831.56267606551,288.527765705451,581.877723007135,661.873691451058,262.671647945166,-5488.8950596764
6072.65303812742,6301.78035094193,6262.21710462476,-39.5632463171739,5855.9797160263,463.303714747362,692.431027561881,652.867781244705,246.630392646245,-5648.91256969723
6294.87961141565,6459.4296830657,6301.70261799333,-157.727065072393,5899.96366805883,623.787281993642,788.337353643696,630.610288571302,228.871338636817,-5828.8193944944
6485.38023183455,6587.58167318566,6316.74611873685,-270.835554448828,5930.96113419856,768.770867779966,870.972309131085,600.136754682255,214.351770143973,-5987.44491850341
6534.92901748248,6578.68045583534,6194.89048353373,-383.789972301602,5842.57862178856,909.842690618826,953.594128971666,569.804156670064,217.492294924907,-6008.87629916526
6548.72132561345,6537.0867692428,6040.75397723164,-496.332792011171,5726.33170418307,1046.62576037994,1034.99120400929,538.658411998118,224.236138949554,-5998.42835724467
6700.85908004536,6636.19169903112,6058.00142904098,-578.190269990133,5763.84594766948,1148.47033315802,1083.80295214377,505.612682153634,211.457200782129,-6130.57901687748
6945.44730638527,6830.55870641458,6176.24703549336,-654.311670921234,5890.27059216293,1240.45396116991,1125.56536119923,471.253690278001,185.277246947577,-6359.30501613657
7097.58356120828,6936.23281179536,6227.07978236978,-709.153029425605,5960.54591797345,1307.468315222,1146.1175658091,436.964536383493,170.430671987168,-6499.26827541187
7086.94811785843,6882.52155935565,6130.43140689487,-752.090152460796,5904.70242237753,1358.48081646455,1154.05425796178,401.964105500987,176.235120983664,-6480.55745385466
7069.75424405383,6826.01341363294,6048.65978811401,-777.353625518973,5865.65861344543,1385.85693660667,1142.1161061858,364.762480666832,181.761305998281,-6461.25093296612
7164.41300535817,6884.67747302279,6117.8167794287,-766.860693594099,5959.92570500358,1375.77782874545,1096.04229641006,329.181602815971,171.290528390869,-6555.49587020679
7306.31479583819,6993.74528116101,6277.88569095657,-715.859590204437,6133.7398603448,1325.95810761779,1013.38859294059,297.529002736158,153.383172124391,-6696.21627842484
7321.44319682051,6979.76183327811,6356.80546478637,-622.956368491757,6243.13486720043,1229.45180602727,887.770442484866,264.814073993116,151.14347640719,-6714.947759285
7182.46232636408,6815.88322658094,6300.9324094356,-514.950817145346,6239.5249838484,1111.11869805078,744.53959826764,229.588781122295,168.181355535087,-6586.29444545864
7055.57693145627,6667.76018313232,6280.17543111083,-387.584752021487,6271.40185314664,966.617343380869,578.800595056921,191.215843035443,182.442265071238,-6476.54434009687
7062.39101072176,6657.22220265957,6368.63012177852,-288.592080881064,6396.35694739959,843.743704565169,438.574896502996,149.982815621935,177.709641243009,-6507.23938703765
7099.03294832042,6681.57119016241,6459.6278133781,-221.94337678433,6522.9441658832,743.882693383564,326.420935225574,104.477558441245,167.793910946332,-6577.09363172119
7126.59499346128,6701.26921909427,6512.14099327145,-189.128225822837,6614.32233494599,670.09345966762,244.767685300634,55.6394594777992,157.820801152349,-6645.62975961647
7121.51049891634,6693.66251041744,6560.09996100392,-133.562549413538,6709.46771022495,562.879036370015,135.031047871121,1.46849845758804,150.836247678612,-6692.19401195985
7065.00020848329,6641.24625073581,6542.40113055206,-98.8451201837562,6749.4384985243,464.838981976242,41.0850242287647,-57.76009595499,149.277272017238,-6699.0063466908
6936.51599244845,6524.83141775673,6434.4291927724,-90.4022249843408,6713.95248335619,378.378250682896,-33.3063240088231,-123.708548993163,155.814741590622,-6648.53996674989
6659.77323476216,6268.52441336492,6190.06943193948,-78.4549814254455,6564.87130183676,275.829411256935,-115.419410140296,-193.87439156574,180.927478331523,-6462.39880493067
6428.38081339598,6066.2303951824,5996.78237580356,-69.4480193788393,6461.12044257466,166.247453276375,-195.902964937206,-265.350984316042,198.987082455041,-6331.58137949846
6296.88976021842,5973.88528860034,5889.44124201356,-84.4440465867863,6429.13552272035,70.4475637182423,-252.55690789981,-337.000954486594,202.693326220187,-6310.88624308694
6180.76386306193,5908.006181326,5786.50157422705,-121.50460709897,6396.14688937787,-11.6852216750315,-284.442903410953,-405.947510509922,203.697804640919,-6313.95369183592
6108.00109437324,5895.28627806085,5731.69807629543,-163.588201765422,6406.19753263231,-99.4507064160133,-312.165522728386,-475.753724493808,198.745731843077,-6371.04000255466
6063.63055434868,5920.5721393793,5726.89567032278,-193.676469056526,6459.38936408658,-205.640157129411,-348.69857209878,-542.375041155306,190.118652608497,-6462.94718053461
6023.79318830328,5960.42865438888,5722.97994068311,-237.448713705779,6504.06463876223,-299.201771083079,-362.56630499747,-600.015018703245,181.069679375876,-6560.44367309212
5972.02402744858,5996.26868245401,5694.845166659,-301.423515795014,6513.9708073325,-367.630129055126,-343.385474049691,-644.808989844705,174.316650828809,-6641.07767229872
5859.60817168947,5977.38912590056,5654.57059008131,-322.818535819223,6510.49981939157,-474.09855868372,-356.317604472646,-679.136140291866,176.793089018372,-6656.52526619241
5667.41452401371,5882.72992147976,5556.12099944993,-326.608922029825,6442.43298819958,-583.569624691893,-368.254227225855,-694.863149255683,191.448839493962,-6577.59307073543
5469.56149602986,5783.61931619954,5441.54045282313,-342.078863376405,6340.03697089081,-661.773988721287,-347.716168551618,-689.795031928027,208.701486139662,-6473.41434812756
5270.57216198937,5681.58621908193,5325.63868463885,-355.947534443078,6221.47767358394,-722.664121173502,-311.650064080945,-667.597598524022,228.24139042107,-6349.18381760595
5101.04140300903,5604.38340765755,5277.87000584152,-326.513401816021,6154.78720263517,-807.438175333965,-304.09617068545,-630.609572501473,246.307624292192,-6234.99298015901
4970.20066023826,5558.67479435003,5270.75730467598,-287.917489674055,6106.7813848394,-874.732903133257,-286.258769021491,-574.176258695543,261.847821467882,-6132.85105304557
4910.24632368577,5574.66740231039,5334.68671873521,-239.980683575158,6107.23509338421,-926.382844579757,-261.961765955161,-501.942449530315,270.605925118688,-6076.60985184068
4947.19126416231,5675.60627997782,5463.40396474641,-212.202315231385,6150.47290286897,-934.143272526926,-205.728256711444,-417.930571942831,269.138366179742,-6093.53685192062
5028.9916649882,5808.06931744508,5647.90865349795,-160.160663947119,6234.75413672925,-941.650957507657,-162.573305050784,-322.733968997906,264.111514233394,-6130.803286443
5166.84881985741,5982.96179288234,5893.9845212655,-88.9772716168331,6368.15242090701,-947.512679569346,-131.399706544424,-220.376978161257,253.790921480265,-6203.33877104359
5407.07635340647,6246.30701627006,6237.52523438075,-8.781781889301,6580.03169687106,-941.217802937316,-101.987140073732,-110.768921963037,231.73754052727,-6357.07593823309
5629.18838316711,6477.63517261982,6535.64632805158,58.0111554317655,6748.23489115053,-905.232796325062,-56.7860068723619,1.22514855940179,213.813711658362,-6476.41002406042
5731.61107737826,6575.83819920935,6696.06186300948,120.223663800127,6796.46106522503,-851.599689396339,-7.3725675652496,112.851096234876,213.250298450444,-6462.98710297449
5792.5882090179,6620.23008879519,6795.77926752393,175.549178728737,6796.03346931521,-784.36439630212,43.2774834751694,218.826662203905,219.080863995192,-6401.40342659129
5951.0100748941,6750.72193431422,6970.10289823715,219.380963922947,6867.19153223337,-703.800053717516,95.9118057025837,315.292769625531,212.381403621746,-6435.42916468867
6227.56969706728,6988.60996261089,7196.45607547073,207.846112859851,6984.60680259088,-566.725822305458,194.314443238145,402.160556097989,190.311283218151,-6586.44940651288
6525.43153165951,7239.24909168355,7420.09542259117,180.846330907629,7105.41753198809,-414.396166986646,299.42139303737,480.267723944996,165.589833341909,-6758.98136773856
6688.34552561241,7349.40422473939,7498.69281891616,149.288594176781,7112.4053869441,-265.437719464446,395.62097966253,544.90957383931,158.622141867239,-6804.49465090008
6706.75291843295,7311.29351283004,7434.47378092354,123.180268093497,7006.4888195301,-129.367782647417,475.17281174966,598.353079843149,170.368118449733,-6712.94043298688
6693.09888393019,7238.23289415241,7327.65711490272,89.4242207503162,6872.98985688987,5.78266477320398,550.916674995424,640.340895745741,185.673637732879,-6597.89199840667
6809.66303817303,7292.57977352227,7353.11903421713,60.5392606948658,6863.89228134579,128.77902242927,611.695757778491,672.235018473354,183.008265602008,-6620.34475504891
7011.66409099307,7431.44374205956,7464.07100723007,32.6272651704858,6937.6184190387,242.213419777311,661.993070843799,694.620336014285,168.167747822931,-6736.82340604528
7171.61028620673,7529.60782401367,7510.78785192022,-18.8199720934277,6962.2240529817,367.366905334061,725.364443140986,706.54447104755,157.98067210902,-6823.06335296611
7218.33164228063,7516.92976188175,7437.76919665765,-79.1605652241084,6889.56132287356,490.696660445764,789.294780046899,710.134214822786,161.926341038708,-6806.79554705896
7237.57460893174,7477.31056229262,7343.08847381506,-134.222088477555,6802.93849616683,603.625048462827,843.361001823708,709.138913346153,168.988935697918,-6768.17164894646
7170.98400002504,7353.49746412201,7147.91503973265,-205.582424389356,6634.86481575543,722.826306639957,905.33977073694,699.757346347587,186.707122370348,-6653.74011777443
7074.5802406414,7201.10615323051,6923.29895300012,-277.807200230383,6443.20376673482,838.914293903385,965.440206492492,687.633006262112,207.537819996793,-6513.4731469684
6977.51452339412,7049.32484024648,6746.45014416499,-302.874696081502,6302.5560021923,902.666664624349,974.476981476717,671.602285395218,227.708143422519,-6377.72255485128
6907.07328773017,6924.78675098677,6604.01228910699,-320.774461879783,6199.70489366332,951.105411337625,968.818874594231,648.044412714445,243.737017270791,-6276.74233827231
6906.32086315638,6871.56270997104,6538.62021421194,-332.942495759087,6175.18820123163,980.903779179379,946.145625994031,613.203130234946,249.771117254639,-6258.35957973609
6965.95615010119,6881.51725556721,6551.40706150152,-330.110194065697,6226.35660723887,986.505030276215,902.066135742235,571.955941676542,246.905487413897,-6309.56131389067
7103.86104148989,6972.87938608653,6678.23958215343,-294.639803933123,6381.96261868994,954.621885610589,823.640230207228,529.000426274107,232.723462810642,-6443.87895981244
7264.09007221513,7089.85003141863,6843.85232872878,-245.997702689864,6577.29726592257,901.549932613952,727.309891817454,481.312189127592,214.757126321389,-6608.53784229106
7413.87536238728,7199.61158684239,6997.57126981806,-202.04031702433,6762.62001751004,848.584351358217,634.320575813314,432.280258788993,197.329006480974,-6767.33132805339
7539.55349397929,7288.58406883027,7143.33627880391,-145.247790026378,6942.97753239157,778.733005769114,527.76358062009,382.515790593718,182.157044181399,-6906.06827823656
7616.42055893231,7332.68528291639,7217.91651823775,-114.768764678638,7059.85476144951,728.977478873731,445.242202857794,330.473438179157,172.41168139091,-7002.21184473723
7627.94554412258,7316.59212647776,7201.23412549677,-115.358000981001,7099.06129857068,699.03109257983,387.677674935001,272.319673953996,170.146847027919,-7044.27245252376
7585.47142921507,7252.50831967487,7149.82204163896,-102.686278035917,7110.49630394131,648.781800191701,315.818690651502,213.132412615585,173.806674917946,-7039.37590705928
7460.67568358216,7112.23074167626,7057.91729909086,-54.313442585407,7089.46623583306,558.411478830535,209.966536924653,155.653094339249,187.20203108145,-6956.57764733702
7300.69830339468,6942.34405805146,6927.29532124134,-15.0487368101255,7032.73737489823,472.080355592216,113.726110248984,98.6773734388629,204.119427095749,-6843.66668461261
7123.39277556187,6761.9398301665,6782.19473827289,20.2549081063847,6963.66457659598,381.889871835021,20.4369264396509,40.6918345460371,222.161672869131,-6721.24799562047
6969.62330337783,6611.93100723915,6640.59037522736,28.659367988217,6888.10680840251,317.635579151815,-40.0567169868561,-11.3973489986358,236.119084176503,-6623.32835623779
6875.23614279371,6527.29520916006,6571.6120383957,44.3168292356522,6870.60280845414,245.975859649941,-101.965073983721,-57.6482447480672,241.342525310365,-6584.94345390812
6836.30728090439,6505.20588692768,6578.60535414398,73.3994672163101,6923.35865248589,150.999148423187,-180.102245553538,-106.702778337224,238.050520004692,-6611.9086652649
6859.28363053368,6552.52838085911,6649.73638346065,97.2080026015383,7031.41044680985,53.3610454567064,-253.39420421787,-156.186201616328,225.487861732865,-6708.71458247545
6925.79571531965,6650.33241834401,6749.87913214057,99.5467137965725,7156.78462459658,-24.4088840973781,-299.872181073041,-200.325467276466,206.580025179541,-6850.65788562047
7009.85654000309,6772.52585927426,6858.3086339959,85.7827747216454,7282.17919606464,-87.2964607426327,-324.627141471467,-238.844366749816,185.026195318913,-7011.37022602406
7081.21673712833,6888.9648228498,6927.9137529841,38.9489301342855,7366.91913235756,-120.876477519743,-313.128391798282,-274.179461663985,164.825917709495,-7163.14428451379
7109.78737651483,6968.32048693134,6965.81449423895,-2.5059926923749,7421.15655314567,-161.142422103123,-302.60931168662,-305.115304378992,150.226754527721,-7273.43579131031
7068.55417064451,6983.09929188449,6951.32631148589,-31.7729803985965,7427.60494305569,-213.862206058666,-299.317084818697,-331.090065217301,145.188566352505,-7314.18935710177
7017.42321774829,6992.20342603878,6929.33677218833,-62.8666538504734,7416.20529271432,-256.715654644384,-281.935446353878,-344.802100204352,142.06642032164,-7337.00552624314
6952.63459169758,6990.28743645518,6916.51932113813,-73.7681153170686,7403.62632085962,-309.331491673493,-271.678646915878,-345.446762232951,141.660237488555,-7335.73419868814
6860.38022353874,6961.33253537067,6875.55829200546,-85.7742433652206,7356.89622847998,-350.4474770071,-249.495165175151,-335.269408540364,146.068527934153,-7296.60194391105
6679.44663430054,6842.82273159092,6761.31660263862,-81.5061289523076,7242.11577632051,-399.260398048526,-235.884300758133,-317.390429710438,163.408743971453,-7160.21316130136
6466.51833508053,6690.68244160485,6626.36802900934,-64.3144125955159,7104.15643601305,-451.362714318313,-227.198607793989,-291.513020389493,186.27538661422,-6982.19546199435
6264.62774331913,6546.94732819542,6496.7287209507,-50.2186072447175,6969.64803625865,-495.917258243244,-213.597673366972,-263.816280611692,209.103034696273,-6810.7636088071
6108.11625878234,6445.19752380114,6405.17981305218,-40.0177107489471,6864.44902289342,-528.849693715904,-191.768428697102,-231.78613944605,227.483070395185,-6676.98366324718
6021.12007230661,6408.77176606538,6399.7606733608,-9.01109270460123,6833.1526135767,-573.895844184256,-186.244150425482,-195.255243130085,238.136697085821,-6604.02700919547
6049.03253644954,6482.69865648827,6475.36167179578,-7.33698469248352,6868.28428710102,-584.181044234611,-150.514924195908,-157.8519088884,235.070706416847,-6640.55056537665
6141.59928269912,6615.52012364131,6581.01487510004,-34.5052485412518,6926.27323967027,-559.881213760933,-85.9603728187466,-120.465621360007,224.792743210226,-6735.9857450013
6293.97329774719,6801.28060334311,6721.03971856513,-80.2408847779931,7013.29412930599,-511.695344928121,-4.38803933219906,-84.6289241101975,207.625486630683,-6885.9095274533
6494.01227616746,7027.60526106106,6926.59728178669,-101.007979274349,7159.45036537455,-480.170152629495,53.4228322640938,-47.5851470102552,185.267936577596,-7075.19040807129
6708.58050220786,7261.4465027292,7147.20601449013,-114.240488239082,7319.69794330589,-448.938597137396,103.927403383945,-10.3130848551345,162.178843960638,-7271.75958758434
6925.43088829464,7490.75892368687,7344.86127016855,-145.89765351831,7457.82585377481,-392.668585259809,172.6594501324,26.761796614078,139.726380220351,-7463.99712707277
7113.77526748822,7685.99759471723,7482.29558927831,-203.702005438912,7540.26484330161,-304.777670830606,267.444656398379,63.7426509594663,121.711904982769,-7622.25494375777
7300.669714225,7875.34664696768,7631.86583308728,-243.480813880404,7636.77501675561,-231.922337612724,342.754595129947,99.2737812495393,104.182964917873,-7776.07286571814
7477.33524384193,8051.32429540012,7777.44552962452,-273.878765775617,7736.01743703193,-170.513519733497,403.475531824699,129.596766049081,88.1686734565076,-7921.72752935104
7633.14702951924,8203.51530139254,7945.23726425905,-258.278037133503,7861.02548054497,-152.803593198357,417.564678674962,159.286641541458,75.0748578273786,-8044.2286598511
7750.05823484385,8312.89113211299,8083.38862321581,-229.502508897178,7958.16205870446,-140.624351959765,422.208545309366,192.706036412192,67.4794719008297,-8120.1850957008
7805.52250411144,8356.80118394416,8123.63881650949,-233.162367434678,7967.48024248206,-93.5032844348508,457.775395397875,224.6130279632,68.4544539357716,-8132.18815598096
7775.46043300715,8312.78677999833,8039.68568283565,-273.101097162667,7873.37268548246,-17.1716980058202,520.154648985351,247.053551822685,80.7405544694857,-8065.73322817564
7703.01039323199,8224.49927994564,7935.44239499444,-289.056884951215,7764.94203572702,36.4208933194191,557.909780033074,268.852895081857,98.3525358144421,-7955.64638486378
7613.38657696011,8116.18826022687,7822.74748877006,-293.440771456832,7646.43126550244,85.2231470254812,588.02483029227,294.584058835434,118.267835567819,-7821.60420139146
7533.410532988,8014.58597485531,7702.71895652593,-311.867018329386,7521.56313209947,148.858587313969,630.034029181274,318.167010851887,137.011186425418,-7696.41896400343
7534.45892588363,7991.3387921907,7646.97906017336,-344.359732017331,7452.60072885633,226.53732663778,683.417192944841,339.057460927502,144.679129610475,-7652.28133126319
7558.33695794906,7988.40778472944,7598.79384544375,-389.61393928568,7388.2933750068,318.852619814677,748.923446595055,359.309507309369,148.809036872401,-7629.09827742006
7627.76272632869,8027.69130360567,7610.45472747482,-417.236576130859,7380.38222582773,394.101288174673,794.029865451658,376.793289320795,146.720787673707,-7650.89801428488
7796.15678440714,8163.74385142834,7725.75589512807,-437.987956300254,7469.6333386431,457.538789278822,825.125856299998,387.137899999743,131.015343514781,-7776.60595142858
8035.30451521766,8370.21898196713,7918.86430676057,-451.354675206564,7635.12712772422,505.404139784634,840.318606534078,388.96393132752,105.226752291179,-7981.25505063961
8275.20373541387,8578.62402771052,8114.68303102168,-463.94099668883,7807.59902504776,546.097807654503,849.518099951146,385.577103262314,78.4930972883908,-8193.0469244482
8507.88192793488,8781.05288982415,8330.0676709589,-450.985218865241,8003.08017253421,556.834400369963,830.005362259223,379.020143393986,52.0326449692866,-8402.03274643017
8704.45441900637,8948.50438460583,8534.03284961366,-414.471534992166,8192.35080742597,541.835654806479,785.88562040594,371.414085413775,29.7320432260735,-8577.09029919205
8866.68465168541,9083.36949973144,8713.28287730837,-370.086622423081,8363.95993839459,513.965837041266,730.650685087298,360.564062664219,11.2411237504441,-8722.80543706721
8954.01998998269,9145.76946746669,8819.18138530536,-326.588082161349,8475.78525556896,480.456883227652,672.20636071165,345.618278550297,2.22214881389335,-8800.15118891639
8951.80903262023,9120.77948628157,8827.80575305759,-292.973733223985,8501.18308970332,455.611197556997,624.581651218338,331.607917994349,4.98525464007921,-8789.17156828722
8863.51342434626,9011.75561917414,8744.2623500944,-267.493269079746,8444.02326031321,438.483785512855,586.725980340737,319.232711260991,18.9936214798142,-8692.52290791315
8725.60037904824,8855.7762471869,8620.84260551394,-234.933641672948,8355.24943989492,409.539518807614,539.715386946259,304.781745273311,39.1885796542946,-8550.99450191356
8562.92423605158,8677.12637770006,8476.59300912246,-200.53336857761,8249.47573208755,375.886850547994,490.088992196479,289.555623618864,62.4383465839653,-8387.57075408119
8398.76320511707,8498.94732516915,8321.98992419615,-176.957400973005,8135.12745353492,349.072823187744,449.256943239803,272.2995422668,85.4370716055809,-8226.64778290234
8287.89059465152,8376.54644369709,8240.53430392606,-136.012139771025,8091.06771785272,297.575461790654,386.231310836216,250.219171065189,100.752584991842,-8126.3272726319
8201.91307840914,8282.00141838534,8201.47651851337,-80.5248998719788,8087.3508431236,226.616287413318,306.70462738951,226.179727517532,112.054052127769,-8055.82169086781
8173.75535959181,8248.55123988873,8225.97807574668,-22.5731641420501,8139.99499669959,148.88595501776,223.681835314662,201.108671172614,115.125592125539,-8047.44256871611
8214.36563976055,8285.93278212344,8285.48413900141,-0.448643122026548,8214.07797266333,108.738127488133,180.305269851,179.856626728974,108.450460390895,-8106.07615539445
8277.58733507843,8347.18171079051,8344.69749190893,-2.48421888157135,8280.49456074759,95.6985545782114,165.29293029027,162.808711408701,98.6057802473563,-8184.3729993818
8372.06331038687,8440.30945034977,8442.97847103147,2.66902068169865,8382.80968984296,74.0484376507132,142.29457761359,144.96359829529,84.7948171067871,-8295.34585205447
8525.27213619618,8592.00854679637,8593.89072323278,1.88217643640667,8531.55111417157,57.1732986177272,123.909709217899,125.791885654305,63.4522765931124,-8466.21666114205
8709.95272814077,8774.8532214663,8738.04554418273,-36.807677283557,8671.20543918801,76.7744313757192,141.674924701238,104.867247417683,38.0271424229607,-8669.98597404861
8914.81338477679,8979.61357015248,8918.3061661043,-61.3074040481766,8843.09299243475,81.5623688819448,146.362554257615,85.0551502094431,9.84197653990369,-8894.55841994302
9107.71896381542,9175.29422540069,9106.5902389327,-68.7039864680038,9021.53728901998,69.5583687843289,137.133630369591,68.4296439015838,-16.6233060111293,-9106.86458149911
9246.93764252054,9319.71431537001,9244.06068727057,-75.6536280994377,9150.00141714684,61.3122272117166,134.088900061178,58.4352719617447,-35.6239981619878,-9261.27904340827
9337.20776223464,9416.00185856714,9359.03463107094,-56.9672274961922,9256.03964150468,33.5126357245677,112.306732057074,55.3395045608876,-47.6554850053831,-9360.66235400624
9325.95363262558,9412.46259288435,9397.3891414932,-15.0734513911427,9291.19030673454,-11.0294337659541,75.4795264928164,60.4060751016709,-45.7927596569797,-9352.05651778266
9257.91495561574,9354.23093050007,9320.62502002932,-33.6059104707457,9213.44785570063,8.45840899924302,104.77438388357,71.1684734128226,-36.0086909158685,-9283.06245708724
9081.10099933765,9189.50083324611,9137.19685628997,-52.3039769561513,9041.22094655616,28.3756915839055,136.775525492365,84.4715485362177,-11.5043611975827,-9105.0292847099
8887.67118033258,9009.2727604461,8970.36187583051,-38.9108846155949,8883.19373070908,20.1367098684838,141.738289982013,102.827405366421,15.6592602449926,-8906.44535507968
8679.97607019904,8815.8850960614,8785.609770323,-30.2753257383972,8705.1502983696,19.8594757612533,155.76850162363,125.493175885231,45.0337039318226,-8690.39192017617
8482.25080492003,8633.7394190903,8595.01433226883,-38.7250868214732,8519.53046454274,35.750990273972,187.239604444252,148.514517622776,73.0306498966867,-8485.22490146752
8289.13204383461,8458.06563602455,8388.15545388956,-69.9101821349803,8318.22502099859,71.2390368957778,240.172629085714,170.262446950733,100.332014059772,-8287.8031890738
8110.9596833462,8297.94512238033,8207.49655445577,-90.4485679245687,8134.98640983024,102.029651191123,289.015090225254,198.566522300685,126.056377675171,-8099.37860007965
7976.59206097407,8181.57292799554,8095.84181792585,-85.7311100696798,8013.10275553849,109.611237271214,314.592104292696,228.86099422301,146.121931835652,-7952.71193377252
7889.30303870326,8112.04159751309,8032.16729093686,-79.8743065762291,7932.29576994523,116.981846069301,339.72040487912,259.846098302887,159.974577311267,-7852.1954992102
7933.42675292313,8172.13558017339,8098.02159031855,-74.1139898548499,7962.62355575072,127.356878202917,366.06570545318,291.951715598325,156.553681030512,-7880.18386457505
8005.10927791957,8256.47448192199,8196.12480698569,-60.3496749362999,8019.16413026908,136.218534347772,387.583738350198,327.2340634139,150.2733866973,-7929.2404185081
8135.61851102245,8394.10721983267,8303.43973130459,-90.6674885280807,8077.01386650777,195.875616023258,454.364324833472,363.696836305389,137.270971508582,-8030.41038352726
8338.87676675887,8597.08224525057,8514.72367551051,-82.3585697400734,8231.47220287258,223.108727294962,481.314205786665,398.955636046586,115.704163408668,-8198.12660920398
8562.27481325283,8812.51419348593,8769.26537502053,-43.2488184654263,8429.26930126199,225.495167118906,475.734547352039,432.485728886609,92.4896551280775,-8380.02846459933
8793.12625760265,9026.82636284243,8992.67148689208,-34.1548759503487,8601.6398319128,260.83519650199,494.535301741766,460.38042579141,69.3487708121319,-8566.44593705102
9017.6223069992,9225.59974979171,9206.38843740182,-19.2113123898994,8773.26929731425,292.294651373088,500.272094165598,481.060781775695,47.9416416881264,-8744.53896801602
9200.07522927467,9374.19807138523,9409.11559019814,34.9175188129036,8945.89539293249,286.991693028956,461.114535139503,496.032053952402,32.811856686772,-8878.16601743283
9361.67033929271,9495.06648223928,9562.69147945027,67.6249972109731,9077.45869730838,305.14417872306,438.540321669631,506.165318880601,20.9325367387295,-8988.90116335868
9482.9669722867,9569.44564629301,9638.48587086347,69.0402245704443,9142.39504543664,355.484209058087,441.962883064409,511.003107634846,14.9122822080312,-9058.44253865818
9504.35551615809,9538.79830029192,9608.06981189285,69.2715116009059,9120.49625681773,406.296592473023,440.739376606862,510.010888207765,22.4373331326495,-9028.78741208417
9423.61039125697,9402.06238017726,9476.90210428704,74.8397241097747,9018.50189464247,448.643498201378,427.095487121668,501.935211231435,43.5350015868589,-8900.12716894583
9322.97049254546,9242.14043177504,9314.62134670557,72.4809149305309,8896.08566349373,494.052627950949,413.222567180521,485.703482111054,67.1677988992085,-8756.43694966399
9192.48597114745,9050.53666565228,9099.5886028279,49.0519371756083,8736.67903527667,550.056149079365,408.106843584208,457.158780759812,94.2492132085842,-8593.37788489248
9034.97006526559,8831.93126233666,8877.22920918524,45.2979468485947,8581.87324294753,576.952370806289,373.913567877353,419.211514725947,123.855548488234,-8412.71974761072
8866.51026246972,8605.3839260254,8666.54364544691,61.1597194215208,8445.04947928439,574.764651752947,313.638315308602,374.798034730126,153.303868567616,-8230.58589129527
8704.98330694276,8391.15454791862,8438.955634022,47.8010861033607,8295.64951754863,589.168074492237,275.339315468118,323.140401571481,179.834285098115,-8068.01414634716
8578.2214476421,8217.71763637582,8261.40737245444,43.6897360786232,8196.16420271116,581.919084030324,221.415272764049,265.105008842671,199.861839099394,-7952.61262753316
8500.25631605957,8100.18450642019,8137.03794650442,36.8534400842222,8146.74782834647,565.252625670936,165.180816031568,202.034256115789,211.744137957835,-7898.15025030441
8481.75902233616,8050.39364984578,8070.37633857522,19.9826887294277,8143.66102477482,551.996565480608,120.631192990226,140.613881719656,213.898567919261,-7909.77976812614
8536.14633714912,8082.28817323055,8080.56928956544,-1.71888366513352,8204.08445517874,536.419106247179,82.5609423286273,80.8420586634935,204.35722427679,-8001.44611456707
8644.64341565996,8177.40877917576,8169.13459912295,-8.27418005281283,8335.2006997914,495.128219483007,27.8935829988211,19.6194029460073,185.685503614447,-8157.78937622978
8830.62062700806,8360.32920539321,8358.06023124947,-2.26897414374248,8550.75526061581,434.590629784732,-35.7007918301182,-37.9697659738614,154.725263392482,-8398.29897136708
9015.62836673202,8553.47273126098,8563.96414838744,10.4914171264558,8776.98275080228,360.498587429192,-101.657048041833,-91.1656309153756,121.852971499462,-8644.63836217636
9201.92445486321,8757.90491669305,8760.83347546909,2.92855877604469,8989.64021849311,299.534746835078,-144.484791335069,-141.556232559023,87.2505104649808,-8899.46114925208
9360.68015825084,8944.47990390783,8961.68359683921,17.2036929313841,9204.64722564934,211.346797874733,-204.853456468295,-187.649763536909,55.3138652732262,-9132.12966744474
9504.11557968282,9126.01368094935,9199.9906260274,73.9769450780579,9453.7141508017,75.0480612100496,-303.053837523413,-229.076892445355,24.6466323289337,-9355.0905733947
9625.8525790889,9295.06948096669,9436.51997560728,141.450494640599,9695.40642850301,-73.154424856189,-403.937522978399,-262.4870283378,-3.60057544208735,-9557.5565093045
9724.18000072595,9447.33675989254,9638.1072034136,190.770443521059,9895.34798752164,-199.852501789033,-476.695742622458,-285.925299101391,-28.6845149933432,-9733.26205899393
9765.8824427471,9547.5381023902,9789.90020855688,242.36210616668,10047.3047972194,-326.91269052206,-545.257030878956,-302.894924712277,-45.4903360497372,-9850.43302710248
9725.8337693704,9569.42604175132,9851.09336086233,281.667319111021,10111.9931320563,-436.670123646124,-593.077851265233,-311.410532154208,-50.5107609602083,-9880.83657390551
9623.10215209347,9530.24392892593,9845.13545512687,314.891526200944,10108.1302520018,-531.116121176176,-623.974344343729,-309.082818142783,-46.08802126784,-9839.32674706871
9424.35730014425,9393.03172111285,9733.57251030551,340.54078919266,10002.9871656125,-605.858670578795,-637.184249610198,-296.643460417534,-27.2288051105062,-9689.67518153038
9198.99563689176,9223.43636589896,9563.7911306475,340.354764748554,9834.12297978593,-637.896619600304,-613.45589059312,-273.101125844566,-2.76927670613017,-9496.53749174351
8952.10711337697,9025.92978641193,9374.54375221053,348.613965798606,9645.70177300934,-667.283080109385,-593.460407074437,-244.846441275829,26.3115795229785,-9270.77622768775
8683.16438739469,8799.3947004289,9137.64758939429,338.252888965377,9412.9942576725,-669.874930204592,-553.644617170378,-215.391728204999,59.9549400732248,-9014.7864286339
8425.82197212515,8576.65950252465,8926.95733573409,350.297833209453,9208.53636520159,-688.739560052853,-537.902029653356,-187.604196443903,93.9748330235873,-8764.26369896855
8180.86285995274,8358.24020898121,8720.34446226194,362.104253280732,9007.31262850735,-698.096420131034,-520.719071102569,-158.614817821837,128.353348423577,-8516.85502680304
7987.65346055436,8184.55692455026,8565.92252669902,381.365602148769,8853.67029124845,-708.951419640899,-512.047955645022,-130.682353496246,157.06541105318,-8315.23927804649
7890.2269947724,8101.16754430177,8482.67780052261,381.510256220846,8765.10190419577,-701.338304834077,-490.397755304721,-108.887499083873,173.536604589308,-8210.05504338562
7834.17662623107,8054.73242345755,8419.20335099636,364.47092753882,8694.2509505654,-675.222261091505,-454.666463865044,-90.1955363262237,184.852063242822,-8144.92795978376
7868.39838886561,8094.98206962078,8440.6470549435,345.664985322714,8696.79200026162,-644.230860404166,-417.647179648991,-71.982194326279,184.16275099186,-8166.96426394704
7958.72245266345,8189.65511619279,8525.62653235221,335.971416159428,8756.09544992357,-621.716797549706,-390.784134020376,-54.8127178609427,175.656199710409,-8244.46783405372
8119.3737124123,8354.35944148021,8664.68594076542,310.326499285205,8863.09208167593,-586.392619439775,-351.406890371859,-41.0803910866524,157.325749823859,-8395.43983256686
8336.63625563228,8576.82711288372,8823.52699821874,246.699885335033,8984.89480464811,-517.283589330043,-277.092732078611,-30.392846743577,130.974959685801,-8607.21995962728
8602.41392435083,8849.64278286482,9007.86413611619,158.221353251364,9125.45660167686,-425.412065009077,-178.18320649508,-19.9618532437174,97.6306123169598,-8869.60463610854
8878.32976948188,9134.15654688538,9166.90761454994,32.7510676645693,9237.8078009323,-296.82832275794,-41.0015453544504,-8.25047768987623,62.6497086924855,-9142.40702457524
9144.48297863961,9412.12668905001,9336.62974839041,-75.4969406595943,9363.86855695136,-190.800580412145,76.8431299982615,1.34618933866886,28.5849978996119,-9410.78049971134
9381.56215462279,9665.02406165633,9512.71185648734,-152.312205168992,9498.34280401184,-118.786705877645,164.675201155888,12.3629959869014,-2.00605648858994,-9652.66106566942
9546.01120861161,9847.56596580693,9660.55470835575,-187.011257451176,9612.51568802896,-89.5661525295064,211.988604665818,24.9773472146422,-23.0616731121602,-9822.5886185923
9660.55651782192,9981.57373769536,9737.49214365961,-244.081594035744,9658.33033409895,-35.0032447517221,286.013975121726,41.9323810859797,-37.2294284746914,-9939.64135660937
9712.64475918946,10054.9654794818,9773.75006771101,-281.215411770786,9668.47673268385,1.2370333424577,343.557753634788,62.3423418640012,-42.9309931631455,-9992.62313761779
9685.05766332647,10050.0086730986,9750.70704025894,-299.301632839651,9626.7092962408,20.7360336294993,385.687043401623,86.3854105619673,-37.6123334561692,-9963.62326253662
9648.12423916623,10034.0768861241,9736.56063639453,-297.516249729623,9590.94381626218,26.9394723893622,412.89211934729,115.375869617666,-30.24095051468,-9918.70101650648
9594.64028531541,9998.70902723653,9739.63073148573,-259.078295750803,9569.33249386294,5.61861093678268,409.687352857908,150.609057107103,-19.6891805156779,-9848.09997012944
9504.08056835226,9922.76216084068,9711.27522662667,-211.486934214018,9520.34381955267,-19.5892787106463,399.092313777778,187.605379563761,-3.32602751022909,-9735.15678127693
9344.23191114669,9772.66027500027,9622.77859396913,-149.88168103115,9417.27489447503,-49.6056784770241,378.822685376554,228.941004345407,23.4373048513178,-9543.71927065487
9181.1115295787,9612.25358662102,9539.24874002566,-73.0048465953694,9314.45490072288,-81.2000968803265,349.941960161995,276.937113566627,52.1432742638566,-9335.3164730544
8994.10214865097,9420.93956633099,9419.50680998551,-1.43275634548468,9179.89507029451,-100.405491867435,326.431925812594,324.999169467111,85.387429776099,-9095.94039686389
8774.44047809119,9189.2509829115,9277.52331274739,88.2723298358943,9032.96072665408,-134.331770145577,280.478734674757,368.751064510648,124.188478417313,-8820.49991840086
8544.34930942803,8938.87198970021,9143.45072501547,204.578735315264,8904.83977319246,-195.280029271167,199.242651001016,403.821386316281,165.21043449327,-8535.05060338392
8308.4112791254,8676.18822775047,8959.82286356983,283.634635819358,8736.42456937633,-220.617276799102,147.159671825958,430.794307645321,207.396013451829,-8245.39392010515
8085.88009214505,8422.76431583607,8743.12359770834,320.359281872293,8540.87977095077,-207.26365450957,129.620569181414,449.979851053711,247.736024296145,-7972.78446478235
7925.34759408019,8228.47596036895,8581.57327230997,353.097311941031,8400.51549451078,-195.494581117165,107.633785171594,460.731097112626,279.673319313436,-7767.74486325632
7788.36360638883,8054.79694203255,8415.84528856502,361.048346532459,8262.81325578299,-166.068225341425,100.365110302305,461.413456834766,308.381424052729,-7593.38348519779
7706.22804348835,7933.30568511896,8272.72691854516,339.421233426197,8147.59422721057,-112.045341407657,115.032300222956,454.453533649154,329.320842314564,-7478.85215146982
7692.24005538483,7879.00319600831,8179.02263162192,300.019435613624,8079.01848399896,-46.6703251360979,140.092815487388,440.112251101014,340.108103478043,-7438.8909449073
7692.91736396857,7840.69992258492,8093.69971409101,252.999791506074,8021.07706112158,19.6923554790364,167.474914095399,420.474705601476,347.852052632045,-7420.22521698346
7725.47136950454,7836.10478710332,8024.57649321503,188.471706111715,7974.00246273734,102.087277574133,212.720695172925,401.192401284642,350.618370806935,-7434.91238581869
7818.74949055448,7893.1589053721,8001.46956080077,108.310655428667,7958.95253545218,204.516805085784,278.926219903393,387.236875332064,344.719849983481,-7505.92203004004
7963.99704743134,8003.994330027,8029.45428297148,25.4599529444749,7988.81189244092,306.160667792647,346.157950388313,371.617903332792,330.975512802237,-7632.37642669422
8168.11282909401,8176.06969377248,8150.67636916097,-25.393324611511,8107.25394117883,369.280987352234,377.237852030713,351.844527419201,308.422099437066,-7824.2251663533
8437.89884007262,8415.60494779681,8385.85670771288,-29.748240083936,8325.30353212971,388.997417049584,366.703524773777,336.95528468984,276.402109106666,-8078.64966310699
8784.30111301702,8732.56173049898,8694.04872131482,-38.5130091841496,8595.35302258785,422.623166062415,370.883783544366,332.37077436022,233.675075633234,-8400.19095613876
9115.70314415418,9035.67333077033,9006.46152291508,-29.2118078552532,8868.20915268173,440.076666446021,360.046853062181,330.835045206932,192.582674973558,-8704.83828556343
9350.35178803012,9244.49960198918,9238.64732811499,-5.85227387418116,9075.98595230555,438.021722435968,332.169536395027,326.317262520845,163.655886711394,-8918.18233946834
9425.81836725089,9296.65289011241,9333.48428952002,36.8313994075952,9162.40992129522,418.676639288784,289.511162150292,326.342561557887,155.268193333086,-8970.31032855454
9327.35992980493,9176.40372303463,9284.40620376751,108.002480732877,9121.48656932656,375.043314521648,224.087107751349,332.089588484224,169.169954043259,-8844.31413455043
9083.23220961073,8912.85795044153,9113.25758538495,200.399634943426,8982.01900377255,302.731866639675,132.357607470468,332.757242413891,201.51866080149,-8580.10070802764
8741.29742531821,8555.37403419128,8821.65086431663,266.276830125357,8740.89106886209,246.208430305376,60.2850391784395,326.561869303797,245.802073849254,-8228.81216488748
8377.87537089442,8180.68825183192,8480.99995295343,300.311701121514,8458.17523721571,211.560102536361,14.3729834738348,314.684684595349,291.859968857643,-7866.00356723655
8066.20583402629,7861.88825495099,8188.31644012932,326.42818517834,8217.53255326822,178.678511732317,-25.6390673429888,300.789117835353,330.005230974265,-7561.09913711562
7889.90475376156,7682.64360789406,8008.44969204545,325.806084151397,8073.43468267444,165.864907555408,-41.3962383121091,284.409845839283,349.394836468267,-7398.23376205477
7880.1933722474,7673.95435552878,7989.65811691805,315.703761389242,8067.07139797035,159.151917839083,-47.087098879522,268.616662509715,346.029943562024,-7405.33769301908
8014.23193037944,7812.56142172168,8131.49345546318,318.932033741505,8199.92834231997,137.193256791185,-64.4772518665847,254.454781874919,322.889668731719,-7558.10663984676
8293.63935452885,8098.49280710133,8417.64847539713,319.155668295798,8453.54131515666,120.255153394173,-74.8913940333461,244.26427426245,280.157114021977,-7854.22853283888
8665.06039721928,8478.48374908206,8738.11922120102,259.635472118961,8729.18549632331,161.084408177636,-25.4922399596,234.143232159355,225.209507281658,-8244.3405169227
9067.56173486557,8891.40456357073,9112.4501671958,221.045603625076,9053.06456150676,180.748317713099,4.59114641824076,225.636750043315,166.25114435429,-8665.7678135274
9411.23082823729,9246.67189232958,9445.08906776637,198.417175436782,9344.03693701876,182.581667306995,18.0227313992535,216.439906836035,115.387776088443,-9030.23198549353
9648.72790114972,9496.48808787633,9680.81602264648,184.327934770159,9551.46360770212,176.294663257868,24.0548499844668,208.382784754623,79.0303698102724,-9288.10530312168
9723.55167838518,9585.14446670116,9720.64668537331,135.502218672152,9581.85344775266,206.46825768608,68.0610460020296,203.563264674181,64.7700270535445,-9381.58120202696
9602.93957969957,9478.99677523206,9598.6657420298,119.668966797745,9471.99221794156,208.108781360561,84.1659768930411,203.834943690783,77.1614196025323,-9275.16183154126
9296.96279376051,9186.10327315116,9312.76000132191,126.656728170754,9217.54502046627,194.422329982178,83.5628093727994,210.219537543549,115.004556687925,-8975.88373560759
8840.49168695063,8740.21984279268,8858.41619035605,118.19634756338,8813.25802863276,201.199654915792,100.927810757825,219.124158321201,173.965996597936,-8521.09568447146
8292.99149605349,8199.80449883203,8299.85207981105,100.04758097904,8317.24167907571,221.978439126036,128.79144190456,228.839022883597,246.22862214825,-7970.96547594842
7707.71551457379,7617.83978238588,7719.05962019237,101.219837806502,7811.46415147192,220.787423783135,130.911691595204,232.131529401709,324.536060681272,-7385.70825298415
7178.06199020869,7088.36702122222,7242.28419103575,153.91716981354,7408.44606854529,165.528711043153,75.8337420566531,229.750911870193,395.91278937974,-6858.616109352
6766.39080845813,6675.00437019885,6827.36400652538,152.359636326524,7050.81285776107,167.151766007769,75.7653277484785,228.124964075008,451.57381531071,-6446.87940612384
6528.79124676692,6432.77617722761,6545.56903146146,112.792854233876,6801.02219418067,211.75567295624,115.7406034169,228.533457650775,483.986620369982,-6204.24271957681
6512.4874890153,6407.7628628178,6488.43473263646,80.6718698186405,6750.18469379785,249.128538863627,144.403912666123,225.075782484766,486.825743646174,-6182.68708033302
6708.27651213624,6591.6277535698,6647.41208852324,55.7843349534551,6891.03046555388,278.24773066649,161.598972100031,217.383307053482,461.001684084126,-6374.24444651631
7099.61555985858,6969.31056478121,6983.83649127614,14.5259264949239,7184.34102293549,323.635360206801,193.330365129431,207.856291624355,408.360823283715,-6761.45427315686
7672.20601266068,7527.44078730254,7533.75696387502,6.31617657248859,7662.88188574423,339.760174666877,194.99494930872,201.311125881213,330.43604775042,-7326.12966142133
8381.83913733168,8221.48165091855,8221.56879543624,0.0871445176940182,8258.03345634022,356.962140394447,196.604653981311,196.691798499009,233.156459402999,-8024.78985241953
9146.43957186411,8970.12239093623,8985.51762871221,15.3952377759693,8919.18480900886,354.859108065568,178.54192713768,193.93716491365,127.604345210307,-8776.18522602259
9887.88740719064,9695.28988516376,9741.58369775928,46.2938125955131,9576.68603232942,335.555580309392,142.958058282511,189.251870878026,24.3542054481878,-9506.03801428572
10536.3571858822,10327.5741277233,10407.9791708609,80.4050431375799,10161.2221292962,308.023776846453,99.2407186875775,179.645761825157,-67.1112797395659,-10147.9283658982
11037.1805808495,10812.0453507107,10944.7555047394,132.710154028703,10639.0449151812,259.046278146772,33.9110480079997,166.621202036701,-139.089387521529,-10645.424148674
11318.3210293175,11077.6233264166,11254.2689447671,176.645618350525,10923.0935577175,213.46822795488,-27.2294749460184,149.416143404507,-181.759243645168,-10928.2071830121
11362.6822905319,11107.9180989389,11315.3643836642,207.446284725374,10995.1138939483,174.885249447874,-79.8789421451802,127.567342580196,-192.683147135751,-10980.3507563587
11157.9260148188,10890.9217537177,11159.5581850123,268.636431294557,10885.8100180898,101.739867385513,-165.264393715529,103.372037579026,-170.376129343477,-10787.5497161387
10703.3364601125,10425.4744248143,10743.7721436551,318.297718840761,10548.5417577622,40.2388198231114,-237.623215475104,80.6745033656601,-114.555882527213,-10344.7999214486
10039.4804554828,9752.58829527859,10099.5765352165,346.988239937885,10008.783925337,0.228814290325312,-286.663345913868,60.3248940240176,-30.4677158554216,-9692.26340125455
9200.25716279584,8906.38860948255,9282.00376788035,375.6151583978,9324.47178936809,-46.9411057069088,-340.809659020181,34.8054993776186,77.2735208653559,-8871.58311010494
8213.41025689071,7915.52350466149,8260.19305906659,344.669554405114,8459.41228708927,-41.1920264499736,-339.078778679186,5.59077572592863,204.810003748591,-7909.93272893555
7168.5899877725,6870.36057114165,7157.1502172984,286.789646156735,7516.68656715982,-7.92412163222996,-306.153538263061,-19.363892106322,340.172457755088,-6889.72446324799
6129.98660128188,5833.83577233554,6070.64459419986,236.808821864308,6585.40414719759,19.6269197013585,-276.523909244961,-39.715087380648,475.044465617085,-5873.55085971619
5171.07451450355,4877.7355395087,5097.59260270822,219.857063199527,5748.37608731605,22.5172854137309,-270.821689581124,-50.964626381589,599.818858226236,-4928.70016589029
4367.82371247356,4076.57920110144,4261.78335674197,185.204155640518,5015.31966773052,56.9670463525616,-234.277465019548,-49.0733093790235,704.463001609525,-4125.65251048048
3775.42185491188,3483.97235776899,3667.4331230136,183.460765244617,4484.11341770759,73.071050189398,-218.378446953498,-34.917681708878,781.76261298511,-3518.89003947786
3440.83572467576,3144.08020241438,3372.68441690123,228.604214486846,4208.79352260776,57.722325858644,-239.033196402735,-10.428981915888,825.680123790651,-3154.50918433026
3380.71417686761,3072.58760899499,3365.4638165716,292.876207576603,4180.9107379764,33.6009217009365,-274.525646171693,18.3505614049115,833.797482809723,-3054.23704759008
3604.17414059536,3278.34013777624,3630.40042012921,352.060282352968,4390.09483748029,18.9581507622353,-306.875852056863,45.1844302961077,804.878847647178,-3233.15570748016
4092.3178988828,3744.47529479238,4156.38900061454,411.913705822161,4830.74493218066,2.5188319999349,-345.323772090485,66.5899337316733,740.9458652978,-3677.88536106071
4817.00810441496,4445.22812868131,4952.74976931424,507.521640632915,5516.42079567517,-54.1234465392113,-425.903422272872,81.6182183600417,645.289244720995,-4363.60991032127
5724.51504234505,5327.93523464677,5877.65915200825,549.723917361488,6313.78514560491,-64.2352956006706,-460.815103298964,88.9088140625288,525.034807659196,-5239.02642058424
6769.07412185671,6347.84797847094,6896.02759369712,548.179615226184,7194.21719711518,-39.0078647106521,-460.234008096444,87.9456071297415,386.135210547806,-6259.9023713412
7889.70955088577,7446.20783404097,7978.28938704569,532.081553004728,8139.18265879856,-13.3639334084222,-456.865650253234,75.2159027514979,236.10917450436,-7370.99193128947
8981.00715955887,8518.91064989449,9054.61361895888,535.702969064388,9091.26583254791,-21.855021784,-483.951531448387,51.7514376160003,88.4036512050333,-8467.15921227848
10023.3483839487,9548.10320408545,10031.1635889367,483.060384851295,9962.37138742544,6.33337500484627,-468.911804858359,14.1485799929379,-54.6436215183538,-9533.9546240925
11045.3250519265,10565.7014503788,10959.8183918951,394.116941516301,10798.4862483256,49.9186430290187,-429.704958518674,-35.588017002369,-196.920160571883,-10601.2894673812
12039.3186233418,11566.105530899,11862.2533212595,296.147790360561,11615.0882125336,86.6635954279911,-386.549497014817,-90.4017066542551,-337.566815380251,-11656.5072375533
12993.0850073541,12537.4761235322,12789.0804178948,251.60429436264,12461.3401110508,56.7488909158856,-398.859992906003,-147.25569854336,-474.996005387377,-12684.7318220756
13887.5426789024,13460.3201139019,13616.5442400184,156.224126116516,13215.6274606618,65.7346771721379,-361.487887828394,-205.263761711879,-606.180541068441,-13665.5838756137
14753.8800081112,14364.6990632367,14431.4535992736,66.7545360369597,13956.5005889462,62.8408814606942,-326.34006341391,-259.585527376956,-734.538537704315,-14624.2845906136
15556.2792150152,15212.596552468,15241.9393559217,29.342803453674,14694.4976853081,7.04746957930392,-336.635192967842,-307.29238951417,-854.73406012781,-15519.8889419822
16251.9750165754,15959.1512043484,15970.792576216,11.6413718676272,15356.7608950647,-65.5275528161133,-358.351365043127,-346.709993175497,-960.741674326791,-16305.8611975239
16934.8496512453,16694.9585125602,16673.5738303613,-21.3846821989118,15980.7733938052,-110.427337357219,-350.318476042366,-371.703158241281,-1064.50359479732,-17066.6616708014
17580.8527231305,17393.5947545157,17327.6500178806,-65.9447366350332,16545.6364682275,-126.760712444237,-314.018681059054,-379.963417694087,-1161.97696734722,-17773.5581722098
18141.9218689824,18004.2174201921,17938.0337453096,-66.1836748825395,17064.9750579459,-169.493938139055,-307.198386929301,-373.382061811839,-1246.44074917558,-18377.599482004
18636.8852328016,18543.620411477,18501.5441802442,-42.0762312327818,17534.3473664902,-217.750635240498,-311.015456565151,-353.091687797935,-1320.28850155187,-18896.7120992749
19028.3451401928,18973.895667674,18945.0262639301,-28.8694037439294,17885.3202871775,-235.374087752544,-289.823560271363,-318.692964015297,-1378.39894076792,-19292.5886316893
19303.7816165026,19281.6988340354,19252.4457317738,-29.2531022616277,18103.7894989125,-218.798848086717,-240.881630553964,-270.134732815591,-1418.79096567688,-19551.833566851
19358.2377459859,19361.1493402887,19346.9744154774,-14.1749248112976,18130.0951941139,-199.295359095122,-196.38376479235,-210.558689603648,-1427.43791096713,-19571.7080298923
19397.9627828423,19418.5376711303,19433.7164146181,15.1787434877486,18145.3258699854,-179.374981483275,-158.800093195314,-143.621349707564,-1432.01189434022,-19562.1590208379
19374.260822123,19406.2587607587,19466.8731858739,60.6144251152842,18112.9705392479,-164.980411841403,-132.982473205773,-72.3680480904904,-1426.27069471655,-19478.6268088491
19241.7506969961,19279.5119894689,19366.6395242974,87.127534828483,17965.3836864425,-128.031020873418,-90.2697284005926,-3.1421935721102,-1404.39803142702,-19282.654183041
19049.9831949173,19088.1383645629,19208.2160331661,120.077668603216,17774.3116289283,-97.6045651915223,-59.4493955459572,60.6282730572597,-1373.27613118057,-19027.5100915057
18749.3664716576,18782.1284057196,18937.3948401167,155.266434397158,17489.2044540352,-66.3816342707024,-33.6197002088001,121.646734188356,-1326.54365189321,-18660.4816715312
18346.6188406236,18368.274728335,18529.2254828115,160.950754476472,17092.1536569637,-10.7923534805846,10.8635342308241,171.814288707294,-1265.25753714054,-18196.4604396278
17919.7208841385,17926.6856413198,18073.7423407937,147.056699473901,16667.0553460744,52.4332520117154,59.3980091930588,206.454708666961,-1200.23228605232,-17720.2309326529
17456.2249383045,17445.1476479935,17587.5630976674,142.415449673875,16227.7107540406,98.4210704673031,87.3437801563102,229.759229830186,-1130.09311379655,-17215.3884181633
16883.0064956506,16850.1249473414,16962.8932003012,112.768252959847,15674.1494700022,163.736004344776,130.854456035525,243.622708995372,-1045.12102130362,-16606.502238346
16242.175601839,16182.2924350335,16246.9221553237,64.6297202902014,15044.6088266872,246.750856422191,186.867689616614,251.497409906817,-950.815918729619,-15930.7950251267
15436.927812364,15346.940965951,15400.3528669846,53.4119010335701,14317.6958019433,284.649680797286,194.66283438424,248.074735417807,-834.582329623417,-15098.8662305332
14424.0631603276,14302.593327653,14361.7688419273,59.175514274337,13435.1030364459,297.880856025373,176.411023350759,235.586537625099,-691.079267856332,-14067.0067900279
13197.5446241946,13043.8479790795,13162.173978248,118.325999168497,12426.6342481515,250.989671369927,97.2930262549122,215.619025423409,-519.920704673158,-12828.2289536561
11866.1832358356,11680.91847347,11893.1354459261,212.216972456105,11368.217406383,161.950473182984,-23.3142891826602,188.90268327345,-336.015356269651,-11492.0157901966
10385.6571180556,10172.1623907691,10469.3013356586,297.138944889456,10176.1248826742,75.9278063486614,-137.566920937835,159.572023951623,-133.604429032773,-10012.5903668175
8698.42129391713,8460.89461714741,8826.20447160067,365.309854453251,8789.24770932609,4.13705900887313,-233.389617760841,131.92023669241,94.9634744178285,-8328.97438045501
6861.56971409726,6605.20411577368,7044.46131903758,439.257203263899,7279.93268899451,-76.2535557959711,-332.619154119556,106.63804914435,342.109419101278,-6498.56606662932
4844.61563100912,4575.73818906585,5063.02355527681,487.285366210964,5596.03141404845,-139.631780605475,-408.50922254875,78.7761436622163,611.784002433842,-4496.96204540364
2710.12981590418,2435.48871907402,2932.17791039513,496.689191321122,3777.57579310358,-171.751763317711,-446.392860147867,50.2963311732604,895.694213881689,-2385.19238790076
497.030070647695,223.88153634391,715.702364338654,491.820827994727,1883.35986094983,-197.680871395398,-470.829405699161,20.9914222955688,1188.64891890675,-202.890114048357
-1739.53248857294,-2003.66742445931,-1502.40607285205,501.261351607242,-15.4117564356288,-240.759470715632,-504.894406601991,-3.63305499474314,1483.36126142169,2000.03436946455
-3952.74372827832,-4200.9457899561,-3687.50800381432,513.437786141773,-1892.75415898188,-285.85863642649,-534.060698104253,-20.6229119624787,1774.13093286996,4180.32287799362
-6087.88319461705,-6315.33746654742,-5868.73213992497,446.605326622448,-3785.83410334489,-247.825721462218,-475.279993392576,-28.6746667701257,2054.22336980995,6286.66279977729
-8064.36294149569,-8268.20433795538,-7888.92283961901,379.281498336386,-5549.20268353657,-202.186143633866,-406.027540093558,-26.7460417571644,2312.97411432527,8241.45829619822
-9936.78679818149,-10115.4725275022,-9804.13022762121,311.34229988099,-7231.67496667712,-146.970120542481,-325.655849863192,-14.313549982199,2558.1417109619,10101.15897752
-11648.3405072218,-11803.1098139691,-11578.1535600769,224.956253892188,-8803.78256761268,-61.7231749515769,-216.492481698848,8.46377219334476,2782.83476465759,11811.5735861624
-13117.6628342847,-13252.5634622281,-13125.9427358872,126.620726340849,-10188.1545252062,47.0881783606198,-87.8124495827142,38.8082767581373,2976.59648743913,13291.3717389862
-14281.872779048,-14402.95913599,-14294.3948679414,108.564268048542,-11239.6263168367,88.7005605695921,-32.385796372409,76.1784716761366,3130.94702278088,14479.1376076661
-15246.1565496731,-15361.1449627901,-15249.7296806,111.415282190122,-12112.2568791434,126.117240238041,11.1288271210208,122.544109311144,3260.01691076769,15483.6890721012
-15938.6757321418,-16057.9267664974,-15966.20240308,91.7243634173555,-12786.4971298916,202.215819147285,82.9647847916433,174.689148209,3354.39442139743,16232.6159147064
-16345.5458676658,-16480.5162706051,-16442.9490432174,37.5672273876821,-13259.7597134365,326.473165035089,191.502762095857,229.069989483542,3412.25931926443,16709.5862600886
-16384.5953687976,-16547.687090406,-16512.0072671336,35.6798232724232,-13375.7179844185,413.574677610032,250.482956001627,286.162779274052,3422.45206198912,16833.8498696801
-16202.6067546054,-16405.428865304,-16305.6855623597,99.7433029442627,-13243.0939372456,444.559919246792,241.737808548165,341.481111492423,3404.07273660662,16746.9099767964
-15775.2650029461,-16028.8575297559,-15880.1688174675,148.688712288471,-12918.8829584968,497.08105217271,243.488525362887,392.177237651359,3353.46309662198,16421.0347674073
-15034.9348371438,-15348.3290809484,-15149.1851681173,199.143912831113,-12319.4237878084,545.44697430357,232.052730498969,431.196643330085,3260.95802363905,15779.5257242785
-13779.0071778385,-14160.2093820913,-13901.0741622721,259.135219819274,-11256.2545217441,576.542056921862,195.339852669025,454.475072488297,3099.2947130163,14614.6844545796
-12114.7551642304,-12568.6549262082,-12276.3556323886,292.299293819515,-9853.43403940927,620.835067528428,166.935305550626,459.234599370145,2882.15619234951,13027.8895255783
-10151.2245338684,-10679.6075426751,-10397.0994626851,282.508079989989,-8220.04167537175,692.396022260518,164.013013453848,446.521093443838,2623.57888075716,11126.1286361189
-8016.58245697436,-8618.03296279,-8344.57996896271,273.452993827299,-6421.27852002965,744.935203275637,143.484697459973,416.937691287272,2340.23914022033,9034.97065407728
-5858.36416917886,-6528.88000825612,-6281.17648261719,247.703525638955,-4599.22432162197,792.629963295398,122.114124218148,369.817649857102,2051.76981085231,6898.69765811322
-3805.32401990911,-4536.24670980803,-4346.99811248393,189.248597324112,-2877.47812967906,846.932220626512,116.009530727563,305.258128051677,1774.77811085655,4841.50483785972
-1972.64466755546,-2752.2721114635,-2652.78968027168,99.4824311918187,-1361.17422630095,913.020657405424,133.393213497383,232.875644689197,1524.49109865994,2985.1477561527
-474.513245756803,-1289.22763841571,-1259.41955833069,29.8080800850199,-99.4978256899709,941.08412041786,126.369727758962,156.177807843982,1316.09954048469,1445.40544625968
608.325332836567,-227.99817632375,-231.951911380197,-3.95373505644423,848.412616023725,920.793467359942,84.4699581996176,80.5162231431726,1160.88075054709,308.514399466924
1233.48448031766,387.096383066919,342.713034816118,-44.3833482507783,1396.35225895522,902.208914130632,55.8208168798739,11.4374686290962,1065.0766927682,-375.658914437812
1394.32519828933,547.650295900483,522.636514676297,-25.0137812241825,1604.67665000492,819.854101781086,-26.8208006077742,-51.8345818319607,1030.20555349666,-599.48487773244
1077.20031681314,240.0479746933,283.201393337879,43.1534186445845,1454.27202400574,681.373060441021,-155.779281678836,-112.625863034251,1058.44476763361,-352.673837727539
305.139179841614,-513.239353907389,-404.93294353283,108.306410374576,912.421501078631,539.68564405534,-278.692889693676,-170.3864793191,1146.96796529235,342.85287458829
-860.171106610537,-1652.86496423399,-1449.44901150759,203.415952726398,54.3351965386751,373.448213182149,-419.245644441313,-215.829691714916,1287.95451633135,1437.03527251907
-2322.99592719167,-3084.08539742084,-2729.44774125588,354.637656164976,-1006.22772810131,152.28251442794,-608.806955801226,-254.16929963625,1469.05071351829,2829.91609778458
-3988.20843301277,-4712.26431620319,-4226.19990932776,486.064406875431,-2261.16883721761,-49.4193128884039,-773.475196078821,-287.410789203389,1677.62028290675,4424.85352699981
-5756.46760484015,-6439.58342265674,-5836.70215156667,602.88127109007,-3627.9151769354,-228.416453819499,-911.532271636097,-308.651000546028,1900.13597408523,6130.93242211071
-7522.16762317664,-8162.92933451913,-7491.43995830537,671.489376213755,-5048.38491412935,-351.156819650486,-991.918530992967,-320.429154779218,2122.6258893968,7842.50017973991
-9182.65033160459,-9781.28338924799,-9074.0631007369,707.220288511096,-6412.91556486977,-438.155254645433,-1036.78831228882,-329.568023777721,2331.57951208939,9451.71536547026
-10662.19930045,-11218.3729054789,-10525.7331155594,692.63978991946,-7669.87462222879,-475.540120656399,-1031.71372568533,-339.073935765869,2516.78455756474,10879.298969713
-11856.7191262301,-12371.0862402993,-11741.6253465715,629.460893727886,-8731.33518435071,-461.253523083073,-975.620637152354,-346.159743424468,2664.13041879627,12024.9264968749
-12706.3081038669,-13181.567609988,-12623.5473185453,558.020291442683,-9504.81262656245,-435.449687137756,-910.709193258792,-352.688901816111,2766.0457901667,12828.8787081718
-13187.7836396643,-13627.220498308,-13158.8143881889,468.406110119086,-9985.1018715127,-382.905298272246,-822.342156915981,-353.936046796898,2819.7764698793,13273.2844515111
-13283.86771308,-13690.8864896451,-13311.5523911125,379.334098532617,-10138.7854328011,-322.045625340324,-729.06440190536,-349.730303372746,2823.03665493859,13341.1561862723
-12997.025721995,-13374.3271964194,-13070.1924002377,304.134796181622,-9952.16487225238,-269.056324023362,-646.357798447748,-342.223002266124,2775.80452571921,13032.1041941532
-12373.0580814669,-12723.8670736636,-12434.3730819648,289.493991698775,-9420.69340892832,-268.043310735161,-618.852302931868,-329.358311233093,2684.32136180338,12394.5087624305
-11463.363153451,-11791.0962427247,-11521.7444238953,269.351818829416,-8651.83076831971,-255.717352699933,-583.450441973667,-314.098623144249,2555.81503243135,11476.9976195805
-10336.8714103243,-10643.6803863577,-10419.4453364951,224.235049862715,-7722.98389722089,-214.206577878081,-521.01555391158,-296.780504048866,2399.68093522529,10346.8998823089
-9087.5647364335,-9375.20162983441,-9162.31172022848,212.889909605942,-6661.00267112131,-198.394917420789,-486.03181082171,-273.141901215768,2228.16714789139,9102.05972861865
-7756.2608643967,-8026.85584025409,-7755.84065948184,271.015180772258,-5467.32509785307,-242.325529259608,-512.920505117008,-241.90532434475,2046.610237284,7784.95051590935
-6424.48356747044,-6681.04210925778,-6354.65321799976,326.388891258037,-4285.75966376017,-272.63242054367,-529.190962331023,-202.802071072991,1866.09148316659,6478.24003818479
-5168.16851103726,-5415.54801697303,-5042.67751637716,372.870500595874,-3191.08933189846,-279.925450653963,-527.304956589743,-154.434455993866,1697.15372848481,5261.11356097917
-4093.67822990492,-4336.67774893125,-3902.85133145319,433.826417478043,-2243.74506532426,-296.119163784855,-539.118682811168,-105.292265333125,1553.8140007958,4231.38548359811
-3255.30076998655,-3498.06389350354,-2975.24272229389,522.821171209648,-1471.60022851672,-340.816480686698,-583.579604203676,-60.7584329940288,1442.88406078312,3437.3054605095
-2689.59956589103,-2934.81066559675,-2334.0121521759,600.798513420846,-943.418919448759,-377.233384937657,-622.444484643387,-21.6459712225453,1368.94726150459,2913.16469437421
-2430.52659513873,-2679.20698450729,-1996.15666685359,683.050317653707,-677.052300674346,-417.097601467987,-665.777990836545,17.2723268171648,1336.37669299639,2696.47931132444
-2482.30274476683,-2735.13582933457,-1961.51029818004,773.625531154541,-668.820822568995,-468.007949029723,-720.84103359746,52.7844975570826,1345.47397316811,2787.92032689165
-2831.11447372035,-3088.54620233707,-2206.72571562969,881.820486707378,-895.493546073956,-541.399093414829,-798.830822031561,82.989664675812,1394.22183423155,3171.53586701288
-3370.3617845113,-3632.61310890948,-2693.86713348911,938.745975420382,-1334.34862422263,-567.620574084133,-829.87189848232,108.874076938059,1468.39258620452,3741.48718584753
-3971.54630309241,-4239.25479996227,-3309.80146926123,929.453330701043,-1893.23363750513,-527.271385519521,-794.979882389367,134.473448311679,1551.04128006775,4373.72824827393
-4506.89459782536,-4782.21304169951,-3886.6699695154,895.543072184122,-2422.4535876208,-459.03855033696,-734.356994211106,161.186077973016,1625.4024598676,4943.39911967252
-4971.05832165899,-5256.23755098214,-4401.1937751003,855.04377588184,-2897.71898994237,-382.683780638126,-667.863009961278,187.180765920557,1690.65555107848,5443.4183169027
-5367.9546456482,-5666.58541995036,-4885.41977985703,781.165640093337,-3358.00863353798,-262.500564152514,-561.131338454674,220.034301638657,1747.44544795769,5886.61972158901
-5672.24665144967,-5990.29294353896,-5335.75129226257,654.541651276374,-3803.65836207838,-76.0040037051889,-394.050295794488,260.49135548189,1792.58428566608,6250.78429902083
-5894.0977631914,-6240.10638441836,-5726.43917766327,513.667206755097,-4203.05817947022,136.360476112647,-209.648145114312,304.019061640786,1827.40005983383,6544.12544605914
-6044.92655121187,-6427.38665417421,-6027.40577183897,399.980882335259,-4516.54114643806,324.76166226048,-57.69844070188,342.28244163338,1853.14706703429,6769.6690958076
-6148.0725866642,-6574.35864646622,-6296.75922791377,277.599418552466,-4798.90271936803,523.602250350896,97.3161905488538,374.915609101322,1872.77211764706,6949.27425556755
-6213.05333263113,-6690.02994651288,-6529.62679253662,160.403153976266,-5039.87765751718,713.988315248827,237.011701367069,397.414855343343,1887.16399036276,7087.44480185623
-6240.52486702079,-6774.23688969926,-6719.18759706658,55.0492926326872,-5228.79985568311,884.632803639755,350.920780961278,405.97007359397,1896.35781497744,7180.20696329323
-6227.99955378217,-6823.45083276343,-6869.95804848898,-46.5072157255357,-5373.51726752844,1045.0784793686,449.62720038733,403.119984661803,1899.56076562234,7226.57081742524
-6204.97219925102,-6864.53254658469,-7011.16042234046,-146.627875755765,-5496.16587511398,1191.39888504853,531.83853771487,385.210661959103,1900.20520918557,7249.74320854379
-6150.29994097271,-6872.8904977497,-7121.41236249646,-248.521864746748,-5579.95572438715,1324.72826075495,602.137703977946,353.615839231203,1895.0724773405,7226.5063369809
-6089.28581889818,-6871.4565229749,-7139.00789009006,-267.551367115151,-5559.35987609896,1357.48420190869,575.313497831961,307.762130716816,1887.4101447079,7179.21865369171
-6037.6674040504,-6874.88439390583,-7112.68361953198,-237.799225626128,-5485.22501369795,1326.79246108494,489.575471229499,251.776245603371,1879.2348514374,7126.66063950921
-6012.98004665766,-6900.21293931765,-7106.00964528317,-205.796705965502,-5418.16332826161,1278.22116647645,390.988273816444,185.191567850945,1873.0378848725,7085.4045071686
-6013.64637004495,-6944.06300415215,-7150.78757659062,-206.724572438473,-5394.78909736423,1249.72233738752,319.305703280325,112.581130841851,1868.57961006824,7056.64413499399
-6013.8499520431,-6977.95665762702,-7150.76283784795,-172.806180220909,-5322.57954012668,1171.07907328381,206.972367699872,34.1661874789674,1862.34948520023,7012.122845106
-6068.27400949118,-7055.27872120082,-7158.9295545353,-103.650833334476,-5254.94892722036,1048.1382241204,61.1335124107618,-42.5173209237125,1861.46330639123,7012.76140027711
-6167.26931121009,-7166.04377936385,-7193.45996785606,-27.4161884921964,-5211.77992642214,909.206136867661,-89.5683312861294,-116.984519778321,1864.6955216556,7049.05925958552
-6302.19138154611,-7301.57691631496,-7238.05848968701,63.5184266279466,-5180.41895867328,749.211786978635,-250.173747790222,-186.655321162274,1870.98420985145,7114.92159515267
-6468.42475553736,-7457.65842158656,-7263.65753018536,194.000891401209,-5133.45950841094,544.656364489938,-444.577301559269,-250.576410158062,1879.62161161635,7207.08201142849
-6652.7927657075,-7621.69773150246,-7265.66474642746,356.032985075009,-5068.05302820302,303.817989613825,-665.086976181129,-309.053991106121,1888.55772711831,7312.64374039634
-6867.23331366577,-7805.75492753547,-7305.29809054435,500.456836991124,-5043.63305646327,75.8885154924748,-862.633098377212,-362.176261386088,1899.48877269499,7443.57866614936
-7107.25705581562,-8004.33721876766,-7341.87237665063,662.464842117037,-5019.57727955478,-175.692801922552,-1072.77296487459,-410.308122757551,1911.9869743383,7594.02909601012
-7359.1025870317,-8204.30548523367,-7447.87430594085,756.431179292806,-5075.28734369072,-358.893869178905,-1204.09676738086,-447.665588088051,1924.92137416207,7756.63989714561
-7619.49337341368,-8405.04457425052,-7560.97360918553,844.070965064974,-5152.74811771626,-528.044639751983,-1313.59584058882,-469.524875523843,1938.70061594543,7935.51969872668
-7893.74335314998,-8614.44401388505,-7745.30081323097,869.143200654067,-5308.00837881424,-631.099939830161,-1351.80060056519,-482.657399911125,1954.63503450559,8131.7866139739
-8183.25360377407,-8833.75297663221,-7983.0206992188,850.732277413405,-5515.14031257101,-695.066388364455,-1345.56576122258,-494.83348380918,1973.0469028386,8338.91949282303
-8473.54542629204,-9050.30493724158,-8239.69113286643,810.613804375161,-5748.29459995882,-732.803876436459,-1309.56338738599,-498.949583010836,1992.44694989676,8551.35535423075
-8771.70421658576,-9272.95876101277,-8490.31880028867,782.639960724094,-5984.66247958572,-772.887873311428,-1274.14241773843,-491.502457014338,2014.15386368862,8781.45630399843
-9064.92968742911,-9491.52512653348,-8838.5494827824,652.975643751097,-6329.50588013182,-698.425987788031,-1125.0214268924,-472.045783141304,2036.99781950926,9019.47934339218
-9329.45253442378,-9684.57663072022,-9204.56031240688,480.016318313344,-6701.92389794395,-569.291967401516,-924.416063697928,-444.39974538458,2058.23666907833,9240.17688533562
-9571.90567189988,-9861.15707256418,-9508.25416409922,352.902908464946,-7023.4765230553,-469.23443251264,-758.48583317691,-405.582924711964,2079.19471633195,9455.5741478522
-9794.22349111651,-10025.5343750051,-9753.84659432464,271.687780680424,-7297.70094492099,-396.32949296816,-627.640376856721,-355.952596176299,2100.19305322736,9669.58177882878
-9986.6604587887,-10169.4733204565,-9934.73658705593,234.736733400524,-7516.84944196413,-349.967383373661,-532.780245041426,-298.043511640904,2119.84363345091,9871.42980881555
-10135.9172255081,-10281.4961363113,-10055.3055447731,226.190591538243,-7684.74265251324,-314.913634900148,-460.492545703375,-234.30195416513,2136.26093809468,10047.1941821462
-10255.0346342002,-10376.8692499752,-10153.2846552614,223.584594713796,-7836.7055752747,-267.352654466205,-389.187270241207,-165.602675527413,2150.97640445931,10211.2665744478
-10338.7485955634,-10451.9843065651,-10204.9991084296,246.985198135509,-7950.11521548649,-225.555561292568,-338.791272294251,-91.8060741587396,2163.0778187844,10360.1782324064
-10390.2941108556,-10510.1430164775,-10217.1595937802,292.983422697323,-8028.5784690135,-188.998341033895,-308.847246655781,-15.8638239584634,2172.71730080825,10494.2791925191
-10425.5284675613,-10566.8706058136,-10220.533548865,346.337056948518,-8101.40266671387,-142.454993316225,-283.797131568458,62.5399253800614,2181.67080753123,10629.4105311936
-10445.4400683161,-10622.2757592407,-10165.8145710644,456.461188176206,-8115.79085627875,-139.981396201561,-316.817087126145,139.644101050057,2189.66781583576,10761.9198602907
-10450.8277849304,-10674.7652833618,-10085.764141274,589.001142087852,-8098.24234936486,-156.370134927915,-380.307633359392,208.693508728466,2196.21530063759,10883.4587920903
-10425.9508188847,-10705.4053837608,-9996.67804568917,708.727338071623,-8061.11978589387,-166.152335064233,-445.606899940323,263.120438131296,2198.6786979266,10968.5258218921
-10411.3926270219,-10751.3096821005,-9939.71888901445,811.590793086081,-8038.41581155934,-171.034543631499,-510.951598710168,300.639194375911,2201.94227183103,11051.9488764765
-10389.4248729329,-10792.3221855361,-9913.50100791254,878.821177623566,-8028.29365080709,-158.116124435578,-561.013437038742,317.807740584826,2203.01509769026,11110.1299261209
-10344.9619232768,-10810.2767083923,-9936.87041022773,873.406298164542,-8052.30335915531,-93.1296484094606,-558.44443352496,314.961864639581,2199.52891571202,11125.2385730319
-10315.2643287044,-10838.2296527943,-9991.02958842515,847.200064369121,-8088.22334967947,-31.1233075050014,-554.088631594843,293.111432774279,2195.91767151996,11131.3410855685
-10271.8552252946,-10844.6353285504,-10057.7754010049,786.859927545513,-8123.83435135659,40.0805916514051,-532.699511604379,254.160415941131,2188.10146558939,11098.7957444915
-10233.1449931648,-10845.6478898945,-10194.9367733983,650.711116496176,-8216.96528628628,162.462956158506,-450.039940571181,200.671175924993,2178.64266303705,11046.3190658195
-10199.0547025815,-10840.2536122563,-10331.2687820231,508.984830233127,-8303.68530746903,272.3574984528,-368.841411222022,140.1434190111,2167.72689356523,10980.3970312674
-10170.9560623453,-10828.9559835821,-10452.6828697314,376.273113850671,-8370.00474905318,354.680368470825,-303.319552765965,72.9535610847041,2155.63168176291,10901.9095446668
-10124.7197494818,-10787.047133649,-10539.7104254787,247.336708170288,-8406.10430452792,420.768531291063,-241.558852876195,5.77785529409702,2139.3839762449,10792.8249889431
-10055.4854229034,-10711.8527740352,-10549.5273080399,162.325465995264,-8379.13725352408,442.747679688247,-213.61967144357,-51.294205448303,2119.09584906755,10660.5585685869
-9973.05713789089,-10616.6867449415,-10520.3350186441,96.3517262973651,-8329.92683751607,453.671108839983,-189.958498210623,-93.6067719132632,2096.80140921479,10523.0799730282
-9878.08024132018,-10504.8237794643,-10516.2205100833,-11.3967306189589,-8318.77745312979,513.689486727109,-113.054051416995,-124.450782035958,2072.99227491751,10380.3729974283
-9780.470195397,-10387.6304298968,-10443.6796857598,-56.0492558630394,-8250.54223454626,519.026935745738,-88.1332987540198,-144.182554617054,2048.95489659649,10243.4478752797
-9671.8111910519,-10258.6952192201,-10324.1539715559,-65.4587523357841,-8151.23100173957,503.016321141105,-83.8677070270563,-149.32645936284,2023.59651045343,10109.3687598572
-9559.35007316513,-10129.733071827,-10187.354645193,-57.6215733660862,-8052.95784656033,492.064151678338,-78.3188469834854,-135.940420349574,1998.45637828315,9993.79265147738
-9456.65621649137,-10016.9650485511,-10054.4505230941,-37.4854745429418,-7965.68951193092,484.67368965759,-75.6351424021391,-113.12061694508,1975.64039421805,9903.84443160603
-9385.77538440653,-9941.43813145812,-9971.76423834923,-30.3261068910844,-7925.66691083608,497.598604811978,-58.0641422396241,-88.3902491307034,1957.70707838241,9853.04788232741
-9318.16336096247,-9873.93064736967,-9864.26823893929,9.66240843040443,-7861.26104297861,483.603233753901,-72.1640526533021,-62.501644222905,1940.50555173774,9811.42900314676
-9266.39575057988,-9826.04807886463,-9774.46418959954,51.5838892651146,-7808.55534290285,467.755091334419,-91.8972369503293,-40.3133476852224,1925.59549901144,9785.7347311794
-9215.33623912261,-9780.53483691561,-9692.84313359832,87.6917033173125,-7759.44255989907,454.87526635186,-110.32333144115,-22.631628123837,1910.7689455754,9757.90320879177
-9189.95567974238,-9759.18137056419,-9651.32542181186,107.855948752352,-7742.63411791668,451.419212005371,-117.806478816421,-9.95053006407956,1898.74077383108,9749.23084050011
-9169.66353124058,-9739.76742356541,-9573.808532435,165.958891130418,-7675.03716225098,391.78347847528,-178.32041384954,-12.3615227191203,1886.4098474649,9727.40590084629
-9155.35276053768,-9722.87623944108,-9551.09724056319,171.778998877898,-7653.81959972424,372.502791320643,-195.020687582755,-23.2416887048497,1874.03595213409,9699.63455073623
-9139.38032423144,-9700.57891446155,-9540.68983115712,159.889083304435,-7642.40222117934,363.810912727294,-197.387677502826,-37.4985941983943,1860.78901577938,9663.08032026315
-9140.73717107446,-9690.69542546262,-9564.04902582222,126.646399640405,-7655.40474908791,363.990053605782,-185.968200782377,-59.3218011419663,1849.32247559233,9631.37362432064
-9174.56742813149,-9707.34888217336,-9526.69228253188,180.656599641488,-7596.71080770011,263.777289711329,-269.004164330553,-88.3475646890709,1841.6339101427,9619.00131748429
-9237.82996344537,-9747.09460052492,-9450.65439747887,296.440203046056,-7495.16724399629,94.7681572003053,-414.496479879252,-118.056276833191,1837.43087664938,9629.03832369174
-9312.76920995417,-9794.56216033762,-9395.58874859191,398.973411745726,-7417.97755647105,-59.8471153568509,-541.640065740288,-142.666653994567,1834.94453812628,9651.89550634305
-9397.17025796269,-9848.77394292956,-9363.91524431949,484.858698610077,-7366.26378643891,-196.671874108051,-648.275559074932,-163.41686046485,1834.23459741572,9685.35708246472
-9495.11419526201,-9915.58476552926,-9270.64334269091,644.941422838343,-7258.85782230155,-400.116437899736,-820.587008166975,-175.645585328633,1836.13993506074,9739.93918020061
-9616.74001605571,-10006.1380723729,-9206.74948201386,799.388590359015,-7190.08525352918,-584.288017931258,-973.686074248418,-174.297483889397,1842.36674459528,9831.84058848348
-9720.13441132933,-10080.4590210698,-9144.75217890738,935.706842162397,-7138.06196695134,-734.237906285952,-1094.5625160264,-158.855673864002,1847.83453809204,9921.60334720578
-9848.61110106089,-10182.9624818196,-9139.22922110685,1043.73326071273,-7147.30838593571,-842.734156723148,-1177.08553748184,-133.352276769109,1858.56855840202,10049.6102050505
-9965.04869005303,-10278.9434390754,-9157.03944680829,1121.90399226714,-7193.55687501877,-901.619954997311,-1215.51470401971,-93.6107117525665,1869.87186003695,10185.3327273229
-10069.7442369073,-10371.1923376089,-9214.25846529752,1156.93387231138,-7289.08593554005,-898.859483479019,-1200.30758418065,-43.3737118692564,1881.79881788821,10327.8186257397
-10158.8949573248,-10457.5256353211,-9319.27569823937,1138.24993708175,-7433.81312325322,-831.306247679374,-1129.93692567566,8.31301140609101,1893.77558639224,10465.8386467272
-10243.0888710687,-10548.6988231536,-9450.71566934486,1097.98315380871,-7604.09188131134,-732.248374247575,-1037.8583263324,60.1248274763177,1906.74861550983,10608.8236506299
-10319.1145007973,-10641.4676349818,-9568.28119448354,1073.18644049827,-7759.15211894316,-640.172882861209,-962.526017045694,110.66042345258,1919.78949899297,10752.1280584344
-10402.3326772726,-10751.615381984,-9751.35541338884,1000.25996859516,-7976.63230958568,-490.937151212913,-840.219855924321,160.040112670846,1934.763216474,10911.6554946549
-10481.6802663413,-10868.4104801747,-9995.94651617091,872.463964003749,-8254.86926261672,-276.928016613795,-663.658230447188,208.805733556567,1949.88298711077,11077.2162137312
-10556.1089064939,-10988.9969965262,-10238.3518968699,750.645099656273,-8525.53052554795,-65.9943361855404,-498.8824262178,251.762673438478,1964.58404476041,11240.7596699646
-10626.2809715745,-11113.5102195098,-10487.8419273243,625.668292185511,-8797.64034176296,149.968356639445,-337.260891295806,288.407400889709,1978.60898645099,11401.9176203995
-10696.313071531,-11246.2575227686,-10720.0925055548,526.165017213824,-9047.79751658752,343.905335297863,-206.039115939698,320.125901274127,1992.42089024137,11566.3834240427
-10767.4309500719,-11388.5032865114,-10942.5990683496,445.904218161781,-9282.63825325034,521.095814687131,-99.9765217523278,345.927696409454,2005.88851150869,11734.4309829208
-10844.3844363288,-11542.2094862126,-11195.8787577155,346.330728497041,-9535.21160151745,710.393378516957,12.5683286331719,358.899057130216,2019.56621332829,11901.1085433428
-10926.9077466071,-11704.4850157736,-11448.189711433,256.295304340588,-9772.84845137313,879.232905314389,101.655636147908,357.950940488496,2033.29220054837,12062.4359562621
-11011.3341317311,-11870.9505840423,-11658.1587630942,212.791820948127,-9956.993264684,992.061847095925,132.445394784729,345.237215732859,2046.40271414302,12216.1877997751
-11104.6333008828,-12047.082079701,-11860.2023728307,186.879706870296,-10124.5397735759,1079.36892088763,136.920142069463,323.799848939762,2059.46244819454,12370.8819286407
-11223.4776833744,-12247.390572474,-12081.1544453475,166.236127126542,-10301.6553917819,1152.72002977793,128.807140678281,295.04326780483,2074.54232137034,12542.4338402788
-11356.2114985918,-12458.9797926161,-12293.8397485326,165.140044083498,-10463.8012065869,1197.708754454,94.9404604297303,260.08050451323,2090.1190464589,12719.0602971293
-11503.4568958094,-12680.9865324346,-12468.9896821502,211.996850284394,-10577.076528825,1179.69704090702,2.16740428183234,214.164254566229,2106.07740789147,12895.1507870008
-11663.0258676216,-12908.9949241483,-12592.5489199387,316.446004209569,-10626.596941145,1085.1887065728,-160.7803499539,155.665654255671,2121.61763304935,13064.660578404
-11847.0022954181,-13151.8969857568,-12711.3084849649,440.588500791931,-10659.1791247274,950.33001662636,-354.564673712352,86.0238270795775,2138.15318731707,13237.9208128364
-12047.0668760646,-13399.3829649087,-12860.8386007906,538.544364118053,-10717.6666942234,825.276089620624,-527.03999922344,11.5043648946202,2154.6762714618,13410.8873298033
-12263.8272805916,-13651.5987318166,-13009.5545897316,642.044142084917,-10769.9678559925,677.769081916041,-710.002369308962,-67.9582272240492,2171.62850651506,13583.6405045925
-12482.8486346876,-13892.7349037905,-13175.3764969257,717.358406864791,-10830.3143548872,534.535696446359,-875.35057265655,-157.992165791758,2187.06997624676,13734.7427379987
-12718.2351929421,-14134.3948791276,-13353.4421355562,780.952743571401,-10899.8763036256,384.508780508616,-1031.65090567687,-250.698162105464,2202.86766982515,13883.6967170222
-12957.7767593523,-14363.777172829,-13526.3013625109,837.475810318208,-10970.6941656924,230.607950052003,-1175.39246342476,-337.916653106556,2217.69054371193,14025.8605197225
-13209.795574206,-14591.2655050248,-13714.675121298,876.590383726837,-11063.6871797388,86.7663217610937,-1294.70360905774,-418.113225330905,2232.8747162283,14173.1522796939
-13464.9193567023,-14808.7129041596,-13970.0932084283,838.619695731324,-11227.7015491423,10.159623216534,-1333.63392424076,-495.014228509432,2247.37743077653,14313.6986756501
-13723.5820876858,-15017.3318089456,-14210.7198191129,806.611989832627,-11384.3594133889,-77.6774647944787,-1371.42718605426,-564.815196221634,2261.54520950244,14452.5166127239
-13977.1072094108,-15210.3046026836,-14410.2166290499,800.087973633676,-11510.6740261065,-191.865047804238,-1425.06244107705,-624.974467443374,2274.56813550006,14585.3301352402
-14225.5333824308,-15389.2064262159,-14578.4557706565,810.750655559427,-11619.4171234509,-319.673889891017,-1483.34693367615,-672.596278116717,2286.44236908887,14716.6101480992
-14464.1002228151,-15550.814591397,-14769.8791235561,780.935467840876,-11759.8829183029,-407.567717540252,-1494.28208612211,-713.346618281236,2296.649586972,14837.4679731158
-14687.4760865411,-15690.7433312625,-14900.570170821,790.173160441512,-11851.5753504295,-531.006679642134,-1534.27392436357,-744.100763922057,2304.89405646949,14946.6425673405
-14902.71621985,-15817.8474454567,-14987.6941212832,830.153324173544,-11914.7957582247,-675.51960902462,-1590.65083463137,-760.497510457833,2312.40085260058,15057.3499349989
-15103.2093250249,-15927.8235830509,-15076.1570413826,851.666541668278,-11994.1952496393,-790.361020423693,-1614.97527844966,-763.308736781383,2318.65305496192,15164.5148462695
-15293.9084153643,-16027.8460109877,-15206.3263931714,821.519617816286,-12126.0993175127,-843.244486859598,-1577.182082483,-755.662464666716,2324.56461099198,15272.183546321
-15466.7169858391,-16110.8181705587,-15355.0890478121,755.729122746526,-12283.0416558946,-854.307991802259,-1498.40917652182,-742.680053775292,2329.36733814225,15368.1381167834
-15621.493472587,-16176.7771774081,-15472.1318913476,704.645286060516,-12419.5132380127,-868.991594439523,-1424.27529926064,-719.630013200121,2332.98864013478,15457.147164208
-15760.0785306258,-16229.3882573906,-15586.8111525777,642.577104812956,-12569.6819946297,-854.48269914357,-1323.79242590837,-681.215321095415,2335.91383685254,15548.1729362952
-15890.3621786998,-16278.7316438898,-15625.0148213969,653.71682249288,-12656.6897497442,-894.131267548876,-1282.50073273882,-628.78391024594,2339.54116140671,15649.9477336438
-16001.7320151893,-16316.490623252,-15588.6828006443,727.807822607725,-12684.9887937618,-974.080051065459,-1288.83865912819,-561.030836520467,2342.66317036201,15755.4597867315
-16087.6488397892,-16337.0453845429,-15521.3376699674,815.70771457543,-12690.9479983557,-1052.27395902014,-1301.67050377381,-485.962789198386,2344.42688241339,15851.0825953445
-16151.8818432664,-16345.2787573269,-15442.0425324053,903.236224921682,-12692.4630405116,-1114.16372745715,-1307.5606415177,-404.324416596017,2345.25507529762,15940.9543407309
-16196.4680083852,-16344.6129559922,-15351.609640734,993.00331525829,-12687.7616200782,-1163.06239461576,-1311.20734222281,-318.204026964524,2345.64399369125,16026.4089290277
-16220.4763980233,-16333.9546565206,-15223.8339813352,1110.12067518544,-12652.7323722112,-1222.30531561352,-1335.78357411082,-225.66289892538,2345.43871019858,16108.2917575952
-16233.8162495497,-16323.767743422,-15114.0181371203,1209.7496063017,-12636.3108381265,-1251.83127422587,-1341.78276809816,-132.033161796457,2345.67413719735,16191.7345816256
-16236.1318087567,-16313.5605924878,-14998.7500732142,1314.81051927356,-12609.5160911538,-1280.53485380219,-1357.96363753327,-43.1531182597129,2346.08086380072,16270.407474228
-16224.3696423142,-16299.6455269907,-14902.9051096652,1396.74041732555,-12598.0385219813,-1280.04222394623,-1355.31810862272,41.422308702831,2346.28889638677,16341.0678356936
-16203.5944945709,-16286.3575685103,-14803.0414704397,1483.31609807062,-12575.0368515619,-1282.04258438493,-1364.8056583243,118.510439746329,2346.51505862415,16404.8680082566
-16169.292865818,-16268.810987844,-14734.176973207,1534.63401463694,-12576.0883846141,-1247.39840271694,-1346.91652474287,187.717489894072,2345.80607848702,16456.528477738
-16127.2390188619,-16251.6405334058,-14720.461353223,1531.17918018287,-12623.1761272882,-1159.27675618706,-1283.67827073097,247.500909451901,2344.78613538669,16499.1414428577
-16079.4462142705,-16235.3706246368,-14752.4136865181,1482.95693811877,-12704.9209853879,-1030.97251514868,-1186.89692551507,296.060012603698,2343.55271373393,16531.4306372405
-16023.2377842839,-16216.4326524126,-14761.7156239283,1454.71702848434,-12751.5774888708,-930.241547523371,-1123.43641565203,331.28061283231,2341.41874788979,16547.7132652449
-15956.5754462633,-16193.0746783697,-14772.957280446,1420.11739792361,-12790.2922982334,-828.362628393331,-1064.86186049965,355.25553742396,2337.92051963656,16548.3302157936
-15882.9577159531,-16168.2273885417,-14827.4967297576,1340.73065878416,-12864.5603837557,-684.896193232842,-970.165865821483,370.564792962677,2333.50113896452,16538.7921815044
-15807.4207115909,-16145.6620713409,-14892.8775432133,1252.78452812759,-12944.1247579947,-534.729780174824,-872.971139924836,379.813388202748,2328.56617342134,16525.4754595437
-15728.7365394427,-16125.1796050514,-14972.0702915317,1153.10931351965,-13032.5625847785,-373.631188373079,-770.07425398175,383.035059537904,2322.54276629108,16508.2146645893
-15641.5025873329,-16102.5302741785,-14998.8227810626,1103.70749311602,-13060.8919402398,-266.112801457008,-727.140488302656,376.567004813362,2314.49784563608,16479.0972789919
-15557.9401643001,-16088.2674035243,-15052.6842770147,1035.58312650959,-13110.5945823148,-141.367284209671,-671.694523433836,363.888603075753,2305.97829777566,16452.1560066
-15478.1130448277,-16080.0669547847,-15102.4445231871,977.622431597627,-13148.389350765,-33.017564654475,-634.971474611479,342.650956986148,2296.70612940822,16422.7179117709
-15403.1162203767,-16077.221095099,-15160.7948021834,916.426292915679,-13192.5131708267,75.9751410447278,-598.129733677613,318.296559238071,2286.57819059471,16395.5176543371
-15353.7970849843,-16099.0279824342,-15227.9314863611,871.09649607307,-13239.8449989529,164.322099610942,-580.908797838963,290.187698234107,2278.27418564234,16389.2156806683
-15317.161614239,-16130.3165270371,-15330.4731084893,799.843418547767,-13319.9602503171,272.744945589084,-540.409967209034,259.433451338733,2269.94630951099,16389.7499783758
-15282.7552339146,-16159.330639278,-15479.7718416514,679.558797626633,-13445.9661111528,423.257219469045,-453.31818589437,226.240611732264,2260.04634223085,16385.5712510103
-15247.3332933276,-16182.1215941849,-15601.2313037803,580.890290404654,-13544.2465115285,544.896010378852,-389.892290478439,190.997999926219,2247.98279217803,16373.1195941111
-15237.0115924817,-16224.6064830001,-15725.8962694495,498.710213550619,-13641.1308378832,641.546947023218,-346.047943495206,152.662270055413,2237.42770162169,16377.2687530555
-15234.6242082797,-16269.1137361967,-15841.2759576997,427.83777849691,-13717.3192647241,709.074198352839,-325.415329564082,102.42244893283,2226.37914190844,16371.5361851295
-15242.3486332132,-16316.0250434196,-15974.4876101872,341.537433232415,-13800.4976866987,773.11907261396,-300.557337592429,40.9800956399878,2214.97001912847,16357.0051390595
-15248.0126328902,-16350.4792681956,-16070.9704886106,279.508779584979,-13838.3974612665,791.520020284686,-310.946615020705,-31.4378354357224,2201.1351919084,16319.0414327599
-15262.4844347714,-16382.2260483727,-16214.1084601939,168.11758817876,-13915.3262868557,839.253552191275,-280.488061409996,-112.370473231235,2186.41170010694,16269.8555751415
-15292.3383652696,-16417.4852766305,-16320.005928522,97.4793481085036,-13948.7042659168,828.238267608718,-296.90864375227,-199.429295643765,2171.87236696151,16218.0559809868
-15320.4415595013,-16438.0034463755,-16398.0082184438,39.995227931725,-13954.1023277557,789.165638540036,-328.396248334142,-288.401020402414,2155.50487028561,16149.6024259731
-15384.7596537602,-16480.1133425521,-16468.4640909397,11.6492516123631,-13945.255240802,703.08961872191,-392.264070069916,-380.614818457552,2142.59403168018,16099.4985240945
-15468.5275477205,-16527.1196775441,-16541.5140615182,-14.3943839740455,-13935.4734228828,598.597724711463,-459.994405112208,-474.38878908625,2131.65184954912,16052.7308884579
-15560.5120129718,-16567.8299807306,-16540.6764661248,27.1535146059093,-13850.3771921946,411.558708055237,-595.759259703605,-568.605745097693,2121.69352883241,15999.224235633
-15659.0067171449,-16601.229610422,-16509.807379513,91.4222309090498,-13739.9523382624,193.942047319701,-748.280845957445,-656.85861504839,2112.99642620221,15944.3709953737
-15752.287682168,-16617.1778519654,-16437.2481805801,179.929671385358,-13599.6027703333,-48.5035025808527,-913.393672378295,-733.464000992942,2104.18140925388,15883.7138509725
-15845.6160694641,-16623.4821873271,-16322.0074637015,301.474723625557,-13431.0722140304,-318.115272395317,-1095.98139025827,-794.506666632713,2096.42858303837,15828.9755206944
-15936.0591609903,-16619.8312211736,-16152.6374736387,467.193747534907,-13229.8838794676,-616.539228473858,-1300.31128865716,-833.117541122253,2089.63605304885,15786.7136800513
-16019.671671614,-16605.6116550167,-15955.1306422573,650.481012759363,-13026.8215194982,-909.212048825025,-1495.15203222772,-844.671019468356,2083.63810329078,15760.9406355483
-16087.2526993185,-16576.0133762818,-15788.5460804702,787.467295811636,-12879.1477341408,-1130.66190642928,-1619.42258339257,-831.955287580934,2077.44305874848,15744.0580887009
-16130.6322832537,-16526.3921077155,-15637.53237293,888.859734785468,-12764.8593797767,-1295.57867792585,-1691.33850238773,-802.478767602259,2070.19422555104,15723.9133401133
-16165.2156171132,-16475.083758126,-15516.5507504389,958.533007687126,-12697.6652302695,-1403.71571843282,-1713.58385944567,-755.050851758542,2063.83466841086,15720.0329063675
-16181.5071500476,-16415.0703185268,-15388.2066289643,1026.86368956244,-12641.0542929765,-1483.51282962624,-1717.07599810543,-690.212308542985,2056.94002744482,15724.8580099838
-16180.8465485089,-16350.6424597805,-15283.3266278583,1067.31583192229,-12621.9131081831,-1509.04908991152,-1678.84500118321,-611.529169260918,2049.88435041426,15739.1132905196
-16161.477713613,-16283.3374935219,-15200.7583871788,1082.57910634303,-12632.0342251496,-1487.19976466405,-1609.0595445729,-526.480438229872,2042.24372379935,15756.857055292
-16123.3358807372,-16215.2390576805,-15127.7292355967,1087.50982208383,-12661.0058474504,-1428.74412321428,-1520.6473001576,-433.137478073765,2033.58591007251,15782.1015796068
-16078.6767532262,-16157.242653007,-15072.2452560091,1084.99739699794,-12708.8898794847,-1344.82748739461,-1423.39338717538,-338.395990177442,2024.95938634692,15818.8466628296
-16022.4060367476,-16102.9976552928,-15045.8710087634,1057.12664652935,-12783.0910795248,-1223.69004855322,-1304.2816670984,-247.155020569053,2015.62490866958,15855.8426347237
-15967.775506847,-16064.8941318326,-15053.0634517068,1011.83068012586,-12881.9863920177,-1078.71307851927,-1175.8317035049,-164.001023379042,2007.07603631001,15900.8931084536
-15921.0573581859,-16046.0370954652,-15088.5284328245,957.508662640732,-12993.3048496868,-928.209728138313,-1053.18946541768,-95.6808027769426,1999.54278036078,15950.3562926883
-15874.6522271574,-16035.5528539152,-15184.9306103466,850.622243568604,-13153.1167744989,-729.994028305996,-890.894655063703,-40.2724114951064,1991.5414243526,15995.2804424201
-15832.7812810358,-16034.5741071098,-15299.9281918669,734.645915242916,-13318.2570123078,-530.885259514327,-732.678085588276,1.96782965464174,1983.63900921371,16036.5419367644
-15807.1720384346,-16052.0793503149,-15432.7436322645,619.335718050452,-13487.341778277,-342.549226380072,-587.456538260402,31.8791797900433,1977.2810337775,16083.958530105
-15786.0778262377,-16073.8858968004,-15530.9135340431,542.972362757236,-13607.9492665702,-207.160183357671,-494.968253920329,48.0041088369019,1970.96837630983,16121.8900056372
-15768.69639288,-16097.9292794306,-15653.2086272537,444.720652176897,-13737.3984809257,-66.6159018322002,-395.848788382745,48.8718637941489,1964.68201012218,16146.8011432248
-15767.9449606533,-16135.4753022036,-15811.0160749972,324.459227206419,-13888.0479048881,80.3039735217857,-287.226368028534,37.2328591778815,1960.20102928698,16172.7081613815
-15772.45928425,-16174.0356758865,-15948.2227046437,225.812971242739,-14018.930220326,202.569816279307,-199.006575357151,26.8063958855846,1956.09888020334,16200.842071772
-15784.6472476365,-16216.6750011554,-16047.9462098789,168.728791276562,-14120.8995660579,289.299585851552,-142.728167667419,26.0006236091428,1953.04726743014,16242.6756247646
-15798.8179803223,-16259.9292699627,-16119.0060200186,140.92324994417,-14199.339049765,351.09825006559,-110.013039574777,30.9102103693931,1950.57718062291,16290.8394803321
-15820.3267892899,-16310.4643030354,-16154.4053817443,156.058921291019,-14244.516899885,373.791853981746,-116.345659763752,39.7132615272605,1949.60174338661,16350.1775645626
-15839.2401224522,-16359.7876091187,-16167.2287115387,192.558897580002,-14274.5523188258,384.299442000534,-136.248044665884,56.3108529141166,1948.98724562699,16416.0984620328
-15861.1466451084,-16414.3323378386,-16175.8418025699,238.49053526864,-14301.6642909807,389.997292663543,-163.18840006667,75.3021352019698,1949.47964679121,16489.6344730406
-15887.9267228828,-16476.6350081032,-16161.1777297071,315.45727839609,-14303.5326983162,366.399309001918,-222.30897621842,93.1483021776694,1950.79333356858,16569.7833102808
-15919.3672620256,-16547.009019214,-16109.3876127925,437.621406421479,-14267.8550931119,300.811839068218,-326.829918120172,110.791488301303,1952.32400798193,16657.8005075153
-15955.0760467577,-16624.2412680066,-16047.7049781399,576.536289866685,-14217.5260953493,216.359203022869,-452.806018226007,123.730271640676,1953.90915443129,16747.9715396473
-15993.7515351206,-16705.5314878206,-16024.924920656,680.606567164608,-14196.8571093498,158.103565431097,-553.67638726882,126.930179895784,1954.99799120191,16832.4616677163
-16039.8741291425,-16793.8991621077,-16046.5178821656,747.381279942113,-14212.9485328824,128.815492624658,-625.209540340474,122.171739601638,1955.7410888848,16916.0709017093
-16093.8351510496,-16889.7715550939,-16071.231491858,818.540063235873,-14229.222316279,91.6201403712871,-704.316263673009,114.223799562868,1956.23297514184,17003.9953546567
-16154.4445893455,-16990.819082378,-16115.658615249,875.160467128986,-14252.4467650294,54.3124315809876,-782.062061451452,93.0984056775333,1956.31025589712,17083.9174880555
-16227.4583685036,-17101.9779906315,-16220.7526389575,881.22535167401,-14323.785375747,53.1207255635816,-821.398896564302,59.8264551097059,1956.79371832019,17161.8044457412
-16309.1474988978,-17218.9440983527,-16362.6536150012,856.290483351491,-14427.1302576876,75.2421523409586,-834.554447113994,21.7360362375,1957.25939355107,17240.6801345902
-16399.2395667149,-17340.5047282537,-16544.9577273981,795.547000855558,-14564.9619256485,123.430412578775,-817.834748959935,-22.2877481043749,1957.70805364525,17318.2169801493
-16506.2532772802,-17474.4754376646,-16753.6724983147,720.802939349877,-14718.9301580903,171.743216936525,-796.478943447872,-75.6760040979914,1959.06633612646,17398.7994335666
-16626.2551258792,-17615.5911940715,-16980.2950349224,635.296159149093,-14884.5429543503,219.023026509038,-770.313041683236,-135.016882534142,1960.73519803796,17480.5743115373
-16750.6090094397,-17755.0522201291,-17219.1059068349,535.946313294205,-15064.5910472626,275.572068092843,-728.871142596576,-192.924829302369,1961.59003026987,17562.1273908267
-16887.0251008707,-17899.3229145098,-17449.3202193063,450.002695203495,-15231.5453358873,307.413530094322,-704.884283544799,-254.881588341306,1962.89329507775,17644.4413261685
-17035.1589879321,-18047.2853760914,-17624.4637563893,422.821619702044,-15339.9620470238,269.341126497662,-742.785261661669,-319.963641959623,1964.53806740586,17727.3217341318
-17197.7392528133,-18200.4531666085,-17865.7776760188,334.67549058971,-15517.6999742224,286.912770584555,-715.801143210659,-381.125652620942,1966.95204917546,17819.3275139876
-17370.7999888588,-18355.9043550905,-18139.9213458617,215.983009228755,-15734.1395670728,333.582279323453,-651.522086908185,-435.539077679434,1970.2427011095,17920.365277411
-17549.2698876925,-18510.2746908329,-18374.9860654165,135.288625416428,-15918.8310958195,343.786391838212,-617.218411302212,-481.929785885784,1974.22518371114,18028.3449049471
-17727.2058160685,-18659.033708652,-18586.1910374974,72.8426711545755,-16085.7037916702,336.972455186828,-594.855437396668,-522.012766242092,1978.47447958508,18137.0209424099
-17902.4314886356,-18800.3004716583,-18735.6194880172,64.6809836410367,-16200.1671899689,280.603182078238,-617.265800944446,-552.584817303411,1982.86748074489,18247.7156543549
-18078.0136790056,-18937.6455201316,-18835.6748853744,101.970634757195,-16267.9445733186,178.065409965249,-681.566431160743,-579.595796403541,1988.13451565223,18358.0497237281
-18252.385932565,-19069.7938217407,-18935.5364791674,134.257342573279,-16339.1757392181,80.6647950258367,-736.743094149871,-602.485751576594,1993.8749883727,18467.3080701641
-18424.6541957028,-19196.4260789986,-19026.0887318633,170.337347135352,-16405.9438957771,-18.9720320193361,-790.743915315188,-620.406568179838,1999.73826790634,18576.0195108188
-18596.8988848437,-19318.5848300903,-19084.4264141276,234.158415962751,-16444.4657073288,-146.578630288066,-868.264575534653,-634.106159571901,2005.85454722687,18684.4786705184
-18777.2524380274,-19444.0627067031,-19116.5279607049,327.534745998152,-16461.7364519886,-302.146073633535,-968.956342309174,-641.421596311018,2013.36991240523,18802.641110392
-18952.4629904798,-19561.4568746732,-19094.6495651886,466.807309484624,-16438.2614234823,-493.420179003379,-1102.41406319673,-635.606753712108,2020.78138799418,18925.8501209611
-19125.3405346372,-19675.8654832455,-19028.7157190581,647.149764187407,-16382.8758878754,-713.869352805698,-1264.39430141404,-617.244537226635,2028.59529395611,19058.6209460189
-19288.4529872199,-19780.3321047495,-18991.199206745,789.132898004455,-16359.2489599638,-893.215201471445,-1385.09431900097,-595.961420996517,2035.98882578469,19184.370683753
-19437.661181665,-19871.0572259869,-18958.2621292974,912.79509668952,-16345.7469529344,-1049.66518120664,-1483.06122552853,-570.266128839006,2042.24904752391,19300.7910971479
-19565.8255426916,-19943.0248151146,-18927.7898544904,1015.23496062426,-16350.3750009526,-1169.30839801367,-1546.50767043672,-531.272709812454,2046.14214372537,19411.7521053022
-19676.6999587173,-20003.3233814185,-18896.2710630413,1107.05231837718,-16365.946765724,-1262.38710905166,-1589.01053175287,-481.958213375685,2048.36608394162,19521.3651680428
-19754.6157214789,-20037.1798872164,-18874.4682036366,1162.71168357989,-16394.2567960988,-1312.92265106837,-1595.48681680588,-432.775133226002,2047.43627431174,19604.4047539904
-19814.7290103769,-20059.5717073527,-18831.2254294054,1228.34627794723,-16404.7989646465,-1364.15234940342,-1608.99504637919,-380.648768431966,2045.77769632695,19678.9229389207
-19855.5827548864,-20070.1826445323,-18756.5461173912,1313.63652714115,-16386.6772161651,-1425.7502046081,-1640.350094254,-326.713567112856,2043.15533411326,19743.4690774194
-19886.8088074111,-20079.1911272271,-18703.5839804784,1375.60714674866,-16384.8477955366,-1461.17751662699,-1653.55983644296,-277.952689694301,2040.78349524746,19801.2384375328
-19895.3671763988,-20072.2596680001,-18709.4539653744,1362.80570262565,-16436.1220499105,-1422.30885926705,-1599.20135086829,-236.395648242639,2036.93626722124,19835.8640197574
-19890.0800483144,-20056.8559507514,-18715.0544235952,1341.80152715619,-16476.677739101,-1380.67893522994,-1547.45483766701,-205.653310510826,2032.72337398337,19851.2026402406
-19873.7811946012,-20034.3212187549,-18736.8135552897,1297.50766346521,-16524.8888432946,-1320.57759410952,-1481.11761826319,-183.609954797987,2028.31475719713,19850.7112639569
-19865.7646118567,-20021.0508415455,-18813.8271559221,1207.22368562338,-16615.5330981293,-1224.32848826437,-1379.61471795318,-172.391032329797,2025.90302546303,19848.6598092157
-19872.6072780575,-20019.5714044553,-18920.9420274845,1098.62937697081,-16724.1092165802,-1122.78451884582,-1269.74864524361,-171.119268272798,2025.71354263149,19848.4521361825
-19870.832838101,-20005.0570169812,-19057.2796337465,947.777383234666,-16859.6949881387,-986.769845229903,-1120.99402411008,-173.216640875419,2024.36800473243,19831.8403761058
-19896.6680307988,-20014.397268791,-19183.9980312152,830.399237575788,-16984.4463384623,-885.412265183536,-1003.14150317568,-172.742265599893,2026.80942715297,19841.655003191
-19925.1837511023,-20023.1647229277,-19317.9409179848,705.223804942947,-17120.2451830725,-774.895230018166,-872.876201843575,-167.652396900621,2030.04333801163,19855.5123260271
-19949.9033560636,-20026.3398613313,-19462.0837366795,564.256124651806,-17273.5669974114,-642.778030565018,-719.214535832751,-154.958411180943,2033.55832808711,19871.3814501503
-19953.9526966317,-20009.4565980319,-19567.9497299824,441.506868049543,-17398.3031609987,-520.147410482663,-575.651311882845,-134.144443833298,2035.50212515037,19875.3121541986
-19949.0825095967,-19987.1156989301,-19631.6846623986,355.431036531479,-17491.9868149421,-419.343647307133,-457.37683664056,-101.945800109079,2037.75204734743,19885.169898821
-19939.4069777638,-19965.7511503866,-19702.5366093119,263.214541074697,-17601.4911844062,-296.906275097044,-323.250447719769,-60.0359066450671,2041.00951826066,19905.7152437415
-19916.9690530974,-19939.50021207,-19757.5424695202,181.957742549792,-17703.0114140774,-169.553641709921,-192.084800682509,-10.127058132715,2044.40399731008,19929.3731539373
-19873.1574834341,-19901.7276539317,-19773.181544379,128.546109552718,-17774.7984607525,-51.5130325429697,-80.0832030406173,48.4629065121055,2046.84599013861,19950.1905604439
-19811.9061519322,-19857.8420552406,-19774.4522191565,83.3898360841915,-17842.8635516597,79.7026885669867,33.7667852585216,117.156621342719,2048.74528883953,19974.9986765834
-19717.0962963132,-19794.184694933,-19743.2294251444,50.9552697886215,-17892.3243339054,223.190523424426,146.102124804626,197.057394593249,2047.96248583223,19991.2420895262
-19582.431584806,-19706.607596209,-19664.7690987728,41.838497436266,-17909.259910832,370.50527825718,246.329266854177,288.167764290448,2043.67695223126,19994.7753604995
-19430.3474675728,-19617.633996558,-19515.4988217217,102.135174836356,-17857.8113331424,465.970828905538,278.684299920321,380.819474756676,2038.506963336,19998.4534713147
-19291.8036264388,-19557.1958578844,-19378.8153139198,178.380543964564,-17807.6191453704,551.729341775686,286.337110330069,464.717654294636,2035.91382284407,20021.913512179
-19130.1075717814,-19487.057666517,-19212.147567502,274.910099014996,-17717.0625285471,617.300465772765,260.35037103718,535.260470052178,2030.34550900701,20022.3181365691
-18960.136990705,-19419.1426460087,-19031.4161152934,387.726530715265,-17599.8778451399,662.76403305376,203.758377750045,591.484908465315,2023.0231786188,20010.627554474
-18787.2837714454,-19356.6887938242,-18833.9559552805,522.732838543605,-17450.5768173822,677.265302211074,107.860279832322,630.593118375924,2013.9722562743,19987.2819122001
-18633.3693658598,-19318.7408635383,-18692.1904259076,626.550437630722,-17334.0176933725,706.085426434147,20.7139287556075,647.26436638633,2005.43709892139,19966.0052299246
-18516.4159478969,-19318.0204779213,-18623.0095394728,695.010938448482,-17261.1431035926,743.6675811857,-57.9369488387435,637.07398960974,1998.94042548994,19955.094467531
-18442.286754253,-19355.5403711816,-18610.1324805104,745.407890671241,-17221.0587266827,773.226096257417,-140.02752067118,605.380370000063,1994.45412382768,19960.9207411816
-18399.4525284765,-19416.1571319664,-18628.1829426931,787.974189273326,-17187.9087591476,778.535758970624,-238.168844519315,549.805344754005,1990.07952829945,19965.9624767204
-18381.9474999504,-19490.2709209955,-18718.2091806772,772.06174031827,-17202.9685686283,805.80037962407,-302.523041421,469.538698897271,1984.77931094618,19959.8096198927
-18445.5583217769,-19628.8268037598,-18902.1033582965,726.723445463265,-17284.123400716,824.537599910922,-358.730882071922,367.992563391344,1985.97252097186,19996.8193671511
-18539.5946944351,-19779.4480286428,-19074.6894580329,704.758570609874,-17343.1077793757,790.899831978683,-448.953502229054,255.805068380823,1987.38674703808,20035.2530970236
-18662.4845673889,-19939.7159795281,-19275.5188315398,664.19714798824,-17422.8365399123,749.404641631687,-527.826770507502,136.370377480741,1989.05266910822,20076.0863570088
-18815.7760912291,-20111.8647577456,-19503.5538635166,608.310894228969,-17528.0531075327,703.931051124466,-592.15761539207,16.153278836901,1991.65403482083,20128.0180365825
-18991.5512210922,-20289.1067890859,-19736.2351821207,552.8716069652,-17637.4051706795,640.649299119911,-656.906268873772,-104.034661908574,1994.79534953256,20185.0721271773
-19185.6888806175,-20468.2894960585,-19945.6958150242,522.593681034328,-17722.2545600241,535.297744886872,-747.30287055418,-224.70918951985,1998.73206548021,20243.5803065387
-19388.4164029996,-20641.0642571184,-20146.5809219792,494.483335139264,-17801.7083145558,416.071629771551,-836.576224347236,-342.092889207969,2002.77971821532,20298.9713679104
-19600.221357649,-20809.1748595611,-20321.2633022203,487.911557340787,-17860.6732204385,267.889539323151,-941.063962588926,-453.152405248137,2007.43767653367,20356.022454313
-19819.8664134715,-20974.192864318,-20518.4578801984,455.734984119648,-17947.7305160989,141.157205154243,-1013.16924569234,-557.434261572687,2013.29310252678,20416.7586027453
-20035.2136262338,-21125.7019015427,-20743.0568563361,382.645045206568,-18071.3249765506,55.3396352916163,-1035.14864001728,-652.503594810712,2019.22828497481,20473.198306732
-20253.6333095681,-21272.9735480922,-20941.5609079116,331.412640180555,-18182.2806544079,-44.6773705071532,-1064.01760903125,-732.604968850696,2026.67528465306,20540.3685792415
-20470.5085649338,-21413.9137916475,-21106.4267684962,307.487023151239,-18272.5301502346,-162.74872920806,-1106.15395592176,-798.66693277052,2035.2296854911,20615.2468588769
-20676.6384730915,-21542.48777253,-21269.2533411706,273.234431359457,-18376.7747179765,-255.945624268687,-1121.79492370718,-848.560492347728,2043.91813084637,20693.9272801823
-20872.5449362456,-21661.9104305569,-21442.1558776279,219.754552928993,-18507.8763909309,-311.523846043624,-1100.88934035494,-881.13478742594,2053.14469927111,20780.775643131
-21050.1788063876,-21766.9137252834,-21582.5156583151,184.398066968252,-18623.9749616481,-364.022361195471,-1080.75728009124,-896.359213122987,2062.18148354401,20870.5545121604
-21204.3158156076,-21854.1530880848,-21722.4319728837,131.721115201175,-18751.4979252738,-382.670864128732,-1032.50813660594,-900.787021404768,2070.14702620508,20953.3660666801
-21347.0877729484,-21935.7889584957,-21823.8441068499,111.944851645774,-18847.2763940667,-421.766271724264,-1010.46745727153,-898.522605625758,2078.04510715744,21037.2663528699
-21474.6280947506,-22007.8596492133,-21890.9847364305,116.874912782836,-18911.3021063576,-478.457582951146,-1011.68913741388,-894.814224631044,2084.86840544189,21113.0454245823
-21589.9850143136,-22072.2366580661,-21946.2019040285,126.034754037618,-18962.8198672956,-536.525920457802,-1018.7775642103,-892.742810172683,2090.63922656016,21179.4938478934
-21700.1623753481,-22133.4599545433,-21967.9397587283,165.520195815058,-18979.0347608107,-625.443828931674,-1058.74140812689,-893.221212311833,2095.68378560572,21240.2387422315
-21806.6745036557,-22190.6523145651,-21967.0237931144,223.628521450649,-18970.4892978234,-736.393437779881,-1120.37124868924,-896.742727238587,2099.79176805248,21293.9095873265
-21910.7661348371,-22243.2383047367,-21957.5089943868,285.729310349882,-18950.7705403139,-856.94101304151,-1189.41318294104,-903.683872591157,2103.05458148173,21339.5544321455
-22018.0820740535,-22294.0676946148,-21944.3586168272,349.709077787621,-18921.8794935207,-990.340416684716,-1266.32603724607,-916.616959458451,2105.86216384802,21377.4507351564
-22114.2920383237,-22327.6135001484,-21905.7512567822,421.86224336624,-18872.2318420897,-1135.89401603216,-1349.21547785695,-927.353234490709,2106.16618020179,21400.2602656577
-22187.5978929355,-22332.2953861906,-21860.7808371952,471.514548995386,-18824.9263492137,-1259.86040283406,-1404.55789608917,-933.043347093788,2102.81114088768,21399.2520390968
-22262.0993055454,-22331.8883876445,-21802.8715985458,529.016789098699,-18769.4961271099,-1392.98117270632,-1462.77025480544,-933.753465706746,2099.62200572912,21398.1349219377
-22331.3877648479,-22319.9950845125,-21784.2527219563,535.74236255621,-18760.7270839765,-1474.53083536107,-1463.13815502563,-927.395792469424,2096.12984551034,21392.5992920431
-22391.1072408728,-22292.8354082597,-21788.0408588737,504.794549386009,-18784.3521370864,-1514.51029986572,-1416.23846725255,-911.443917866539,2092.24480392075,21381.3914903931
-22427.7809933461,-22239.0572755155,-21756.3807217239,482.676553791615,-18786.0655332775,-1555.06052643264,-1366.33680860204,-883.660254810435,2086.65493363598,21355.3970207051
-22460.6957797038,-22180.427132064,-21690.8670404823,489.560091581638,-18769.3670675229,-1608.81659207458,-1328.54794443479,-838.987852853161,2082.51212010632,21341.4392792108
-22471.8942758871,-22102.8322982958,-21655.9961310853,446.836167210519,-18804.6610409929,-1589.31499570119,-1220.25301810995,-773.416850899434,2077.918239193,21329.4154473964
-22468.8723553854,-22017.4941046322,-21599.80466764,417.689436992289,-18838.7879643474,-1555.92937208075,-1104.55112132758,-686.861684335296,2074.15501895722,21330.6324202969
-22455.6600446387,-21930.7431030081,-21505.7893766019,424.953726406242,-18849.2394094776,-1534.63448708358,-1009.71754545297,-584.76381904673,2071.78614807756,21345.9792839614
-22430.2037131128,-21842.2748761983,-21392.1324322992,450.142443899076,-18845.3035877623,-1514.27871192629,-926.349875011727,-476.207431112655,2070.62141342421,21366.0674450856
-22388.749835041,-21749.2586071426,-21301.6838619109,447.57474523165,-18867.585400592,-1450.97119124916,-811.47996335073,-363.905218119082,2070.19324319991,21385.3533890235
-22335.3674537883,-21656.896517752,-21235.8751325176,421.021385234395,-18915.6617750604,-1348.71043829379,-670.239502257468,-249.218117023074,2070.99524043417,21407.6784007289
-22296.5483885884,-21591.8479930025,-21196.5819369028,395.26605609967,-18983.5059763089,-1236.8248447253,-532.124449139385,-136.858393039716,2076.21756755422,21454.9895999627
-22242.0200362037,-21524.4799416367,-21132.0721663494,392.40777528724,-19025.5812390939,-1134.96232023956,-417.422225672559,-25.0144503853185,2081.47647687019,21499.4654912513
-22173.6874358709,-21457.5629457807,-21063.6239002448,393.939045535826,-19056.9505009507,-1029.95673590316,-313.832245812968,80.1067997228573,2086.78019901705,21537.6697455035
-22094.5281591929,-21395.0947948313,-21025.2853186561,369.809476175172,-19109.8996202291,-892.516913385666,-193.083549024019,176.725927151152,2092.11162557818,21571.8207219824
-22008.0393745047,-21340.3315603616,-21024.7079909417,315.62356941984,-19189.3400700504,-721.389136874115,-53.6813227309804,261.942246688853,2097.31016758021,21602.2738070504
-21915.2959305128,-21293.9627877301,-21032.6257203571,261.337067373004,-19265.5427863178,-547.874487977816,73.4586548049001,334.795722177906,2101.87865621722,21628.758509908
-21818.3023600637,-21256.7507887408,-21055.7229425496,201.027846191174,-19344.6938325983,-367.953563565029,193.598007757855,394.625853949029,2105.65496390031,21651.3766426898
-21718.0397236768,-21228.1830434956,-21037.8046945496,190.378348946055,-19371.2079272564,-238.21525695432,251.641423226898,442.01977217295,2108.61653946613,21670.2028156686
-21618.065677714,-21210.1495497798,-21009.3971812348,200.752368545004,-19375.1726087367,-131.946384263104,275.969743671108,476.722112216111,2110.9466847142,21686.8716619959
-21514.5403333221,-21196.6371506189,-20975.5086783306,221.128472288295,-19362.872558875,-39.8044174852886,278.098765217904,499.227237506202,2111.86335696179,21695.8643881251
-21409.8443907923,-21186.9108389377,-20970.0509889565,216.859849981229,-19369.0978333895,70.6443960351174,293.577947889745,510.437797870975,2111.39095343797,21697.3486368087
-21312.7418684768,-21186.9983074919,-20999.3785164463,187.619791045612,-19395.8527695522,193.656369077196,319.39993006219,507.019721107799,2110.54546800189,21694.0180285997
-21223.6207568945,-21194.5971681949,-21015.3163315379,179.280836656964,-19392.3663456311,278.085279471612,307.108868171263,486.389704828222,2109.33969073504,21680.9868730231
-21150.1469900557,-21215.0510505716,-21014.1889635362,200.862087035407,-19359.5532500875,318.258149378829,253.354088862889,454.216175898299,2108.85188934702,21669.2672264699
-21089.0870912067,-21243.7177319325,-21020.1152530712,223.602478861284,-19329.3006556963,348.764130340854,194.133489615141,417.735968476424,2108.55056585137,21661.4537004089
-21036.9488468709,-21276.2082696492,-21033.8699776108,242.338292038414,-19304.6750585545,375.558733110237,136.299310331881,378.637602370298,2107.83252142666,21654.8458720195
-20991.3316776288,-21309.7967121823,-21021.2787856563,288.517926526024,-19250.4757318234,365.694448829708,47.2294142761718,335.747340802195,2106.55039463506,21645.5440529845
-20959.8978962631,-21350.5992622437,-21068.4496212045,282.149641039265,-19252.465798591,398.409018712932,7.70765273234192,289.857293771613,2105.84111638509,21640.4565560153
-20940.0850159119,-21396.0942568688,-21105.6389837823,290.455273086496,-19247.9648192116,413.29950553164,-42.7097354252525,247.745537661246,2105.41970223194,21643.8397945301
-20923.7402294536,-21439.6338899788,-21118.3997544448,321.234135534016,-19230.4531775939,410.943938989455,-104.949721535662,216.284413998356,2104.23099084924,21655.9183039771
-20915.2423126523,-21488.1251889253,-21102.8010586822,385.324130243144,-19188.6637574962,376.427969876228,-196.454906396797,188.869223846352,2103.00652503234,21676.9944127717
-20917.4887228923,-21544.0504152662,-21115.7750092196,428.275406046682,-19176.9502271721,361.467458649068,-265.094233724881,163.181172321801,2102.00595436923,21707.231587588
-20928.5500136777,-21605.642700655,-21160.674432064,444.968268591073,-19198.9418930611,371.13340881178,-305.959278165472,139.008990425602,2100.74152942845,21744.6516910806
-20937.907451786,-21662.2995289095,-21198.4086861034,463.89084280618,-19218.8023731056,378.41144041679,-345.980636706723,117.910206099456,2097.51651909726,21780.209735009
-20939.3069704849,-21707.4748847033,-21213.0049551925,494.46992951072,-19217.1561722374,369.409598391781,-398.75831582654,95.711613684184,2091.5603966393,21803.1864983874
-20952.7989717747,-21759.6395905951,-21275.7398042567,483.899786338373,-19255.5422506467,388.376281132419,-418.464337687984,65.4354486503922,2085.63300226042,21825.0750392455
-20980.8227142551,-21819.9191287761,-21374.2534114745,445.665717301643,-19322.3661971924,421.459263224037,-417.637151296997,28.0285660046484,2079.9157802867,21847.9476947808
-21020.2853192093,-21884.218289578,-21434.6302336592,449.588055918877,-19346.948627111,400.774157741829,-463.158812626917,-13.5707567080295,2074.11084984013,21870.64753287
-21066.8013687015,-21946.773448718,-21481.9008837981,464.872564919896,-19352.3205201358,353.079872273756,-526.892207742784,-62.0196428228843,2067.56072083941,21884.7538058952
-21124.4621509736,-22010.4590408834,-21607.3698453428,403.089195540578,-19426.2238359894,362.685416201206,-523.311473708632,-120.222278168052,2060.92373118539,21890.2367627153
-21190.8976535479,-22071.8795685702,-21766.5586879131,305.320880657123,-19526.7590910023,389.746632656865,-491.235282365426,-185.9144017083,2053.88519520252,21885.9651668619
-21272.8156898744,-22137.3700346572,-21882.8380230702,254.532011587029,-19577.3253015401,352.145507317546,-512.408837465267,-257.876825878237,2047.63589565185,21879.493208779
-21364.0982795779,-22201.6437627957,-21994.1739106624,207.469852133223,-19616.9012478719,294.503105634173,-543.042377583638,-335.572525450415,2041.70013734011,21866.0712373452
-21443.7320213212,-22244.2527754587,-22067.1464307018,177.106344756902,-19615.8535726191,205.867190885584,-594.653563251891,-417.547218494992,2033.74563958764,21826.7055569637
-21547.5140300534,-22301.3839518096,-22189.5836242846,111.800327524956,-19665.4684713554,147.058069102298,-606.811852653815,-495.011525128863,2029.10362780037,21806.3724266807
-21640.6776237141,-22339.003872181,-22262.6954132584,76.3084589226933,-19670.8999798683,53.8474952765447,-644.478753190391,-568.170294267695,2023.6251391223,21770.8335779133
-21744.0167603503,-22379.1142277137,-22345.8291105773,33.2851171363934,-19692.0998277614,-31.742465827047,-666.839933190438,-633.554816054041,2020.1744667618,21745.5594116596
-21819.3174218364,-22385.3459108956,-22405.9122050083,-20.5662941127823,-19701.7818588161,-103.769644651297,-669.798133710415,-690.364427823202,2013.76591836902,21694.9814830724
-21883.5133338879,-22376.6012710894,-22453.6279402834,-77.0266691940155,-19708.9473354135,-167.76993951429,-660.857876715825,-737.884545909841,2006.79605896013,21638.7167251796
-21935.2810868824,-22352.4737403096,-22451.8973094848,-99.4235691751756,-19677.4481579307,-258.747464740988,-675.940118168199,-775.36368734337,1999.08546421071,21577.1100529662
-21984.270954414,-22323.5083702659,-22429.8009767504,-106.292606484515,-19634.1140346337,-358.230576086925,-697.46799193876,-803.760598423278,1991.9263436934,21519.7477718426
-22030.3156036431,-22290.2823820078,-22338.3329229548,-48.0505409470616,-19532.5974799665,-512.320724525136,-772.287502889823,-820.338043836885,1985.39739915143,21469.9443381709
-22094.1998742052,-22274.9096818803,-22204.5640145941,70.3456672862241,-19397.0502041677,-714.942951510848,-895.652759185918,-825.307091899696,1982.20671852668,21449.6025899806
-22154.4675433616,-22257.2782831524,-22126.9087909492,130.369492203189,-19329.4701947178,-845.472855853159,-948.283595643986,-817.914103440799,1979.52449279065,21439.3641797116
-22213.220395451,-22241.1010300244,-22063.3159315602,177.78509846414,-19285.7160281549,-949.685879163323,-977.566513736677,-799.781415272539,1977.81848813279,21441.3196147519
-22284.7491809391,-22241.0854344711,-21992.8716845584,248.213749912712,-19240.2234062514,-1065.35488967346,-1021.69114320548,-773.477393292777,1979.17088501421,21467.6080411783
-22341.776581983,-22230.6884642536,-21917.7999392471,312.888525006464,-19198.9628465422,-1162.7380677299,-1051.64995000048,-738.761424994014,1980.07566771094,21491.9270392596
-22409.101406853,-22235.273980607,-21865.0918322909,370.182148316052,-19184.7404645486,-1240.6680238945,-1066.84059764846,-696.658449332411,1983.69291840986,21538.6155312745
-22479.0587915782,-22247.9148319505,-21829.6257082914,418.289123659176,-19189.9872691751,-1300.35818612613,-1069.21422649842,-650.92510283924,1988.71333627704,21596.9897291113
-22546.0063165394,-22261.8710875434,-21861.789808288,400.081279255351,-19262.5392686059,-1289.3250791842,-1005.18985018814,-605.108570932792,1994.14196874935,21656.7625166106
-22613.0439145523,-22278.4308950633,-21924.7411288977,353.689766165603,-19357.1343808118,-1255.75990377525,-921.146884286264,-567.457118120663,2000.14962996522,21710.9737769427
-22682.4861859743,-22298.7112093635,-22023.7785263659,274.932682997652,-19481.010306448,-1194.44491064669,-810.669934035874,-535.737251038223,2007.03096887966,21762.9739583253
-22752.1493790028,-22320.4338243202,-22102.2818584572,218.151965862961,-19584.8434563096,-1152.73652350396,-721.020968821314,-502.869002958356,2014.56939918919,21817.5648213618
-22818.7370389136,-22340.4688082983,-22196.4308317082,144.03797659009,-19703.0227826703,-1093.39268962306,-615.124459007774,-471.086482417684,2022.32156662023,21869.3823258806
-22874.5433474385,-22351.5653082425,-22283.7611723814,67.8041358611258,-19816.0112102447,-1029.22812734627,-506.250088150278,-438.445952289158,2029.30400984756,21913.1193559534
-22924.289311171,-22360.1798278548,-22354.0681522281,6.11167562667761,-19916.9407011415,-971.082429209978,-406.972945893747,-400.861270267066,2036.26618081955,21959.3185575877
-22964.7841208655,-22363.8411791762,-22430.3588624288,-66.5176832525182,-20025.5349737438,-896.419811758019,-295.476870068751,-361.994553321271,2042.82933536366,22001.846625855
-23000.5588201514,-22366.8649528436,-22493.8192316139,-126.954278770338,-20124.3240532657,-826.444850948496,-192.75098364074,-319.705262411078,2049.78991593719,22047.1596904325
-23037.1596301704,-22374.8489192032,-22519.5614882561,-144.712569052916,-20191.3241535353,-787.738130021797,-125.427419054636,-270.13998810755,2058.09734661329,22104.7089310957
-23061.2189609116,-22376.1202089286,-22536.5849812968,-160.464772368161,-20254.6858888195,-740.562252069113,-55.4635000860977,-215.928272454263,2065.97082002303,22160.1919364744
-23076.0872780215,-22374.221147986,-22569.5484359682,-195.327287982209,-20335.4325555398,-666.89507010163,34.9710599339243,-160.35622804828,2073.75965238007,22213.8649199377
-23083.6744866251,-22370.5976534058,-22561.7722957537,-191.174642347868,-20378.9946522348,-623.104969336801,89.9718638825157,-101.202778465351,2081.57486505352,22269.3948749405
-23085.9822032659,-22367.6204689473,-22549.0325606954,-181.412091748094,-20422.4360171327,-573.623461248586,144.738273069973,-36.6738186781127,2089.92272488465,22330.9466502692
-23076.5763287208,-22361.0624048556,-22508.3757563881,-147.313351532479,-20443.842369887,-534.701337738977,180.812586126171,33.4992345936915,2098.03262109481,22394.5616394493
-23052.9936758024,-22349.4173021306,-22455.4566984235,-106.039396292883,-20449.5864295606,-498.041900280771,205.534473391071,99.4950770981899,2105.36534596112,22448.9123792288
-23023.4889495829,-22340.9192741292,-22399.5716671401,-58.6523930108554,-20443.100206644,-467.810300789273,214.759374664464,156.10698165361,2112.5784421497,22497.0262557828
-22996.1575288144,-22342.6130345551,-22388.9705486901,-46.3575141349421,-20469.685102538,-406.044189700633,247.500304558705,201.142790423759,2120.42823657585,22543.7558249789
-22968.5090515956,-22351.6976339021,-22403.3931528626,-51.6955189605689,-20510.6774092093,-329.686225899921,287.125191793639,235.42967283307,2128.14541648637,22587.1273067351
-22928.1469050081,-22355.3414341737,-22412.2867827166,-56.9453485429498,-20536.3114653179,-257.763601230444,315.041869604008,258.096521061061,2134.0718384598,22613.4379552348
-22883.0646304298,-22360.3736367018,-22417.7560054431,-57.3823687413897,-20551.8528431102,-192.006729549494,330.68426417855,273.301895437166,2139.20505777012,22633.6755321389
-22839.3668147209,-22371.4689008331,-22430.9604590519,-59.4915582188441,-20570.1167774849,-125.010039541785,342.887874346031,283.396316127204,2144.23999769422,22654.8652169603
-22795.3805634288,-22384.6346091754,-22454.0857827515,-69.4511735760936,-20589.6011493888,-57.0137179033827,353.732236350009,284.281062773919,2148.76569613661,22668.9156719493
-22758.7616062635,-22406.5964879093,-22473.7587635559,-67.1622756465639,-20599.3133366559,-5.78027468251084,346.384843671723,279.222568025159,2153.66799492515,22685.8190559345
-22724.7800252932,-22430.5265794276,-22526.9219257596,-96.3953463319792,-20636.428264035,69.9124536767477,364.165899542401,267.770553210431,2158.26421493503,22698.297132638
-22701.1465975264,-22461.1223905727,-22632.6699627666,-171.547572193875,-20721.6377558566,183.73705565857,423.761262612269,252.213690418406,2163.24589732844,22713.3360809911
-22686.6772927156,-22494.3614087185,-22723.2157726353,-228.854363916807,-20786.0858736654,267.660579163654,459.976463160772,231.122099243965,2168.25199821388,22725.4835079625
-22682.7128661287,-22530.9937810179,-22793.178302737,-262.18452171906,-20831.9139051289,322.257012315981,473.976097426734,211.791575707681,2173.0559733157,22742.7853567256
-22684.7659481494,-22566.6205145539,-22905.266102163,-338.645587609082,-20922.8503455681,415.117846306993,533.263279902473,194.617692293398,2177.03344888831,22761.2382068473
-22696.4274521429,-22605.0013276509,-23018.2335479194,-413.232220268468,-21016.6517138855,500.95358657701,592.379711068997,179.14749080053,2180.72932483439,22784.1488184514
-22717.0565616881,-22644.1255113274,-23109.6264962491,-465.500984921642,-21086.6624725734,553.800225355923,626.731275716582,161.230290794944,2184.19431447056,22805.3558021224
-22750.1227947175,-22685.8514555229,-23216.7851622196,-530.933706696737,-21166.9166164348,604.374674941408,668.646014136017,137.712307439283,2187.58085322408,22823.5637629622
-22792.7507543418,-22727.0166045306,-23290.5967730222,-563.580168491558,-21216.7098051597,614.304460748801,680.038610559985,116.458442068427,2190.34540993087,22843.475046599
-22826.53595187,-22749.4586527116,-23350.7289215663,-601.270268854687,-21258.1615509432,621.70076338337,698.778062541707,97.5077936870233,2190.07516431011,22846.9664463986
-22871.5433450777,-22773.6045533148,-23382.89153773,-609.286984415222,-21275.1238475924,593.311180514816,691.249972277755,81.9629878625337,2189.73067800016,22855.5675411773
-22923.8790595345,-22797.4382849378,-23418.1373614808,-620.699076542985,-21301.6300169995,567.007796331336,693.448570928021,72.7494943850394,2189.25683886639,22870.1877793229
-22970.9519765792,-22811.6066573656,-23429.5660611232,-617.959403757639,-21314.0432895264,531.025227903367,690.370547116993,72.4111433593535,2187.93391495624,22884.017800725
-23005.1103217697,-22811.0444364946,-23371.9942396198,-560.949803125113,-21264.0114665782,444.186502860631,638.252388135687,77.3025850105752,2185.28535805216,22888.3470215052
-23031.9866632443,-22804.5701942555,-23303.0395082645,-498.469314008998,-21209.9349203442,360.470814576721,587.887283565534,89.4179695565358,2182.52255747684,22893.988163812
-23063.2980846967,-22806.6750118326,-23266.0374226604,-459.362410827817,-21189.6370156095,307.717639191345,564.340712055424,104.978301227607,2181.3787082785,22911.6533130602
-23076.3293409801,-22797.6865406877,-23231.7147770522,-434.02823636446,-21178.4941752028,281.459045393192,560.101845685607,126.073609321144,2179.29421117048,22923.7601500089
-23085.6732340648,-22794.9523407446,-23200.4080883226,-405.455747577943,-21175.7895213379,268.747774981231,559.46866830143,154.012920723486,2178.63148770813,22948.9652614681
-23088.8044568338,-22798.4648403114,-23149.9869938116,-351.522153500159,-21158.2429372275,248.958832568186,539.298449090614,187.776295590455,2179.52035217454,22986.2411359018
-23058.7582174625,-22781.9789623893,-23076.327093208,-294.348130818682,-21119.8615919019,239.379910513431,516.159165586563,221.811034767874,2178.27653607401,23003.7899971572
-22987.5817654764,-22736.9531490122,-22957.6862881972,-220.733139185068,-21032.6327286421,218.433464458544,469.062080922795,248.328941737718,2173.38250129283,22985.2820907499
-22900.1817823048,-22687.9650949287,-22850.9020068692,-162.936911940534,-20953.1755799991,220.802033612028,433.018720988152,270.081809047615,2167.80823591771,22958.0469039763
-22792.8543721252,-22630.988762552,-22735.4516605965,-104.462898044483,-20860.2357504842,228.369174822068,390.234784395283,285.771886350803,2160.98779646307,22916.7606489028
-22679.0881364033,-22578.0022001279,-22643.4555499861,-65.4533498581719,-20776.4494955428,251.525463628546,352.611399903899,287.158050045722,2154.16410448906,22865.1602501736
-22561.8062007166,-22527.9029431318,-22560.794524731,-32.8915815992708,-20683.8336904576,269.199856985845,303.103114570754,270.211532971479,2147.1723672449,22798.1144761032
-22462.012390933,-22499.119943691,-22539.2128537014,-40.0929100104432,-20639.6629107711,319.90082485725,282.793272099259,242.700362088811,2142.25030501916,22741.8203057798
-22363.3382575285,-22472.8913930221,-22552.6874330865,-79.7960400644136,-20621.3164509893,394.476689088997,284.923553595435,205.127513531025,2136.49849562827,22678.0189065531
-22284.7455886279,-22465.6207054806,-22591.3945618193,-125.773856338777,-20616.4745184747,463.657069643513,282.78195279086,157.008096452075,2131.92813979672,22622.6288019326
-22220.5347541121,-22468.5763927292,-22703.8210055651,-235.244612835928,-20674.1567839577,580.973491606068,332.931852989009,97.687240153077,2127.35146176045,22566.2636328822
-22167.5984307604,-22475.3470607325,-22812.2169324402,-336.869871707705,-20719.2577144673,673.712761292926,365.964131320789,29.0942596130796,2122.05347758597,22504.4413203456
-22131.4789024834,-22489.4490448662,-22878.699873866,-389.250828999763,-20717.5392332123,702.670209967411,344.700067584646,-44.5507614151231,2116.6098792385,22444.8982834511
-22114.5947356609,-22511.9727946899,-22901.1117136415,-389.138918951614,-20669.1923361654,666.045490618636,268.667431589565,-120.471487362043,2111.44789011413,22391.5013073279
-22111.4860498951,-22536.1121980271,-22890.6689788277,-354.556780800621,-20586.3873203951,581.258055163948,156.63190703201,-197.924873768613,2106.356784664,22338.1873242585
-22124.64343514,-22563.5686972398,-22924.8164057163,-361.247708476569,-20551.9607328949,529.097606922232,90.1723448224705,-271.075363654102,2101.78030916738,22292.4933335857
-22152.0592566889,-22592.6233981384,-22915.2753418531,-322.651943714654,-20479.1046026459,424.712364940062,-15.8517765094833,-338.50372022414,2097.66701898303,22254.1196779143
-22195.5390696198,-22624.7273764961,-22908.7866437856,-284.059267289583,-20410.542144438,309.330642282979,-119.857664593275,-403.916931882855,2094.32756746475,22220.8104446132
-22256.0800555487,-22661.1148697447,-22913.8235286776,-252.708658932908,-20357.3833747056,193.610029474742,-211.424784721295,-464.1334436542,2092.30671031789,22196.9814260905
-22325.0641547413,-22693.9600391482,-22941.0257708197,-247.0657316715,-20334.2503750661,100.020406672779,-268.875477734108,-515.941209405606,2090.83418634801,22178.0188297426
-22398.0830914133,-22720.1418862299,-22942.4255398591,-222.28365362926,-20294.9371671617,-13.5313571079526,-335.590151924517,-557.873805553783,2089.61456714362,22162.2680806761
-22468.8879332778,-22735.3447601895,-22912.3469857822,-177.00222559278,-20231.9379300008,-148.835813753447,-415.292640665151,-592.294866257931,2088.11418952355,22143.0498939315
-22534.3143751731,-22738.9102138385,-22862.8238332275,-123.913619388947,-20159.3793695576,-288.628051569943,-493.223890235363,-617.137509624304,2086.30695404557,22121.7727042142
-22587.8392836676,-22726.6858295558,-22785.3512740726,-58.6654445167741,-20072.7320404933,-431.49725250328,-570.343798391472,-629.009242908244,2083.60999067098,22097.6765866475
-22616.6037762334,-22688.3794404476,-22637.6813724267,50.6980680208852,-19929.2805623248,-608.646989017116,-680.422653231317,-629.724585210418,2078.67622489151,22058.6548552372
-22627.2987024818,-22632.9486630872,-22457.8463563671,175.102306720155,-19762.8842675587,-791.927705303153,-797.577665908521,-622.475359188371,2072.48672962003,22010.4733038988
-22607.3482555813,-22549.5686091815,-22304.3166674998,245.25194168173,-19632.4690476256,-911.190785430803,-853.411139031023,-608.159197349288,2063.68842252493,21941.4094118323
-22571.9845434247,-22454.3230762816,-22098.397246445,355.9258298366,-19456.7650239552,-1060.91093786883,-943.249470725672,-587.323640889073,2054.30858160074,21866.9994353925
-22511.8220972711,-22339.2818938189,-21852.738261345,486.543632473862,-19252.4737739257,-1216.34481759643,-1043.80461414424,-557.260981670328,2043.00350574892,21782.0209121485
-22427.3823735901,-22206.8328477221,-21632.0633625138,574.769485208321,-19082.869990787,-1314.44581356837,-1093.89628770036,-519.126802492025,2030.06656923479,21687.7060452301
-22322.4326625552,-22061.3762199568,-21459.0147804493,602.361439507418,-18968.3916247443,-1338.03672193649,-1076.98027933806,-474.618839830663,2016.00431587435,21586.7573801261
-22199.440750446,-21905.346663908,-21252.730265069,652.616398839039,-18821.8898321388,-1376.80630576281,-1082.71221922486,-430.095820385811,2000.74461254436,21475.2508435222
-22075.987407628,-21756.3303554481,-21093.5159761062,662.814379341989,-18718.283910699,-1371.36476752197,-1051.70771534217,-388.893336000172,1986.33872940699,21367.437019448
-21936.2199292516,-21598.5756890309,-20962.9303706749,635.645318356031,-18645.6358617456,-1320.15855297728,-982.514312756547,-346.868994400536,1970.4255145287,21251.7066946303
-21790.0101961297,-21442.4719666146,-20840.965961283,601.506005331598,-18589.2511237938,-1246.76159588865,-899.223366373491,-297.717361041909,1953.99747644731,21144.7546055727
-21641.0850819123,-21291.9125024104,-20701.1453069932,590.767195417227,-18515.2776226417,-1188.19081502528,-839.018235523409,-248.25104010617,1937.61664424531,21043.6614623042
-21499.9918171994,-21157.4612240475,-20601.699824965,555.761399082482,-18476.2764700297,-1100.99032795707,-758.459734805218,-202.69833572274,1922.72501921253,20954.7628883248
-21372.3260323417,-21042.8154252327,-20574.9755957155,467.839829517209,-18497.4869799885,-965.475609553031,-635.965002444097,-168.125172926878,1909.36344280018,20874.6902523059
-21256.2865103171,-20943.938596132,-20589.4682214444,354.470374687622,-18549.9169698304,-809.669544950689,-497.321630765639,-142.851256078013,1896.69999553596,20801.087340054
-21146.6609586492,-20854.4078782701,-20622.3393888896,232.068489380541,-18610.5913881445,-652.025239653307,-359.772159274227,-127.703669893682,1884.04433085139,20726.7042083765
-21047.1748568874,-20776.624082818,-20640.4799501772,136.144132640771,-18642.9971624807,-532.242947697191,-261.692173627758,-125.548040986985,1871.93474670959,20651.076041831
-20964.0216002492,-20713.3303111902,-20668.902238427,44.4280727632149,-18664.0448785732,-439.236285549064,-188.544996490045,-144.116923726832,1860.74043612702,20569.2133874634
-20891.1854660478,-20654.9297630101,-20655.1320238663,-0.202260856266293,-18624.9874377777,-416.969121476321,-180.713418438593,-180.915679294863,1849.22890679375,20474.0140837152
-20831.5618038844,-20603.4420570844,-20642.7066784117,-39.2646213272979,-18582.9669542995,-410.521934289783,-182.402187489731,-221.666808817028,1838.07291529516,20381.7752482673
-20783.5204534983,-20555.8167985821,-20679.3563069147,-123.539508332577,-18580.6446063749,-375.663387432013,-147.959732515778,-271.499240848357,1827.21245969141,20284.3175577337
-20750.8331016054,-20512.9842099305,-20704.210372416,-191.226162485463,-18556.8654821177,-377.184920392335,-139.336028717471,-330.56219120293,1816.78269909537,20182.4220187276
-20736.0086828832,-20476.0480851437,-20677.7795187707,-201.731433626974,-18480.7644490412,-447.860552812938,-187.899955073494,-389.631388700466,1807.383681029,20086.4166964432
-20739.1131808682,-20445.9039480531,-20635.6754390586,-189.771491005452,-18394.5213775172,-544.993492836347,-251.784260021206,-441.555751026653,1799.59831051467,20004.3481970265
-20753.6425164293,-20417.5224779438,-20614.5214639601,-196.998986016246,-18333.4794061147,-627.299933892387,-291.179895406943,-488.178881423187,1792.86317642217,19929.3435965206
-20784.9071614962,-20396.2188865906,-20570.8483436253,-174.629457034743,-18256.0618458724,-740.99162107502,-352.30334616931,-526.932803204051,1787.8536945488,19869.2860833865
-20814.3088613575,-20365.7773359511,-20514.632471333,-148.855135381904,-18184.2769170433,-847.142734694161,-398.611209287801,-547.466344669706,1782.88920962,19818.3109912814
-20840.2431255295,-20327.5300322356,-20442.8987914104,-115.368759174753,-18114.2423497692,-947.550462576307,-434.83736928242,-550.206128457171,1778.45031318404,19777.3239037784
-20856.9940594494,-20277.9013773461,-20392.853768543,-114.952391196877,-18078.5995002899,-1004.51743705868,-425.424754955342,-540.377146152217,1773.87712210086,19737.5242311939
-20865.9406286791,-20220.3211843443,-20335.1678291453,-114.846644801015,-18043.7885297982,-1052.54320908415,-406.923764749327,-521.770409550334,1769.6088897968,19698.550774794
-20857.8979156512,-20147.9127608295,-20264.1983491179,-116.285588288329,-18011.0540880358,-1081.79866798355,-371.813513161911,-488.099101450235,1765.04515963184,19659.8136593793
-20841.8806534063,-20072.9477323275,-20224.1921155288,-151.244383201267,-18019.0398872013,-1060.93319078658,-292.000269707821,-443.244652909087,1761.90757541843,19629.7030794184
-20815.8834494568,-19995.0457816248,-20199.9499963701,-204.904214745335,-18042.2858064088,-1013.70372125624,-192.866053424183,-397.770268169519,1759.89392179178,19597.2755134553
-20774.7193570527,-19909.655399096,-20122.2255379366,-212.570138840669,-18007.9861612284,-1008.61622936783,-143.552271411114,-356.122410251779,1758.11696645641,19553.5329888442
-20724.9185511775,-19823.9196372598,-20071.593002201,-247.673364941184,-17997.9171008913,-969.510182100714,-68.5112681829721,-316.184633124147,1757.49126818557,19507.7350041356
-20658.7730857688,-19730.2623310826,-20018.7979854941,-288.535654411448,-17977.3753851183,-924.491032255793,4.01972243039071,-284.515931981058,1756.9066683947,19445.7463991016
-20585.6637078799,-19636.4506608592,-19958.5012325857,-322.050571726537,-17941.0410399317,-887.526997287658,61.6860497331142,-260.364521993434,1757.09567066062,19376.0861388657
-20500.3212386473,-19535.9279375094,-19925.2890464957,-389.361108986277,-17927.0222327999,-816.374351089461,148.018950048453,-241.342158937815,1756.92465475796,19294.5857785716
-20410.687532127,-19436.0111739778,-19890.8243738379,-454.813199860098,-17909.0948913963,-744.180711390574,230.495646758614,-224.317553101481,1757.4119293401,19211.6936208763
-20318.3592957065,-19337.5141612129,-19876.2346729829,-538.720511770039,-17909.4759576847,-650.208868939516,330.636265554156,-208.084246215882,1758.67446908236,19129.429914997
-20225.2289279101,-19241.1971439927,-19861.2961323298,-620.098988337062,-17908.5851093468,-555.872749792015,428.159034125426,-191.939954211634,1760.77106877129,19049.2571897811
-20125.5124503457,-19141.4359845248,-19840.0874628816,-698.651478356812,-17906.0829451899,-456.889605637509,527.186860183415,-171.464618173399,1762.53989951828,18969.9713663514
-20042.3279098947,-19061.8504622536,-19819.0785048347,-757.228042581207,-17904.7256469881,-370.720287996777,609.757159644349,-147.470882936862,1766.8819749098,18914.3795793167
-19957.0538968118,-18983.4307009163,-19773.01025433,-789.579553413683,-17879.9249183523,-306.174438275408,667.448757620054,-122.130795793632,1770.95454018407,18861.2999051227
-19869.0082202465,-18905.2971959519,-19735.6068894053,-830.309693453425,-17868.9422405883,-225.62333585942,738.087688435226,-92.2220050182007,1774.44264379884,18813.0751909337
-19777.8398723345,-18828.0220164018,-19697.9284651215,-869.90644871966,-17863.1934317863,-137.579906899628,812.23794903301,-57.6684996866539,1777.06653364849,18770.3535167152
-19684.57745384,-18752.5221065232,-19646.4471185998,-893.925012076567,-17843.7879021436,-61.9564030323665,870.0989442844,-23.8260677921741,1778.83314866405,18728.696038731
-19583.4836152767,-18672.4731564368,-19582.8243799584,-910.35122352157,-17811.9196709007,7.2767406945034,918.287199534452,7.93597601287486,1778.84068507057,18680.4091324497
-19488.3495111582,-18601.421866875,-19542.6964519361,-941.274585061093,-17802.0078639275,92.820969114727,979.748613397928,38.4740283368254,1779.16261634541,18639.8958952118
-19394.9820142609,-18535.9792571817,-19470.1378628604,-934.158605678704,-17760.3452744982,144.562489367134,1003.56524644633,69.4066407676248,1779.19922912982,18605.3858979493
-19302.6410713604,-18475.7400767357,-19381.4143185105,-905.674241774859,-17705.9421748777,181.912705909906,1008.81370053463,103.13945875976,1778.61160239256,18578.8795354954
-19219.2598155419,-18428.3533118183,-19320.6060321255,-892.25272030724,-17676.706863375,236.010537717994,1026.91704144164,134.664321134395,1778.56348988492,18563.0176329527
-19136.6294181732,-18384.8002746984,-19256.4357692876,-871.63549458928,-17639.0755711488,280.506393901248,1032.3355373761,160.700042786813,1778.06024092565,18545.5003174852
-19054.8046198719,-18345.0451640087,-19150.4631805204,-805.418016511666,-17557.9684605904,280.302203634829,990.061659498075,184.643642986405,1777.13836291634,18529.6888069951
-18977.8672118532,-18313.0220778124,-19033.6723030103,-720.650225197918,-17457.9714579312,256.753173260577,921.598307301362,200.948082103442,1776.64892718253,18513.9701599159
-18903.8685956853,-18284.5724303208,-18926.799253207,-642.226822886172,-17355.6139135959,227.907758734893,847.203924099318,204.977101213145,1776.16244082429,18489.549531534
-18832.5141574903,-18257.2948982306,-18821.363277302,-564.068379071345,-17244.9323764349,187.940023568242,763.1592828279,199.090903756552,1775.52180462363,18456.3858019872
-18763.8776036054,-18228.9878551603,-18699.3489339317,-470.361078771384,-17109.8663741974,120.62959913776,655.519347582858,185.158268811467,1774.6408285458,18414.1461239718
-18702.6454432951,-18203.9846840474,-18661.6936077309,-457.708923683494,-17050.9066866146,122.440489004742,621.101248252406,163.392324568906,1774.1792456852,18367.3770086163
-18651.1918564559,-18183.9811929054,-18675.7464136535,-491.765220748106,-17039.9384846245,163.138286215587,630.348949766038,138.583729017921,1774.39165804699,18322.5649219233
-18608.1846893792,-18167.8571490461,-18653.7518881686,-485.894739122468,-16993.2988243531,160.12325277579,600.450793108813,114.556053986338,1775.00911780186,18282.4132030325
-18593.5033653613,-18175.8444647686,-18664.0528529867,-488.208388218164,-16971.6720978624,156.862383331275,574.521283924031,86.3128957058699,1778.69365083019,18262.1573604744
-18576.1738764308,-18176.8895734385,-18645.7916141537,-468.90204071516,-16916.9575150427,122.103311032738,521.387614024958,52.4855733097966,1781.31967242076,18229.3751467483
-18566.4859644845,-18180.7736218266,-18677.4221467769,-496.648524950288,-16906.0105519562,123.485477261077,509.197819919042,12.5492949687548,1783.96088978944,18193.3229167953
-18562.1057978416,-18184.2005733275,-18734.5751612716,-550.374587944092,-16919.241893164,143.181683977223,521.08690849132,-29.2876794527747,1786.04558865477,18154.9128938747
-18595.5648690154,-18219.6759819668,-18816.2743638028,-596.598381835986,-16954.3856297357,150.777644537496,526.666531586097,-69.9318502498957,1791.95688381722,18149.7441317169
-18640.2854870164,-18260.2992614067,-18926.6848289325,-666.385567525772,-17013.9688728621,171.940760151819,551.926985761597,-114.458581764177,1798.2573743062,18145.8406796425
-18705.6836070675,-18316.0204565856,-19057.626595803,-741.60613921734,-17093.5160669671,193.881434971671,583.544585453633,-158.061553763709,1806.04897507209,18157.9589028219
-18789.0460878002,-18384.2585477145,-19199.4121238272,-815.153576112698,-17183.4167275136,209.238860256459,614.026400342188,-201.127175770508,1814.86822054312,18183.131371944
-18871.3983956352,-18447.0032940068,-19316.4655016946,-869.462207687766,-17253.3845632302,204.369713121566,628.764814749992,-240.697392937775,1822.38354552662,18206.305901069
-18992.3857280799,-18543.9802024597,-19463.8562357899,-919.876033330231,-17352.8872040835,194.411566068497,642.817091688685,-277.058941641546,1833.91009006483,18266.9212608181
-19122.328951805,-18646.3345507966,-19591.4699959216,-945.135445125068,-17432.9191276437,156.111957932387,632.106358940832,-313.029086184234,1845.52178209374,18333.3054646123
-19256.1802383727,-18748.8309236484,-19748.2711631995,-999.440239551132,-17542.0004958153,142.388037156921,649.737351881182,-349.702887669953,1856.56777971424,18399.1280359784
-19392.5667942681,-18849.274980182,-19862.4086774487,-1013.13369726667,-17608.2492487414,82.5545170308574,625.846331116994,-387.287366149681,1866.87206255758,18461.9876140323
-19535.0261924891,-18951.3915606834,-19942.8222474017,-991.430686718332,-17641.6811453544,-16.1502580989749,567.484373706711,-423.946313011626,1877.19478903575,18527.4452476718
-19684.4010856388,-19055.8204941544,-20033.3339650202,-977.513470865895,-17685.1242798497,-111.520722690144,517.059868794302,-460.453602071591,1887.75608309895,18595.3668920828
-19817.2281066607,-19139.8836695449,-20099.7576443147,-959.873974769874,-17715.7973182258,-205.788782700622,471.5556544152,-488.318320354676,1895.64200573424,18651.5653491902
-19953.3977152704,-19223.623897448,-20132.8277852915,-909.203887843439,-17723.1483760078,-326.341514609353,403.432303212963,-505.771584630472,1903.90782465322,18717.8523128176
-20088.4749943338,-19305.7771838898,-20109.5501406965,-803.772956806693,-17688.674913481,-487.111984210144,295.585826233833,-508.187130572862,1912.68809664267,18797.5900533169
-20218.2970371582,-19385.3137116788,-20072.1527863352,-686.839074656402,-17656.0472074656,-640.136609609058,192.846715870301,-493.992358786094,1922.11322008359,18891.3213528928
-20315.3556887414,-19437.8285889163,-20045.3554311245,-607.526842208221,-17651.5470074421,-734.630775410625,142.896324414515,-464.630517793704,1929.17790588871,18973.1980711226
-20397.1327816145,-19482.2899414292,-19991.3431103974,-509.053168968137,-17633.1243861098,-827.452423746035,87.3904164392674,-421.662752528862,1936.55597175873,19060.6271889004
-20456.8614307627,-19513.505990508,-19922.5293940988,-409.023403590879,-17610.190571606,-902.971394549921,40.3840457048666,-368.639357886014,1943.6994646068,19144.866632622
-20500.9898057707,-19538.6544503529,-19889.4162034439,-350.761753090995,-17628.7286390416,-920.819945082468,41.5154103354029,-309.246342755587,1951.44122164671,19229.4081075973
-20527.459092094,-19555.2151119208,-19892.0540563342,-336.838944413421,-17686.9577073959,-881.307439000653,90.9365411724977,-245.902403240916,1959.19394569739,19309.3127086799
-20533.3797071289,-19559.3272570392,-19944.0510694808,-384.723812441575,-17797.2770618732,-769.691625074017,204.360825015688,-180.36298742589,1966.41102018167,19378.9642696133
-20532.2664364481,-19564.8199861466,-19958.9558995277,-394.135913381007,-17876.3061675293,-680.776819184074,286.669631117381,-107.466282263631,1975.18344973472,19457.353703883
-20515.1869576032,-19564.0263246511,-19951.7466744998,-387.72034984871,-17940.9608885466,-589.912452931529,361.248180020533,-26.4721698281788,1984.31361612511,19537.554154823
-20484.8377788942,-19559.1531041318,-19941.3405604521,-382.187456320282,-18004.0222093484,-486.972507018425,438.712167743946,56.5247114236639,1993.84306252738,19615.6778155555
-20441.4564288742,-19550.0255740317,-19971.5518364342,-421.52626240259,-18104.9266221521,-332.914821437305,558.516033405222,136.989771002636,2003.61498528478,19687.0153450343
-20383.6834473204,-19534.1966127506,-20015.6729652224,-481.476352471812,-18213.8010708827,-156.904045967745,692.582788602018,211.106436130204,2012.97833046992,19745.3030488808
-20314.9282035615,-19513.9836850911,-20014.8978819412,-500.914196850113,-18264.4964632047,-28.7399607090091,772.204557761398,271.290360911287,2021.6917796478,19785.2740460024
-20244.9256958727,-19497.439879029,-20066.9665499051,-569.526670876148,-18353.6980213203,139.052445313693,886.538262157453,317.0115912813,2030.28011986617,19814.4514703103
-20183.2308177767,-19492.7635484193,-20132.7872329967,-640.023684577441,-18442.8787993334,298.987054055164,989.454323412591,349.430638835155,2039.33907249846,19842.1941872544
-20116.2272330843,-19485.2532898434,-20129.1004868606,-643.847197017218,-18454.1525207877,384.607850886606,1015.58179412749,371.734597110273,2046.68256318319,19856.9878869536
-20047.8997317108,-19477.2933986918,-20075.9527535908,-598.659354898961,-18401.092814457,405.675686594826,976.282019613842,377.622664714883,2052.48260384869,19854.9160634067
-19984.2489558332,-19472.1960640562,-20032.0625533483,-559.866489292193,-18337.0623489595,409.729896951442,921.782788728478,361.916299436285,2056.91650382516,19834.1123634924
-19936.1400434081,-19477.8826265923,-20063.6487974891,-585.766170896682,-18322.3788234384,447.093360365353,905.350777181064,319.584606284383,2060.85458033503,19797.4672328767
-19902.5220142951,-19490.8767582348,-20080.4256614618,-589.548903227032,-18274.768944903,436.181928374172,847.827184434481,258.27828120745,2063.93499776627,19749.1550394422
-19885.726988544,-19510.7956607742,-20087.0887066037,-576.293045829506,-18200.8121888401,381.385899311761,756.317227081604,180.024181252094,2066.30069901574,19690.8198420263
-19887.096115549,-19535.3944995223,-20114.5693858577,-579.174886335445,-18132.9466291842,313.572198793456,665.273814820164,86.098928484721,2067.72168515828,19621.493428007
-19905.7253432122,-19560.6496357082,-20160.878516773,-600.228881064777,-18074.311696552,236.214874778149,581.29058228214,-18.9382987826477,2067.62852143834,19541.7113369255
-19944.5996345291,-19586.4661252004,-20206.2167009789,-619.750575778551,-18008.933259753,130.569394291973,488.70290362067,-131.047672157882,2066.2357690681,19455.4184530425
-19991.8895814773,-19601.2794008953,-20239.5534826923,-638.274081797025,-17939.2224914959,9.58710743255657,400.197288014594,-238.076793782434,2062.25419741403,19363.2026071129
-19996.2867976263,-19556.9774992739,-20218.5125210472,-661.535021773274,-17836.2930870999,-109.990518134181,329.318780218199,-332.216241555078,2050.00319239219,19224.7612577189
-19902.0833495945,-19399.8252900727,-20022.5900364059,-622.764746333194,-17583.6162454235,-295.290810985042,206.967248536798,-415.797497796399,2023.17629318596,18984.0277922763
-19515.5030255121,-18937.3786169866,-19524.3787522085,-587.000135221853,-17079.6952425381,-478.826205836135,99.2982026894017,-487.701932532453,1956.9815771379,18449.6766844541
-18817.5291913847,-18154.0558539416,-18721.4792728198,-567.423418878172,-16330.6983785385,-636.897381858743,26.5759555843438,-540.847463293834,1849.93343098742,17613.2083906478
-17915.4436355006,-17161.8378589633,-17729.8333902003,-567.995531236968,-15444.5258634512,-753.538707389563,0.0670691477353173,-567.928462089239,1717.37906465991,16593.9093968741
-16928.2433063058,-16083.3722912714,-16669.8340630685,-586.461771797114,-14523.78988888,-828.613537992512,16.2574770419046,-570.204294755211,1575.83987943335,15513.1679965162
-15976.3629286807,-15042.1044500033,-15665.1588661941,-623.054416190806,-13668.0952930103,-866.389467935131,67.8690107422618,-555.185405448547,1441.87816773533,14486.9190445548
-15120.9320123988,-14102.8498077734,-14802.5730649652,-699.723257191819,-12953.8171040357,-842.973440977102,175.108763648286,-524.614493543538,1324.14146738606,13578.2353142299
-14446.6385511672,-13352.8093646848,-14128.5030686662,-775.693703981392,-12417.8592453348,-794.496912403738,299.332274078587,-476.361429902807,1234.28239342865,12876.447934782
-14008.4156636768,-12848.4241010589,-13709.71122868,-861.287127621165,-12118.7581551493,-710.212391829365,449.779170788585,-411.507956832587,1179.44511669812,12436.9161442263
-13866.1316155022,-12651.7409981607,-13603.6579504058,-951.916952245122,-12104.0069770465,-594.748941674708,619.641675666778,-332.275276578348,1167.37569678101,12319.4657215824
-13970.6915013186,-12715.9584842644,-13709.6926627917,-993.734178527306,-12272.0550686583,-507.25213741045,747.480879643762,-246.253298883543,1191.38429524985,12469.7051853808
-14085.4067533482,-12805.8346483171,-13803.5971050332,-997.762456716161,-12429.7333840921,-435.889905356836,843.682199674275,-154.080257041891,1219.78346389925,12651.7543912752
-14291.6016462949,-13001.0445895174,-13942.1591802348,-941.11459071737,-12613.0654754108,-415.947122695204,874.609934082306,-66.504656635065,1262.58904818897,12934.5399328824
-14616.094615594,-13326.253948531,-14169.6085506605,-843.35460212957,-12856.2476345348,-437.061969166198,852.778697896785,9.42409576721529,1322.78501189291,13335.6780442982
-14969.5282875104,-13689.5609761809,-14469.8426786075,-780.281702426604,-13154.424969839,-427.248359907109,852.718951422418,72.4372489958099,1387.8549577643,13761.9982251767
-15373.1121018379,-14109.0957155886,-14833.7247776741,-724.629062085478,-13499.5191264232,-413.768966173496,850.247420075827,125.618357990343,1459.82400924125,14234.714073579
-15856.9637231429,-14612.4693759998,-15289.4852994727,-677.015923472921,-13915.8602229463,-399.318784614739,845.175562528406,168.159639055481,1541.78471558187,14780.6290150553
-16457.1537175462,-15234.6272164615,-15884.9569501808,-650.329733719325,-14443.6434627543,-375.155549436585,847.370951648131,197.041217928802,1638.35470535532,15431.6684343903
-17181.0022681042,-15980.1629095672,-16600.0467756903,-619.883866123178,-15063.325385129,-367.054479801149,833.784878735889,213.901012612713,1750.62240317409,16194.0639221799
-17978.2088226988,-16796.4819696002,-17359.769181719,-563.287212118711,-15716.8426022073,-389.537836320593,792.189016777992,228.901804659281,1871.82838417092,17025.3837742595
-18847.205665704,-17682.2313262346,-18205.540816316,-523.309490081407,-16457.0262818979,-388.237331033617,776.737008435761,253.42751835435,2001.94205277251,17935.658844589
-19769.1388437932,-18619.8923844802,-19122.804863434,-502.912478953797,-17269.6503995532,-360.453463906074,788.792995406934,285.880516453136,2139.034980334,18905.7729009333
-20740.118198084,-19606.0794667977,-20124.6939316604,-518.614464862724,-18167.6307825467,-289.726129079463,844.312602206841,325.698137344116,2282.76128645776,19931.7776041418
-21720.0987469941,-20603.0696233296,-21166.0217397527,-562.95211642313,-19114.214753747,-177.56985456185,939.459269102646,376.507152679516,2428.31413868521,20979.5767760091
-22695.625706999,-21599.0027034191,-22168.7331531005,-569.730449681411,-20026.9245180848,-94.6912657074799,1001.9317378724,432.201288190987,2574.00992320673,22031.2039916101
-23642.4510196516,-22570.1450141467,-23141.6598743436,-571.514860196946,-20913.0570295054,-12.7485048371029,1059.55750066779,488.042640470844,2716.64548530903,23058.1876546175
-24528.2947037078,-23486.1122393151,-24078.6511254899,-592.538886174861,-21771.4338380404,95.1332175887699,1137.31568198155,544.776795806686,2851.99408325623,24030.8890351218
-25376.2672401246,-24370.7778751969,-25004.2984388023,-633.520563605445,-22624.7299407397,231.682653566943,1237.17201849472,603.651454889268,2983.21995295189,24974.4293300861
-26144.4340170325,-25182.5131123064,-25836.8293626693,-654.316250362923,-23390.9918416444,351.308335498308,1313.22924022442,658.912989861498,3104.75051088644,25841.4261021679
-26824.1855009495,-25912.690062464,-26584.0377757885,-671.347713324454,-24072.5501985832,463.850794273865,1375.34623275929,703.998519434837,3215.48609664014,26616.6885818988
-27355.4062425482,-26501.6610998146,-27216.9211000262,-715.260000211666,-24649.999159096,601.567369803242,1455.31251253691,740.05251232525,3306.97445325547,27241.7136121398
-27817.5410094634,-27027.574305687,-27792.027312647,-764.453006959959,-25166.7615535993,738.532078854127,1528.49878263057,764.045775670613,3389.3115347183,27791.6200813576
-28185.824282623,-27465.4922841263,-28258.9855573782,-793.493273251931,-25577.3155143666,850.368583593554,1570.70058209028,777.207308838354,3458.87735184998,28242.6995929647
-28413.3590392041,-27767.9938513733,-28555.951928121,-787.958076747748,-25826.3675104464,922.06066186477,1567.42584969556,779.46777294781,3509.0521906224,28547.4616243211
-28450.44056886,-27884.1743636376,-28675.4466499282,-791.272286290643,-25908.4184451037,990.805061737142,1557.07126695957,765.79898066893,3532.82718549345,28649.9733443065
-28435.2824550606,-27949.5323624596,-28736.9355247616,-787.403162301953,-25923.5840171414,1036.59072514137,1522.34081774234,734.93765544039,3548.28916306055,28684.4700179
-28305.4796221055,-27899.8184514733,-28669.0289907001,-769.210539226833,-25817.5132721048,1058.82835222186,1464.48952285411,695.278983627272,3546.7947022226,28595.0974351006
-28046.2763462568,-27719.1423636763,-28474.6492711933,-755.506907517019,-25604.0183433312,1084.03568778361,1411.16967036408,655.662762847065,3526.29369070921,28374.8051265234
-27637.5233729335,-27386.817473858,-28130.8728917095,-744.055417851491,-25261.4867333868,1107.74427047719,1358.45016955272,614.394751701241,3483.78091002392,28001.2122255592
-27138.9905567369,-26960.815979545,-27702.1666188465,-741.350639301555,-24843.4133332007,1131.57256540093,1309.74714259281,568.396503291256,3427.14978893712,27529.2124828363
-26539.365759781,-26427.097007375,-27175.3350575027,-748.238050127755,-24336.1818779671,1151.75348323547,1264.02223564148,515.784185513731,3354.93736504937,26942.8811928887
-25846.0836717428,-25792.3038012978,-26601.3187260667,-809.014924768891,-23795.0241466054,1217.35532293879,1271.13519338381,462.120268614926,3268.41484807619,26254.4240699127
-24968.7683896342,-24967.3237955209,-25916.5068201858,-949.183024664916,-23172.0932666312,1359.11104606511,1360.55564017846,411.372615513543,3155.78616906817,25378.6964110344
-23954.1520718731,-23998.8965966563,-25037.7468159699,-1038.85021931361,-22377.91389469,1446.93321199298,1402.1886872098,363.338467896197,3023.17138917614,24362.2350645525
-22877.81313601,-22961.6580752143,-24047.5426180517,-1085.88454283733,-21483.3270010529,1486.33641374388,1402.49147453949,316.606931702158,2880.8225487009,23278.2650069165
-21806.4563100292,-21921.784442088,-23089.783596672,-1167.99915458397,-20617.3493968488,1548.65094071044,1433.32280865164,265.323654067672,2737.75785389087,22187.1080961557
-20739.8592275314,-20877.461671767,-22129.8345145331,-1252.37284276601,-19743.1329518398,1597.18388361484,1459.58143937915,207.208596613145,2593.9101593064,21084.6702683802
-19678.8008917048,-19828.6467280563,-21124.464325042,-1295.81759698566,-18823.2332776341,1593.94514050857,1444.09930415708,148.281707171417,2449.51275457932,19976.9284352277
-18637.6676088155,-18789.2373237765,-20064.6797766425,-1275.44245286601,-17845.9847098722,1515.05480468818,1363.48508972722,88.042636861203,2306.73770363147,18877.2799606377
-17606.1671042938,-17749.550285474,-18945.6971029176,-1196.14681744357,-16803.1729620549,1361.58531160092,1218.20213042069,22.055312977122,2164.5794538398,17771.6055984512
-16588.5339579888,-16714.9570428764,-17825.7074754813,-1110.75043260501,-15754.0654110895,1189.15892731312,1062.73584242554,-48.0145901794709,2023.62747421239,16666.9424526969
-15586.0644550491,-15685.7510651686,-16691.1951404436,-1005.44407527497,-14690.6555235084,988.519641350064,888.833031230571,-116.611044044399,1883.92857289076,15569.1400211242
-14594.5353017053,-14658.7181597168,-15530.6977204704,-871.979560753541,-13600.9728009084,751.852576306007,687.669718294468,-184.309842459072,1745.41507710285,14474.4083172577
-13626.5946883907,-13649.1146271417,-14357.629132532,-708.5145053903,-12498.1759098739,482.25314672983,459.733207978838,-248.781297411461,1610.67192524663,13400.3333297302
-12658.6596413274,-12635.7166767158,-13178.711750308,-542.995073592156,-11395.8516603028,214.120329444351,237.063294055931,-305.931779536224,1476.92831046898,12329.7848971796
-11691.9412009378,-11621.9298125106,-12024.5729449456,-402.643132435013,-10334.0962381054,-13.4771922279651,56.5341961992289,-346.108936235783,1344.36777060449,11275.8208762749
-10731.9056500511,-10616.3386999546,-10923.2781810952,-306.939481140591,-9339.74729275842,-178.307894068025,-62.7409439715781,-369.68042511217,1213.85046322464,10246.6582748425
-9783.75432559038,-9625.83207948879,-9849.59885664448,-223.766777155696,-8372.5612584634,-325.204500256011,-167.282254154433,-391.049031310125,1085.98856687098,9234.78304817866
-8864.35795659445,-8666.21572205131,-8861.69506837721,-195.479346325902,-7491.09976980736,-410.521885158351,-212.379650615219,-407.85899694112,962.736301628743,8258.35672511019
-7960.79551322026,-7724.22173446029,-7955.7552624449,-231.533527984596,-6694.56097641203,-424.192632875137,-187.618854115174,-419.152382099766,842.041903933118,7305.06935236052
-7089.3553805877,-6814.85470574638,-7155.33463075857,-340.479925012203,-5997.12858989575,-366.6425516365,-92.1418767951911,-432.621801807395,725.584239055452,6382.23290393899
-6282.56744609755,-5970.50609765976,-6421.71787962052,-451.211781960766,-5361.51220870608,-303.390370453916,8.67097798387467,-442.54080397689,617.664866937556,5527.96529368286
-5517.35807726958,-5167.31147529944,-5712.35584832513,-545.044373025668,-4752.79738789771,-249.460109307673,100.586492662443,-444.457880363225,515.100580064194,4722.85359493623
-4880.0248542275,-4490.72585983391,-5107.7763221207,-617.050462286775,-4241.12104508029,-209.636982339976,179.662012053617,-437.388450233158,429.266826807243,4053.33740960075
-4292.82510721325,-3863.34532676986,-4585.66020050468,-722.314873734822,-3807.52796843236,-135.220760373663,294.259020069717,-428.055853665102,350.076378407233,3435.28947310475
-3804.81028279349,-3334.99906347959,-4138.83858704121,-803.839523561615,-3440.30319062548,-80.0968141831731,389.714405130721,-414.12511843089,284.410277984849,2920.8739450487
-3433.99230936161,-2924.06835573915,-3831.57711637151,-907.508760632362,-3201.79562043059,2.5139592708315,512.437912893282,-395.070847739076,234.710648201843,2528.99750800008
-3071.18841820281,-2521.54686779373,-3537.95319126874,-1016.40632347501,-2977.63607889904,93.1198038808565,642.761354289935,-373.644969185066,186.672143184634,2147.90189860868
-2728.30209110569,-2140.23902224427,-3268.81856582945,-1128.57954358517,-2778.5753327207,192.565380397128,780.628449258561,-347.951094326609,142.292138782124,1792.28792791766
-2417.67023495739,-1792.5984576111,-2993.29117988566,-1200.69272227455,-2569.817314567,255.414131372316,880.485908718602,-320.206813555949,103.267051762697,1472.39164405514
-2179.6111849699,-1518.372663202,-2812.65823918986,-1294.28557598785,-2450.2089178241,345.293804638216,1006.53232640612,-287.753249581729,74.6960717840353,1230.61941362028
-2029.53846323887,-1332.79493696189,-2630.59252637082,-1297.79758940892,-2323.40907094019,352.305803851021,1049.04933012799,-248.748259280922,58.4351961497076,1084.04667768098
-1977.69937225216,-1247.24772356514,-2479.657322579,-1232.40959901384,-2217.81645375659,296.067337573857,1026.51898626088,-205.89061275296,55.9502560694458,1041.3571108122
-2045.76597397757,-1284.30854244094,-2438.45224255662,-1154.14370011569,-2211.35320704625,235.834135254129,997.29156679076,-156.852133324931,70.2469021854452,1127.45640911602
-2293.1785453148,-1504.3442810216,-2525.71340499025,-1021.36912396865,-2315.80752792512,132.075008202572,920.909272495787,-100.459851472865,109.44602559226,1403.88442954873
-2565.58156251632,-1754.2195732503,-2587.47784619307,-833.258272942777,-2396.77553442022,-15.4859462756875,795.876042990357,-37.3822299524215,153.320081820424,1716.83734329787
-2879.09896639186,-2051.35814343754,-2698.5558584407,-647.197715003157,-2521.75855465595,-153.315198640333,674.425624313994,27.2279093108299,204.025213095577,2078.58605274839
-3258.93176532744,-2421.36692792389,-2907.93605860412,-486.569130680228,-2727.59053510381,-266.679607238057,570.885230165511,84.3160994852804,264.661622985582,2505.68302740916
-3679.36501118759,-2839.27493185623,-3200.9299997612,-361.655067904971,-3005.04399458932,-342.644282262697,497.445797068677,135.790729163707,331.676734335588,2975.06566101994
-4165.56441116198,-3330.07763661402,-3611.56502250307,-281.487385889046,-3379.49741184043,-377.756456030011,457.730318517941,176.242932628893,408.310543291538,3506.32056924292
-4720.08264546904,-3895.65670348846,-4131.37908035819,-235.722376869743,-3843.33110726134,-382.245643663949,442.180298316642,206.457921446898,494.505894543759,4102.11462493536
-5349.36807474439,-4542.2287935547,-4752.09699239233,-209.868198837646,-4389.10923973287,-369.281796025166,437.85748516454,227.989286326893,590.977038986357,4770.2180798816
-5998.73326745361,-5214.82914207417,-5406.72354387445,-191.89440180027,-4951.72659865579,-356.480960154882,427.423165224573,235.528763424303,690.525708642947,5450.35790549847
-6683.01701731665,-5926.77765682867,-6071.41377166879,-144.636114840118,-5506.07922597568,-382.264994402516,373.974366085461,229.338251245345,794.672796938455,6156.11590807402
-7386.69938723183,-6659.95505980273,-6783.99693767683,-124.041877874099,-6093.48349552133,-392.456153916042,334.288173513053,210.246295638951,900.75973779445,6870.20135544168
-8110.16603145368,-7411.48774498518,-7571.72411322083,-160.236368235658,-6738.13567821652,-363.47828209195,335.200004376551,174.963636140894,1008.55207114521,7586.45138112607
-8840.76220947001,-8166.17172481151,-8433.88803350824,-267.716308696735,-7439.68628396618,-284.827468458659,389.763016199853,122.046707503124,1116.24845704518,8288.21843231461
-9567.28434111337,-8911.01161036196,-9305.21983356831,-394.20822320636,-8143.60314834839,-201.579512327526,454.693218423904,60.4849952175439,1222.10168043748,8971.4966055795
-10292.1447449723,-9646.7593405619,-10198.8045317017,-552.045191139831,-8867.27305421201,-98.2561676092448,547.129236801118,-4.91595433871011,1326.61552315101,9641.84338622319
-10998.3332031727,-10355.9063423818,-11059.56860935,-703.662266968193,-9562.06609600019,-8.59224041687701,633.834620373972,-69.8276465942207,1427.67486675558,10286.0786957876
-11670.9662317602,-11022.6524888593,-11930.8216547607,-908.169165901372,-10276.3170447981,128.521576719671,776.835319620591,-131.33384628078,1523.17076368179,10891.3186425785
-12328.942157949,-11665.4555313758,-12747.0658344189,-1081.61030304313,-10945.5422370662,232.314069231953,895.800695805179,-185.809607237947,1615.71399011476,11479.6459241378
-12959.5439157305,-12270.8130144573,-13439.2015649695,-1168.38855051221,-11504.7144966248,248.97900408423,937.709905357486,-230.678645154721,1703.80842318993,12040.1343693026
-13544.2917640786,-12820.7763267778,-13990.8464568715,-1170.07013009369,-11944.9873056616,186.05671006464,909.572147365489,-260.497982728201,1785.36116848162,12560.2783440496
-14109.587883317,-13342.2227607973,-14534.6725592859,-1192.4497984886,-12398.9009403673,153.369495630015,920.73461814978,-271.715180338817,1864.05643857977,13070.5075804585
-14638.7956597247,-13821.5608947817,-15031.3883273111,-1209.82743252931,-12834.6260278521,133.877435202905,951.112200145884,-258.715232383428,1938.04706707553,13562.8456623983
-15101.7009315366,-14232.3921239733,-15400.8648008503,-1168.47267687698,-13174.8290417714,77.1549880130742,946.463795576371,-222.00888130061,2004.02687777826,14010.3832426727
-15514.6853174976,-14594.4976529268,-15718.4086803561,-1123.91102742931,-13484.7509110483,34.6700009521813,954.857665523003,-169.053361906306,2064.60440740148,14425.4442910205
-15866.0052510584,-14898.9493295084,-16004.2379439595,-1105.28861445114,-13784.5938499913,37.313977744366,1004.36989929441,-100.918715156737,2118.72537881152,14798.0306143517
-16102.0682184827,-15095.2522427013,-16139.1580798452,-1043.90583714393,-13960.0554974714,17.6190152586388,1024.43499104001,-19.4708461039116,2159.63173626989,15075.7813965974
-16203.3821952408,-15165.7851593417,-16098.0718210488,-932.286661707132,-13978.769343719,-39.7473783029259,997.849657596214,65.5629958890908,2184.86547321885,15231.3481552308
-16243.7076889722,-15185.1037711093,-16024.9439486067,-839.840177497327,-13974.1845648727,-65.2088368024518,993.395081060444,153.554903563114,2204.31428729708,15338.6586746724
-16210.345412036,-15141.0967729459,-15924.9516497421,-783.854876796253,-13950.7224476097,-43.6861879979528,1025.56245109221,241.707574295952,2215.9367764284,15382.8043472418
-16086.9968847234,-15016.9297519689,-15715.4811962575,-698.551444288637,-13829.3980658701,-40.521339507954,1029.54579324652,330.994348957883,2217.07747934537,15347.9241009268
-15929.0332848663,-14868.2878968864,-15496.3202611272,-628.032364240771,-13696.5447192683,-17.6376811987883,1043.10770678108,415.075342540306,2214.85088439925,15283.3632394267
-15732.7762774913,-14691.4795483302,-15241.8100895522,-550.330541222037,-13525.7943937598,1.3842706909214,1042.68099985207,492.350458630034,2208.36615442251,15183.8300069602
-15480.5653438147,-14468.627724883,-14913.513828934,-444.886104051044,-13275.8747549604,-9.735232157065,1002.20238677464,557.31628272359,2194.9553566972,15025.9440076066
-15162.7776285078,-14189.4054961405,-14497.9555307355,-308.55003459497,-12932.2639183278,-57.5159596179692,915.856172749351,607.306138154382,2172.99775056204,14796.7116342949
-14827.6647884594,-13900.6195290804,-14092.3229354156,-191.703406335191,-12586.1022295187,-93.1289284942387,833.916330884744,642.212924549552,2148.43363044638,14542.8324536299
-14461.5972467132,-13587.6178905804,-13719.0187792964,-131.400888716032,-12261.0559638365,-81.3730265102489,792.606329622566,661.205440906538,2119.16825636636,14248.8233314869
-14068.7739323162,-13252.767725165,-13335.3941571196,-82.6264319546208,-11913.0676356494,-70.2580614930107,745.748145658226,663.121713703604,2085.44823517383,13915.8894388686
-13628.8112505606,-12874.0082438814,-12900.3203764724,-26.3121325909963,-11504.3796520292,-80.3068634132797,674.496143265864,648.184010674867,2044.12473511809,13522.1922545563
-13187.3096212693,-12493.5822191091,-12453.3812677883,40.2009513208784,-11070.8275762924,-115.469182600064,578.258219560077,618.459170880954,2001.01286237681,13112.0413899901
-12737.5138974962,-12102.9024767307,-12050.8550796884,52.0473970423635,-10676.5110465871,-105.97897630665,528.632444458821,580.679841501182,1955.02387460247,12683.5823182319
-12276.6747644739,-11696.8824232279,-11674.0091075589,22.8733156690319,-10302.6641948836,-68.6369347969313,511.155406449026,534.028722118062,1905.3736347934,12230.911145346
-11798.8312155268,-11267.9871272902,-11310.7158085916,-42.7286813013327,-9941.68143687201,-6.01919299382305,524.824895242692,482.096213941357,1851.13058566094,11750.0833412316
-11320.085241527,-10831.7237841969,-10948.9528532866,-117.229069089715,-9584.84820299329,59.502693810041,547.864151140161,430.63508205044,1794.73973234375,11262.3588662473
-10829.4894899912,-10376.8993370789,-10638.8279717832,-261.928634704341,-9282.77891787599,188.173978993035,640.764131905408,378.835497201069,1734.88455110829,10755.7348342799
-10335.0783398147,-9910.49459066916,-10303.2966536221,-392.802062952931,-8961.55760512564,299.036514822621,723.620263968176,330.818201015239,1672.5572495117,10241.3127916844
-9836.97633342797,-9432.39036060648,-9876.27763919954,-443.887278593058,-8559.01152738564,329.950651403757,734.536624225259,290.6493456322,1607.9154574461,9723.03970623868
-9329.05205859829,-8936.49259821763,-9386.13406315913,-449.641464941485,-8106.57812922848,318.055519683868,710.614980064524,260.97351512304,1540.52944905369,9197.46611334067
-8830.15074055804,-8441.86047607872,-8921.09586301366,-479.235386934939,-7687.45022107458,330.943337699002,719.233602178302,239.998215243367,1473.64385718246,8681.8586913221
-8347.63270611805,-7956.70134960877,-8521.03701997451,-564.335670365735,-7342.68998069451,403.430182274022,794.361538783293,230.025868417558,1408.37290769757,8186.72721802634
-7880.46129265645,-7481.75781025061,-8105.06990708653,-623.312096835917,-6997.88071772376,462.43554143801,861.139023843868,237.826927007944,1345.01611637072,7719.58473725857
-7425.51110080011,-7017.40804125668,-7631.6959373144,-614.287896057717,-6611.95086563127,470.576614656801,878.679674200228,264.391778142507,1284.13684982565,7281.7998193992
-6991.71793037634,-6574.55342686336,-7180.7658243744,-606.212397511038,-6253.18015327279,488.883379671535,906.047883184518,299.835485673483,1227.4211567751,6874.38891253685
-6599.18186160087,-6174.49637526711,-6821.88501063736,-647.388635370255,-5990.98270447262,569.102910451386,993.788396785143,346.399761414883,1177.30206757964,6520.89613668201
-6231.78857258122,-5802.94682559681,-6419.79050064493,-616.843675048118,-5684.07546339795,583.93335113665,1012.77509812105,395.931423072932,1131.64646031993,6198.87824866976
-5895.35321722349,-5469.1988140026,-6059.96409042121,-590.765276418628,-5407.91212533376,604.071187737046,1030.22559095795,439.460314539321,1091.51227962679,5908.65912854193
-5629.66233805291,-5213.05352764141,-5757.9143971313,-544.860869489893,-5164.97377570532,597.506596133084,1014.1154065446,469.254537054708,1062.19515848069,5682.30806469612
-5471.72129652449,-5068.93738792539,-5594.77438976312,-525.837001837741,-5029.60529433208,605.743141403072,1008.52705000221,482.690048164471,1047.85914359551,5551.62743608984
-5326.83370334495,-4939.32778070395,-5452.10958928998,-512.781808586033,-4895.47968511284,603.771989692794,991.277912333793,478.496103747763,1035.12600792492,5417.82388445172
-5207.05384719194,-4834.48515517071,-5363.42610344556,-528.940948274853,-4796.67927116569,614.680810751684,987.249502772917,458.308554498069,1025.05538677794,5292.79370966878
-5138.83360564474,-4779.64599251122,-5322.63486744059,-542.988874929384,-4724.60120837271,606.767474051373,965.955087184916,422.966212255537,1020.99987132342,5202.61220476675
-5136.51385629512,-4786.36884416152,-5336.28354244636,-549.91469828484,-4685.94019427725,573.957552332931,924.102564466526,374.187866181688,1024.5312143508,5160.55671034321
-5216.75977072175,-4869.05802373228,-5415.29754301853,-546.239519286236,-4697.70187573331,518.521923733142,866.223670722618,319.984151436381,1037.57981872159,5189.04217516866
-5364.08093219742,-5010.55442858566,-5545.41193831429,-534.857509728611,-4748.23981977298,442.128697966013,795.655201577779,260.797691849171,1057.96981039047,5271.35212043483
-5603.02552776327,-5233.32545524371,-5799.38907130426,-566.063616060542,-4907.02198755754,392.934569521974,762.634642041524,196.571025980985,1088.93810972771,5429.89648122471
-5906.63176026286,-5509.38516574059,-6107.31846826151,-597.933302520919,-5110.64241997579,331.14606568288,728.392660205171,130.459357684249,1127.13540596997,5639.84452342482
-6323.01706618616,-5886.60723610462,-6523.61244347116,-637.005207366535,-5417.77870272024,274.018247386781,710.428077468328,73.422870101794,1179.25661085272,5960.03010620642
-6759.51124435467,-6273.83815922936,-6986.86399447854,-713.025835249166,-5780.74497686038,254.296941351447,739.970026476759,26.9441912275917,1233.06320884575,6300.78235045695
-7220.7288887045,-6675.3535364514,-7501.93636189039,-826.582825438986,-6202.14517856226,270.868049198438,816.243401451517,-10.3394239874677,1289.45175934067,6665.01411246393
-7716.27805971541,-7101.0328927727,-8005.89461665834,-904.86172388565,-6616.90328918922,250.545456906595,865.790623849312,-39.0711000363402,1349.92022743278,7061.96179273634
-8251.40412949656,-7558.17858892674,-8562.74184864206,-1004.5632597153,-7095.65066240281,260.00350056701,953.229041136823,-51.3342185784763,1415.75696766078,7506.84437034826
-8788.37409537983,-8010.45315261417,-9132.59474043988,-1122.14158782572,-7599.86099412815,293.90948678649,1071.83042955216,-50.311158273555,1482.42258803818,7960.1419943406
-9329.56185223943,-8461.98446105688,-9732.02895073611,-1270.04448967923,-8148.97827442372,370.033778626979,1237.61116980953,-32.4333198696981,1550.61735644269,8429.55114118718
-9881.66231518515,-8921.29994356882,-10299.3590773938,-1378.05913382502,-8681.60385554302,421.568410691625,1381.93078230795,3.87164848293139,1621.62687033375,8925.17159205174
-10459.8739945321,-9405.44754155429,-10786.0050064159,-1380.5574648616,-9148.33792412606,386.342512321785,1440.76896529961,60.2115004380154,1697.87858272785,9465.65904199231
-11061.8654976425,-9914.84019462234,-11299.5820098166,-1384.74181519431,-9656.69978393752,373.978726242513,1521.0040292627,136.262214068401,1779.14443994753,10051.1024086907
-11650.8548478691,-10416.6485152601,-11739.7517714504,-1323.10325619034,-10111.9437033734,322.260231911705,1556.46656452069,233.36330833035,1861.1713764074,10650.0118235904
-12204.3652762466,-10891.6160118369,-12097.9533962178,-1206.33738438093,-10499.4840738437,236.467012913789,1549.21627732351,342.878892942577,1941.34821531673,11234.4949047795
-12670.2228481408,-11290.1456907584,-12308.7454259509,-1018.59973519251,-10762.8749311511,105.484852212954,1485.56200959541,466.962274402897,2012.83276920271,11757.1079651613
-13016.1811602971,-11583.4246904103,-12393.9146071649,-810.48991675457,-10926.6624968958,-17.9701285487611,1414.78634133803,604.296424583466,2071.54853485257,12187.7211149938
-13234.1298621943,-11766.0951052358,-12414.8513480822,-648.756242846419,-11043.9169426877,-73.7699371577409,1394.26481980073,745.508576954311,2116.44298234882,12511.6036821901
-13317.4613427533,-11833.1925242352,-12321.1322753365,-487.939751101309,-11059.5742284033,-111.807880622648,1372.46093789545,884.521186794144,2146.07923372736,12717.7137110293
-13240.7868785207,-11759.2399369862,-12077.4696902699,-318.229753283676,-10938.1634959315,-145.735994725563,1335.81094680894,1017.58119352526,2156.88738786364,12776.8211305115
-12996.6311146244,-11537.0865918044,-11778.2228390027,-241.136247198295,-10771.0536720682,-77.8036668637168,1381.74085595628,1140.60460875799,2147.77377569252,12677.6912005624
-12617.3910078127,-11198.0219647025,-11414.0919133266,-216.069948624122,-10541.3803041394,46.3092217983016,1465.6782649085,1249.60831628437,2122.31992547157,12447.6302809868
-12098.5946699967,-10736.0642260897,-10907.6443922818,-171.58016619212,-10172.9763971981,153.530274336757,1516.06071824375,1344.48055205163,2079.1485471354,12080.5447781413
-11484.539102982,-10192.8599601787,-10335.9175958041,-143.05763562536,-9740.40998814818,279.346737340502,1571.02588014377,1427.96824451842,2023.47585217429,11620.8282046971
-10810.4667749609,-9601.89273718455,-9751.11750093536,-149.224763750804,-9292.09615774963,441.468353869013,1650.0423916454,1500.8176278946,1959.83897108033,11102.7103650792
-10114.4834410301,-9000.33970077658,-9212.38173228009,-212.042031503523,-8874.58593816746,653.215787037167,1767.35952729075,1555.31749578723,1893.11328989987,10555.6571965638
-9426.95392074818,-8416.16536636832,-8742.8759353101,-326.710568941771,-8495.22920458049,895.10657176417,1905.89512614403,1579.18455720225,1826.83128793186,9995.34992357056
-8778.77180938685,-7876.08678264895,-8353.31899639469,-477.232213745747,-8163.56098188768,1149.3631327661,2052.04815950403,1574.81594575828,1764.57396026529,9450.90272840721
-8193.80495907446,-7400.02418668746,-8054.4491830672,-654.424996379732,-7897.42604876237,1412.85234089552,2206.63311328254,1552.2081169028,1709.23125120762,8952.23230359025
-7688.88966229054,-7002.41784147094,-7800.54297176958,-798.125130298635,-7650.15876740916,1624.02558854445,2310.49740936406,1512.37227906542,1662.75648342584,8514.79012053635
-7300.84752968614,-6719.62789185776,-7630.59991884665,-910.972026988904,-7458.85656719387,1787.99391884773,2369.21355667613,1458.24152968722,1629.98488134,8177.86942154496
-7022.11355701675,-6545.00891811911,-7512.24117128422,-967.232253165112,-7298.25757151103,1886.2145025369,2363.31914143455,1396.08688826944,1610.07048804262,7941.09580638853
-6843.55928427061,-6469.88513188201,-7455.90638191995,-986.021250037943,-7179.35271339726,1937.67089279761,2311.34504518621,1325.32379514827,1601.87746367096,7795.20892703027
-6781.92137480971,-6510.22017915023,-7490.28621524641,-980.066036096187,-7131.21498059582,1956.94547383898,2228.64666949846,1248.58063340227,1607.65186805287,7758.8008125525
-6844.32809510464,-6672.57030976905,-7655.48340282705,-982.913093057991,-7193.84921300395,1977.87174010508,2149.62952544068,1166.71643238269,1628.35062220579,7839.28674215174
-6988.24498204004,-6914.4442515699,-7858.06640972415,-943.62215815426,-7282.00968554731,1952.11247914997,2025.91320962012,1082.29105146586,1658.34777564269,7996.73530303574
-7159.9620014691,-7180.69802855816,-8033.86607290055,-853.168044342401,-7336.12777371741,1866.32274027527,1845.58671318619,992.418668843792,1690.15696802695,8173.11669740195
-7362.24857918442,-7471.96711299468,-8276.4914745385,-804.524361543825,-7452.55836069381,1814.24315828472,1704.52462447445,900.000262930623,1723.93337677533,8371.9673759253
-7602.17696431586,-7793.82233128212,-8544.40104935194,-750.578718069823,-7589.4508834326,1747.68062644406,1556.0352594778,805.456541407974,1760.40670732733,8599.27887269009
-7884.00632379031,-8148.40602419623,-8814.48230994849,-666.076285752259,-7721.7732255605,1637.55366648039,1373.15396607448,707.077680322216,1799.7867647102,8855.48370451844
-8199.55344372425,-8525.49875407618,-9129.29567747676,-603.796923400602,-7892.12518100314,1533.4990504116,1207.55374005968,603.756816659076,1840.92731313272,9129.25557073525
-8553.87299663385,-8927.40914813881,-9512.27791699816,-584.86876885936,-8121.56081472485,1451.94898845436,1078.41283694941,493.54406809005,1884.26117036338,9420.95321622886
-8943.0959262796,-9347.76188929354,-9937.25884037968,-589.496951086136,-8384.42083511677,1370.4332456743,965.767282660382,376.270331574247,1929.10833683715,9724.03222086777
-9357.07895638107,-9773.73922411059,-10337.4761362612,-563.736912150614,-8614.4683279325,1231.49270507709,814.832437347588,251.095525196976,1974.10333352567,10024.8347493076
-9795.7973142449,-10202.3251220026,-10683.8291179651,-481.503995962506,-8783.49770362272,1006.89256485126,600.364757093541,118.860761131031,2019.19217547344,10321.1858831337
-10252.8665444302,-10626.0034639678,-11036.9584947161,-410.95503074832,-8962.15807237259,773.029990901886,399.893071364221,-11.0619593840983,2063.73846295945,10614.9415045837
-10720.7738704148,-11036.3394128365,-11403.2392266119,-366.899813775402,-9160.26031260374,546.808072474221,231.242530052575,-135.657283722834,2107.32163028532,10900.6821291137
-11179.223550328,-11413.8403661548,-11707.1178229079,-293.277456753091,-9301.78580176079,270.358849027827,35.742033201027,-257.535423552068,2147.79659759504,11156.3049426027
-11627.0150111598,-11760.3999927354,-12009.4360232108,-249.036030475405,-9456.74850960907,15.5606778540358,-117.824303721594,-366.860334197003,2185.82717940477,11393.5396585384
-12031.1663253933,-12047.785423685,-12279.1568764253,-231.371452740231,-9604.08088355552,-209.150088375415,-225.769186667089,-457.140639407324,2217.93535346242,11590.6447842777
-12380.9146651074,-12268.5035128979,-12517.463780032,-248.960267134146,-9740.57376689788,-396.996617295073,-284.585465085546,-533.545732219695,2243.34428091447,11734.9577806782
-12712.2831007799,-12461.3866042163,-12691.535341184,-230.148736967683,-9827.11889050251,-617.623451749968,-366.726955186313,-596.875692153998,2267.54075852744,11864.5109120623
-13011.3477493216,-12616.8691005593,-12821.680378922,-204.811278362609,-9894.36144531724,-827.646920111229,-433.16827134898,-637.979549711592,2289.33938389313,11978.8895508478
-13247.6280659897,-12709.6040361235,-12919.4425739661,-209.838537842618,-9961.5463036155,-980.707025467304,-442.682995601062,-652.521533443682,2305.37473690693,12057.0825026798
-13444.1661764696,-12765.5901969162,-12986.7098098244,-221.119612908231,-10025.3227767291,-1099.89554555869,-421.319566005306,-642.439178913539,2318.94785418177,12123.1510180027
-13555.0329982516,-12742.4208892103,-12995.5732212982,-253.152332087849,-10061.8426716733,-1168.83891083559,-356.22680179427,-609.37913388212,2324.35141574269,12133.0417553282
-13614.2020725038,-12676.9723051327,-12968.3010468551,-291.328741722372,-10089.8713223917,-1198.00660488349,-260.776837512402,-552.105579234771,2326.32414522869,12124.866725898
-13620.5681843124,-12571.5249368315,-12922.0277566431,-350.502819811555,-10127.5929514543,-1168.33533135733,-119.292083876392,-469.794903687947,2324.63990150086,12101.7300331436
-13573.9407742026,-12425.8974143952,-12792.2380080705,-366.34059367529,-10099.9140895068,-1155.58880009222,-7.54544028477163,-373.886033960062,2318.43788460362,12052.0113804351
-13493.4553886647,-12259.6035269615,-12647.0960777586,-387.492550797055,-10074.8351790457,-1108.67819968999,125.173662013175,-262.318888783878,2309.94200992896,11997.2846381776
-13372.0092450213,-12067.2217334153,-12498.2516497769,-431.029916361612,-10064.8323406505,-1008.78776160607,295.99974999992,-135.030166361695,2298.38914276471,11932.1915670536
-13187.2162786231,-11828.4788556476,-12274.9417159744,-446.462860326816,-10000.6557839287,-905.551212162992,453.186210812461,6.72335048564623,2281.00928253137,11835.2022061333
-12966.8548525923,-11570.9973514505,-12040.1049567514,-469.107605300875,-9929.96613196934,-775.953390963995,619.904110177773,150.796504876899,2260.93532965892,11721.7938563274
-12704.4886728041,-11288.420653646,-11733.9377324047,-445.517078758684,-9790.26801792961,-677.044654492633,739.023364665497,293.506285906816,2237.17600038185,11581.9269395528
-12365.6509245218,-10947.3999191245,-11314.6382740187,-367.238354894164,-9546.76606383841,-613.589679821605,804.661325575653,437.42297068149,2205.29518086178,11384.822889806
-11938.6113516066,-10535.9995579898,-10808.2100170243,-272.210459034472,-9218.65028362046,-556.556398981274,846.055394635448,573.844935600975,2163.40466900484,11109.8444935908
-11458.3999051975,-10085.4828758832,-10317.7011694642,-232.21829358091,-8886.30190190378,-456.979576471428,915.93745284286,683.719159261951,2115.11842682234,10769.2020351452
-10940.1179212456,-9606.83168966695,-9792.61868926475,-185.786999597801,-8499.72702850371,-378.68154102989,954.604690548788,768.817690950981,2061.70935171202,10375.6493806179
-10419.554523636,-9132.92659652791,-9268.47536080573,-135.548764277817,-8094.12699269191,-317.769356598072,968.858570510048,833.309806232228,2007.65817434603,9966.23640276014
-9933.9193312812,-8697.17463201486,-8827.28861971429,-130.113987699424,-7748.95379795783,-227.078239359271,1009.66645990707,879.552472207643,1957.88729396411,9576.7271042225
-9487.16887127621,-8301.11232535063,-8459.01340763738,-157.901082286742,-7452.05126194936,-122.455241267821,1063.60130465775,905.700222371006,1912.66236805903,9206.81254772163
-9100.44368773805,-7964.44937918832,-8153.81684870629,-189.367469517973,-7191.57454549618,-34.2011769137731,1101.79313163595,912.425662117979,1874.66796532809,8876.87504130629
-8785.99168749653,-7698.49221877383,-7910.81590414631,-212.323685372495,-6969.45913364344,29.0660249603272,1116.56549368303,904.241808310535,1845.59857881342,8602.73402708436
-8543.26318272458,-7502.80601931273,-7725.56767480065,-222.761655487924,-6788.55212334749,71.016367268327,1111.4735306802,888.711875192275,1825.72742664544,8391.517894505
-8391.32734251198,-7395.83613040889,-7628.09099815455,-232.254867745655,-6677.05524855119,103.461476839949,1098.95268894306,866.697821197401,1817.73357080076,8262.53395160627
-8303.12206730237,-7350.84952660915,-7646.51652377112,-295.666997161984,-6667.58842687559,182.687239168798,1134.95977986202,839.292782700043,1818.22087959559,8190.14230930919
-8286.99962279963,-7378.20677339681,-7749.52458357731,-371.31781018049,-6728.06822030988,269.707091411666,1178.4999408145,807.182130634006,1828.63849390143,8185.38890403082
-8339.04396353033,-7475.77053355299,-7912.23088100814,-436.460347455152,-6841.1274590795,350.594079143099,1213.86750912047,777.407161665315,1848.51058359394,8253.1776952183
-8444.1867192477,-7630.7261230666,-8109.49684832575,-478.770725259141,-6982.78703630088,414.51454113957,1227.97513732068,749.204412061539,1875.9142240864,8379.93053512814
-8580.66409995223,-7823.30562496733,-8339.8705765249,-516.564951557571,-7155.87831950823,482.831935911626,1240.19041089652,723.625459338957,1907.61771635562,8546.93108430627
-8736.35696598226,-8041.34870983168,-8586.22332635541,-544.874616523721,-7336.86312469064,542.089206811879,1237.09746296247,692.222846438753,1941.58304810353,8733.57155627042
-8904.3720082112,-8277.56986673471,-8818.30119766052,-540.7313309258,-7494.29339811847,566.206727779226,1193.00886925573,652.277538329928,1976.28533787197,8929.84740506464
-9060.91260316242,-8506.65018500101,-9033.00943282339,-526.359247822372,-7624.56876433987,571.801577650123,1126.06399581153,599.704747989155,2008.14541647267,9106.35493299018
-9200.55397184288,-8720.38251249716,-9246.09587420686,-525.713361709696,-7744.45199584094,579.654158096457,1059.82561744218,534.112255732487,2035.7561340984,9254.49476822964
-9340.33994351072,-8932.52272224477,-9504.94314297582,-572.420420731052,-7903.25573407186,623.83012273924,1031.64734400519,459.226923274133,2060.91433217809,9391.74964551889
-9461.2425013602,-9120.38793593569,-9715.56400358056,-595.176067644876,-8011.51054593275,630.817609989991,971.672175414508,376.496107769634,2080.54956541746,9496.88404370532
-9596.10850961267,-9312.44431191638,-9877.53173137146,-565.087419455092,-8069.23892368424,571.96324208589,855.627439782182,290.54002032709,2098.83282801433,9602.98433224347
-9739.21232691178,-9498.65622515766,-9973.00520853062,-474.348983372956,-8058.78390572053,434.479003616986,675.035105371093,200.686121998141,2114.90742480824,9699.3423471558
-9891.36079272025,-9677.26203187706,-10177.2492074733,-499.987175596194,-8154.29177769473,391.995375790173,606.094136633383,106.106961037187,2129.06439081572,9783.36899291425
-10049.0939534342,-9843.22491926665,-10402.9551837863,-559.73026451961,-8277.01258710517,369.168560165807,575.03759433339,15.3073298137854,2141.24992649487,9858.53224908043
-10192.1906171398,-9975.27415088456,-10513.6921186668,-538.417967782203,-8296.29767541087,253.331686082862,470.248152338164,-68.1698154440411,2149.22462781185,9907.10433544051
-10325.7648593268,-10079.8806409167,-10554.5028097251,-474.622168808414,-8260.26947366578,89.2319534250671,335.116171835201,-139.505996973211,2154.72733908608,9940.37464394346
-10455.419569858,-10165.1088714626,-10579.2703306777,-414.16145921508,-8221.23982118882,-74.91938752264,215.39131087268,-198.770148342397,2159.26036114648,9966.33872312023
-10559.9661034282,-10213.7749880619,-10586.0463984593,-372.271410397425,-8183.16611896096,-215.941700418144,130.249414948154,-242.021995449271,2160.85828404909,9971.75299261261
-10629.0357287902,-10220.0708058783,-10558.1175583546,-338.04675247633,-8134.50099432159,-335.527301527542,73.4376213843244,-264.609131092007,2159.00743294102,9955.4616747863
-10676.3680891367,-10201.9053431965,-10481.3738643102,-279.468521113692,-8055.51241314549,-464.484611258606,9.9781346815987,-269.490386432103,2156.37106473261,9932.41495676439
-10681.9155323337,-10143.2316106498,-10319.6352862044,-176.40367555457,-7901.65906450443,-629.48032780765,-90.7964061237089,-267.200081678281,2150.77614002167,9876.03152897152
-10655.7799627866,-10056.5604065745,-10127.361277589,-70.8008710144638,-7722.94818596215,-789.678437138768,-190.458880926606,-261.259751941069,2143.15333968572,9795.30065463342
-10593.4830104014,-9938.58700351043,-9918.40812096822,20.1788825422061,-7528.90635626057,-932.183450462082,-277.287443571077,-257.108561028864,2132.39320367877,9681.47844248156
-10516.1500272446,-9810.56513394026,-9694.11483533839,116.450298601867,-7322.69389368092,-1072.3068922842,-366.721998979824,-250.271700377955,2121.1492412795,9560.29343356229
-10420.5772173829,-9669.96174207727,-9476.38285688781,193.578885189446,-7127.62369014098,-1183.92976357102,-433.314288265388,-239.735403075937,2109.0237636709,9430.22633900133
-10315.1883663581,-9524.90555643372,-9339.13345417974,185.77210225399,-7010.42956017996,-1208.10259426237,-417.819784338011,-232.047682084018,2096.65621191576,9292.85787434971
-10184.756484832,-9359.04482912171,-9172.83176025953,186.21306886218,-6862.33031978718,-1240.97343279006,-415.261777079774,-229.048708217588,2081.45273225476,9129.99612090413
-10047.263196976,-9189.17720674724,-9036.46416313106,152.713043616188,-6741.61103367409,-1240.03660392782,-381.950613699046,-229.237570082854,2065.61555937412,8959.93963666439
-9906.85809286652,-9018.28405382219,-8896.28996182866,121.994091993523,-6622.64483088074,-1234.65196377783,-346.077924733471,-224.083832739947,2049.56129820797,8794.20022108224
-9769.33267022425,-8849.70945589937,-8777.9602716189,71.74918428047,-6522.74285131986,-1212.59255085248,-292.969336527612,-221.220152247136,2033.99726805192,8628.48930365224
-9644.47399141389,-8690.04539159017,-8716.21940300758,-26.1740114174167,-6474.23903697332,-1150.22826850319,-195.799668679475,-221.973680096895,2020.00668593737,8468.07171149327
-9521.06547789359,-8526.72048202003,-8585.80528567582,-59.0848036557889,-6364.23829354014,-1150.68047603095,-156.335480157379,-215.420283813164,2006.14670832251,8311.30019820686
-9419.8547911216,-8380.11103585266,-8458.38356698745,-78.2725311347892,-6269.89038568546,-1154.52466121858,-114.780905949638,-193.05343708443,1995.43974421755,8187.05759876824
-9328.34176703534,-8239.21306542805,-8314.05349378619,-74.8404283581281,-6173.66285096396,-1167.85930052103,-78.7305989137517,-153.571027271875,1986.81961555036,8085.6420381562
-9241.9107872825,-8101.7222815836,-8176.18348207302,-74.4612004894172,-6099.52921262769,-1162.31512143941,-22.1266157405076,-96.5878162299196,1980.06645321539,8005.13446535366
-9162.27582765016,-7972.48689990032,-7992.95429678779,-20.4673968874644,-5998.69876392832,-1187.64977962506,2.13914812475879,-18.3282487627053,1975.92728409677,7954.15865113762
-9093.13154665363,-7858.01057721792,-7843.07322994932,14.937347268601,-5947.4224078552,-1170.31715450669,64.8038149290197,79.7411621976239,1975.39198429175,7937.75173941554
-9024.67519463183,-7752.16453685704,-7704.39166012536,47.7728767316918,-5922.03682651144,-1125.00807219416,147.502585580609,195.275462312305,1977.63029592623,7947.43999916935
-8966.71874041614,-7668.74902206171,-7605.85181117848,62.8972108832398,-5944.54725070017,-1037.9704383539,259.999280000524,322.896490883763,1984.20105136207,7991.64551294549
-8918.22001985724,-7609.38909721833,-7566.15659313783,43.232504080499,-6028.66245089681,-894.655280888374,414.175641750541,457.408145831037,1994.90228807206,8066.79724304937
-8869.96638781847,-7566.78598685014,-7568.84483028932,-2.05884343919499,-6151.53082759076,-709.856046864691,593.324354103656,591.26551066446,2008.57951336302,8158.0514975146
-8824.07830080324,-7544.45178198932,-7583.76489644656,-39.313114457245,-6274.91073985419,-523.417399961904,756.209118852018,716.896004394772,2025.75016098715,8261.34778638408
-8803.22551948037,-7564.3942611,-7603.88614920343,-39.4918881034298,-6383.22348883371,-371.359347815977,867.471910564379,827.980022460953,2048.64268283067,8392.37428356096
-8802.30383735007,-7619.59881459029,-7659.79341715204,-40.1946025617465,-6504.46580914001,-222.539527276453,960.165495483342,919.970892921594,2075.29850093362,8539.56970751188
-8833.02941618852,-7719.00040321288,-7772.79834027216,-53.7979370592854,-6658.11985668971,-68.2861903166099,1045.74282265904,991.944885599754,2106.62336918221,8710.94528881265
-8895.2594806128,-7859.87538392652,-7947.82021050831,-87.9448265817978,-6851.32614703059,98.1095905313134,1133.49368721761,1045.54886063581,2142.04292411353,8905.42424456233
-8969.77847602378,-8020.15258886145,-8172.63801913187,-152.485430270444,-7074.06851203087,282.532897598992,1232.15878476135,1079.67335449091,2178.2428615919,9099.82594335232
-9048.90147645014,-8188.70460701789,-8423.54633496742,-234.841727949528,-7301.11763413278,465.314296481779,1325.51116591404,1090.66943796451,2213.09813879914,9279.37404498241
-9137.14853285166,-8365.85687795983,-8642.00490246456,-276.148024504749,-7472.48082299471,581.940260674716,1353.23191556657,1077.08389106181,2246.60797053165,9442.94076902163
-9225.34727859718,-8537.67291258478,-8809.18636261042,-271.513450025648,-7571.71292531595,623.673903532287,1311.3482695447,1039.83481951905,2277.30825681352,9577.50773210382
-9276.13527817806,-8663.77903188346,-8993.53715774349,-329.75812586005,-7677.12379351176,700.859839917545,1313.21608621217,983.457960352123,2299.87132458385,9647.23699223558
-9326.94897902841,-8779.25608554031,-9178.30186922279,-399.045783682493,-7771.38850148732,763.972517757171,1311.66541124527,912.619627562777,2319.53299529827,9691.87571310308
-9355.47572252637,-8861.27793718113,-9251.4755096403,-390.19757245918,-7762.44596871919,740.487873894988,1234.68565924025,844.488086781069,2333.51762770218,9705.76602396219
-9368.76778995282,-8917.98615404592,-9265.21666344287,-347.230509396927,-7703.74723027441,678.293617538966,1129.07525344587,781.844744048947,2343.31417721738,9699.83089809487
-9354.61668118163,-8937.15314696083,-9271.24442392807,-334.091276967232,-7646.40314168027,639.530304588213,1056.99383880901,722.90256184178,2347.74384408958,9660.05570880263
-9317.74508226835,-8925.18649181237,-9269.69224532086,-344.505753508497,-7590.29436003867,620.689607073654,1013.24819752966,668.742444021158,2348.14032930335,9593.92893583352
-9242.19504385154,-8867.55363395274,-9251.80882205785,-384.255188105101,-7531.02765965213,631.810032839701,1006.45144273849,622.196254633389,2342.9774170391,9489.74988858613
-9129.26372120544,-8766.78646692139,-9190.13155158234,-423.345084660959,-7447.07525412984,650.530744312003,1013.00799859606,589.662913935092,2332.7192113876,9356.44938085648
-8992.92816946425,-8638.09355519877,-9131.33794186213,-493.244386663376,-7386.27303164551,712.378766630329,1067.21338089583,573.968994232449,2319.03390444906,9212.06254943121
-8838.573953318,-8488.79424907944,-9033.18897289996,-544.394723820537,-7299.94882513722,764.147954515891,1113.92765875446,569.532934933917,2302.77308269666,9058.32718401334
-8676.24131101738,-8331.07821795028,-8926.24514078947,-595.166922839203,-7222.61945078567,831.878463026743,1177.04155609386,581.874633254655,2285.50032325846,8912.95285120493
-8494.31413606685,-8154.8905749954,-8746.75287221379,-591.862297218374,-7090.78888453425,862.327573831322,1201.75113490278,609.888837684406,2265.85282536393,8764.77941267981
-8324.21009837611,-7992.48525376745,-8576.95025349093,-584.464999723496,-6979.59965438581,903.113370579833,1234.83821518852,650.373215465025,2247.72381457014,8642.85846923245
-8162.35490583142,-7841.84519827552,-8406.10957326731,-564.264374991799,-6874.01133289944,942.374617172077,1262.88432472798,698.61994973618,2230.71819010406,8540.4651480117
-8000.83325140524,-7695.97105901547,-8197.55135112274,-501.580292107261,-6738.45429974522,951.832707364163,1256.69489975395,755.114607646685,2214.2116590242,8451.08566666216
-7868.35429077803,-7583.55753332327,-8014.654392398,-431.09685907474,-6632.74387173399,966.134578851855,1250.93133630662,819.83447723188,2201.7449978959,8403.39201055515
-7734.96350560973,-7475.80394463001,-7829.50746414858,-353.703519518586,-6523.56144066411,977.733999357771,1236.89356033749,883.1900408189,2189.13606430337,8358.9939854489
-7605.6161703831,-7378.25027407517,-7690.91121320888,-312.660939133718,-6454.0270338591,1025.22614978133,1252.59204608926,939.931106955537,2176.81528630532,8318.18138103071
-7485.13374270232,-7296.07401037058,-7547.72106830577,-251.647057935188,-6370.65670721528,1051.18684785791,1240.24658018964,988.599522254451,2165.66388334495,8284.67353262503
-7377.99023219203,-7232.14825452811,-7396.42150334443,-164.273248816333,-6268.78303126923,1046.70131195992,1192.54328962384,1028.2700408075,2155.90851288271,8260.4182953356
-7284.44946007007,-7186.94095932449,-7261.21787550713,-74.2769161826417,-6170.097518166,1033.01243102031,1130.5209317659,1056.24401558325,2147.36437292438,8243.18497490775
-7215.01219114294,-7170.64504640479,-7166.05857452048,4.5864718843091,-6095.99101532877,1022.43584392484,1066.80298866297,1071.38946054728,2141.45701973899,8242.03450695206
-7154.23537441785,-7164.48581167468,-7050.64332165298,113.842490021702,-5986.32005417808,967.949849657178,957.699412400338,1071.54190242203,2135.86516989694,8236.02771409672
-7106.02413273444,-7169.74522685955,-6945.42470762785,224.320519231702,-5874.31056257501,899.133294683955,835.41220055885,1059.73271979056,2130.84686484339,8229.4779466501
-7076.17950910736,-7189.59871247959,-6877.92810514385,311.670607335749,-5784.79843473453,835.545865954755,722.12666258253,1033.79726991827,2126.92694032759,8223.39598239786
-7068.04538687435,-7224.3823345948,-6835.95520976424,388.427124830569,-5701.02758064469,757.454081245413,601.117133524965,989.544258355528,2124.47188747507,8213.92659295031
-7093.76066584079,-7281.56522944355,-6883.85915788413,397.706071559412,-5683.72231878654,715.162543046589,527.357979443832,925.064051003244,2125.20089010084,8206.6292804468
-7147.43627487968,-7353.00342816575,-6986.58690139523,366.416526770511,-5708.30924912816,689.198147561685,483.630994275634,850.047521046144,2128.32517331321,8203.05094921188
-7232.30832662639,-7441.51463680484,-7107.42482574579,334.089811059038,-5748.03452464366,649.347980344475,440.141670166037,774.231481225077,2133.62178232721,8215.7461180299
-7344.43408529319,-7543.69115106816,-7281.42813854752,262.263012520637,-5839.83350349085,636.400646781798,437.143581006843,699.406593527484,2141.00122858416,8243.09774459564
-7480.07100367001,-7655.7865443874,-7550.57558878374,105.210955603672,-6022.61823740085,693.106683166591,517.391142449215,622.60209805289,2150.55944943576,8278.3886424403
-7626.30352473892,-7766.43794289782,-7830.84321296609,-64.4052700682601,-6226.11299498617,760.785808626358,620.651390467453,556.246120399194,2160.97633837912,8322.68406329702
-7778.81527757899,-7873.27642407484,-8128.79134972943,-255.514925654581,-6454.9519924614,847.953400045792,753.492253549945,497.977327895369,2171.81668516338,8371.2537519702
-7936.88887521967,-7977.1937122973,-8422.83880470973,-445.645092412424,-6681.89142516596,928.697438436908,888.39260135927,442.747508946839,2183.69488849061,8419.94122124415
-8097.83442211931,-8075.73103277584,-8684.06510577701,-608.334073001165,-6881.17517294313,980.36089009486,1002.46427943831,394.130206437148,2197.02013927102,8469.86123921299
-8256.66894109513,-8164.7283667895,-8860.4408276462,-695.712460856682,-7004.33888441354,958.621177650637,1050.56175195627,354.849291099596,2210.95123433224,8519.57765788911
-8410.35241349932,-8241.18050847485,-8997.67200394194,-756.491495467083,-7091.84300136924,906.482610349204,1075.65451537367,319.163019906591,2224.99202247929,8560.34352838145
-8563.72929056872,-8310.17714704467,-9129.7527262191,-819.575579174428,-7171.41736027481,847.681390368671,1101.23353389273,281.657954718297,2239.99332066259,8591.83510176297
-8710.69929583513,-8365.87293947252,-9257.5087256688,-891.635786196269,-7242.04429289141,786.536783340433,1131.36313970304,239.727353506776,2255.19178628415,8605.6002929793
-8846.08617839105,-8402.8915657461,-9339.20410030712,-936.312534561016,-7268.90352212615,692.69361695377,1135.8882295987,199.575695037686,2269.87627321865,8602.46726078378
-8970.59912056431,-8422.9651905624,-9371.8612124515,-948.896021889073,-7262.16741587772,575.747405816747,1123.38133581865,174.485313929582,2284.17911050333,8597.45050449198
-9075.1943965055,-8419.36305471446,-9382.54489499942,-963.181840284963,-7252.09920778479,474.304268800778,1130.13561059182,166.953770306862,2297.3994575215,8586.31682502132
-9154.76716669251,-8389.17168704181,-9415.11584528744,-1025.94415824562,-7278.13917958789,432.601627511514,1198.1971071622,172.252948916593,2309.22961461613,8561.4246359584
-9200.4485381397,-8324.88598598383,-9419.10263674415,-1094.21665076032,-7294.61101488545,413.0139715453,1288.57652370117,194.359872940845,2318.85149479955,8519.24585892467
-9184.92184430961,-8200.88016804181,-9323.83895010049,-1122.95878205869,-7241.04028148881,379.156852083008,1363.19852835082,240.239746292145,2323.03841490383,8441.11991433394
-9135.70377915143,-8048.16837558734,-9177.78258224161,-1129.61420665429,-7162.27426224125,352.556326483989,1440.09173004809,310.477523393795,2325.98584339417,8358.64589898112
-9049.71468835935,-7868.53716058499,-9046.32328276478,-1177.7861221798,-7125.88708592091,403.98280835332,1585.16033612769,407.37421394789,2327.81041079176,8275.91137453289
-8920.47204734199,-7659.06947305771,-8914.0300849883,-1254.9606119306,-7116.39848154487,523.579899949229,1784.98247423352,530.021862302924,2327.65346574636,8189.09133536062
-8738.15834425281,-7412.06209571434,-8676.25247815299,-1264.19038243866,-7025.81789689603,611.589995734472,1937.68624427295,673.495861834293,2323.93044309125,8085.55795754863
-8516.54017514127,-7144.73177333988,-8362.08448970025,-1217.35271636037,-6879.79730030112,681.732151679917,2053.54055348131,836.187837120938,2318.47502652005,7980.91961046081
-8260.03955202878,-6864.54832957545,-8094.40145119919,-1229.85312162373,-6792.4513225123,844.03588164187,2239.52710409521,1009.67398247148,2311.62411115837,7874.22231204693
-7960.48950526899,-6561.69263706382,-7837.06625719698,-1275.37362013315,-6721.20149865858,1062.05824046792,2460.85510867308,1185.48148853993,2301.34624707832,7747.17412560377
-7599.04526290973,-6216.4448428642,-7524.74891435193,-1308.30407148773,-6595.49013714275,1281.20582225811,2663.80624230364,1355.50217081591,2284.76094802509,7571.94701368011
-7223.60032234604,-5876.22823051634,-7210.78537623675,-1334.55714572041,-6462.31370370114,1506.4574824375,2853.8295742672,1519.27242854678,2267.74410108239,7395.50065906312
-6835.39900047751,-5541.22273450001,-6900.33071536646,-1359.10798086646,-6317.42045988302,1732.24823155232,3026.42449752981,1667.31651666335,2250.22677214679,7208.53925116335
-6436.21434763929,-5210.23532376912,-6621.02850244336,-1410.79317867423,-6182.74966541429,1978.19326782978,3204.17229169995,1793.37911302572,2231.65795005479,7003.61443679485
-6023.31041420697,-4876.51141202428,-6357.58221650849,-1481.07080448421,-6039.98464364845,2227.59804496033,3374.39704714302,1893.32624265881,2210.92381551884,6769.83765468308
-5610.80793563302,-4549.23300446399,-6047.74380950528,-1498.5108050413,-5822.37944237391,2400.51317962596,3462.088110795,1963.5773057537,2188.94167288507,6512.8103102177
-5204.57234786299,-4230.55716774038,-5716.60672149947,-1486.04955375911,-5564.81761170795,2526.50207395165,3500.51725407428,2014.46770031516,2166.25681010669,6245.02486805554
-4799.4312436294,-3914.43905455406,-5359.0948863414,-1444.65583178733,-5265.73042813427,2608.70653121666,3493.69872029201,2049.04288850468,2142.40734671179,5963.48194305874
-4406.61118444731,-3607.43542475674,-5025.94482399402,-1418.50939923728,-4967.22114398334,2679.40408723987,3478.57984693045,2060.07044769317,2118.79412770384,5667.5058724499
-4024.11947377037,-3304.91422723024,-4682.12008538074,-1377.20585815052,-4645.47242891307,2716.26377150744,3435.46901804758,2058.26315989706,2094.91081636475,5363.17738712731
-3650.69480119936,-3005.77274658033,-4313.6611310558,-1307.88838447545,-4293.61921333289,2714.18620207976,3359.10825669879,2051.21987222334,2071.26178994622,5056.99261880369
-3284.73658292892,-2707.38638209513,-3920.7446695132,-1213.35828741806,-3913.23153737113,2676.05992033325,3253.41012116704,2040.05183374898,2047.56496589104,4747.4382158441
-2929.46382126657,-2413.7937562117,-3596.98199955161,-1183.18824333991,-3601.89075633584,2696.57419788276,3212.24426293765,2029.05601959774,2024.14726281349,4442.84977580944
-2581.46748254579,-2121.82982798031,-3274.63900186293,-1152.80917388262,-3288.08768754993,2707.23325218379,3166.87090674927,2014.06173286666,2000.61304717966,4135.89156084696
-2241.94896165519,-1833.08595591162,-2949.44084687781,-1116.35489096619,-2963.81106666909,2698.98181634274,3107.84482208631,1991.48993112012,1977.11971132884,3824.57588703173
-1914.89229534364,-1549.60309137575,-2640.77962739268,-1091.17653601695,-2651.58066161338,2690.50606010514,3055.79526407304,1964.61872805609,1953.81769383538,3514.22181943183
-1601.09730403429,-1272.22187612421,-2390.20497594612,-1117.98309982191,-2387.78479119226,2717.20184231432,3046.07727022439,1928.09417040249,1930.51435515635,3200.3160465267
-1302.00669905349,-1000.39710905034,-2212.6401693583,-1212.24306030797,-2179.52100747805,2784.54891308947,3086.15850309264,1873.91544278466,1907.03460466491,2874.31255183498
-1025.64096508617,-739.237279300905,-2031.06903101648,-1291.83175171559,-1950.64097325043,2809.21566774244,3095.61935352771,1803.78760181212,1884.21565957817,2543.024881113
-766.873983942539,-480.928728379944,-1894.12609921471,-1413.19737083476,-1749.2361580312,2843.89409650767,3129.83935207026,1716.64198123551,1861.53192241901,2197.57070961546
-522.309252058388,-222.06584565348,-1796.68153294175,-1574.61568728828,-1574.06810881218,2890.34645022581,3190.58985663073,1615.97416934245,1838.58759347202,1838.04001499592
-297.571626235195,31.2672896244798,-1756.19043562445,-1787.45772524893,-1450.05649524621,2968.80077296731,3297.639688827,1510.18196357807,1816.31590395632,1478.91467395361
-96.2899382254005,275.783302248652,-1723.17451526531,-1998.95781751396,-1329.46129263789,3028.43554841669,3400.50878889075,1401.55097137678,1795.26419400421,1125.76766912814
83.8741937928744,514.961406762919,-1672.07174777095,-2187.03315453388,-1188.3401573131,3047.18989163539,3478.27710460544,1291.24395007157,1774.97554052942,776.282543308646
252.896934246792,758.457860813172,-1577.1763409392,-2335.63420175237,-1001.94596459473,3009.25901594374,3514.81994251011,1179.18574075774,1754.41611710222,420.727879944567
404.180202657781,999.445496427293,-1464.56871852989,-2464.01421495719,-800.122833974218,2939.10093092073,3534.36622469026,1070.35200973307,1734.79789428874,70.9065133057819
547.038209755996,1248.34329120755,-1361.99398295695,-2610.3372741645,-615.293479161659,2877.40224741838,3578.70732886994,968.370054705447,1715.07055850072,-279.9732365021
685.935446715646,1507.24895492833,-1164.95521339625,-2672.20416832458,-352.993694228788,2734.1715893004,3555.48509751308,883.280929188502,1695.24244835597,-623.968025739822
816.004491907172,1767.98673991762,-919.891800791181,-2687.87854070879,-56.3772900548747,2549.15277826996,3501.13502628041,813.25648557162,1676.77099630792,-954.730254345991
955.567121254635,2044.48463039586,-626.45142223138,-2670.93605262724,272.006328378992,2341.92201540055,3430.83952454177,759.903471914529,1658.3612225249,-1284.58115848132
1103.59748612295,2332.33860727824,-283.948233052496,-2616.28684033074,633.020875575705,2111.52631733375,3340.26743848903,723.980598158295,1640.94970678651,-1608.35800911994
1256.38337215863,2622.54094296235,52.2600788136933,-2570.28086414866,969.843355020725,1912.08016657158,3278.23773737532,707.956873226659,1625.5401494337,-1914.5840697357
1426.5184600978,2921.86057792171,412.227583813079,-2509.63299410863,1316.37881294688,1721.26128808241,3216.60340590633,706.9704117977,1611.1216409315,-2214.89016612401
1607.73669037241,3221.16026850207,776.783022781722,-2444.37724572035,1660.47134603265,1545.84165413262,3159.26523226229,714.887986541937,1598.57630979289,-2506.27228196012
1789.44436249539,3509.66803590065,1112.26524514634,-2397.40279075431,1977.51104291363,1400.85393386453,3121.07760726979,723.674816515473,1588.92061428277,-2785.99321938516
1973.66850049792,3787.99123089472,1502.26089671092,-2285.73033418381,2352.73717189283,1202.28383474874,3016.60656514554,730.876230961724,1581.35250614365,-3057.114999933
2158.36266281528,4054.85295912749,1836.95552146695,-2217.89743766053,2678.96582275511,1055.20877581885,2951.69907213107,733.801634470538,1575.81193575869,-3321.05132465694
2333.91204947585,4303.27473323855,2099.96296023437,-2203.31177300418,2943.22471204918,963.546112918387,2932.90879668108,729.597023676904,1572.85877549172,-3573.67770956164
2504.37598482991,4541.38372200738,2385.41302156558,-2155.9707004418,3235.39158860448,839.83560675539,2876.84334393286,720.872643491064,1570.85121052996,-3820.5110785163
2654.74656775904,4754.93363072938,2674.44896581672,-2080.48466491264,3538.76293428321,686.836411375496,2787.02347434584,706.53880943319,1570.85277789966,-4048.39482129618
2787.3833630123,4947.92669085312,2935.51409600015,-2012.41259485298,3823.59146620896,535.772456651173,2696.315784492,683.903189639029,1571.98055984784,-4264.0235012141
2889.70770550062,5111.9393079155,3168.2470205062,-1943.6922874093,4102.85974521644,362.190843970151,2584.42244638503,640.730158975731,1575.34288368597,-4471.20914893977
2971.09562697184,5261.62089205128,3339.10410394387,-1922.5167881074,4340.85359761182,209.194681165454,2499.7199462449,577.203158137501,1578.95265180545,-4684.41773391377
3030.33593202801,5400.6502840577,3514.71503635608,-1885.93524770163,4598.89492796204,13.6961569874982,2384.01050901719,498.075261315561,1582.25515292154,-4902.57502274213
3055.45158793266,5524.33072955542,3702.35735476649,-1821.97337478894,4883.64148067083,-242.086891530611,2226.79225009215,404.818875303219,1586.10300120756,-5119.5118542522
3050.91480343129,5642.09228762273,3878.20664768801,-1763.88563993472,5169.45912775782,-528.320132123522,2062.8573520679,298.971712133177,1590.224192203,-5343.12057548954
3022.33860684512,5762.27416738799,4039.62876354174,-1722.64540384625,5445.74276100698,-828.869261098559,1911.06629944431,188.420895598055,1594.53489306331,-5573.85327178994
2967.84379469523,5883.93451076338,4201.59563436323,-1682.33887640013,5718.59196476305,-1150.58781171506,1765.50290435309,83.1640279529483,1600.16035835277,-5800.77048281042
2913.19348949533,6030.55581413199,4324.88492540571,-1705.67088872629,5938.1850625604,-1419.77596003678,1697.58636459988,-8.08452412641455,1605.21561302829,-6038.64033825841
2867.25476059041,6205.58221410037,4420.30217075266,-1785.28004334772,6106.46308824294,-1628.83152530198,1709.49592820798,-75.7841151397398,1610.37680235055,-6281.36632924013
2840.68092695232,6412.29067959422,4538.13289781298,-1874.15778178125,6267.11072774698,-1810.38088304189,1761.2288696,-112.928912181258,1616.04891775275,-6525.21959177548
2844.60221409456,6655.07145778521,4640.89754723414,-2014.17391055107,6378.383751446,-1911.6781329595,1898.79111073115,-115.382799819917,1622.10340439195,-6770.45425760512
2889.82426453945,6937.01408709342,4744.7630390429,-2192.25104805053,6453.35449269097,-1935.04086746399,2112.14895508999,-80.10209296053,1628.48936068754,-7017.11618005396
2983.64648987359,7256.38512325539,4919.55948598867,-2336.82563726671,6559.57392310395,-1940.30177649634,2332.43685688544,-4.38878038126913,1635.62565673401,-7260.77390363665
3152.08218458789,7627.84567070674,5170.40033181642,-2457.44533889034,6699.63477476746,-1906.23506927836,2569.52841684051,112.083077950162,1641.31752090122,-7515.76259275659
3386.75186342416,8032.31621974776,5509.7227963774,-2522.59342337038,6890.27546914825,-1856.08550394699,2789.47885237663,266.885429006255,1647.43810177711,-7765.43079074152
3695.52170980437,8470.23880172133,5893.18530704321,-2577.05349467812,7092.87850368478,-1744.23330725818,3030.48378465877,453.430289980649,1653.12348662224,-8016.80851174069
4078.1660571827,8934.83747399954,6299.85809852723,-2634.97937547231,7292.54102822265,-1555.88355134481,3300.78786547201,665.808489999704,1658.49141969514,-8269.02898399984
4534.54836977189,9419.28386143957,6787.97067723403,-2631.31318420553,7556.54882347915,-1358.75929446583,3525.97619720187,894.663012996333,1663.24115924143,-8524.62084844323
5066.6413475656,9924.03186921682,7291.33698047058,-2632.69488874624,7824.5032509234,-1092.12217862719,3765.26834302403,1132.57345427779,1665.73972473062,-8791.45841493903
5648.07053124289,10421.9666736612,7776.44550722072,-2645.52116644047,8073.89273770875,-757.551680972429,4016.3444614459,1370.82329500542,1668.27052549344,-9051.14337865577
6270.31307100102,10906.2375959186,8233.17623432804,-2673.0613615906,8299.65553478387,-358.843353289614,4277.081171628,1604.0198100374,1670.49911049323,-9302.21778588125
6923.85993013058,11369.6594372565,8714.87983374838,-2654.77960350811,8566.10489243157,29.7662293859398,4475.56573651186,1820.78613300375,1672.01119168693,-9548.87330425276
7590.11987126512,11799.9126453428,9238.45889356579,-2561.45375177702,8901.60465811482,361.700713072145,4571.49348714984,2010.03973537282,1673.18549992187,-9789.87290996998
8279.59109755228,12215.4929636229,9696.50408767653,-2518.98887594635,9202.9384088095,747.288859125206,4683.19072519582,2164.20184924947,1670.63617038243,-10051.2911143734
8948.13886224059,12583.3659028422,10103.156926087,-2480.20897675526,9499.92544787547,1116.04222024229,4751.26926084393,2271.06028408867,1667.82880587718,-10312.3056187536
9579.97006868062,12899.2634611912,10516.1853159344,-2383.07814525683,9849.62409235861,1395.03483696336,4714.32822947397,2331.25008421715,1664.68886064135,-10568.0133769741
10170.9482852222,13167.381138165,10914.071379633,-2253.30975853207,10230.8353751114,1600.89028395572,4597.32313689855,2344.01337836648,1660.7773738449,-10823.3677597986
10719.2687771795,13393.6705563835,11237.4466672882,-2156.22388909525,10586.0681426796,1788.85541281641,4463.2571920204,2307.03330292515,1655.65477831654,-11086.6372534583
11218.947780336,13578.690445758,11504.4955564029,-2074.1948893551,10926.3927664275,1942.80130457294,4302.54396999498,2228.34908063988,1650.24629066442,-11350.3413651182
11667.2912571308,13725.4643410757,11724.1475398763,-2001.31680119933,11252.3669195503,2059.58673257365,4117.75981651854,2116.44301531921,1644.66239499317,-11609.0213257565
12080.0663504123,13855.1567681989,11942.1081919455,-1913.04857625333,11603.7781603132,2113.22159239345,3888.31201018,1975.26343392667,1636.9334022943,-11879.8933342722
12443.4850548927,13957.7980443103,12120.720016188,-1837.07802812225,11940.3433767629,2132.33484293409,3646.64783235162,1809.56980422937,1629.19316480428,-12148.2282400809
12765.913515745,14043.1308023748,12256.9387874027,-1786.19201497217,12251.0513352393,2136.01473242058,3413.23201905045,1627.04000407829,1621.15255191491,-12416.0907982965
13052.7964523988,14117.8496159103,12370.7756213836,-1747.07399452669,12549.4048187018,2116.12385325298,3181.17701676453,1434.10302223784,1612.73221955599,-12683.7465936725
13304.7253600747,14181.6394598153,12422.2176616735,-1759.42179814182,12790.3065368712,2119.32624824893,2996.24034798954,1236.81854984772,1604.90742504539,-12944.8209099676
13531.7761419428,14242.9586149643,12428.7458270399,-1814.2127879244,12986.1491299937,2142.80766856985,2853.9901415913,1039.7773536669,1597.18065662076,-13203.1812612974
13730.4822902027,14295.0836411046,12380.5616720312,-1914.52196907347,13121.2868332269,2199.89424814356,2764.4955990455,849.973629972026,1590.69879116775,-13445.1100111326
13914.3901135146,14345.2672847291,12338.9566825502,-2006.31060217895,13249.897362771,2248.94518711506,2679.82235832955,673.511756150606,1584.45243637146,-13671.7555285785
14078.972439012,14385.2573269058,12312.4356578227,-2072.82166908312,13388.3866391405,2270.00524024467,2576.29012813852,503.468459055404,1579.41944037324,-13881.7888678504
14233.664853221,14422.401353891,12359.0718027297,-2063.32955116138,13595.6832562476,2212.04834574376,2400.78484641382,337.455295252443,1574.06674877042,-14084.9460586386
14382.3271389764,14456.738232637,12415.9587663321,-2040.77946630491,13806.1801186955,2144.34864062702,2218.7597342876,177.98026798269,1568.20162034608,-14278.7579646543
14515.7750694918,14476.5963777919,12497.4826423074,-1979.11373548446,14035.7897639014,2042.83942695405,2003.66073525415,24.5469997696829,1562.85412136368,-14452.0493780222
14637.8987479625,14485.6177070935,12608.3038374399,-1877.3138696536,14291.8902884976,1903.06322842892,1750.78218755999,-126.53168209361,1557.05476896404,-14612.1493891871
14745.4405139117,14480.8758859158,12813.3543583618,-1667.52152755396,14632.9536307423,1663.84198136649,1399.27735337058,-268.244174183387,1551.35509819712,-14749.1200600992
14839.9351927429,14462.8662318747,13020.2952407438,-1442.57099113094,14966.948447922,1418.70805188259,1041.63909101442,-400.93190011652,1545.72130706168,-14863.7981319912
14919.8444153623,14429.0551915704,13261.5545889629,-1167.5006026075,15324.9204318431,1135.30914966654,644.519925874706,-522.980676732795,1540.38516614737,-14952.0358683032
14981.6646860744,14379.1390261141,13489.5486454605,-889.590380653637,15661.4385780601,855.266434791383,252.740774831117,-636.84960582252,1535.04032677713,-15015.9886319367
15023.2451614925,14311.7689238839,13688.5793106144,-623.18961326943,15966.9795176503,586.045102482019,-125.431135126618,-748.620748396048,1529.77945863983,-15060.3896722799
15034.2617639496,14218.6149964572,13931.9533420007,-286.661654456531,16319.1996240764,240.806281713872,-574.84048577852,-861.502140235044,1525.74414184064,-15080.1171366923
15018.6630862061,14107.8520268186,14172.9446423579,65.0926155392839,16678.2352701872,-137.879485739003,-1048.69054512652,-983.597929587237,1521.69269824209,-15091.4499564059
14969.6656106685,13976.8818100686,14388.1333728398,411.251562771241,17019.6738450057,-532.048604606189,-1524.83240520617,-1113.58084243492,1517.95962973097,-15090.4626525035
14890.3145856541,13834.0122256466,14520.1853024528,686.173076806154,17281.576339173,-877.608470557111,-1933.91083056456,-1247.73775375841,1513.65328296177,-15081.749979405
14778.6552249153,13679.1981174629,14607.237955318,928.039837855108,17497.6856801863,-1209.84862505568,-2309.30573250808,-1381.26589465297,1509.18183021529,-15060.4640121159
14635.7917919629,13515.9069134776,14629.2040879631,1113.29717448544,17646.0212178477,-1505.37058685951,-2625.25546534477,-1511.95829085932,1504.85883902531,-15027.8652043369
14467.138766489,13351.7725724162,14588.2196678869,1236.44709547063,17733.9937227615,-1766.21373265192,-2881.57992672469,-1645.13283125406,1500.64122362061,-14996.9054036703
14264.0045013871,13180.3741645104,14467.5994843309,1287.22531982048,17741.2161292615,-1978.70162934186,-3062.3319662186,-1775.10664639812,1498.50999853253,-14955.4808109085
14039.6209972971,13016.8779222578,14328.6536890363,1311.77576677849,17724.0160685377,-2187.19967847605,-3209.94275351535,-1898.16698673686,1497.19539276458,-14915.0449089946
13796.1427854451,12864.5325610408,14131.6175037111,1267.08494267021,17638.487559339,-2345.49307737891,-3277.10330178324,-2010.01835911302,1496.85169651489,-14874.5509201539
13532.5108292667,12720.5974710487,13906.7645927351,1186.16712168641,17500.3208601529,-2469.4517472627,-3281.36510548066,-2095.19798379426,1498.3582836235,-14815.795454843
13264.3492140137,12597.9254669047,13683.8004778978,1085.87501099313,17339.0379862608,-2574.26603426139,-3240.6897813704,-2154.81477037727,1500.42273798574,-14752.740237282
12995.4591297482,12496.6299554159,13529.3787680984,1032.74881268257,17216.4852013749,-2717.79672425554,-3216.62589858793,-2183.87708590536,1503.22934737111,-14680.5070413212
12737.7409814903,12423.935678806,13425.8154573048,1001.87977849879,17110.0269062047,-2866.29441986158,-3180.09972254583,-2178.21994404704,1505.99150485285,-14602.1556228531
12484.6643512384,12370.017787481,13308.8029747729,938.7851872919,16955.7262941405,-2960.84430855218,-3075.49087230957,-2136.70568501767,1510.21763434985,-14506.7234724987
12251.4580846974,12342.7552508978,13205.0890559852,862.333805087412,16777.4898912028,-3010.81083992743,-2919.51367372706,-2057.17986863965,1515.22096657798,-14399.9351195374
12045.1895345804,12340.9451238224,13125.655344854,784.710221031549,16580.6379231474,-3014.35446184527,-2718.59887260323,-1933.88865157168,1521.09392672171,-14274.8337753941
11865.4528556516,12355.0017975018,13130.6712325441,775.669435042318,16428.3773312062,-3034.38685466415,-2544.83791281399,-1769.16847777167,1528.53762089039,-14124.1702752735
11709.1502639158,12375.5373858978,13178.5589835554,803.021597657572,16286.8671656152,-3039.11299446423,-2372.72587248222,-1569.70427482465,1538.60390723518,-13945.2416607225
11590.6861313792,12410.6879836337,13321.6794115909,910.991427957198,16215.2649815022,-3074.76366190965,-2254.76180965509,-1343.7703816979,1549.81518821342,-13754.4583653316
11499.7387128155,12445.242317802,13515.0942220169,1069.8519042149,16169.977206731,-3106.86668566636,-2161.36308067992,-1091.51117646503,1563.37180824907,-13536.753494267
11445.5134711889,12485.6566107316,13762.4295475049,1276.77293677334,16159.8246950023,-3136.5591037233,-2096.41596418064,-819.643027407301,1577.75212009005,-13305.2996381389
11431.4701380951,12532.2745920142,14016.1979319363,1483.92333992206,16144.1447377279,-3120.5542219995,-2019.74976808036,-535.826428158298,1592.12037763335,-13068.1010201725
11455.0745849752,12580.757608395,14256.4905489492,1675.73294055421,16109.0984173311,-3047.52929001959,-1921.84626659976,-246.113326045551,1606.4945423364,-12826.8709344405
11509.9107662612,12624.6883587302,14439.1383245361,1814.44996580587,16013.4853444466,-2882.42217007239,-1767.64457760344,46.8053882024301,1621.15240811302,-12577.8829705278
11581.4787596831,12650.2352556849,14588.0930327379,1937.85777705289,15887.1566656774,-2668.50121241302,-1599.74471641113,338.11306064176,1637.1766935813,-12312.1221950432
11678.027173171,12666.1364470907,14689.342004953,2023.20555786236,15726.0498054955,-2395.36260399461,-1407.25333007488,615.95222778747,1652.66002832994,-12050.1842193032
11789.6271872219,12663.8138531034,14710.7943230848,2046.98046998145,15502.1506534297,-2044.21938734095,-1170.03272145949,876.947748521955,1668.30407886686,-11786.8661045814
11904.5638934584,12636.3756837297,14669.6480022397,2033.27231851002,15237.9262034804,-1648.65844402112,-916.846653749757,1116.42566476025,1684.70386600095,-11519.9500189695
12021.4102473755,12587.8894307926,14563.367663791,1975.47823299834,14934.2315108029,-1212.21964573887,-645.740462321678,1329.73777067666,1700.60161768856,-11258.151660116
12130.3910719141,12514.3003990413,14467.5565723739,1953.25617333264,14676.6851196918,-830.372250856978,-446.462923729851,1506.7932496028,1715.92179692066,-11007.5071494385
12223.8351587644,12415.0273714725,14283.4923888966,1868.46501742411,14366.7401363376,-412.498086039074,-221.305873330919,1647.1591440932,1730.40689153413,-10767.8682273793
12293.9719164767,12289.1146100173,14060.7215156815,1771.60690566419,14048.3174424043,-10.0064575461548,-14.8637640054877,1756.7431416587,1744.33906838148,-10532.3714683586
12339.9798654116,12139.5851079309,13801.8438903965,1662.25878246564,13725.2419192162,372.344080682707,171.949323202018,1834.20810566766,1757.60613448728,-10305.3770022632
12353.05531334,11961.4264428286,13527.4182191848,1565.99177635625,13423.7480289192,700.466680157934,308.837809646448,1874.82958600269,1771.15939573712,-10086.5968568259
12339.7088154163,11765.6762988336,13222.3421630199,1456.66586418625,13130.4331591472,993.187930350261,419.155413767545,1875.82127795379,1783.91227408115,-9889.85502087983
12293.7961295647,11550.9235874553,12869.329535398,1318.40594794267,12819.4795954347,1271.38473447541,528.512192366081,1846.91814030876,1797.06820034543,-9704.00544714659
12218.094960639,11321.4753253118,12518.3074503824,1196.8321250706,12536.4539852524,1492.10000448958,595.480369162333,1792.31249423293,1810.45902910299,-9529.16283107885
12123.213075387,11088.4979470745,12196.9116993773,1108.41375230277,12300.611375416,1645.33980631,610.624677997491,1719.03843030026,1822.73810633899,-9369.45951677428
12005.7453846959,10850.1259728896,11858.9106786622,1008.78470577266,12059.9669872025,1780.03622775967,624.416815953368,1633.20152172604,1834.25783026635,-9216.92445116353
11871.8277818697,10612.5658169655,11540.0149624289,927.449145463453,11835.6332388677,1880.90682191706,621.64485701285,1549.0940024763,1844.71227891505,-9063.4718144892
11728.7097157269,10381.8707992589,11266.7700038286,884.899204569749,11648.3858529301,1934.1599267895,587.321010321394,1472.22021489114,1853.83606399263,-8909.6505843677
11575.3573910506,10153.7373479185,10988.4345792618,834.697231343298,11452.2594340661,1985.30927733904,563.689234206925,1398.38646555022,1862.21132035453,-8755.35088236827
11423.4024123148,9938.79863423591,10709.865024275,771.066390039135,11252.9448910295,2038.83448089748,554.230702818614,1325.29709285775,1868.37695961222,-8613.50154137816
11277.5033643234,9737.89156014585,10436.4659418925,698.574381746669,11056.9566460561,2092.85593123809,553.244127060489,1251.81850880715,1872.30921297076,-8486.07305133869
11128.8548000294,9540.88995033757,10221.2389621233,680.349011785692,10929.6093582243,2074.26758746349,486.302737771643,1166.65174955734,1875.02214565836,-8374.23820078023
10967.8952324915,9337.70561601583,10014.4904667762,676.784850760374,10817.3875210405,2028.07637793533,397.886761459663,1074.67161222004,1877.56866648429,-8263.0340037958
10805.3578870659,9138.83964445054,9803.43498797427,664.595343523734,10701.7972417786,1982.25237362798,315.734131012623,980.329474536354,1878.69172834071,-8158.51016991419
10645.5202421919,8946.37390099844,9587.3594153083,640.985514309871,10583.0190825453,1940.55953144382,241.413190250396,882.398704560268,1878.0583717973,-8063.97519643817
10480.6260064435,8754.80876823263,9398.43780376393,643.629035531296,10496.1359885253,1860.80842791901,134.991189708126,778.620225239419,1876.31841000085,-7976.18854299321
10298.3240822193,8554.54349600501,9226.53768360853,671.994187603514,10433.6037802407,1739.13158715194,-4.648999062301,667.345188541208,1874.41128517335,-7887.19830746382
10106.8533771124,8354.40046603097,9052.6112948313,698.210828800329,10378.6391694833,1599.36465973906,-153.088251342313,545.122577458015,1871.15045211004,-7809.27788857296
9894.88607627313,8145.89361272518,8800.98835171744,655.094738992247,10264.8318722685,1497.84381671615,-251.148646831799,403.946092160446,1867.78961271153,-7741.94752056475
9680.6006227365,7951.31758563951,8585.89789520824,634.580309568723,10195.8066171389,1346.46645814339,-382.81657895361,251.763730615112,1861.67245254575,-7699.5538550244
9441.96764976881,7753.25745339427,8362.70156866475,609.444115270465,10125.9469724137,1171.246214421,-517.463981953547,91.9801333169159,1855.22553706588,-7661.27732007735
9190.30465444108,7564.09460316561,8108.116135891,544.021532725372,10025.9158531045,1011.90267710012,-614.307374175333,-70.2858414499611,1847.5138757635,-7634.38044461559
8921.7032573056,7382.18800043577,7826.1515931879,443.963592752116,9900.63730683684,861.007399032163,-678.507857837649,-234.544265085539,1839.94144856341,-7616.73226552132
8643.99448458275,7216.65158352271,7576.7167225554,360.065139032689,9800.63966622594,675.340277636662,-752.002623423376,-391.937484390686,1831.98545927985,-7608.58906791341
8360.06776253452,7068.21353528552,7334.53024042186,266.316705136322,9688.57384402562,495.505202983174,-796.349024265809,-530.032319129486,1824.01128447427,-7598.24585441502
8078.13382136771,6942.6382575019,7066.60772681382,123.969469311917,9533.73910965106,360.290741030682,-775.204822835132,-651.235353523213,1815.89602931402,-7593.87361102512
7798.50647492776,6838.32453445506,6821.3821234302,-16.9424110248525,9386.01778802292,221.224629454925,-738.957311017786,-755.899722042638,1808.73594255006,-7594.2242564977
7532.97096502304,6763.64104045035,6637.39604289937,-126.244997551005,9277.68577924525,57.467064468621,-711.862860104047,-838.107857655059,1802.18187869083,-7601.74889810542
7287.16150581926,6720.73951968486,6492.04853369408,-228.690985990768,9186.29140018754,-102.840897864503,-669.262883998912,-897.953869989679,1796.28899650376,-7618.69338967453
7066.89296261986,6712.25600081695,6347.38008465535,-364.875916161607,9075.85706932181,-217.975022590902,-572.611984393802,-937.487900555411,1790.98908411105,-7649.74390137236
6860.92781991656,6722.9435070295,6243.49776828226,-479.445738747236,8985.05842304742,-335.512899503399,-473.497212390489,-952.942951137723,1788.61770362745,-7675.88645816721
6684.42838891254,6763.09012884297,6239.00570524421,-524.084423598764,8968.84410316606,-496.948701284286,-418.286961353841,-942.371384952601,1787.46701296925,-7705.46151379557
6541.4890973878,6831.69453953746,6233.76440212539,-597.930137412086,8927.11600566413,-598.383712225587,-308.178270075922,-906.108407488008,1787.24319605075,-7737.80294702546
6422.0398188752,6918.62581099751,6290.48715370765,-628.138657289866,8925.56605195817,-714.576585864191,-217.990593741876,-846.129251031744,1788.94964721878,-7764.75506202925
6319.66532503434,7014.43180406921,6379.22999246725,-635.201811601976,8932.2539915899,-819.035004284865,-124.268525250004,-759.470336851977,1793.55366227068,-7773.90214092119
6252.99360342935,7132.23058453874,6531.01821537179,-601.212369166942,8974.56533835425,-922.522511347205,-43.2855302378466,-644.497899404791,1799.04922357768,-7776.72848394352
6206.38165975146,7254.69214972957,6703.29534289355,-551.396806836034,9017.40479179869,-1003.79369348475,44.516796493349,-506.880010342688,1807.22943856247,-7761.57216007226
6183.65108820921,7386.1231052912,6872.2838276874,-513.839277603802,9046.95905496622,-1046.47984914394,155.992167938048,-357.847109665752,1816.82811761307,-7743.97021495695
6171.51786202704,7512.32691370184,7050.84151984045,-461.485393861414,9074.2754774583,-1073.66929449034,267.139757184444,-194.345636676968,1829.0883209409,-7706.67255037882
6192.7067015048,7653.03433029262,7221.84527620408,-431.18905408855,9082.44974752338,-1049.01210246065,411.315526327178,-19.873527761374,1840.73094355792,-7672.90785805399
6234.13228599691,7795.63823227325,7415.10707065348,-380.531161619775,9106.30337692221,-1019.08395761392,542.4219886624,161.890827042623,1853.08713331137,-7633.74740523061
6302.47031508323,7946.22342274036,7613.46236985201,-332.76105288837,9134.90288089304,-967.265562922492,676.487544734632,343.726491846268,1865.16700288732,-7602.4969308941
6380.39848275975,8087.36789279584,7771.82691615094,-315.540976644912,9123.11419551154,-863.593099312189,843.376310723894,527.835334078983,1879.1226134396,-7559.53255871686
6493.24100261026,8243.06272749381,7950.68880895242,-292.373918541408,9132.56919899482,-748.223601072571,1001.59812381097,709.224205269564,1891.10459531198,-7533.83852222425
6635.99750012699,8410.11901980707,8119.99374265514,-290.125277151941,9139.17048795895,-601.836430375323,1172.28508930476,882.159812152816,1901.33655745662,-7527.95920765426
6798.02111448127,8576.90101712096,8227.17421437671,-349.726802744267,9093.993913516,-384.716976052537,1394.16292658715,1044.43612384288,1911.2558229822,-7532.46489327808
6994.13512450336,8755.72148857046,8330.62602549014,-425.095463080322,9048.81240566791,-135.574951077323,1626.01141298979,1200.91594990946,1919.10233008724,-7554.80553866101
7212.31045574484,8932.73295440642,8475.5380810798,-457.194873326637,9057.42800977699,81.3141824349642,1801.73668109655,1344.54180776991,1926.43173646711,-7588.19114663651
7445.73847646607,9100.63355961292,8648.67411843905,-451.959441173878,9114.36726359543,265.576497169604,1920.47158031646,1468.51213914258,1934.20528429896,-7632.12142047034
7715.2449857767,9278.57753662563,8786.13438172131,-492.443154904328,9156.33532295217,498.605096553804,2061.93764740273,1569.49449249841,1939.69543372928,-7709.08304412723
8007.56543184711,9451.52417360202,8925.26937106342,-526.254802538603,9227.79078476059,723.954767444622,2167.91350919953,1641.65870666093,1944.1801203581,-7809.8654669411
8317.37522246531,9613.92966695528,9013.25275047897,-600.676916476311,9282.51107745358,982.248156170019,2278.80260065998,1678.12568418367,1947.38401115828,-7935.80398277162
8631.16812362364,9754.01397147644,9026.14485151282,-727.869119963625,9308.27114703282,1272.86934924834,2395.71519710113,1667.84607713751,1949.97237265752,-8086.16789433892
8941.663712045,9867.89006975993,8990.79931220291,-877.090757557011,9334.24971880144,1559.03966354839,2485.26602126331,1608.1752637063,1951.62567030483,-8259.71480605362
9249.82030265035,9962.27294224946,8982.98632918624,-979.286613063212,9429.12296156515,1771.31933995202,2483.77197955111,1504.4853664879,1950.62199886681,-8457.78757576155
9548.28403335133,10034.9670021137,8980.98024932315,-1053.98675279057,9566.45512960721,1928.5981042405,2415.28107300287,1361.2943202123,1946.76920049639,-8673.67268190139
9825.51931238904,10082.0482422478,8924.31358203847,-1157.73466020933,9688.19186912371,2077.40959791387,2333.93852777262,1176.2038675633,1940.08215464854,-8905.8443746845
10043.0058839295,10072.929685063,8811.693868147,-1261.23581691595,9788.91104998929,2188.41374614974,2218.3375472832,957.101730367255,1934.31891220955,-9115.82795469569
10211.8728584439,10027.7286766646,8687.60225147921,-1340.12642518535,9906.76539782553,2231.67575909296,2047.53157731363,707.405152128282,1926.56829847459,-9320.32352453628
10333.3441865358,9958.45382683586,8607.16580212519,-1351.28802471066,10087.2643995278,2161.71547025828,1786.82511055834,435.537085847676,1915.63568325024,-9522.91674098817
10376.0970718681,9842.83525495714,8504.92795170316,-1337.90730325397,10266.9160698488,2014.12914524064,1480.86732832962,142.960025075644,1904.94814322126,-9699.87522988149
10344.1059101518,9693.64499864883,8365.4097321395,-1328.23526650934,10419.1828460567,1818.70440443782,1168.24349293484,-159.991773574502,1893.78134034273,-9853.63677222334
10237.6454498563,9520.13489127051,8244.39901933161,-1275.7358719389,10597.7189279808,1522.25688313917,804.746324553352,-470.989547385551,1882.33036126361,-9991.12443865605
10062.1922399714,9333.4780979131,8159.77020902366,-1173.70788888943,10807.6444523159,1125.55496383123,396.84082177294,-776.867067116494,1871.00717617577,-10110.3451650296
9833.19483440749,9152.21292077659,8128.3145758335,-1023.8983449431,11056.2512931742,636.389504971813,-44.5924086590801,-1068.49075360219,1859.44596373856,-10220.7036743788
9562.89650809479,8987.05085347846,8091.36524048328,-895.685612995194,11275.8889303479,135.42885586542,-440.416798750898,-1336.10241174609,1848.42127811851,-10323.1532652246
9272.27166275101,8857.70183959053,8101.88658952681,-755.815250063728,11503.776318428,-393.634036133533,-808.203859294028,-1564.01910935775,1837.87061954345,-10421.7209489483
8988.08018266829,8781.39597778243,8200.78097693094,-580.615000851487,11771.2117036051,-956.346957646711,-1163.03116253259,-1743.64616338408,1826.78456329013,-10525.0421411665
8725.56130245483,8761.74081147261,8374.0304409788,-387.710370493807,12059.283816668,-1517.57430786356,-1481.3947988458,-1869.1051693396,1816.1482063496,-10630.8459808122
8507.74646115886,8806.77239130941,8601.35833305559,-205.414058253839,12345.1252186186,-2031.42050272467,-1732.39457257411,-1937.80863082795,1805.95825473511,-10744.5810221374
8351.47748460495,8919.30715104264,8813.35722022888,-105.94993081378,12551.3557460211,-2403.27321113239,-1835.4435446947,-1941.39347550848,1796.60505028375,-10860.7006265511
8271.99875299591,9098.50038338625,9092.31713808401,-6.1832453022373,12769.401747746,-2709.3308202333,-1882.82918984296,-1889.0124351452,1788.07217451678,-10987.5128185314
8282.36458471612,9343.65369841548,9374.84785022496,31.1941518094909,12945.5549104971,-2883.36430307509,-1822.07518937574,-1790.88103756625,1779.82602270587,-11134.5347359817
8377.82572851262,9637.08674032683,9598.07642558905,-39.0103147377574,13027.8209412295,-2876.74617664668,-1617.48516483248,-1656.49547957024,1773.24903607015,-11293.5822198971
8561.72080298108,9969.15543273713,9811.89566119666,-157.259771540465,13070.6321713151,-2741.1749797848,-1333.74035002876,-1491.00012156922,1767.73638854923,-11460.1555543063
8824.94053985452,10320.8900387206,9988.27381617105,-332.616222549588,13062.3158810804,-2473.67030998965,-977.720811123512,-1310.3370336731,1763.70503123622,-11631.2270723938
9166.01285076514,10683.4427024587,10117.403496452,-566.039206006683,13015.5794130562,-2089.69125656424,-572.261404870663,-1138.30061087735,1759.87530572684,-11821.7433133361
9564.79064590547,11036.9202227482,10218.5599868958,-818.360235852444,12963.6508510519,-1642.24861758437,-170.119040741596,-988.479276594044,1756.61158756204,-12025.3994993423
10000.5053460392,11364.0754647483,10309.0033118819,-1055.07215286641,12928.1434738895,-1174.05065145564,189.519467253471,-865.552685612942,1753.58747639464,-12229.6281503613
10449.1919663233,11650.7306627096,10345.0376793062,-1305.69298340342,12878.6627467722,-678.945194758609,522.593501627714,-783.099481775707,1750.52558569035,-12433.8301444853
10883.6622679524,11882.1158113364,10376.859074407,-1505.25673692934,12882.1779028365,-251.30436946388,747.149173920121,-758.107563009219,1747.21126542031,-12640.2233743456
11273.936331483,12045.4734667393,10363.6486846532,-1681.82478208605,12902.7433928892,115.339092905885,886.876228162123,-794.948553923925,1744.14615431206,-12840.4220206632
11599.9713511188,12140.0809063156,10358.896711757,-1781.18419455861,12988.4248939425,352.904247166807,893.013802363578,-888.170392195036,1741.35778999046,-13028.2512985106
11844.7287809005,12166.1717037274,10380.1332912661,-1786.03841246134,13158.7553556752,424.801198042527,746.244120869428,-1039.79429159192,1738.82777281714,-13205.9659953194
11988.8409787609,12123.7833313684,10343.4833307285,-1780.30000063988,13328.781307413,396.982484076372,531.924836683807,-1248.37516395608,1736.9228127284,-13372.1584953245
12010.6181127121,12008.198911843,10226.6024532946,-1781.5964585484,13471.6140036114,276.385450719884,273.966249850765,-1507.63020869764,1737.3813416192,-13515.8291205406
11912.2416689015,11836.5888747495,10100.6871604792,-1735.90171427036,13642.0231213217,9.8832858193415,-65.7695083325779,-1801.67122260294,1739.66473823957,-13638.2600973525
11704.4505174791,11631.7912840469,9945.41650252871,-1686.37478151819,13798.8037161033,-351.552786419078,-424.212019851243,-2110.58680136943,1742.80041220517,-13742.3780854163
11404.7563244209,11416.9183564939,9818.95318372057,-1597.96517277336,13984.2186017407,-833.071766452959,-820.909734379946,-2418.87490715331,1746.39051086684,-13835.7932636472
11026.3862626409,11210.5784761607,9738.24010431988,-1472.33837184077,14204.0784870278,-1426.85533907851,-1242.6631255587,-2715.00149739948,1750.83688530846,-13925.5799735601
10589.4169132886,11034.4880469568,9735.07348231275,-1299.4145646441,14467.8929190768,-2121.5186973282,-1676.44756365992,-2975.86212830402,1756.95730846005,-14010.3501752609
10116.5705702227,10907.8477537763,9814.19307703765,-1093.65467673862,14765.3467445545,-2884.65505745154,-2093.37787389794,-3187.03255063656,1764.12111688033,-14094.8803044128
9624.61965284581,10840.5395996658,9926.6992315177,-913.840368148083,15038.9070854067,-3641.71039112435,-2425.79044430438,-3339.63081245247,1772.57704143653,-14180.1704121182
9139.15075640715,10846.8113398963,10095.8586352937,-750.952704602545,15293.8377121014,-4372.58250055084,-2664.92191706173,-3415.87462166429,1782.10445514338,-14262.6859615605
8692.95513375601,10940.6596675254,10314.8695231756,-625.790144349819,15508.8238479566,-5023.51683171647,-2775.81229794703,-3401.60244229685,1792.35188248415,-14342.2621098223
8310.12155516474,11130.3660924589,10587.5929546083,-542.773137850617,15685.8722778454,-5573.67526957794,-2753.43073228373,-3296.20387013435,1802.07545310276,-14426.5699625933
7999.40186612275,11404.6975221128,10947.4024041615,-457.295117951289,15858.6836557355,-6046.52094934684,-2641.22529335681,-3098.5204113081,1812.76084026589,-14503.2179334209
7797.40436922155,11777.3453573602,11385.6814808788,-391.663876481396,16019.1639624408,-6398.99982267093,-2419.05883453231,-2810.72271101371,1822.75977054833,-14588.0680683739
7725.66764239624,12251.4068975944,11847.0073663857,-404.399531208643,16119.507086615,-6562.76378752916,-2037.02453233104,-2441.42406353968,1831.07565668956,-14692.8309611341
7792.02524950627,12815.2556019932,12358.5984316822,-456.657170311077,16183.9277534861,-6553.14459561794,-1529.91424313097,-1986.57141344205,1838.75790836189,-14801.8270154353
8004.10101001931,13459.0826849836,12943.058962241,-516.023722742581,16249.4367423659,-6399.74521435627,-944.763539391973,-1460.78726213456,1845.59051799028,-14919.8699471182
8368.46611133421,14169.5036048455,13590.3082346747,-579.195370170808,16313.9542935831,-6093.44158660267,-292.404093091348,-871.599463262158,1852.0465956462,-15041.1030681077
8885.2730925521,14931.3483938288,14258.2955961633,-673.052797665494,16351.760231301,-5608.82425102489,437.251050251777,-235.801747413721,1857.66288772398,-15167.1501412425
9546.86003486395,15725.9517617959,14965.1282352245,-760.823526571468,16398.1927092825,-4988.91028523839,1190.18144169357,429.357915122112,1862.42238918021,-15296.5938466738
10344.9451692185,16537.8904523093,15675.3558189946,-862.534633314777,16439.8937033776,-4229.72796529155,1963.21731779925,1100.68268448448,1865.22056886756,-15437.2077678249
11262.199596488,17345.1065045901,16395.6042242343,-949.502280355817,16500.4909273831,-3371.7567761777,2711.15013192441,1761.6478515686,1866.53455471744,-15583.4586530215
12273.4673102455,18128.7285500142,17076.0082470027,-1052.72030301147,16543.639498998,-2404.28505760406,3450.97618216462,2398.25587915315,1865.88713114845,-15730.472670861
13359.6917126906,18875.603263743,17758.146828447,-1117.4564352961,16623.2514473718,-1401.04868332115,4114.86286773128,2997.40643243518,1862.51105136006,-15878.1968313079
14487.68592182,19560.4688582518,18420.8787423309,-1139.59011592089,16732.93956003,-387.831129283848,4684.95180714788,3545.36169122698,1857.42250892609,-16015.1071670248
15623.6955992942,20163.8570757179,18989.5177157933,-1174.33935992458,16817.7077752602,657.880874899402,5198.04235132311,4023.70299139853,1851.89305086538,-16140.1540843194
16738.6035473611,20673.3907203428,19488.7542785813,-1184.6364417615,16913.9188080228,1670.97492701961,5605.76210000127,4421.12565823977,1846.29018768133,-16252.265062103
17809.6876602511,21089.1450510717,19945.8896525961,-1143.25539847561,17055.6108763568,2593.95376227703,5873.41115309767,4730.15575462205,1839.87697838269,-16358.9892964497
18808.929798319,21403.8683393855,20380.6074779571,-1023.26086142835,17264.5972462415,3377.58342099268,5972.52196205919,4949.26110063084,1833.25086891522,-16454.6072387546
19729.9820900784,21633.1326378523,20773.1918579102,-859.940779942104,17515.5502226088,4038.97586418001,5942.12641195389,5082.18563201179,1824.54399671042,-16550.9470058405
20554.7481198435,21777.9741435055,21064.7566601192,-713.217483386305,17739.8787210213,4629.63798719764,5852.86401085967,5139.64652747336,1814.76858837546,-16638.3276160322
21264.4059578238,21834.6186402033,21291.0621918052,-543.556448398025,17970.1895449378,5099.50642565064,5669.71910803011,5126.16265963209,1805.29001276463,-16708.4559805712
21855.2828181868,21808.9929882594,21433.2392457699,-375.753742489541,18187.3702895936,5464.37811931319,5418.08828938578,5042.33454689624,1796.46559071992,-16766.6584413632
22350.0399359047,21734.0261112862,21531.2251365949,-202.800974691308,18406.6933609801,5729.51898203943,5113.50515742094,4910.70418272963,1786.17240711485,-16823.3219285566
22729.0451271591,21594.9961476975,21599.8235164126,4.82736871510648,18628.4688349234,5879.27148534438,4745.22250588278,4750.04987459788,1778.69519310866,-16844.9462730996
23018.9566748997,21418.7840643826,21652.3708570617,233.586792679117,18861.5093135676,5929.23958776387,4329.06697724675,4562.65376992587,1771.7922264318,-16856.1302944567
23231.0676777856,21213.1675076467,21593.2734949716,380.105987324933,19001.8261870722,5995.2851495926,3977.38497945372,4357.49096677866,1766.04365887928,-16855.676540868
23390.1353499842,20996.1001288541,21480.7260549084,484.625926054336,19093.1896811547,6057.23575982019,3663.20053869005,4147.82646474438,1760.29009099072,-16848.2736641097
23511.9585323142,20774.1421463072,21324.0702148494,549.928068542184,19138.5397946505,6128.22483870555,3390.40845269859,3940.33652124078,1754.80610104184,-16833.8056250665
23610.4513888094,20553.5892790955,21166.6409732476,613.051694152172,19179.2930721134,6180.69440943883,3123.83229972492,3736.8839938771,1749.53609274289,-16816.7052852184
23697.1895713404,20336.2150030948,20923.5362225598,587.321219465054,19126.3575633805,6315.58415110817,2954.60958286251,3541.93080232757,1744.75214314823,-16794.2842007672
23783.7432860092,20126.7980099573,20718.8286146238,592.030604666568,19103.4215507799,6420.17071841065,2763.22544235876,3355.25604702532,1739.84898318145,-16771.5419629319
23869.8474447676,19918.0644298434,20502.9956390249,584.931209181516,19064.5171059507,6540.80278954325,2589.01977461899,3173.9509838005,1735.47245072628,-16744.1134460429
23957.7223622188,19706.2353165338,20269.0147881512,562.779471617402,19017.680844442,6671.20542659489,2419.71838090985,2982.49785252725,1731.16390881811,-16723.7374640065
24047.4140239508,19488.069539896,19957.0971975006,469.027657604688,18905.6142752537,6868.68477668575,2309.3402926309,2778.36795023559,1726.8850279887,-16709.7015896604
24126.8929141015,19249.1299575244,19610.6601967891,361.530239264722,18779.0997877605,7071.73081064135,2193.96785406424,2555.49809332896,1723.93768430035,-16693.6318641954
24200.8210198072,18991.7411380488,19244.6991250481,252.957986999344,18656.1137822625,7265.88971736183,2056.80983560333,2309.76782260268,1721.18247981707,-16681.9733154461
24251.3332687325,18702.2583842432,18841.8426040429,139.584219799627,18529.929778369,7440.37931406557,1891.30442957636,2030.888649376,1718.97582370206,-16671.3697348673
24257.7744867604,18367.8142922955,18369.584934724,1.77064242851771,18376.1116145953,7599.72278587201,1709.76259140708,1711.5332338356,1718.05991370688,-16656.2810584599
24205.1056513204,17977.3104492532,17904.382875448,-72.9275738052228,18274.1565529597,7649.75434145265,1421.9591393854,1349.03156558018,1718.80524309189,-16628.278883673
24088.9354396607,17535.6779830854,17459.0154014808,-76.6625816045302,18239.1204596131,7569.6149783865,1016.35752181114,939.694940206602,1719.79999833884,-16595.9830428788
23896.4748302855,17040.2403445443,16998.6789728327,-41.561371711536,18229.8340563963,7387.78117208101,531.546686339728,489.985314628204,1721.14039819175,-16550.2550299161
23624.5220046271,16498.6614964086,16505.1380345157,6.47653810709633,18225.3178009551,7121.32253375679,-4.53797446171297,1.93856364537974,1722.1183300847,-16496.7229327632
23265.09022229,15910.71700605,15986.0360158397,75.319009789661,18231.6704318268,6756.14307427088,-598.230141969057,-522.911132179391,1722.72328380772,-16433.6281382294
22809.7338141965,15278.3604041704,15442.2279582412,163.867554070801,18243.2414882014,6290.033412796,-1241.33999723013,-1077.47244315932,1723.54108680091,-16355.8328473297
22257.0978277253,14613.4321329317,14860.7488711684,247.316738236683,18236.3893188738,5744.57310271144,-1899.09259208214,-1651.77585384545,1723.8645938599,-16265.2079867772
21602.2694366253,13924.8306363106,14266.7802874672,341.949651156675,18232.7648284969,5093.12891053074,-2584.30988978396,-2242.36023862729,1723.62430240236,-16167.1908749378
20848.1221239821,13218.6006540131,13681.5848769305,462.984222917378,18243.6946119375,4328.4753765802,-3301.04609338884,-2838.06187047146,1724.0478645356,-16056.6625244845
19994.4067144402,12503.5617503514,13022.3282709057,518.76652055432,18171.9720213024,3548.15306947052,-3942.69189461822,-3423.92537406391,1725.71837633273,-15927.4871244153
19061.5604809851,11800.8379061503,12355.7219882288,554.884082078511,18078.0945263327,2710.80796805358,-4549.91460678116,-3995.03052470265,1727.34201340115,-15795.868430853
18065.7216244325,11122.3292602317,11727.8248414003,605.495581168626,17999.8753418965,1795.06897954954,-5148.32338465126,-4542.82780348263,1729.22269701358,-15665.1570637143
17027.4348702543,10481.583722324,11154.7370745614,673.153352237355,17941.2049750666,817.611109431263,-5728.24003849895,-5055.0866862616,1731.38121424359,-15536.6704085856
15970.922809838,9899.26476884497,10661.01361065,761.748841805041,17908.7117132862,-204.533090027795,-6276.19113102084,-5514.4422892158,1733.25581342042,-15413.7070580608
14921.0029143117,9397.13110785083,10296.5422058363,899.411097985525,17943.605608363,-1288.18916755545,-6812.06097401634,-5912.64987603082,1734.41352649582,-15309.7809838817
13887.1783137412,8970.54593819717,10002.3082643907,1031.76232619353,17982.8286172823,-2359.7252725588,-7276.35764810279,-6244.59532190925,1735.92503098236,-15215.1412601064
12890.2665051308,8627.05932283061,9717.48397067544,1090.42464784484,17957.8769457935,-3329.87557946692,-7593.08276176711,-6502.65811392227,1737.73486119579,-15129.7174367529
11948.3127393722,8367.90545218925,9467.73401144841,1099.82855925916,17889.6730110516,-4201.22966379274,-7781.6369509757,-6681.80839171654,1740.13060788668,-15049.7138439058
11079.3782236554,8197.64669795595,9304.86363452386,1107.21693656791,17830.876421406,-5008.67080044144,-7890.40232614089,-6783.18538957298,1742.82739730918,-14980.8320875289
10298.7276160495,8114.08927150841,9194.65998257066,1080.57071106224,17747.3513977485,-5702.64992246096,-7887.28826700201,-6806.71755593977,1745.97385923806,-14920.8068274482
9615.57166145145,8115.86238798312,9182.89116445376,1067.02877647066,17679.9406223621,-6314.72491529057,-7814.4341887589,-6747.40541228824,1749.64404562004,-14863.2678002714
9032.72372013093,8197.39667144588,9268.07214539278,1070.67547394691,17630.6703629254,-6844.3916016734,-7679.71865035847,-6609.04317641156,1753.55504112104,-14806.4398478574
8553.30384468339,8354.84477438212,9382.42482050208,1027.58004611997,17535.7844303392,-7224.66950582003,-7423.12857612131,-6395.54853000134,1757.81107983572,-14750.3933043835
8186.86581241317,8591.38391903316,9531.27806038752,939.894141354372,17403.2610309711,-7454.93025181238,-7050.41214519239,-6110.51800383802,1761.46496674555,-14701.9019228712
7931.12639437653,8894.00158386689,9785.93412688076,891.932543013878,17306.4270043194,-7610.10603367884,-6647.23084418848,-5755.29830117461,1765.19457626406,-14649.2998850415
7794.33846379874,9262.94893380359,10053.3259738394,790.377040035837,17166.1878427094,-7603.74931315082,-6135.13884314597,-5344.76180311014,1768.10006575984,-14607.7107369137
7764.98302070991,9681.23454368339,10261.0663590607,579.831815377345,16924.1150261034,-7388.23503272725,-5471.98350975377,-4892.15169437644,1770.89697266629,-14573.3862380598
7857.53487581283,10159.4708111412,10557.3020284658,397.831217324536,16720.2993468726,-7091.3299780398,-4789.39404271141,-4391.56282538688,1771.43449301999,-14551.0336365281
8051.59448672642,10670.5690337253,10972.2997622556,301.730728530253,16591.6460092529,-6768.22518197276,-4149.25063497385,-3847.51990644361,1771.82634055369,-14518.0889401689
8341.18876690405,11206.7785090767,11430.4182437186,223.639734641903,16469.0062100031,-6356.54804177871,-3490.95829960603,-3267.31856496413,1771.26940132036,-14474.0970740409
8712.7142395539,11754.3544954562,11850.4546980103,96.1002025541088,16283.6149909933,-5800.95741704602,-2759.31716114376,-2663.21695858965,1769.94333439338,-14417.5714540458
9169.69230930759,12314.0099282888,12371.854903576,57.8449752872375,16174.8345079472,-5237.77856543283,-2093.46094645166,-2035.61597116443,1767.36363320674,-14349.6258994532
9696.06425228193,12870.469201455,13012.5403329435,142.071131488501,16169.8002913872,-4709.2058309329,-1534.80088175984,-1392.72975027134,1764.53020817234,-14263.1989517263
10292.557200435,13420.4830438661,13650.6811667556,230.198122889549,16154.0020942383,-4100.75852891291,-972.832685481873,-742.634562592327,1760.68636489035,-14163.1176064584
10940.2674480199,13946.4111408487,14208.6569354196,262.245794570937,16069.5251677839,-3372.40794413143,-366.264251302664,-104.018456731721,1756.84977563259,-14050.4295975804
11636.2327995742,14447.7033735997,14821.9360167297,374.232643129928,16056.3378126781,-2667.77062625688,143.699947768614,517.93259089854,1752.334386847,-13929.7707827012
12347.9377450931,14899.4730345496,15454.9459757047,555.47294115515,16087.6924511351,-1989.39996707121,562.135322385287,1117.60826354043,1750.35473897082,-13781.8647710091
13077.4348296804,15312.7681766113,16050.4129497574,737.644773146071,16106.0777129555,-1279.23339111068,956.099955820268,1693.74472896634,1749.40949216447,-13619.023447645
13817.89161057,15685.2821431676,16548.225554741,862.943411573453,16057.7374753372,-490.406990416939,1376.98354218068,2239.92695375413,1749.43887435033,-13445.3551894135
14568.1070057498,16020.5231831805,17041.065319509,1020.54213632849,16043.043665614,274.803002065308,1727.21917949601,2747.7613158245,1749.73966192949,-13272.761867356
15314.1777457127,16318.0717090348,17513.8998676646,1195.8281586298,16052.208147826,1012.19072086161,2016.08468418367,3211.91284281347,1750.22112297495,-13106.1588662213
16050.1082116653,16576.866241663,17948.6094428919,1371.74320122897,16064.9283026198,1735.76301691509,2262.52104691271,3634.26424814168,1750.58310786953,-12942.6019935213
16749.2750922059,16775.3661943189,18247.1280237771,1471.76182945821,15990.9556986177,2510.83980141623,2536.93090352922,4008.69273298743,1752.52040782807,-12766.6734613314
17397.0601404291,16916.4762437428,18485.3934432351,1568.91719949225,15911.5566465062,3240.07356053956,2759.48966385324,4328.40686334549,1754.57006661657,-12588.0693803973
17982.54464961,17000.8654312972,18669.0840476726,1668.21861637542,15833.5980241251,3905.22197691867,2923.54275860582,4591.76137498125,1756.27535143381,-12409.1040563159
18505.7498378871,17037.4593660199,18756.5849734022,1719.12560738229,15714.026561945,4548.60058430871,3080.31011244154,4799.43571982384,1756.87730836662,-12238.0236461961
18969.1688782071,17032.8228454532,18755.4860091507,1722.6631636975,15558.6824262838,5165.88510933067,3229.53907657673,4952.20224027424,1755.39865740735,-12080.620605179
19354.2796059795,16976.3114269773,18669.3430639753,1693.03163699799,15376.6344545279,5731.08425270496,3353.11607370278,5046.14771070076,1753.43910125333,-11930.1637162766
19659.8059495588,16870.7009809522,18499.5795078454,1628.87852689318,15161.6532914637,6249.68393926294,3460.57897065639,5089.45749754957,1751.53128116787,-11781.2434834027
19896.4062256848,16730.9298638241,18299.8031526979,1568.87328887383,14951.9386481759,6693.30878141175,3527.83241955103,5096.70570842487,1748.8412039029,-11634.2241553992
20078.7403289416,16570.4682535821,18087.673258547,1517.20500496491,14758.508637779,7064.57395530517,3556.30187994565,5073.50688491056,1744.34226414252,-11496.9613686716
20190.7020299255,16367.4252857317,17866.6423118461,1499.21702611446,14587.9283125361,7344.51530127159,3521.23855707779,5020.45558319225,1741.74158388224,-11346.9697025394
20258.1710524223,16138.4507522294,17590.4947487914,1452.04399656194,14390.2882925732,7607.60658516261,3487.8862849698,4939.93028153174,1739.72382531356,-11198.5204706977
20289.0251644821,15882.9149462118,17267.6663503282,1384.75140411643,14175.9807522107,7851.75270923764,3445.64249096733,4830.39389508376,1738.70829696624,-11052.521051128
20285.4447783141,15598.0385745624,16929.1769908257,1331.13841626331,13979.8406769567,8044.00398614301,3356.59778239124,4687.73619865455,1738.39988478561,-10910.3023759078
20248.7778931723,15280.4027217356,16630.6488732837,1350.24615154813,13859.3613463687,8128.08871026811,3159.71353883139,4509.95969037953,1738.6721634645,-10770.4430313561
20168.8192874973,14923.4226623812,16307.5618722932,1384.139209912,13756.807425466,8152.27023179994,2906.87360668385,4291.01281659586,1740.25836976863,-10632.4098457854
20024.0795434504,14521.8039229621,15930.9874922699,1409.18356930785,13648.0243392509,8119.64634311637,2617.370722628,4026.55429193586,1743.59113891681,-10495.2496310262
19807.9727788602,14078.2614633234,15568.0090595681,1489.74759624471,13595.9513786323,7960.33100738616,2230.61969184936,3720.36728809407,1748.30960715826,-10357.8941752293
19523.8516683216,13595.9674262704,15237.6417924913,1641.67436622089,13614.1497547435,7663.38273267575,1735.49849062459,3377.17285684548,1753.68081909762,-10218.794569425
19172.0721817072,13074.6529522598,14866.5191677179,1791.8662154582,13620.569924672,7311.27705477648,1213.85782532903,3005.72404078723,1759.77479774126,-10068.9289114725
18738.4564873497,12513.693513314,14387.3017415713,1873.60822825731,13556.2496219141,6947.94995111754,723.186977081855,2596.79520533916,1765.74308568194,-9916.89830797481
18198.4181998166,11895.7875701234,13862.5646432987,1966.77707317525,13483.6200451867,6487.71896394734,185.088334254107,2151.86540742936,1772.92080931742,-9743.92216269407
17556.6479832094,11232.5774043435,13352.8916844889,2120.31428014541,13456.5616185797,5879.91840213278,-444.152176733095,1676.16210341231,1779.83203750307,-9556.41530093123
16793.9231558181,10520.3538630268,12803.6765617972,2283.32269877041,13415.1773636444,5166.66523586383,-1106.90405692752,1176.4186418429,1787.9194436901,-9343.93522118392
15925.7925610048,9785.56254306942,12200.1776714691,2414.61512839969,13327.7356915722,4393.32554087737,-1746.90447705801,667.710651341684,1795.26867144475,-9117.85189172773
14959.2550011306,9040.7278844967,11530.2259647914,2489.4980802947,13174.9347977592,3586.54384896348,-2331.98326767042,157.51481262429,1802.22364559209,-8883.2130718724
13914.8424222011,8307.99883215231,10865.1355138494,2557.1366816971,13006.9013031901,2716.72999170914,-2890.11359833963,-332.976916642533,1808.78887269821,-8640.97574879484
12814.1620610966,7621.96727057324,10228.0181230897,2606.05085251645,12824.987444142,1803.22429540518,-3388.97049511818,-782.919642601736,1814.04967845056,-8404.88691317495
11662.1422806332,6982.40141343348,9559.9815565972,2577.58014316374,12556.154018739,927.32829960133,-3752.41256759843,-1174.83242443469,1821.34003770713,-8157.23383786814
10500.0614046586,6414.78025462415,8967.86015850586,2553.07990388172,12276.7929480527,53.2799145232838,-4032.00123551116,-1478.92133162943,1830.01145791742,-7893.70158625358
9361.67450021392,5937.29592163467,8390.68553733279,2453.38961569813,11913.2604971827,-711.552606013481,-4135.93118459274,-1682.54156889461,1840.03339095526,-7619.83749052927
8283.6927737772,5567.49865589078,7898.36603083585,2330.8673749451,11524.0944877448,-1389.97383188834,-4106.16794977477,-1775.30057482967,1850.42788207927,-7342.79923072043
7317.41849928346,5328.15706843479,7490.53626884318,2162.3792004084,11098.1556923208,-1921.03093331189,-3910.29236416058,-1747.91316375218,1859.70625972549,-7076.07023218695
6525.59676518128,5249.03615681981,7190.34910414653,1941.31294732673,10656.7062629929,-2266.7776005027,-3543.33820886417,-1602.02526153744,1864.33189730895,-6851.06141835723
5914.57634639272,5312.88102269072,7034.07523015059,1721.19420745987,10238.5898653787,-2457.59120537011,-3059.28652907212,-1338.09232161225,1866.42231361586,-6650.97334430297
5493.23906487302,5490.27548453145,7076.53846644114,1586.26298190969,9904.75076974865,-2542.53710519346,-2545.50068553502,-959.237703625325,1868.97459968217,-6449.51318815677
5298.04185386561,5777.99040784117,7242.07421271446,1464.0838048733,9602.1948209708,-2434.23689931908,-1954.28834534353,-490.204540470235,1869.9160677861,-6268.19494831139
5338.90417860072,6150.13842195316,7510.14664851793,1360.00822656477,9335.45666588691,-2127.0885043333,-1315.85426098086,44.1539655839113,1869.46398295289,-6105.98445636925
5602.50761404537,6569.15601061799,7860.49859807185,1291.34258745385,9118.79920744615,-1648.58786535378,-681.939468781148,609.403118672703,1867.703728047,-5959.75289194528
6067.4081938532,6987.80423990345,8188.28138814008,1200.47714823663,8896.7937618021,-964.687824514599,-44.2917784643591,1156.18536977227,1864.69774343429,-5831.61887013117
6681.98990947866,7347.24719011522,8443.68960123586,1096.44241112063,8678.68411652192,-135.309832310286,529.947448326287,1626.3898594469,1861.38437473297,-5720.85733066832
7396.27388728607,7607.90544793357,8662.10931057466,1054.20386264109,8547.62312135941,705.83203589226,917.463596539753,1971.66745918084,1857.18126996559,-5636.23798875271
8135.2735019626,7713.72236968153,8769.77878311452,1056.05641343296,8477.49760095322,1511.54538948808,1089.99425720702,2146.05067063998,1853.7694884787,-5567.67169904155
8836.3645322039,7634.87701258676,8677.8309741552,1042.95396156845,8412.09736770351,2274.04518334225,1072.5576637251,2115.51162529354,1849.77801884187,-5519.3653872932
9412.05965297193,7325.62243353544,8371.71012302711,1046.08768949168,8375.34790831099,2882.61151682654,796.174297390036,1842.26198688171,1845.8997721656,-5483.3604466537
9786.89531223479,6768.55936216919,7876.5383743321,1107.9790121629,8417.0374161191,3210.84341143628,192.50746137071,1300.4864735336,1840.9855153206,-5468.07288863559
9869.70601415816,5933.83324305115,7096.24243284262,1162.40918979148,8440.09757379301,3268.5193628616,-667.353408245411,495.055781546059,1838.91092249645,-5438.77746150508
9572.17501166215,4808.42515407501,5995.47684466435,1187.05169058934,8401.15838557535,3012.85029073757,-1750.89956684956,-563.847876260222,1841.83366465076,-5372.27303033523
8860.12853879468,3427.38803284327,4610.36246772549,1182.97443488221,8315.3943288187,2392.47156113972,-3040.26894481169,-1857.29450992949,1847.73735116373,-5284.68254277276
7715.58385368543,1848.34149088265,3016.00612424804,1167.66463336539,8210.46651859388,1359.79745673358,-4507.44490606918,-3339.78027270379,1854.68012164204,-5188.12176358645
6156.92033116245,141.533890043064,1295.94568775834,1154.41179771529,8104.5440941418,-86.3437683888434,-6101.73020950823,-4947.31841179295,1861.2799945905,-5088.85230183601
4207.69458475946,-1627.00223358085,-488.606483398468,1138.39575018239,7991.88280822163,-1916.37260518505,-7751.06942352535,-6612.67367334296,1867.81561827713,-4985.67143976209
1925.94916082844,-3376.37956983001,-2220.03317058344,1156.34639924657,7912.10269921717,-4111.71618696484,-9414.04491762328,-8257.69851837672,1874.43735142389,-4881.31894854671
-604.291315149916,-5020.21132964459,-3906.41440383366,1113.79692581092,7774.31339818813,-6497.66412498779,-10913.5841394825,-9799.78721367154,1880.94058835024,-4779.57588402696
-3280.7697048077,-6475.64599959292,-5410.11879297547,1065.52720661745,7627.18493479211,-9020.20600882531,-12215.0823036105,-11149.5550969931,1887.74863077451,-4673.90909740017
-5998.74724933092,-7675.60587429386,-6637.30085033125,1038.30502396261,7494.6072061201,-11598.1146261165,-13274.9732510795,-12236.6682271169,1895.23982933449,-4561.06235282298
-8628.10610956229,-8546.29324284628,-7532.82663642741,1013.46660641886,7369.01102717615,-14095.2083389207,-14013.3954722046,-12999.9288657858,1901.90879781778,-4453.63562293953
-11051.9946179834,-9046.95948280894,-8013.43820679061,1033.52127601834,7282.43340355288,-16425.0067627126,-14419.9716275381,-13386.4503515198,1909.42125882369,-4339.49086871085
-13136.4091020626,-9133.9497409293,-8045.97556457297,1087.97417635632,7228.91213969045,-18448.288325609,-14445.8289644757,-13357.8547881194,1917.03291614404,-4223.90504719008
-14783.785467105,-8804.83397063635,-7717.78082380348,1087.05314683287,7112.90152635165,-19971.7487474128,-13992.7972509441,-12905.7441041113,1924.93824604386,-4100.91013347492
-15922.9760188119,-8067.6935746858,-6970.03286464225,1097.66071004354,6997.94422746103,-20987.7493437448,-13132.4668996187,-12034.8061895752,1933.17090252812,-3967.11261488936
-16492.839780881,-6951.37158681384,-5815.14928625695,1136.22230055686,6893.86860495061,-21445.0312686342,-11903.5630745671,-10767.3407740102,1941.67711719737,-3815.96918719639
-16438.2078451828,-5486.00459441943,-4264.14325421324,1221.86134020618,6826.94847728767,-21316.0809542107,-10363.8777034473,-9142.01636324115,1949.07536825976,-3656.01176882174
-15766.0385677285,-3742.10141851305,-2422.34807837233,1319.7533401407,6762.36526236361,-20573.0602402059,-8549.12309099045,-7229.36975084974,1955.34358988619,-3487.2683323367
-14505.017709793,-1795.64589972966,-378.639652450913,1417.00624727874,6686.95247095942,-19232.0914871151,-6522.71967705175,-5105.71342977301,1959.87869363732,-3310.06753004335
-12714.3281278926,256.784706047622,1827.76201329875,1570.97730725112,6649.9230637636,-17399.8267466809,-4428.71391274065,-2857.73660548953,1964.42444497531,-3114.52131153717
-10445.1111833522,2352.41046242669,4106.66232559705,1754.25186317035,6640.56124389925,-15119.0902689947,-2321.5686232158,-567.316760045457,1966.58215825676,-2919.72722247216
-7779.6381657046,4416.25610650861,6344.13769245776,1927.88158594914,6607.06344699724,-12419.9246187243,-224.030346511046,1703.85123943809,1966.77699397758,-2712.40486707053
-4846.75505535022,6338.32017824177,8452.59092228377,2114.27074404198,6546.89556027373,-9425.28313023762,1759.79210335438,3874.06284739637,1968.36748538633,-2464.25733084542
-1736.68520607023,8063.73267206751,10426.0988731003,2362.36620103278,6512.49183490679,-6278.46321791849,3521.95466021925,5884.32086125203,1970.71382305851,-2179.41181081549
1473.07900789085,9559.98406320119,12257.9648299505,2697.98076674932,6546.00992216661,-3102.02202580499,4984.88302950536,7682.86379625467,1970.90888847077,-1877.12026694653
4676.49319136885,10776.6866164811,13855.1779519646,3078.49133548356,6587.5261714185,59.5315353900152,6159.72496050223,9238.21629598579,1970.56451543966,-1538.47032049528
7807.40899972167,11703.4852356037,15187.570579641,3484.08534403731,6633.48040284887,3140.79109188625,7036.86732776828,10520.9526718056,1966.86249501344,-1182.53256379812
10732.8211354642,12274.8698561214,16186.1164013608,3911.24654523939,6653.20768686145,6044.97220072473,7587.02092138199,11498.2674666214,1965.358752122,-776.602389500043
13380.6023959167,12495.171667768,16870.9404696666,4375.76880189864,6673.78776827715,8671.3993992275,7785.96867107874,12161.7374729774,1964.58477158792,-333.434194790591
15686.5937346593,12366.537606754,17237.9963616799,4871.4587549259,6682.89295477238,10968.5965876133,7648.54045970794,12519.9992146338,1964.89580772634,153.46160787985
17600.1874225412,11888.5691964844,17214.7612819059,5326.19208542153,6609.19893436786,12957.7353869667,7246.11716090993,12572.3092463315,1966.74689879338,683.740049847056
19083.2791531877,11084.0125942766,16953.0027617996,5868.99016752302,6591.62130864167,14459.9999019542,6460.73334304313,12329.7235105662,1968.34205740818,1245.71091628953
20097.2004196193,9974.07403721786,16400.1662205475,6426.09218332965,6544.64335137965,15524.1770403697,5401.05065796824,11827.1428412979,1971.61997213003,1853.06880408003
20659.8424384618,8612.49332115905,15566.9041512962,6954.4108301372,6433.43493149367,16201.7153842032,4154.36626690046,11108.7770970376,1975.30787723508,2496.2837758786
20799.024666556,7045.99951667866,14538.9078194398,7492.90830276111,6298.61042110964,16479.7541292743,2726.72897939695,10219.6372821581,1979.33988382793,3173.63776547942
20564.618368424,5329.2852993214,13286.8685291547,7957.58322983336,6065.2206960813,16481.5808708246,1246.24780172205,9203.8310315554,1982.18319848197,3874.54573223401
20011.0470683881,3514.93767872436,11858.4739317945,8343.53625307015,5729.94267509651,16263.9777142719,-232.131675391931,8111.40457767822,1982.87332098022,4596.46689895385
19170.579204565,1615.68616817553,10333.5617460778,8717.87557790231,5328.63105684063,15827.8229263911,-1727.07010999835,6990.80546790396,1985.87477866674,5375.11929972841
18123.9477269163,-313.497696124693,8767.36968211685,9080.86737824156,4883.94503033927,15228.2589427206,-3209.18648032048,5871.68089792107,1988.25624614349,6185.17859404577
16902.6358232284,-2272.61399006338,7216.42219758722,9489.0361876506,4428.94702715587,14465.7765035318,-4709.47330975996,4779.56287789064,1992.08770745927,7052.17686795403
15582.9310343649,-4221.62656303938,5739.51331773247,9961.13988077186,3992.176070716,13585.8636729395,-6218.69392446479,3742.44595630707,1995.10870929059,7964.07251934646
14212.6221998046,-6150.691785216,4279.19305260129,10429.8848378173,3509.12818110156,12700.9086797603,-7662.40530526029,2767.47953255699,1997.41466105727,8918.17131777299
12844.7839367711,-8041.29819357114,2834.0761522639,10875.374345835,2965.95405147724,11876.9313416921,-9009.1507886502,1866.22355718483,1998.10145639816,9907.52175075597
11501.5662184132,-9913.56001169495,1454.97679955456,11368.5368112495,2418.71391498649,11080.9872038247,-10334.1390262834,1034.39778496605,1998.13490039799,10947.957796661
10186.9150642633,-11785.535516094,88.3978646277445,11873.9333807218,1840.62628383962,10343.7666374744,-11628.683942883,245.249437838792,1997.47785705067,12030.7849539328
8879.99739641202,-13695.6947793024,-1287.97468974163,12407.7200895607,1234.7347791812,9644.13235389721,-12931.5598218172,-523.839732256446,1998.86973666639,13171.8550470459
7594.67758033037,-15634.6791309104,-2682.99257661544,12951.686554295,606.054334821368,8987.46815561234,-14241.8885556285,-1290.2020013335,1998.84491010331,14344.4771295769
6287.96605493149,-17645.9801025987,-4154.39857302919,13491.5815295694,-70.6259445410123,8357.70812450035,-15576.2380330298,-2084.65650346033,1999.11612502785,15561.3235991383
4901.27945080667,-19758.3478569622,-5736.11553077223,14022.23232619,-814.622743412221,7716.87986089812,-16942.7474468708,-2920.5151206808,2000.97766667922,16837.8327362814
3406.46649888533,-21960.3389186473,-7443.40752794379,14516.9313907035,-1627.69017391332,7036.03185637515,-18330.7735611575,-3813.84217045399,2001.87518357648,18146.4967481933
1741.21608132522,-24268.110434791,-9303.02724289261,14965.0831918984,-2529.49079376264,6273.84194012909,-19735.4845759872,-4770.40138408875,2003.13506504124,19497.7090507023
-140.042954435732,-26681.4852899527,-11276.4567561644,15405.0285337883,-3476.50577670762,5339.57806596282,-21201.8642695542,-5796.83573576584,2003.11524369093,20884.6495541869
-2286.72549964514,-29202.7261145584,-13375.0429914383,15827.68312312,-4468.50231711144,4184.64986226803,-22731.3507526452,-6903.66762952518,2002.87304480174,22299.0584850332
-4729.27690009948,-31809.4296382772,-15613.5050900825,16195.9245481947,-5541.49766655054,2814.33723609861,-24265.8155020791,-8069.89095388443,2002.11646964755,23739.5386843928
-7488.9504034195,-34476.941158575,-17932.2886738741,16544.6524847009,-6671.76794654945,1184.41017405706,-25803.5805810985,-9258.92809639757,2001.59263092709,25218.0130621775
-10534.7792903181,-37145.2850143352,-20308.1605483723,16837.124465963,-7874.65440967892,-662.136313402715,-27272.6420374198,-10435.5175714569,1997.98856723647,26709.7674428784
-13865.1829412773,-39803.6022721848,-22734.2260953412,17069.3761768435,-9163.12005334613,-2707.12987625684,-28645.5492071643,-11576.1730303207,1994.93301167438,28227.429241864
-17456.0308398171,-42416.8884992589,-25258.1618026035,17158.7266966554,-10607.8648710332,-4857.3230037529,-29818.1806631947,-12659.4539665393,1990.84296503102,29757.4345327196
-21294.6503856172,-44971.1372001711,-27825.5534004,17145.5837997711,-12171.7474394042,-7134.71317443748,-30811.1999889914,-13665.6161892203,1988.18977177556,31305.5210109508
-25317.6361603466,-47412.2530834101,-30483.5475940247,16928.7054893854,-13933.6150573913,-9398.00832968616,-31492.6252527497,-14563.9197633643,1986.0127732692,32848.3333200459
-29471.8256543295,-49693.4358087082,-32970.9150089773,16722.5207997309,-15667.941601157,-11819.9707854955,-32041.5809398743,-15319.0601401434,1983.91326767697,34374.3756685649
-33716.8972239217,-51781.3973523159,-35360.5002800369,16420.8970722789,-17474.5135361557,-14260.1815432124,-32324.6816716065,-15903.7845993276,1982.20214455362,35877.6127529883
-37989.8535936272,-53652.6408072127,-37580.5294290963,16072.1113781165,-19299.3268803745,-16708.7289021918,-32371.5161157773,-16299.4047376609,1981.79781106088,37353.2360695519
-42184.7844810614,-55256.2969578524,-39637.884688933,15618.4122689194,-21184.7351522579,-19017.8929517298,-32089.4054285208,-16470.9931596015,1982.15637707368,38785.3037982509
-46210.3607252369,-56566.1546563706,-41523.4918418405,15042.6628145301,-23142.9811062598,-21083.6931485125,-31439.4870796461,-16396.8242651161,1983.68647046463,40169.3303912545
-49971.9151998475,-57564.2847136429,-43142.7794227719,14421.505290871,-25088.7132538296,-22897.3229926279,-30489.6925064233,-16068.1872155523,1985.87895339004,41496.0974980906
-53361.6388140481,-58240.2738097985,-44468.2286283541,13772.0451814444,-26990.4546604867,-24382.6398699086,-29261.2748656589,-15489.2296842145,1988.54428365288,42751.044125584
-56314.1464513459,-58601.1954105108,-45512.857604887,13088.3378056238,-28853.9218822369,-25468.4162356616,-27755.4651948265,-14667.1273892027,1991.8083334474,43934.0680213081
-58781.6964406224,-58660.4481072656,-46268.7655339793,12391.6825732862,-30665.0380861216,-26122.0080687081,-26000.7597353513,-13609.0771620651,1994.65028579265,45051.3709452005
-60731.2909416458,-58441.9191349122,-46771.061215965,11670.8579189472,-32431.3442442672,-26301.4775061047,-24012.1056993712,-12341.247780424,1998.46919127389,46100.6713544883
-62128.0348437264,-57971.5233822788,-47002.1167696903,10969.4066125884,-34093.5807014861,-26032.621018378,-21876.1095569304,-10906.7029443419,2001.83312386227,47064.8204379369
-62986.7870532412,-57299.6119746598,-47038.0220945968,10261.589880063,-35698.7326840211,-25281.9918621637,-19594.8167835822,-9333.22690351922,2006.06250705643,47966.3850711405
-63327.1699748128,-56459.2480853824,-46915.1797782135,9544.06830716884,-37251.8169181425,-24065.1717401855,-17197.2498507551,-7653.18154358623,2010.18131648486,48806.0665417962
-63187.9906048342,-55496.1178559672,-46652.2397332768,8843.87812269041,-38728.7811508171,-22444.4419090409,-14752.5691601739,-5908.6910374835,2014.76754497618,49587.4268184837
-62607.4171789593,-54457.8551611455,-46261.4379944355,8196.41716670998,-40082.5603901688,-20505.7699956271,-12356.2079778133,-4159.79081110334,2019.08679316339,50298.0643500421
-61670.0756373402,-53399.2955134557,-45850.6012351005,7548.6942783552,-41379.3462238596,-18267.3966734456,-9996.61654956109,-2447.9222712059,2023.33274003496,50951.3732422498
-60439.4939355443,-52349.7145455092,-45443.4310674966,6906.28347801261,-42610.5601400246,-15802.2994661812,-7712.5200761461,-806.236598133488,2026.63432933849,51543.4779473757
-58973.9664406112,-51334.9142946034,-45070.6469582245,6264.2673363789,-43772.1273357351,-13172.64476641,-5533.59262040219,730.674715976699,2029.19433846607,52065.5890105801
-57337.6916688316,-50379.0736223788,-44788.2560056344,5590.81761674446,-44879.9878059813,-10427.3201442298,-3468.70209777704,2122.11551896742,2030.38371862048,52501.1891413463
-55608.161881254,-49508.0834625279,-44694.3738051327,4813.70965739524,-46009.6340792727,-7567.0241885015,-1466.9457697754,3346.76388761984,2031.5036134798,52854.8473501477
-53842.6137600113,-48724.591332159,-44740.4831623196,3984.10816983936,-47095.8820159272,-4714.87939467596,403.143033176343,4387.25120301571,2031.85234940813,53111.8425351747
-52132.6533966076,-48056.2300425816,-44957.1018760862,3099.1281664954,-48146.5116379994,-1953.94770015461,2122.47565387137,5221.60382036677,2032.19405845362,53277.8338629484
-50553.0209664424,-47520.2881223575,-45258.3088559729,2261.97926638458,-49067.47490519,546.796861052694,3579.52970513759,5841.50897152217,2032.34292230509,53361.7970938797
-49151.999127108,-47115.9571067731,-45754.3995069376,1361.55759983553,-49964.8635398468,2845.09736561044,4881.13938594532,6242.69698578084,2032.23295287161,53358.654092554
-47977.3769597754,-46841.1982917481,-46455.466555583,385.731736165107,-50859.4941392629,4914.94372204561,6051.12239007293,6436.85412623803,2032.82654255806,53278.0524179861
-47052.5748272791,-46693.3800616604,-47297.826343718,-604.446282057556,-51693.9071604526,6674.77036064508,7033.96512626371,6429.51884420615,2033.43802747158,53122.8989058666
-46371.6174391887,-46647.645394162,-48191.1602934385,-1543.51489927652,-52403.5933192588,8064.23530853931,7788.207353566,6244.69245428949,2032.25942846922,52892.3378484515
-45920.7833213537,-46697.2533673024,-49064.0003380647,-2366.74697076231,-52933.7958667779,9045.34417831427,8268.87413236558,5902.12716160327,2032.3316328901,52599.3805289057
-45679.7341105286,-46818.4812456457,-49905.9127576662,-3087.43151202045,-53302.892551266,9656.32989505206,8517.58275993496,5430.15124791452,2033.17145431464,52248.6324935602
-45630.9507109126,-46999.6115458765,-50727.6989866848,-3728.0874408083,-53540.4380996392,9945.28349901902,8576.62266405515,4848.53522324685,2035.79611029248,51848.1467691234
-45714.9793794584,-47200.5310131083,-51421.9650471714,-4221.43403406306,-53576.0051106021,9898.33198604132,8412.78035239141,4191.34631832834,2037.3062548976,51391.8773314367
-45902.6311075444,-47420.0994609897,-52027.6223186571,-4607.52285766738,-53456.2338680733,9592.90838331748,8075.44002987211,3467.91717220474,2039.30562278854,50888.0166331945
-46148.0884731354,-47642.6665956774,-52591.2541312848,-4948.58753560731,-53238.8801447979,9130.81957367,7636.24145112797,2687.65391552065,2040.02790200756,50330.3205111981
-46429.7890546591,-47867.717185521,-53109.3136636957,-5241.59647817467,-52925.918115964,8535.63077603647,7097.70264517451,1856.10616699983,2039.50171473155,49723.8233525209
-46727.7065352522,-48097.6331680998,-53563.638182916,-5466.00501481615,-52521.8187410779,7833.36396543958,6463.43733259197,997.432317775819,2039.25175961388,49095.0654858757
-47027.6697433884,-48340.7982441252,-53709.6961667156,-5368.89792259038,-51812.4316923462,6825.38330531598,5512.25480457915,143.356881988771,2040.62135635822,48484.155126114
-47318.6617249551,-48586.0278661637,-53529.5701195281,-4943.54225336445,-50815.3154670967,5538.91650435112,4271.55036314252,-671.99189022193,2042.26276220951,47914.0359759417
-47591.6109024073,-48827.8690211686,-53058.1309420323,-4230.26192086371,-49583.6276918856,4034.27679983222,2798.01868107093,-1432.24323979277,2042.26001035392,47395.6257813758
-47864.3564013305,-49087.6317629075,-52363.8670562304,-3276.23529332291,-48201.147892806,2378.96049526348,1155.68513368647,-2120.55015963645,2042.16900378796,46967.0816032711
-48169.2129309369,-49395.8748561094,-51532.6493490872,-2136.77449297779,-46776.2373152879,653.06723784029,-573.594687332168,-2710.36918030996,2046.04285348929,46685.5056757994
-48488.2757891799,-49719.5958849234,-50574.6616000174,-855.065715093932,-45341.3266293595,-1097.06887492331,-2328.38897066683,-3183.45468576076,2049.88028489712,46536.1411991627
-48825.610197092,-50049.7179604731,-49582.8326220505,466.88533842258,-44007.2640605274,-2764.93726367427,-3989.04502705534,-3522.15968863277,2053.40887289037,46527.5582718404
-49178.136364347,-50385.2419673556,-48607.7162707201,1777.52569663557,-42819.6102249299,-4302.14223953516,-5509.24784254382,-3731.72214590825,2056.38389988194,46653.5198214474
-49548.2739855944,-50718.5792495953,-47733.9214994433,2984.65775015198,-41854.7680836524,-5635.89686556005,-6806.20212956099,-3821.54437940901,2057.60903638187,46897.0348701863
-49952.3535291996,-51040.3621536206,-47025.0930411592,4015.2691124614,-41171.4896441735,-6722.85485268341,-7810.86347710438,-3795.59436464298,2058.00903234272,47244.7677889776
-50397.0991830609,-51340.6593149078,-46463.8435748359,4876.81574007182,-40743.3148652184,-7596.38165226193,-8539.94178410875,-3663.12604403693,2057.4026655806,47677.5332708708
-50873.0582792856,-51603.5098799453,-46160.6345135653,5442.8753663799,-40668.3630462802,-8149.2449340053,-8879.69653466495,-3436.82116828504,2055.4502990001,48166.6887116602
-51356.0682998107,-51804.8141696537,-46086.8861103781,5717.92805927557,-40916.3791946775,-8387.11073708608,-8835.85660692905,-3117.92854765348,2052.57836804718,48686.8856220002
-51816.1292685329,-51919.632595855,-46228.5255189485,5691.10707690656,-41460.7825523465,-8306.29003520675,-8409.79336252886,-2718.68628562229,2049.05668097962,49200.9463102327
-52243.4147608023,-51949.783020773,-46520.801264704,5428.98175606903,-42213.1488424807,-7984.7981799201,-7691.16643989084,-2262.18468382181,2045.46773840147,49687.5983369512
-52624.6161510954,-51896.1450348186,-47020.1287150392,4876.01631977939,-43207.9305957871,-7373.66104527068,-6645.18992899387,-1769.17360921448,2043.02451003766,50126.9714256041
-52955.4360911248,-51755.944849806,-47676.2427461906,4079.7021036154,-44377.9047685094,-6535.55350029461,-5336.06225897577,-1256.36015536038,2041.97782232081,50499.5846944456
-53207.0738002961,-51508.0654319,-48428.5557841781,3079.50964772187,-45644.8132520564,-5521.83979782851,-3822.83142943239,-743.321781710522,2040.42075041122,50764.7436501895
-53369.3596915445,-51157.673308849,-49208.2157556188,1949.45755323017,-46926.060404132,-4404.58111153215,-2192.89472883666,-243.437175606494,2038.7181758803,50914.2361332425
-53434.1341276029,-50716.9784170502,-50013.7637315877,703.21468546249,-48204.5207987596,-3193.41361536212,-476.257904809339,226.956780653149,2036.19971348126,50943.9351977033
-53389.0699540173,-50197.8018116268,-50733.7793640695,-535.977552442667,-49365.9986820778,-1989.52964247435,1201.73849991617,665.760947473506,2033.54162946518,50863.5627591003
-53231.4487561597,-49619.7823604879,-51264.0368328505,-1644.25447236272,-50294.8919163165,-904.255448553032,2707.41094711887,1063.15647475615,2032.30139129023,50682.938835244
-52971.9319111462,-49001.4862810219,-51629.2310011433,-2627.74472012141,-51011.1577064029,71.4934380996154,4041.93906822395,1414.19434810254,2032.26764284287,50415.6806291244
-52609.7653096718,-48350.3607299584,-51829.4058113059,-3479.04508134747,-51530.0834117144,953.274402961079,5212.67898267453,1733.63390132706,2032.95630091856,50083.9946312855
-52150.4191031181,-47675.0951880014,-51772.6502104615,-4097.55502246012,-51783.1548075164,1668.00416167973,6143.32807679637,2045.77305433625,2035.26845728137,49720.8682423377
-51576.2731115352,-46970.8014315486,-51364.6873245097,-4393.88589296109,-51688.2483746805,2148.52680258588,6753.99848257247,2360.11258961138,2036.5515394405,49330.91402116
-50913.1123123345,-46266.0340488739,-50785.4930423962,-4519.45899352228,-51420.6360986022,2544.99454294547,7192.07280640599,2672.61381288371,2037.47075667775,48938.6478617577
-50166.5652904367,-45572.5759467697,-50008.2214609406,-4435.64551417087,-50960.2459409923,2830.53162220625,7424.52096587327,2988.8754517024,2036.85097165072,48561.4513984721
-49351.3073412401,-44911.7990737506,-49001.3768432024,-4089.57776945181,-50284.0600072936,2968.36285626459,7407.87112375406,3318.29335430225,2035.61019021108,48230.0924280528
-48489.7044709352,-44305.0919201087,-47794.1010508207,-3489.00913071208,-49419.0401187598,2963.28936491906,7147.90191574564,3658.89278503357,2033.95371709454,47963.9847051422
-47622.5043188087,-43770.4104249722,-46449.5372858952,-2679.12686092296,-48424.5419004102,2834.2456754637,6686.33956930022,4007.21270837727,2032.20809386227,47777.6231333495
-46763.0947733582,-43317.735112443,-45107.2603991883,-1789.52528674526,-47440.2326215425,2708.70090340682,6154.06056432197,4364.53527757671,2031.56305522245,47682.2703900197
-45894.430633786,-42930.6359623188,-43811.3702634979,-880.734301179083,-46511.6153438449,2646.6201102745,5610.41478174164,4729.68048056256,2029.43540021552,47660.3164428814
-45021.2935375761,-42608.3129769873,-42528.6362940927,79.6766828945703,-45614.2805826774,2619.65308024709,5032.63364083589,5112.31032373046,2026.66603514579,47720.6233007178
-44165.5645471735,-42363.2020309144,-41507.5110729716,855.690957942776,-44983.3102748994,2841.69061876922,4644.05313502833,5499.7440929711,2023.94489104331,47862.9461238855
-43349.7276246174,-42211.5351461486,-40700.1472775589,1511.38786858964,-44537.5348147334,3208.99702501007,4347.18950347887,5858.57737206852,2021.18983489402,48070.1125182171
-42608.2845030143,-42166.1329071888,-40109.9518235208,2056.18108366797,-44251.5440092924,3662.10615680761,4104.2577526331,6160.43883630107,2018.84665052952,48326.5717434899
-41954.0896367015,-42215.6836268595,-39835.8879782511,2379.79564860836,-44209.363376073,4271.56277265664,4009.96878249859,6389.76443110695,2016.28903328506,48605.4480579664
-41382.3225892095,-42347.1781310962,-39935.7132108926,2411.4649202035,-44449.8068446378,5080.61082643016,4115.75528454352,6527.22020474702,2013.12657100184,48874.3983358432
-40903.1407343807,-42564.4538955022,-40317.8446091321,2246.60928637009,-44858.7918348487,5965.77478666358,4304.46162554213,6551.07091191222,2010.12368619561,49115.5248074144
-40523.7842245816,-42865.7937801278,-40964.1943746938,1901.59940543398,-45402.2020836304,6885.01614219191,4543.0065866457,6444.60599207967,2006.59828314312,49310.3997722074
-40250.8704849339,-43242.0984167279,-41942.5463408075,1299.55207592045,-46143.8561864217,7896.684149083,4905.45621728901,6205.00829320946,2003.69844759526,49447.1067099374
-40075.677316221,-43674.2530426466,-43147.8378872172,526.415155429419,-46969.1410328844,8893.96802361782,5295.39229719219,5821.80745262161,2000.50430695444,49496.0604952682
-40029.2685433792,-44182.1548911388,-44481.2512844787,-299.096393339871,-47763.1245675075,9732.79804659273,5579.91169883313,5280.81530549325,1998.94202246444,49462.9701966321
-40108.8800550503,-44753.9128120761,-45872.6184490413,-1118.70563696514,-48465.1266967581,10353.7004988333,5708.66774180752,4589.96210484238,1997.45385712557,49343.8749169185
-40325.454239379,-45380.6307660621,-47365.4070781168,-1984.77631205472,-49138.0399936722,10810.1175663352,5754.94103965211,3770.16472759739,1997.53181204196,49150.7954936595
-40683.6620531038,-46045.0937029039,-48881.5966262213,-2836.50292331732,-49725.9597319426,11041.4292922155,5679.99764241544,2843.49471909812,1999.13161337675,48888.5884220021
-41158.0420994904,-46715.074738048,-50301.2816406709,-3586.20690262292,-50140.1967347066,10981.8305349432,5424.79789638562,1838.59099376269,1999.67589972692,48553.6657318107
-41737.3710797283,-47377.4679626371,-51555.1294931103,-4177.66153047323,-50332.1927034095,10593.4012335662,4953.30435065736,775.642820184127,1998.57960988496,48153.1107828212
-42441.3665466492,-48036.4963275676,-52654.3685678952,-4617.87224032768,-50344.0018199166,9901.39330559156,4306.26352467326,-311.608715654422,1998.75803232424,47724.8876119131
-43263.2090122276,-48672.3007616601,-53489.8464906726,-4817.54572901248,-50094.6707848561,8830.76101056998,3421.66926113752,-1395.87646787496,1999.29923794156,47276.4242937851
-44214.9956134528,-49287.7873479604,-54094.0119392547,-4806.22459129424,-49646.7577285723,7434.19270400325,2361.40096949567,-2444.82362179857,2002.4305888838,46842.9637261619
-45253.8925186218,-49842.2336616009,-54392.9200073415,-4550.68634574061,-48987.2289915852,5739.66949901791,1151.32835603883,-3399.35798970179,2006.33302605456,46442.8756718991
-46358.051959828,-50324.5719722604,-54367.1294672696,-4042.55749500924,-48131.3217689654,3786.23424192374,-180.285770508635,-4222.84326551787,2012.96443278639,46101.7287067425
-47485.5194116403,-50719.8631188343,-54130.472059012,-3410.60894017768,-47223.2595730885,1759.68225285915,-1474.66145433484,-4885.27039451252,2021.94209141093,45834.5927243218
-48591.8336056394,-51019.6222941231,-53717.3947424291,-2697.77244830598,-46302.360088235,-257.115531460717,-2684.9042199445,-5382.67666825048,2032.35798594367,45636.9456258726
-49652.7822242638,-51223.4989342296,-53163.6080224394,-1940.10908820976,-45411.5025982593,-2196.54441610609,-3767.2611260719,-5707.37021428166,2044.73520989839,45516.1287199479
-50647.9313710121,-51316.495068434,-52441.8377886572,-1125.34272022321,-44527.259288533,-4063.00678897236,-4731.57048639431,-5856.91320661753,2057.66529350669,45459.5818618165
-51568.0967244817,-51306.3408191827,-51663.9977359053,-357.656916722634,-43751.2798024741,-5747.33018527595,-5485.57427997695,-5843.23119669959,2069.48673673167,45463.1096224831
-52391.465378809,-51190.096424785,-50857.1401987501,332.956226034869,-43102.3100626716,-7211.43474723938,-6010.0657932154,-5677.10956718053,2077.72056889797,45512.9868576045
-53119.0085066585,-50988.227524866,-50039.787631723,948.439893142954,-42586.9091376951,-8447.42103863813,-6316.64005684558,-5368.20016370262,2084.67833032533,45620.0273611633
-53748.6916139165,-50714.4976057418,-49270.8449289961,1443.65267674564,-42244.5852587087,-9411.93847044802,-6377.7444622733,-4934.09178552766,2092.1678847598,45780.4058202141
-54246.5085365975,-50347.5715032013,-48553.8850854308,1793.68641777049,-42070.565746561,-10078.8426499659,-6179.90561656965,-4386.21919879917,2097.10014007059,45961.3523044021
-54618.3454734559,-49912.5301468506,-47913.6585007445,1998.87164610607,-42074.9762916259,-10440.592172205,-5734.77684559969,-3735.90519949363,2102.77700962498,46176.6249473569
-54844.0948027164,-49391.1438771304,-47331.8965975932,2059.2472795372,-42233.5950527388,-10503.0011877122,-5050.05026212619,-2990.80298258899,2107.49856226542,46400.3408945414
-54920.4416846756,-48795.3092133318,-46825.9421344707,1969.36707886106,-42549.276059843,-10258.2027431577,-4133.07027181382,-2163.70319295277,2112.96288167495,46631.606020379
-54820.6979821116,-48136.9682499372,-46405.1789045004,1731.7893454368,-43000.0671591489,-9702.18899334161,-3018.45926116715,-1286.66991573035,2118.44182962113,46850.2983342068
-54507.8567798987,-47402.8283236788,-46076.4172893891,1326.41103428969,-43566.648903306,-8820.92646926049,-1715.89801304063,-389.486978750939,2120.28140733222,47013.3413449279
-54009.9185629987,-46614.2436293451,-45768.5463905665,845.697238778529,-44159.4851428636,-7729.98495646734,-334.310022813718,511.38721596481,2120.44846366773,47125.6308453098
-53335.4235720068,-45770.4395163302,-45455.7988741274,314.64064220281,-44746.2226035184,-6470.89305598136,1094.09099969525,1408.73164189807,2118.30791250706,47179.1711582282
-52495.9721666645,-44879.5550467987,-45076.9331700966,-197.378123297974,-45257.0772488197,-5124.80464827942,2491.61247158642,2294.23434828845,2114.09026956543,47173.7893950871
-51498.1020706699,-43951.2884685072,-44621.3947285386,-670.106260031369,-45677.4406517986,-3712.19565574274,3834.61794641997,3164.5116863886,2108.46576312859,47115.8001548958
-50364.4750684525,-43004.4735913428,-44091.8434689655,-1087.36987762267,-46010.8577630546,-2251.3502263156,5108.65125079415,4021.28137317148,2102.26707908237,47025.7549645143
-49105.8759289947,-42076.9499023072,-43442.8915957544,-1365.94169344726,-46188.853192317,-820.318031290964,6208.60799539664,4842.66630194938,2096.70470538676,46919.6162042565
-47746.5181207826,-41197.4681711495,-42736.6433145038,-1539.1751433543,-46242.1725538794,587.954380856149,7137.00433048922,5597.82918713491,2092.29994775935,46795.2973582844
-46319.7759724837,-40377.8441450624,-41968.7207574253,-1590.87661236296,-46152.8903004067,1921.0159840858,7862.94781150718,6272.07119914422,2087.90165616286,46649.9153442066
-44834.8050725347,-39613.5023464632,-41295.3066935128,-1681.80434704964,-46079.3471874781,3327.22752289642,8548.53024896799,6866.72590191835,2082.68540795307,46480.2282483815
-43334.4122348169,-38940.4080120028,-40735.7236914129,-1795.31567941014,-46019.9023428435,4764.85998410176,9158.86420691593,7363.54852750579,2079.36987607521,46303.9565395085
-41854.6576760429,-38379.1702591232,-40262.6643931959,-1883.49413407268,-45916.65033285,6138.67755148863,9614.16496840826,7730.67083433558,2076.68489468145,46109.8410934588
-40417.6041944992,-37941.3724481231,-39923.1857723625,-1981.81332423945,-45813.2323723737,7471.36376442886,9947.59551080496,7965.78218656551,2075.73558655433,45907.1546346886
-39032.1002957443,-37631.3823093561,-39750.7121957642,-2119.32988640804,-45740.4268490478,8784.17803231033,10184.8960186985,8065.5661322905,2075.85147900679,45696.9484416466
-37710.3099360985,-37444.1679397247,-39677.8677364759,-2233.6997967512,-45619.312617917,9984.03260716063,10250.1746035344,8016.47480678325,2075.02992534208,45460.6427465079
-36540.5696564484,-37409.4922486427,-39764.1576352707,-2354.66538662804,-45490.1599160715,11024.0543345091,10155.1317423149,7800.46635568682,2074.46407488599,45209.9586043295
-35578.6331603238,-37540.2055374668,-39963.0961978648,-2422.89066039801,-45306.418485979,11802.9732087783,9841.40083163525,7418.51017123725,2075.18788312304,44958.7157087041
-34838.3623898391,-37827.5839304833,-40250.4158122944,-2422.83188181112,-45056.3589402369,12295.142350003,9305.9208093589,6883.08892754779,2077.14579960528,44710.672858031
-34306.9287132018,-38231.9528941016,-40525.0326541174,-2293.0797600158,-44663.4055537026,12434.2701631222,8509.24598222242,6216.16622220662,2077.79332262138,44448.1191163082
-33995.2988112557,-38745.4043221726,-40854.8549304633,-2109.45060829076,-44222.9424254363,12306.0978887311,7555.99237781422,5446.54176952346,2078.45427455053,44191.946091696
-33895.9017349489,-39347.7838025232,-41194.6053845868,-1846.82158206355,-43717.2447195318,11899.3994997455,6447.51743217118,4600.69585010763,2078.05651516259,43948.4796526308
-34007.7577777475,-40027.5183806179,-41596.5395071166,-1569.02112649871,-43228.6077248655,11300.0894621906,5280.32885932019,3711.30773282148,2079.2395150726,43738.8261134394
-34288.690920485,-40736.0922737402,-41972.366191296,-1236.27391755587,-42697.6359914586,10487.6071184278,4040.20576517257,2803.9318476167,2078.66204745413,43540.0241213569
-34719.2577603285,-41464.2466993279,-42392.4957226713,-928.249023343322,-42218.59760115,9576.99444508789,2832.00550608849,1903.75648274517,2077.65460426641,43368.0031820731
-35272.9453236246,-42191.5587475904,-42755.9393677696,-564.380620179227,-41724.4911929276,8527.82440254704,1609.21097858123,1044.830358402,2076.27853324402,43236.3891059924
-35918.1462079236,-42892.6824583069,-43087.8959566123,-195.21349830537,-41256.4154749592,7411.5088664539,436.9726160705,241.759117765131,2073.23959941827,43134.4415760721
-36673.6852062549,-43582.4266552902,-43368.8980731293,213.528582160935,-40796.7679898521,6195.27712344854,-713.464325586797,-499.935743425864,2072.19433985129,43082.4909118643
-37514.6523998084,-44238.140112056,-43633.8214207142,604.318691341896,-40404.9760291367,4963.47576078266,-1760.01195146494,-1155.69326012304,2073.15213145441,43082.446851933
-38405.0767051769,-44847.9273917548,-43843.0228418325,1004.90454992229,-40063.8267190561,3735.11396141975,-2707.73672515818,-1702.83217523589,2076.36394754054,43145.0952165189
-39271.9361026783,-45387.7229160019,-43992.7429471931,1394.97996880879,-39779.2307663502,2588.26791398695,-3527.51889933656,-2132.53893052778,2080.97325031505,43255.1839854741
-40063.7864488043,-45826.877238567,-44018.4217630498,1808.4554755172,-39512.1576913601,1533.21031975355,-4229.88047000916,-2421.42499449197,2084.83907719775,43405.452244075
-40801.2698104856,-46201.7839766249,-44018.5981165975,2183.18586002736,-39326.4444794169,613.959787267989,-4786.5543788713,-2603.36851884394,2088.78511833668,43598.4154577809
-41477.762312381,-46516.5494590456,-43965.3860095405,2551.16344950508,-39173.0364219393,-213.741097971147,-5252.52824463577,-2701.36479513069,2090.98479247054,43815.1846639149
-42120.7923644057,-46798.3202343208,-43906.8548150347,2891.46541928614,-39082.0610895279,-944.419089591309,-5621.94695950639,-2730.48154022026,2094.3121852865,44067.8386941006
-42726.0612141916,-47048.0065492748,-43840.8508850224,3207.15566425238,-39044.0368184501,-1584.51267873214,-5906.45801381528,-2699.3023495629,2097.51171700935,44348.7041997119
-43283.5469130969,-47259.4897977632,-43759.1220721487,3500.36772561445,-39041.7217313511,-2142.63875675137,-6118.58164141763,-2618.21391580318,2099.18642499444,44641.27588196
-43775.1617443131,-47435.1954463708,-43665.2778635238,3769.91758284694,-39077.6719160159,-2597.9328318477,-6257.96653390537,-2488.04895105843,2099.5569964495,44947.1464953124
-44198.985892956,-47575.8210367718,-43516.7865091868,4059.034527585,-39098.5043460054,-3002.13476435236,-6378.96990816817,-2319.93538058317,2098.34678259819,45255.8856561886
-44607.2532818246,-47709.4584413474,-43406.6460074124,4302.812433935,-39177.841087465,-3331.6636547386,-6433.8688142614,-2131.0563803264,2097.74853962097,45578.402061021
-45039.9736746188,-47849.0327294104,-43357.7531331769,4491.27959623354,-39322.7716877032,-3619.95746109786,-6429.01651588953,-1937.73691965599,2097.24452581772,45911.2958097544
-45487.5397801553,-47988.5127665586,-43349.6122185957,4638.90054796291,-39527.1436685717,-3863.79469168315,-6364.76767808645,-1725.86713012355,2096.60141990043,46262.645636435
-45927.4441383954,-48115.1124825815,-43384.1689073354,4730.94357524609,-39804.4608057971,-4026.75119398572,-6214.41953817187,-1483.47596292577,2096.23213861255,46631.6365196557
-46311.3703285734,-48207.4191482188,-43412.4552137687,4794.9639344501,-40113.1251081695,-4102.71363387745,-5998.76245352284,-1203.79851907274,2095.53158652646,47003.620629146
-46643.9229552871,-48267.9212888155,-43512.5861069422,4755.33518187331,-40517.7091926002,-4031.83944229766,-5655.83777582609,-900.502593952775,2094.37432038917,47367.4186948627
-46941.2498716284,-48302.1482985767,-43660.6291731004,4641.51912547627,-40991.074053155,-3857.32711913533,-5218.22554608369,-576.706420607418,2092.84869933803,47725.4418779693
-47200.0955957055,-48331.1731204681,-43782.9539623481,4548.21915811999,-41444.0586099852,-3664.71749487245,-4795.79501963504,-247.57586151505,2091.31949084789,48083.597258953
-47430.7950999143,-48372.5829932456,-43920.5584319661,4452.02456127946,-41883.5317475261,-3457.85284349269,-4399.64073682399,52.3838244554762,2089.4105088955,48424.966817701
-47638.156822722,-48408.1018557363,-44126.0683310268,4282.03352470949,-42369.5150826131,-3181.57297850372,-3951.51801151796,330.515513191531,2087.06876160516,48738.6173689278
-47796.4517480218,-48407.9267440137,-44371.7447694968,4036.18197451692,-42899.5176528905,-2813.31823613095,-3424.79323212289,611.388742394038,2083.61585900031,49019.3154864077
-47884.0245184675,-48373.8271922519,-44582.5470723777,3791.28011987415,-43416.8677798727,-2386.50204633087,-2876.30472011529,914.975399758864,2080.65469226392,49288.8025920107
-47894.4321932423,-48300.7357006316,-44754.2150568137,3546.52064381786,-43901.8360342946,-1914.25734380801,-2320.56085119727,1225.95979262059,2078.33881513971,49526.6954932521
-47867.1694779871,-48216.852289912,-44959.1441796745,3257.70811023755,-44397.8732349081,-1392.79638408582,-1742.47919601078,1515.22891422678,2076.4998589931,49732.0812041388
-47820.5585843078,-48153.1233253519,-45248.4363520331,2904.68697331879,-44934.9837323776,-809.916147622884,-1142.48088866702,1762.20608465177,2075.65870430733,49915.3294100037
-47702.7105654902,-48088.761902011,-45477.7050309859,2611.056871025,-45404.5562221397,-222.866491121032,-608.917827641796,2002.1390433832,2075.28785222947,50090.9009453941
-47531.5563852565,-48034.1589755681,-45583.6263156769,2450.53265989116,-45724.8263309381,268.728775697281,-233.873814614333,2216.65884527683,2075.45883001563,50250.8178208449
-47339.1802435572,-47998.0921047065,-45709.8596386365,2288.2324660699,-46033.3592937185,770.559701027923,111.647839878691,2399.88030594859,2076.38065086668,50397.972410655
-47106.710030459,-47970.2951620397,-45958.8385426323,2011.4566194074,-46437.1913288569,1407.49969226207,543.914560681395,2555.37118008879,2077.01839386417,50525.6663421285
-46840.6029049803,-47975.3561756319,-46286.6037824594,1688.75239317249,-46877.7057733311,2115.23806019958,980.484789547894,2669.23718272039,2078.13519184873,50644.5933583523
-46563.7906257937,-48018.5356603567,-46617.6088304887,1400.92682986796,-47265.7505969619,2781.62232418678,1326.87728962382,2727.80411949179,2079.66235301855,50746.3397798484
-46326.1054500217,-48123.0271893601,-47011.2085521736,1111.81863718648,-47654.2100844094,3411.49257509754,1614.57083575912,2726.3894729456,2083.3879407098,50849.4166623057
-46111.5423076535,-48276.8455951995,-47395.3220524712,881.523542728289,-47974.7175856539,3950.05374510868,1784.75045756268,2666.27400029097,2086.87846710823,50943.1195954905
-45922.6431153744,-48485.1845769137,-47720.0083796311,765.176197282584,-48178.3357698685,4346.34704812794,1783.80558658872,2548.98178387131,2090.65439363387,51034.166360785
-45812.1253458412,-48754.5216425343,-48017.3538157511,737.167826783142,-48303.3662799017,4587.42357192958,1645.02727523654,2382.19510201969,2096.18263786914,51136.7167445539
-45776.7852866777,-49071.9995916051,-48329.98539566,742.014195945051,-48399.6161301158,4725.37249613119,1430.15819120379,2172.17238714884,2102.54165269304,51244.1719787539
-45791.5807385458,-49424.9075249562,-48623.4046240165,801.502900939782,-48450.3377719715,4767.71784905558,1134.39106264509,1935.89396358488,2108.96081562984,51360.8014885411
-45853.8966962651,-49795.1811439893,-48958.7023611906,836.478782798724,-48524.7743816202,4786.32917928562,845.04473156141,1681.52351436013,2115.45149393056,51476.7046583495
-45973.4915235719,-50170.9146446536,-49318.7396236697,852.175020983898,-48613.1099367065,4762.62824883785,565.205127756171,1417.38014874006,2123.00983570323,51588.2947933936
-46144.8267484428,-50559.0118510332,-49734.2539283568,824.757922676399,-48743.5403502412,4730.37248159575,316.187379005366,1140.94530168176,2131.6588797973,51699.9571527149
-46359.9288556074,-50969.6891614867,-50136.866815121,832.82234636569,-48844.3392956885,4626.06095631478,16.3006504354397,849.122996801126,2141.65051623361,51818.8121582878
-46624.6767000056,-51385.8982227416,-50407.0198907121,978.878332029478,-48809.5323554714,4335.67853485475,-425.542987881257,553.335344148229,2150.82287938891,51939.2335668898
-46933.6686776198,-51808.3283540387,-50617.4765417729,1190.85181226578,-48734.9789192406,3962.92602466041,-911.733651758494,279.118160507285,2161.61578303964,52087.446514546
-47231.1267877562,-52215.3887812469,-50783.6480107411,1431.74077050583,-48641.8008453206,3583.25917661976,-1401.00281687094,30.7379536348933,2172.5851190553,52246.1267348818
-47493.4702144505,-52603.6770485777,-50952.1410937944,1651.53595478327,-48575.0164202241,3264.40418089311,-1845.80265323413,-194.266698450865,2182.85797511951,52409.4103501268
-47729.392083846,-52975.1081691265,-51266.6379888227,1708.47018030383,-48669.8041020346,3133.77057563616,-2111.94550964436,-403.475329340533,2193.35855744756,52571.632839786
-47975.257280004,-53362.8656916632,-51619.4213879455,1743.44430371773,-48791.2104587716,3019.80981354544,-2367.79859811379,-624.354294396065,2203.85663477786,52738.5113972672
-48265.2398481094,-53797.3126232665,-51976.7160474259,1820.5965758406,-48874.6853489631,2822.3335430036,-2709.73923215357,-889.142656312972,2212.8880421499,52908.1699669536
-48585.1830759652,-54254.8332001334,-52284.3093234515,1970.5238766819,-48892.3253165119,2527.66046410707,-3141.98966006109,-1171.46578337919,2220.51822356039,53083.3674167542
-48938.7846235354,-54715.0706300356,-52592.1634891573,2122.90714087831,-48910.4072890348,2196.84765862473,-3579.43834787542,-1456.53120699712,2225.22499312541,53258.5394230385
-49345.8309321275,-55199.7378738902,-52973.1142535618,2226.62362032844,-48976.2413831048,1857.23227119233,-3996.67467057037,-1770.05105024193,2226.82182021502,53429.6868236483
-49830.6821600863,-55728.2713907989,-53467.8799116199,2260.391479179,-49118.1585013259,1515.06634276064,-4382.52288795192,-2122.13140877292,2227.59000152102,53606.1399820259
-50417.8706808603,-56304.3247182488,-54125.9816542804,2178.34306396836,-49384.2661570897,1196.3771564235,-4690.07688096493,-2511.73381699657,2229.98168019414,53792.5909012522
-51122.6213017542,-56921.2246313068,-54800.239129553,2120.98550175384,-49643.1529381702,753.249145818727,-5045.3541837339,-2924.36868198005,2232.71750940277,53996.8559493268
-51930.4192287279,-57570.0569774498,-55418.1878245931,2151.86915285673,-49810.9513382646,115.056402689431,-5524.58134603253,-3372.71219317579,2234.5242931527,54197.344784274
-52820.9076937061,-58219.9070520193,-56024.6421329136,2195.26491910563,-49962.7907870445,-622.645973118356,-6021.64533143159,-3826.38041232595,2235.47093354318,54393.5266396933
-53791.4903585471,-58843.8662226037,-56573.4226144368,2270.44360816686,-50085.6581073626,-1469.26228656141,-6521.638150618,-4251.19454245114,2236.56996462313,54592.6716801526
-54807.976582127,-59404.4362258937,-57155.2429590231,2249.19326687067,-50309.8667324911,-2260.33304885552,-6856.79269262229,-4607.59942575162,2237.77680078033,54796.8368001421
-55791.4586365217,-59862.3580903147,-57721.2841401487,2141.07395016594,-50578.1248980377,-2977.28886930796,-7048.1883231009,-4907.11437293495,2236.04486917609,54955.2437173797
-56742.0853665986,-60244.2477257793,-58286.5580016973,1957.68972408201,-50891.1240070784,-3616.7880615291,-7118.95042070981,-5161.26069662781,2234.17329799112,55082.9870291515
-57677.7437466049,-60564.7107169238,-58746.8501552653,1817.86056165849,-51148.6871103813,-4296.83047557438,-7183.79744589328,-5365.9368842348,2232.22616064919,55198.773832689
-58569.1518545483,-60804.9321663266,-59039.8099163385,1765.1222499881,-51314.5979825688,-5024.06419854981,-7259.84451032812,-5494.72226034001,2230.48967342971,55310.2099059866
-59362.0482007067,-60953.105360646,-59247.7810402473,1705.32432039867,-51466.0202179518,-5666.93949070503,-7257.99665064435,-5552.67233024568,2229.08849204985,55400.4330304003
-60079.4228247995,-61025.7913285501,-59503.0226321156,1522.76869643452,-51722.8874256735,-6129.37917492273,-7075.74767867339,-5552.97898223886,2227.15622420331,55472.8123463113
-60722.7857039601,-61024.5352204403,-59768.1527019129,1256.38251852745,-52054.0301626054,-6443.89615500477,-6745.64567148501,-5489.26315295754,2224.85938634989,55535.2720674828
-61216.7491051176,-60904.5760001622,-60037.1139387054,867.462061456785,-52470.9044697179,-6523.32894861721,-6211.15584366178,-5343.693782205,2222.51568678249,55560.8822179572
-61559.833976201,-60673.4738522238,-60100.5155064336,572.958345790297,-52759.0829726449,-6580.09690994133,-5693.73678596417,-5120.77844017387,2220.65409361475,55552.69541205
-61788.298376077,-60371.8331520024,-60081.701774618,290.131377384456,-53018.8113575355,-6550.35247900949,-5133.8872549349,-4843.75587755044,2219.13453953204,55528.077274452
-61905.9412119715,-60021.0419612605,-60097.272361366,-76.2304001054514,-53348.1448004351,-6340.13300392626,-4455.23375321536,-4531.46415332081,2217.66340761005,55489.5778079397
-61894.2682556957,-59610.0377448817,-59952.8406588911,-342.802914009422,-53560.5574611742,-6118.33552418525,-3834.10501337123,-4176.90792738065,2215.37527033623,55433.129817501
-61775.1658948001,-59156.8489037505,-59678.2269181578,-521.378014407288,-53688.7912108135,-5873.37472313745,-3255.05773208786,-3776.43574649515,2212.99996084917,55380.4131572554
-61602.4074279484,-58709.5273664348,-59484.4575759743,-774.930209539487,-53876.0717592036,-5517.92264347853,-2625.04258196493,-3399.97279150442,2208.41302526635,55309.5545749304
-61430.5797355317,-58309.7434542237,-59304.6340678104,-994.8906135867,-54035.2771393364,-5191.09266893729,-2070.25638762929,-3065.147001216,2204.20992725801,55244.5964530077
-61229.0305204984,-57915.9455039826,-58950.533002222,-1034.58749823943,-54018.7061398808,-5010.75166382179,-1697.66664730598,-2732.25414554542,2199.57271679583,55183.6913584372
-61007.0642675799,-57531.6872841792,-58548.7998521255,-1017.11256794628,-53961.1242915734,-4850.59883438022,-1375.22185097953,-2392.3344189258,2195.34114162626,55139.3528652534
-60773.1171850341,-57196.773624131,-58154.2103391244,-957.436714993402,-53896.5802853773,-4682.67148386882,-1106.32792296576,-2063.76463795916,2193.8654157879,55133.0089861718
-60473.2215853269,-56863.003926557,-57735.1970499617,-872.193123404686,-53808.3715510521,-4473.66009814565,-863.442439375721,-1735.63556278041,2191.18993612921,55127.3683637766
-60144.983589331,-56549.5695949747,-57244.2171568846,-694.647561909876,-53632.1814080729,-4323.84997696439,-728.435982608192,-1423.08354451807,2188.9522042937,55126.4860504567
-59840.435430611,-56289.8555226223,-56835.7189883554,-545.863465733117,-53493.9566256794,-4157.72876817542,-607.148860186772,-1153.01232591989,2188.75003675611,55136.8431967024
-59554.1144401519,-56077.5947653873,-56576.1224575276,-498.527692140382,-53427.2255111975,-3940.42285563123,-463.903180866636,-962.43087300702,2186.46607332309,55115.1638923802
-59312.0542281258,-55927.2639199374,-56503.6472553698,-576.383335432445,-53477.0900708118,-3649.86854677892,-265.07823859047,-841.461574022912,2185.09561053505,55085.8023459145
-59123.8597449264,-55826.9915559942,-56543.0040166808,-716.012460686594,-53582.0074990891,-3356.93505362401,-60.0668646918512,-776.079325378446,2184.91719221329,55050.9122306157
-58977.2635810672,-55766.0949881572,-56639.2787504354,-873.183762278134,-53689.7899722669,-3101.10763864618,110.060954263806,-763.122808014329,2186.36597015413,55002.9721801429
-58830.1358938079,-55720.5098543776,-56689.0426823477,-968.532827970097,-53706.9466142805,-2937.07472427147,172.551315158843,-795.98151281126,2186.11455525593,54924.5283415663
-58704.3700533751,-55707.4275800181,-56674.8931536583,-967.465573640164,-53645.1346438599,-2872.69478133415,124.247692022919,-843.217881617247,2186.54062818108,54864.2096984008
-58595.663916597,-55716.4894550779,-56612.1507819396,-895.661326861712,-53518.0846479118,-2893.17438045228,-13.9999189331632,-909.661245794878,2184.40488823293,54806.828209283
-58484.5200863659,-55738.5608360985,-56514.6281085688,-776.067272470292,-53316.6328357509,-2989.76175396571,-243.802503698341,-1019.86977616863,2178.12549664931,54718.6910599299
-58425.3102966112,-55817.3713727409,-56553.8925916664,-736.521218925586,-53193.7270259041,-3058.92240899925,-450.983485128931,-1187.50470405452,2172.66086170787,54629.8666686864
-58455.5268739997,-55966.2080075926,-56743.2644997831,-777.056492190528,-53168.0548836861,-3120.03476956693,-630.715903159813,-1407.77239535034,2167.43722074671,54558.4356122422
-58577.7051483138,-56178.1190261005,-56963.2933050335,-785.174278932971,-53118.2152327189,-3298.72768486831,-899.141562655001,-1684.31584158798,2160.76223072667,54493.8031845126
-58801.2677664889,-56459.9212235715,-57103.0443003643,-643.123076792824,-52931.7058865445,-3713.63828515591,-1372.29174223845,-2015.41481903128,2155.92359478858,54444.5064045402
-59131.7049955344,-56778.7536333972,-57249.9309496109,-471.17731621373,-52721.6491840231,-4259.37588971063,-1906.42452757344,-2377.60184378717,2150.67992180068,54401.15178961
-59606.856500208,-57127.2301398127,-57590.2309917203,-463.000851907663,-52704.8335051112,-4755.81147007934,-2276.18510968397,-2739.18596159163,2146.21152501747,54388.044178221
-60170.1856732577,-57456.6269609164,-57892.9972355348,-436.370274618464,-52687.7702961602,-5341.27193089102,-2627.71321854967,-3064.08349316813,2141.14344620648,54392.5434677482
-60743.6482774167,-57741.8792625911,-57966.0568548772,-224.17759228613,-52501.4900786768,-6104.25338583522,-3102.48437100964,-3326.66196329577,2137.90481290465,54415.2172992953
-61296.1800571111,-57968.0737716887,-58087.8844784545,-119.810706765809,-52440.8775748922,-6720.3498434087,-3392.24355798629,-3512.05426475209,2134.95263881021,54456.0195069366
-61835.737316301,-58159.9156371709,-58377.9570110985,-218.041373927634,-52616.1471073467,-7086.16428745494,-3410.34260832478,-3628.38398225241,2133.42592149947,54531.5316549185
-62305.2307941072,-58287.1720124756,-58488.9476735406,-201.775661065026,-52677.4083378177,-7497.60756945951,-3479.54878782787,-3681.32444889289,2130.21488683002,54605.8475635826
-62689.7116398364,-58337.2294727337,-58416.8020451653,-79.5725724315698,-52616.370942937,-7947.57426693971,-3595.09209983701,-3674.66467226858,2125.76642995965,54662.5648004651
-63034.1774309076,-58317.584112674,-58467.4606396049,-149.876526930945,-52750.6857330287,-8160.87901916216,-3444.28570092847,-3594.16222785941,2122.61267871682,54723.4218848145
-63356.3203795417,-58239.4279108211,-58603.5861975706,-364.158286749455,-53018.204989,-8219.47336610679,-3102.58089738625,-3466.73918413571,2118.64202443484,54772.6887266854
-63655.2328622248,-58126.1030178614,-58619.9523623746,-493.849344513175,-53192.1031825609,-8347.58571730469,-2818.45587294132,-3312.30521745449,2115.54396235924,54813.7978004069
-63901.7667831694,-57956.3452084192,-58519.1623349989,-562.817126579687,-53279.0793328178,-8510.34422607215,-2564.92265132191,-3127.73977790159,2112.34322427952,54828.6054305176
-64130.2819696248,-57718.1551878165,-58477.9897979764,-759.834610159912,-53477.9247900069,-8543.10230886023,-2130.975527052,-2890.81013721191,2109.25487075771,54827.3450506046
-64316.5489041434,-57394.7153966522,-58353.0926535496,-958.377256897407,-53663.7700039374,-8546.5492005412,-1624.71569304997,-2583.09294994737,2106.22969966481,54811.6224467048
-64427.2457245491,-56979.2658140306,-57986.8823069939,-1007.61649296333,-53689.1507485213,-8634.46380091566,-1186.48389039717,-2194.1003833605,2103.63117511215,54785.1654306701
-64429.0957153053,-56469.8924913936,-57416.5763698442,-946.683878450666,-53592.1049859171,-8735.01726462974,-775.814040717987,-1722.49791916865,2101.97346475847,54747.3945722249
-64307.6250608071,-55868.8630072267,-56869.2823370326,-1000.41932980592,-53597.852260265,-8608.05519290145,-169.293139320999,-1169.71246912691,2101.71760764069,54699.1505380998
-64048.7135029166,-55172.2704782396,-56335.0073965948,-1162.73691835518,-53700.6432045059,-8245.61488531617,630.828139360783,-531.908778994394,2102.4554130945,54640.3616992452
-63639.4017289549,-54371.9922699717,-55598.0773434713,-1226.08507349965,-53694.0452527737,-7841.7405864279,1425.66887255533,199.583799055686,2103.61588975332,54571.5760690273
-63064.474476329,-53453.9874250906,-54686.7418375396,-1232.75441244903,-53620.903979598,-7338.22442119231,2272.26263004607,1039.50821759704,2105.34607553875,54493.4956426877
-62303.1692126192,-52411.69859835,-53779.348147502,-1367.64954915209,-53655.5733719735,-6539.77226247527,3351.69835179391,1984.04880264183,2107.82357817036,54395.7474009918
-61308.9825568686,-51241.0699756853,-52799.1515933515,-1558.08161766623,-53724.219880246,-5474.45103042559,4593.46155075774,3035.37993309151,2110.31164619697,54276.4499087768
-60056.163948057,-49961.6384192328,-51741.9490243651,-1780.3106051323,-53807.9691515082,-4135.31558347998,5959.20994534427,4178.89934021197,2112.87921306882,54140.5377594447
-58556.9487094188,-48630.8366693266,-50620.2336027572,-1989.39693343055,-53867.3548967934,-2573.80112430622,7352.31091578601,5362.91398235546,2115.79268831923,53993.7506516821
-56839.5378762987,-47307.3224087156,-49457.9721938474,-2150.64978513184,-53888.6996550328,-830.63386941894,8701.58159816417,6550.93181303233,2120.20435184688,53858.2542217479
-54914.7858951329,-46022.2899009194,-48258.658254914,-2236.36835399458,-53840.8750930197,1050.49172968106,9942.98772389456,7706.61936989998,2124.4025317943,53728.9092708194
-52824.8567547682,-44821.9156827858,-47083.7122993706,-2261.79661658488,-53751.3150544829,3055.9198585933,11058.8609305757,8797.06431399084,2129.46155887857,53618.9799967766
-50610.448416641,-43736.0090204897,-46024.7560282342,-2288.74700774444,-53666.7081751689,5190.12318866307,12064.5625848144,9775.81557706992,2133.86343013519,53511.8245975597
-48319.1988351379,-42795.0748024757,-45175.9311146504,-2380.85631217465,-53639.7850380277,7457.53343567811,12981.6574683403,10600.8011561656,2136.94723278825,53395.8759586413
-46040.3069702481,-42056.2099446578,-44570.8622256152,-2514.65228095737,-53649.8430153323,9749.161195231,13733.2582208213,11218.6059398639,2139.62515014676,53274.8158845218
-43853.2947312083,-41555.7593867264,-44245.5812921042,-2689.82190537783,-53686.0730974755,11974.7053368389,14272.2406813208,11582.418775943,2141.92697057162,53138.1781626693
-41821.8163934298,-41311.9287602485,-44178.2061863396,-2866.27742609104,-53698.1855148139,14018.9533011323,14528.8409343135,11662.5635082225,2142.58417974814,52974.492268471
-40031.6897752762,-41357.1334161117,-44361.9734562212,-3004.84004010958,-53661.7961277222,15772.7605059517,14447.3168651163,11442.4768250067,2142.65415350576,52799.6102411184
-38545.9104678215,-41697.6613123596,-44765.3136889529,-3067.65237659323,-53545.5278107902,17142.2467598969,13990.4959153588,10922.8435387655,2142.62941692822,52620.5048511252
-37421.2579367658,-42327.2732179436,-45434.2337544454,-3106.96053650182,-53400.9904421059,18122.2220317682,13216.2067505904,10109.2462140886,2142.48952642808,52436.5194320322
-36682.0950526954,-43204.5686598447,-46285.9823276081,-3081.4136677634,-53197.1312790386,18656.8282297703,12134.354622621,9052.94095485759,2141.79200342708,52257.5096147023
-36318.680623994,-44275.1957951026,-47254.703418818,-2979.50762371542,-52931.8007364551,18755.3033725398,10798.7882014312,7819.2805777158,2142.1832600787,52094.4763728184
-36299.278673431,-45480.8531972974,-48346.8148423648,-2865.96164506737,-52672.8449112352,18516.2104736119,9334.63594974547,6468.67430467811,2142.64423580766,51949.5275019755
-36611.9772603684,-46794.8160797719,-49516.9032016713,-2722.08712189939,-52396.8769897495,17927.6065864955,7744.76776709191,5022.68064519252,2142.70685711433,51817.4967249644
-37232.1980903563,-48169.5602623521,-50666.0434528783,-2496.48319052618,-52051.5135354638,16961.3500637566,6023.98789176077,3527.5047012346,2142.03461864907,51697.0649635867
-38123.0581029222,-49547.8575636059,-51806.9245219593,-2259.06695835333,-51716.463847364,15735.7993249884,4310.99986430461,2051.93290595128,2142.39358054653,51599.7904695572
-39187.0333179338,-50850.2095690478,-52890.6230699703,-2040.41350092248,-51417.7896512299,14373.1632544681,2709.98700335406,669.573502431582,2142.40692117201,51519.7830714794
-40413.7496529959,-52094.2234568437,-53951.0579657778,-1856.8345089341,-51197.0234317947,12930.3297965009,1249.85599265312,-606.978516280981,2147.05601770208,51487.2449405627
-41754.5485329217,-53273.0630057103,-54986.8822439016,-1713.81923819135,-51023.952283345,11420.707588503,-97.8068842855644,-1811.62612247691,2151.30383807967,51461.4368832333
-43194.0486730694,-54397.2968040279,-55951.0665363222,-1553.76973229429,-50844.5460741333,9806.17811991063,-1397.07001104787,-2950.83974334216,2155.68071884677,51446.4570606857
-44654.1925877984,-55418.5921549724,-56794.459182617,-1375.86702764462,-50653.1900526567,8158.80801416247,-2605.5915530116,-3981.45858065622,2159.81054930415,51437.1335743162
-46021.8044497318,-56278.5765579988,-57457.1728683776,-1178.59631037876,-50444.4887832026,6585.20895200309,-3671.56315626388,-4850.15946664264,2162.52461853235,51428.4170913562
-47269.149041422,-56988.8376097748,-57938.9157914277,-950.07818165288,-50209.1899418693,5104.53698080007,-4615.15158755283,-5565.22976920571,2164.49608035272,51423.6078405691
-48415.7256594027,-57586.0525577203,-58332.0751518723,-746.022594152022,-49993.0139089649,3742.84207862912,-5427.48481968848,-6173.5074138405,2165.55382906691,51412.5451438798
-49462.0505125608,-58108.3194426295,-58718.4611153803,-610.141672750861,-49840.1781568706,2543.97561086256,-6102.29331920609,-6712.43499195695,2165.84796655273,51395.8844506725
-50383.715069223,-58566.9506870902,-59081.6919453241,-514.741258233836,-49714.6980075456,1495.8291800726,-6687.40643779466,-7202.1476960285,2164.84624174999,51364.8029910617
-51205.386292996,-59000.9118711487,-59529.4614575859,-528.549586437156,-49679.2497726033,636.748116739969,-7158.7774614128,-7687.32704784996,2162.88463713268,51313.5848232988
-51993.8231427978,-59446.7539364993,-60106.6461568482,-659.892220348826,-49757.961929478,-74.6004498147275,-7527.53124351625,-8187.42346386507,2161.26076350509,51259.3304726343
-52798.2836804236,-59903.6083396492,-60705.7129981832,-802.104658534017,-49845.092639419,-794.309381134051,-7899.63404035972,-8701.73869889374,2158.88165987046,51201.8696407555
-53629.5131367683,-60359.3110410422,-61276.1789021284,-916.867861086241,-49907.0014890846,-1566.28490750275,-8296.08281177661,-9212.95067286286,2156.22674018093,51146.3603681793
-54522.4166475948,-60837.7640064289,-61831.9890378891,-994.225031460185,-49930.4004319211,-2439.51728791047,-8754.86464674457,-9749.08967820476,2152.49892776326,51088.6743282241
-55518.0623831576,-61377.4738813598,-62496.318919762,-1118.84503840213,-50013.8563281796,-3355.1234771031,-9214.53497530533,-10333.3800137075,2149.0825778749,51044.0938676524
-56606.8945991928,-61948.9880002568,-63173.4060738006,-1224.41807354372,-50078.7934424117,-4383.63038156248,-9725.72378262656,-10950.1418561703,2144.47077521864,50998.8461440866
-57796.749148414,-62523.6703973487,-63820.5720737156,-1296.90167636688,-50102.3146683946,-5556.65368120515,-10283.5749301399,-11580.4766065067,2137.78079881432,50943.193790842
-59073.8807482346,-63074.0168488995,-64477.7732367053,-1403.75638780578,-50149.175389581,-6794.9643838458,-10795.1004845107,-12198.8568723165,2129.74097480779,50875.159976583
-60429.2107289055,-63601.2455710678,-65155.7848617502,-1554.53929068241,-50235.1734679704,-8072.33925704168,-11244.3740992041,-12798.9133898865,2121.69800389342,50802.3321811814
-61877.6531223706,-64105.8411357091,-65781.0808744818,-1675.23973877266,-50301.6639372665,-9462.14176437372,-11690.3297777123,-13365.5695164849,2113.84742073034,50740.2716192242
-63401.72610286,-64551.8794724001,-66297.7923513538,-1745.91287895361,-50332.0954609393,-10963.372290756,-12113.5256602961,-13859.4385392497,2106.25835116467,50692.4409331504
-64970.3396618665,-64897.9578958317,-66708.1301305407,-1810.17223470903,-50369.3155567374,-12501.9450102318,-12429.563244197,-14239.735478906,2099.0790948973,50658.2224169257
-66547.4348221203,-65114.9656065497,-66882.4897253423,-1767.52411879257,-50309.5365972519,-14145.2102184204,-12712.7410028498,-14480.2651216423,2092.68800644809,50634.7004849074
-68087.155986268,-65161.9938142614,-66800.3739822181,-1638.38016795672,-50173.4843349768,-15827.2145184319,-12902.0523464253,-14540.432514382,2086.4571328593,50621.5612998794
-69549.3165570711,-65016.8646452299,-66377.1384117611,-1360.27376653128,-49910.0183682342,-17557.4047726939,-13024.9528608527,-14385.226627384,2081.89341614299,50631.6380178459
-70849.3128735597,-64650.8382203521,-65680.7183671731,-1029.880146821,-49604.3503705645,-19166.7324586796,-12968.2578054719,-13998.137952293,2078.23004431558,50652.7002680591
-71916.8196914631,-64058.1915933206,-64713.6093819472,-655.417788626668,-49270.1605252154,-20570.6365068074,-12712.008408665,-13367.4261972916,2076.02265944022,50690.765396029
-72692.878164381,-63238.5409061321,-63596.9320660979,-358.391159965795,-49028.1865037547,-21589.466620194,-12135.1293619451,-12493.5205219109,2075.22504043223,50745.0203842212
-73103.3383700237,-62172.4908055594,-62298.0312767754,-125.54047121605,-48839.0377871342,-22188.9019871133,-11258.0544226489,-11383.594893865,2075.39859577624,50788.8959116944
-73127.8750971421,-60894.77433023,-60943.655067006,-48.8807367760224,-48793.1040220767,-22258.2262081467,-10025.1254412345,-10074.0061780106,2076.54486691874,50820.7681522194
-72762.1160342196,-59454.7880623639,-59509.5323404233,-54.7442780594155,-48823.2909706561,-21859.5666218756,-8552.23865001989,-8606.9829280793,2079.25844168791,50847.8051342846
-71983.2343571025,-57884.1742414604,-57989.375252679,-105.201011218553,-48879.0161967502,-21021.6360072297,-6922.57589158763,-7027.77690280618,2082.58215312265,50856.3973386543
-70767.1496064691,-56212.1353486714,-56377.1397936742,-165.004445002765,-48919.7662312366,-19761.2641825287,-5206.24992473099,-5371.25436973376,2086.1191927038,50840.8809789377
-69155.0140944453,-54490.5566288128,-54639.1748678474,-148.61823903466,-48875.6705876733,-18190.2348248687,-3525.77735923617,-3674.39559827082,2089.10868190325,50816.1610305419
-67253.7791468346,-52814.4409755811,-52861.0623293302,-46.6213537490984,-48754.2966197348,-16407.1511535066,-1967.81298225311,-2014.43433600221,2092.33137359318,50800.0066395789
-65167.6660173145,-51273.6763172747,-51198.2046273007,75.4716899739937,-48620.7097751744,-14451.450689031,-557.460988991178,-481.989299017185,2095.50555310913,50791.6870182575
-62973.3280548631,-49921.8270220788,-49789.585675762,132.241346316746,-48554.4824024063,-12319.7445044195,731.75652836481,863.997874681558,2099.10114803725,50785.8248967603
-60722.3286226379,-48782.809917369,-48705.5351517127,77.2747656563397,-48597.2580894377,-10022.106202624,1917.4125026449,1994.68726830125,2102.96433057621,50777.4971856703
-58473.4060598894,-47860.5037421977,-47849.6272006814,10.8765415163563,-48652.0990636373,-7714.76734899963,2898.13496869208,2909.01151020844,2106.53964725253,50769.5152524062
-56341.4753447343,-47207.8789685862,-47109.9441497728,97.9348188133607,-48580.4148402825,-5649.63939757434,3483.9569785737,3581.89179738707,2111.42110687743,50789.7707659733
-54441.3826725692,-46868.2094900633,-46544.6834498298,323.526040233519,-48401.5049850637,-3921.86362003223,3651.30956247359,3974.83560270712,2118.01406747323,50843.0450927704
-52817.4060452849,-46818.5598262813,-46391.8988564072,426.660969874073,-48350.2861266142,-2341.35003410492,3657.49618489871,4084.15715477277,2125.76988456579,50902.7169810541
-51486.2188326856,-47016.8837000864,-46644.8257106473,372.057989439122,-48448.3432431786,-905.132230094245,3564.20290250493,3936.26089194405,2132.74335941271,50953.1445920304
-50453.4209799551,-47426.3855163603,-47113.1020276873,313.283488673012,-48552.5579054401,237.86438005488,3264.89984364968,3578.1833323227,2138.72745456982,51004.568848683
-49731.1312085064,-48013.5200300921,-47567.219548763,446.300481329079,-48491.1828657998,905.569840017771,2623.18101843208,3069.48149976117,2145.51818272435,51083.0015298532
-49299.9110187216,-48719.0861203073,-48121.4750005599,597.611119747468,-48420.8659983933,1272.67460555859,1853.49950397283,2451.1106237203,2151.71962588687,51170.1967440276
-49156.6084618613,-49524.1490769761,-48908.5432682591,615.605808717054,-48487.9198665171,1489.23993593537,1121.6993208206,1737.30512953766,2157.92853127963,51261.4542065138
-49270.7386834816,-50400.3345222087,-49905.8599109834,494.474611225354,-48697.0786855347,1588.77395524332,459.178116516171,953.652727741522,2162.43395319022,51353.9872499502
-49581.3219726821,-51310.9631815631,-50904.7103568961,406.252824667007,-48883.3835243377,1468.90372296787,-260.73748591318,145.515338753829,2166.84217131225,51456.478520317
-50004.8062078187,-52188.1793904098,-51751.6092055775,436.570184832278,-48949.5413657835,1114.93151012803,-1068.44167246309,-631.871487630808,2170.19635216315,51556.307902779
-50512.257349586,-53011.8332599218,-52479.1993112529,532.633948668874,-48959.2267141495,620.897390480505,-1878.6785198553,-1346.04457118642,2173.928025917,51665.7886887354
-51049.356396194,-53762.4249971222,-53161.2768000821,601.148197040055,-48995.8921212879,123.210086712268,-2589.8585142159,-1988.71031717585,2176.67436161837,51773.7146799464
-51584.9340374494,-54449.3977944589,-53870.406805062,578.990989396937,-49108.1390804178,-297.813402583509,-3162.27715959304,-2583.28617019611,2178.98155444804,51866.1116242628
-52129.542432399,-55103.388860659,-54631.3046488073,472.084211851725,-49282.9871513003,-666.657246421447,-3640.5036746815,-3168.41946282978,2179.89803467721,51934.9693978293
-52741.734757171,-55770.5281759088,-55444.3603000996,326.167875809172,-49470.1728837964,-1091.16047922975,-4119.95389796757,-3793.78602215839,2180.40139414483,51976.7421537504
-53454.0345163857,-56455.4158120176,-56506.5362605897,-51.120448572167,-49845.343583405,-1428.31774302899,-4429.69903866091,-4480.81948723309,2180.37318995168,51974.5963247845
-54315.113892773,-57164.6826898593,-57551.3177858482,-386.635095988884,-50135.4762419736,-2001.41744467646,-4850.98624176279,-5237.62133775167,2178.22020612287,51927.0613521076
-55344.0276239251,-57884.3278142976,-58561.6736132507,-677.34579895308,-50329.5014331426,-2842.7276584069,-5383.02784877941,-6060.37364773249,2171.79853237564,51823.9541665651
-56578.5230218286,-58620.3874031484,-59595.6521065116,-975.264703363251,-50505.7279389102,-3909.15762688589,-5951.02200820563,-6926.28671156889,2163.63745603261,51694.1006915795
-58009.6869751479,-59354.8242426109,-60587.2697541357,-1232.44551152474,-50627.2462387129,-5227.03972298564,-6572.17699044873,-7804.62250197347,2155.40101344929,51550.2017406375
-59612.0804900341,-60060.3217094199,-61571.0279844057,-1510.7062749858,-50755.6615201611,-6709.31110017639,-7157.55231956213,-8668.25859454793,2147.10786969665,51392.0631148719
-61346.1893216592,-60700.9676247266,-62496.7106071095,-1795.74298238294,-50862.57529765,-8345.16355488256,-7699.94185794996,-9495.6848403329,2138.45046912659,51205.2827843937
-63160.69146792,-61232.5368522746,-63375.7136246082,-2143.17677233354,-50999.289292233,-10032.5060756501,-8104.35146000472,-10247.5282323383,2128.89610003693,50985.0086199364
-65023.009502556,-61629.6410451156,-64235.7393221404,-2606.09827702481,-51233.7142226563,-11669.5276893155,-8276.15923187512,-10882.2575088999,2119.76759058411,50747.3835362156
-66884.4586873377,-61862.8392006831,-65005.4916191607,-3142.65241847761,-51521.3997252655,-13252.804912653,-8231.18542599836,-11373.837844476,2110.25404941919,50489.0013562071
-68658.7827909153,-61896.4637345689,-65628.9579645894,-3732.4942300205,-51824.1104833897,-14734.5264264311,-7972.20737008474,-11704.7016001052,2100.14588109438,50191.7621344636
-70282.9479768579,-61698.2234362276,-66040.2860122665,-4342.06257603888,-52111.7995844179,-16080.8781947267,-7496.15365409638,-11838.2162301353,2090.2701977134,49860.0072060924
-71729.2947336863,-61258.1226267423,-66198.0703380197,-4939.94771127745,-52360.4551234875,-17289.5027433728,-6818.33063642876,-11758.2783477062,2079.33686682605,49499.8442790361
-72985.4253625073,-60594.6194341193,-66146.6974915731,-5552.0780574538,-52601.7394849379,-18313.8268462734,-5923.02091788537,-11475.0989753392,2069.859031296,49119.5204587801
-73997.7288290204,-59684.5115204342,-65791.410327424,-6106.89880698983,-52737.1881553552,-19201.2895096044,-4888.07220101814,-10994.971008008,2059.25116406089,48689.5405124262
-74781.1687605838,-58556.6629249505,-65091.1881227979,-6534.52519784743,-52719.7245093969,-20012.0389384926,-3787.53310285929,-10322.0583007067,2049.40531269434,48234.6046242438
-75313.6979998176,-57208.6717760205,-64082.8836013139,-6874.21182529335,-52590.7866289362,-20683.2105812304,-2578.1843574334,-9452.39618272674,2039.70078965095,47756.2755932938
-75583.2759923328,-55636.2645590435,-62815.7953336725,-7179.530774629,-52408.7463540299,-21143.7728449102,-1196.76141162092,-8376.29218624992,2030.7567933927,47259.9723727936
-75534.6625554253,-53819.6851412929,-61189.4745238934,-7369.78938260046,-52097.8351821127,-21413.6129632766,301.364450855841,-7068.42493174463,2023.21441003599,46751.2602095483
-75128.0684884905,-51751.1864108505,-59361.0524983767,-7609.8660875262,-51813.5019837558,-21297.4116773556,2079.47040028444,-5530.39568724176,2017.15482737917,46220.7907236087
-74321.2643051388,-49430.5213264162,-57465.4529090136,-8034.93158259749,-51670.607694561,-20638.1005639526,4252.64241476999,-3782.28916782751,2012.5560466251,45648.2321585887
-73066.4894003855,-46846.1663018656,-55385.3602160055,-8539.19391413993,-51560.122828882,-19496.9221627158,6723.40093580412,-1815.7929783358,2009.44440878773,45030.3733235298
-71328.7074587656,-44004.2493172944,-52959.0838748005,-8954.83455750607,-51322.1943502667,-17999.7153817344,9324.74275973675,369.90820223067,2006.79772676452,44374.1575195251
-69100.0184610038,-40945.133924779,-50216.5004078347,-9271.36648305571,-50971.7427691127,-16121.7749456638,12033.109590561,2761.74310750528,2006.50074622727,43706.8770322842
-66347.7413804344,-37698.691692479,-47297.0323636986,-9598.34067121958,-50617.2755233995,-13719.7761005611,14929.2735873943,5330.93291617476,2010.68975647379,43029.6246086538
-63045.4202236796,-34280.2814798571,-44353.2929277581,-10073.011447901,-50360.7860127631,-10670.2474132071,18094.8913306155,8021.87988271447,2014.38679770948,42302.1613625716
-59279.4282762968,-30791.3188487514,-41537.273845513,-10745.9549967616,-50261.6293170953,-6998.51755367527,21489.5918738701,10743.6368771085,2019.28140552622,41534.9557258599
-55099.3750911065,-27297.5167856898,-38775.3260952169,-11477.8093095271,-50169.7527717183,-2906.90107633682,24894.9572290799,13417.1479195528,2022.7212430514,40714.6647052426
-50614.7253886987,-23903.3733278523,-36011.9444702909,-12108.5711424387,-49942.3972798291,1354.72541763081,28066.0774784773,15957.5063360386,2027.05352650043,39860.8796638909
-45925.1309024755,-20687.8081570466,-33326.6037004436,-12638.7955433971,-49579.2261366382,5685.75454068173,30923.0772861107,18284.2817427136,2031.65930651907,38972.0898997602
-41144.0654438269,-17732.8264949362,-30949.3918829002,-13216.565387964,-49223.9357099336,10116.2807588821,33527.5197077728,20310.9543198088,2036.41049277539,38043.780814745
-36368.00513177,-15098.4265339163,-28947.3412742606,-13848.9147403443,-48880.3962327119,14553.2385487899,35822.8171466435,21973.9024062992,2040.84744784794,37072.3289402156
-31691.9181387974,-12835.8914714478,-27277.2096509832,-14441.3181795354,-48459.8155449915,18814.4827304538,37670.5093978034,23229.191218268,2046.58532425967,36065.0826897158
-27192.5306001489,-10965.7342897854,-26000.7273489551,-15034.9930591697,-47980.1412650592,22837.8604419811,39064.6567523445,24029.6636931749,2050.24977707072,34995.3979829603
-22980.4902742616,-9528.91609637205,-25158.6148290512,-15629.6987326791,-47448.0215584317,26519.7014052233,39971.2755831128,24341.5768504337,2052.17012105314,33870.4929468057
-19163.9098142725,-8562.45087250354,-24749.1757270299,-16186.7248545263,-46836.6334943522,29727.0826735504,40328.5416153194,24141.816760793,2054.35899347075,32704.2676332966
-15832.3931499068,-8077.01414331291,-24743.3956855217,-16666.3815422088,-46125.5527084754,32351.0675811744,40106.4465877683,23440.0650455595,2057.90802260577,31517.0791888724
-13057.640774095,-8057.12753673921,-25125.9419641084,-17068.8144273692,-45324.3019836673,34326.4899947531,39327.0032321089,22258.1888047396,2059.82878518075,30315.3163414788
-10887.2209537069,-8472.16713927653,-25801.9403127323,-17329.7731734558,-44399.161629745,35574.0071711508,37989.0609855811,20659.2878121253,2062.06649511259,29131.4549514018
-9327.67513681758,-9265.48318473165,-26674.8170542866,-17409.333869555,-43312.7942343222,36050.0401279128,36112.2320799988,18702.8982104438,2064.9210304082,27968.3813951754
-8377.99664240135,-10377.0805255463,-27782.2184782754,-17405.137952729,-42176.9248793492,35867.4312293024,33868.3473461574,16463.2093934284,2068.50299235457,26840.2899189748
-7977.93105365334,-11705.2565751053,-29004.7740314795,-17299.5174563742,-40958.2107264793,35049.8501272138,31322.5246057618,14023.0071493876,2069.57045438782,25728.2637244929
-8084.22216080583,-13177.5910825857,-30172.0594282382,-16994.4683456525,-39575.9812805426,33560.1833019554,28466.8143801755,11472.346034523,2068.42418221861,24649.9371171088
-8627.84800075932,-14693.5377282929,-31171.6778581472,-16478.1401298543,-38022.0358729461,31458.1020217516,25392.4122942181,8914.27216436377,2063.91414956482,23607.8098926566
-9558.65832279528,-16204.542514383,-32202.5402352759,-15997.9977208929,-36560.7473580459,29061.6007906814,22415.7165990937,6417.71887820082,2059.51175543072,22622.2613925838
-10756.121695223,-17602.813645392,-33128.3578296823,-15525.5441842903,-35133.1082225944,26429.8078785581,19583.115928389,4057.57174409874,2052.82135118668,21660.3853894908
-12153.1220592328,-18843.0767888465,-33898.3999785554,-15055.3231897088,-33757.6950855556,23652.5116577728,16962.5569281591,1907.23373845024,2047.93863145003,20750.3105272968
-13639.1263588675,-19837.3896976066,-34403.1562363056,-14565.766538699,-32390.1865044924,20793.0101856491,14594.74684691,28.9803082110275,2041.95004002418,19866.3700058176
-15152.1096808659,-20563.9550348808,-34573.583172364,-14009.6281374833,-31001.1397830623,17884.8836089656,12473.0382549507,-1536.58988253252,2035.85350676925,19027.3651523482
-16593.5563578372,-20983.9206849633,-34350.015646008,-13366.0949610447,-29571.634452538,15007.6377826209,10617.2734554948,-2748.82150554998,2029.55968792001,18235.0991794133
-17881.8738357941,-21092.1390985838,-33626.0839052503,-12533.9448066665,-28008.4730557243,12150.0721394461,8939.8068766564,-3594.13793001008,2023.47291951593,17498.0011685737
-18954.3350848291,-20895.0811844936,-32518.1911630394,-11623.1099785457,-26443.4618832493,9506.80154429647,7566.05544463188,-4057.05453391383,2017.67474587621,16838.0266505798
-19734.581297998,-20409.6358598977,-31029.6084050751,-10619.9725451773,-24855.7192960794,7132.87904758415,6457.82448568441,-4162.14805949291,2011.74104950269,16247.4878004048
-20187.961981505,-19672.8765866467,-29157.2228510296,-9484.34626438287,-23211.3288950849,5029.24376278164,5544.32915763995,-3940.01710674292,2005.87684920176,15732.8594799038
-20288.4929738854,-18732.4225532979,-27053.4976787156,-8321.07512541775,-21626.8932903646,3339.39254724584,4895.46296783337,-3425.61215758437,2000.99223076665,15306.8103957135
-20031.9471775981,-17649.6093729498,-24891.3400223632,-7241.73064941345,-20221.0734786566,2186.47847989719,4568.81628454547,-2672.91436486798,1997.35217883862,14976.6950080818
-19415.3808481064,-16485.3436465309,-22682.8453240261,-6197.5016774952,-18922.2401430596,1500.15356324331,4430.19076481885,-1767.31091267635,1993.29426829012,14718.0327338545
-18494.0764369078,-15324.7333040891,-20455.9602149982,-5131.22691090911,-17682.0523954481,1179.33570929027,4348.67884210894,-782.548068800172,1991.35975074993,14542.1852352889
-17302.397782728,-14218.681223723,-18369.240367722,-4150.55914399897,-16594.2503788518,1282.4726418678,4366.18920087281,215.630056873842,1990.62004574401,14434.3112805968
-15926.6195988846,-13245.1635702823,-16507.5631784252,-3262.39960814285,-15660.7255115601,1725.05697545293,4406.51300405518,1144.11339591232,1990.95106277741,14389.2769661946
-14454.4626535459,-12462.4920355972,-14920.9910431499,-2458.49900755267,-14833.9007794771,2368.26625168385,4360.23686963247,1901.73786207981,1988.82812575257,14364.229897677
-13062.2093597649,-11984.7112662332,-13739.8076610909,-1755.09639485766,-14170.1648248601,3098.03629549683,4175.5343890285,2420.43799417083,1990.08083040163,14405.1492604041
-11846.8320871237,-11829.1894219679,-12969.3767803523,-1140.1873583844,-13641.6773273781,3786.13430336715,3803.77696852302,2663.58961013862,1991.28906311277,14492.7790321065
-10913.8110056323,-12017.7876711936,-12510.4547114072,-492.667040213611,-13133.0137686266,4212.03651664129,3108.05985108005,2615.39281086643,1992.83375364699,14633.18048206
-10316.6454625891,-12518.7288793402,-12293.8285792634,224.900300076788,-12599.0825019287,4276.0728374213,2073.98942067024,2298.88972074703,1993.6357980817,14817.6186000872
-10111.7155837423,-13308.9739778416,-12237.5822060938,1071.39177174779,-11990.8766104676,3873.36741944588,676.109025346553,1747.50079709435,1994.20639272062,15056.474774936
-10310.9751104803,-14342.3234184514,-12357.4537486152,1984.86966983627,-11380.2872327042,3064.63052375328,-966.717784217926,1018.15188561834,1995.31840152935,15360.4753040698
-10877.4859657643,-15550.6550721788,-12596.6475492383,2954.00752294052,-10765.2314809083,1884.19356457384,-2788.97554184076,165.031981099753,1996.44804942983,15715.6870532786
-11757.7746452582,-16840.586463125,-12912.9677365455,3927.61872657951,-10182.6261605337,421.24860893344,-4661.56320893335,-733.944482353848,1996.39709365796,16106.6419807712
-12891.2189656825,-18152.4034438573,-13265.5715849088,4886.8318589485,-9655.40814259188,-1238.87722586742,-6500.06170404226,-1613.22984509375,1996.93359722319,16539.1735987636
-14212.1815264288,-19430.4456247998,-13616.2110827322,5814.23454206762,-9195.42033243037,-3018.58634009465,-8236.85043846568,-2422.61589639806,1998.17485390378,17007.8297284018
-15635.1790713086,-20600.7961095546,-13991.0404025032,6609.75570705143,-8885.21150673974,-4750.81957857545,-9716.43661682144,-3106.68090977002,1999.14798599341,17494.1151997846
-17088.6542494689,-21614.9963365762,-14353.8703115967,7261.12602497943,-8734.27876327336,-6353.68344593472,-10880.025533042,-3618.8995080626,2000.69204026077,17996.0968285136
-18474.9102481321,-22424.2821676399,-14647.6488918827,7776.63327575728,-8736.33678117974,-7735.70541188723,-11685.077331395,-3908.44405563776,2002.86805506515,18515.8381120022
-19706.522071298,-22992.9423190837,-14772.5556839665,8220.38663511719,-8809.19601776636,-8892.33196716873,-12178.7522149544,-3958.36557983726,2004.99408636292,19034.5767392465
-20734.5625862664,-23320.0661786982,-14788.6368461269,8531.42933257128,-9015.96859421614,-9710.55438893456,-12296.0579813663,-3764.62864879504,2008.03960311569,19555.4375299031
-21531.2454095048,-23425.0428398462,-14732.8696846408,8692.1731552054,-9357.93241194533,-10161.8386202991,-12055.6360506405,-3363.46289543507,2011.47437726037,20061.5799444111
-22081.2673869088,-23342.1464631275,-14756.2771349555,8585.86932817193,-9931.50266044629,-10134.1374753362,-11395.0165515548,-2809.14722338289,2015.62725112634,20532.9992397446
-22371.1402075998,-23089.6855290607,-14856.5603670996,8233.12516196111,-10684.7053186504,-9667.15785170687,-10385.7031731678,-2152.5780112067,2019.27703724247,20937.107517854
-22423.1079923359,-22712.4147230917,-15183.7326798442,7528.68204324746,-11707.1968477995,-8693.13738973722,-8982.44412049295,-1453.76207724549,2022.77375479921,21258.6526458462
-22265.3995964831,-22259.628886198,-15760.7095120606,6498.91937413738,-12958.1113736972,-7281.27705686525,-7275.50634658009,-776.586972442714,2026.01116592068,21483.0419137553
-21948.7482218962,-21780.9614826782,-16635.0965467971,5145.86493588108,-14413.036495861,-5507.94599993149,-5340.15926071355,-194.294324832473,2027.76572610364,21586.6671578457
-21530.3300105821,-21320.6399021049,-17702.7153451504,3617.92455695457,-15932.1602768663,-3569.07742657279,-3359.38731809563,258.537238858934,2029.09230714297,21579.1771409639
-21081.0613220289,-20926.3607773774,-19037.5730167731,1888.78776060428,-17546.2654047862,-1505.02726069252,-1350.326716041,538.46104456328,2029.7686565502,21464.8218219407
-20670.7414141211,-20635.2056327918,-20493.1419933774,142.063639414397,-19085.1819311139,444.104898164424,479.640679493774,621.704318908167,2029.66438117168,21256.9099516999
-20356.8394453266,-20465.8994429182,-21956.4819740541,-1490.58253113592,-20444.9003685151,2117.57986538734,2008.51986779576,517.93733665984,2029.51894219881,20983.836779578
-20138.1418764535,-20387.135195598,-23290.9989064244,-2903.86371082645,-21533.1711499188,3424.26332342684,3175.27000428241,271.406293455951,2029.23404996163,20658.5414890539
-19993.4905635374,-20365.0766368153,-24484.3516446771,-4119.27500786176,-22384.5492563222,4418.9550821878,4047.3690089099,-71.9059989518635,2027.89638940299,20293.1706378634
-19920.6956553164,-20405.3756327464,-25507.149029932,-5101.77339718555,-22989.8100225698,5095.00468219791,4610.3247047679,-491.448692417647,2025.89031494452,19913.9269403288
-19931.4458170391,-20492.6467295463,-26242.881196736,-5750.23446718973,-23265.7551825235,5357.47820775228,4796.27729524511,-953.957171944621,2023.16884226791,19538.6895576017
-20019.7788224816,-20603.9644948079,-26722.7878819636,-6118.82338715564,-23281.1429791198,5281.55424352261,4697.36857119629,-1421.45481595935,2020.19008688442,19182.5096788486
-20148.3427015355,-20703.8915292742,-26968.8002389145,-6264.90870964036,-23112.0549325133,4981.43944716089,4425.89061942224,-1839.01809021813,2017.72721618307,18864.873439056
-20267.8960054605,-20770.8632500422,-26907.2682984697,-6136.40504842749,-22708.8648085288,4455.01667377377,3952.04942919208,-2184.35561923541,2014.04787070554,18586.5076308068
-20382.7002558995,-20800.5256319669,-26424.8320298626,-5624.30639789572,-21963.8384005862,3590.80620917864,3172.9808331113,-2451.32556478442,2009.66806449194,18349.2000671825
-20482.2504931793,-20788.5381860437,-25642.8296849246,-4854.29149888097,-21009.9305771896,2533.41028479393,2227.12259192954,-2627.16890695143,2005.73020078361,18161.3692790923
-20544.0257098175,-20728.9508121637,-24622.0210632711,-3893.07025110738,-19905.2429838042,1362.32163806259,1177.39653571632,-2715.67371539106,2001.10436407586,18013.2770967727
-20584.7353066636,-20652.1243884222,-23476.8501931638,-2824.72580474154,-18734.8018620964,146.133956777438,78.7448750187725,-2745.98092972276,1996.06740134459,17906.1434586995
-20637.9309468354,-20580.5570564662,-22153.87716811,-1573.32011164371,-17423.2096476611,-1223.49611371768,-1166.1222233485,-2739.4423349922,1991.22518545669,17841.114721474
-20730.3815302395,-20517.647463206,-20837.6488358098,-320.001372603811,-16146.3178598359,-2598.28976419981,-2385.55569716631,-2705.55706977012,1985.77390620385,17812.0903934359
-20872.0786415693,-20462.5907599177,-19527.4714392084,935.119320709333,-14906.1677036848,-3985.86661883593,-3576.3787371843,-2641.25941647497,1980.04431904862,17821.3313434427
-21090.9268433842,-20425.7283658345,-18286.9629166493,2138.76544918526,-13748.5328213829,-5368.76384628039,-4703.56536873074,-2564.79991954548,1973.63017572096,17860.9284462891
-21398.9875423013,-20396.2732926397,-17223.1927045693,3173.08058807038,-12782.3523306611,-6649.02706989371,-5646.31282023208,-2473.23223216171,1967.60814174652,17923.041060478
-21788.7238149054,-20371.0645846272,-16420.0203353919,3951.04424923531,-12092.1995674697,-7734.41789345497,-6316.75866317678,-2365.71441394148,1962.1063539807,18005.3501706857
-22232.402975112,-20329.469896354,-15851.3561387896,4478.11375756444,-11664.1027422221,-8611.78637230152,-6708.85329354359,-2230.73953597915,1956.51386058839,18098.7303603749
-22714.8644626408,-20258.7051403172,-15586.6430220539,4672.06211826333,-11568.6585278835,-9194.60382486725,-6738.44450254368,-2066.38238428034,1951.60210989006,18192.3227560369
-23225.1379960035,-20143.3708308471,-15503.046609176,4640.32422167112,-11686.5290424605,-9591.79309751564,-6510.0259323592,-1869.70171068807,1946.81585602741,18273.669120159
-23729.3732975112,-19951.9299335173,-15588.3140450663,4363.61588845105,-12030.818107843,-9756.00482646039,-5978.56146246651,-1614.94557401546,1942.55036320778,18336.9843595018
-24211.2445263444,-19666.6099091292,-15876.1035977899,3790.50631133931,-12660.2943545292,-9612.53613505254,-5067.90151783739,-1277.39520649808,1938.41403676267,18389.2147026312
-24624.8776328119,-19256.5993945033,-16290.8895757994,2965.70981870389,-13510.272968266,-9180.06465960484,-3811.78642129622,-846.07660259233,1934.54000494105,18410.522791911
-24937.2592622493,-18716.2778947866,-16765.0151743648,1951.26272042176,-14523.0631052565,-8481.96423725689,-2260.98286979414,-309.720149372381,1932.23191973587,18406.5577454141
-25070.772351431,-18013.5385040338,-17186.5020583902,827.036445643598,-15597.7795035544,-7543.19664516073,-485.962797763513,341.073647880086,1929.79620271584,18354.6121519138
-24953.6510348057,-17133.489944389,-17536.7994882684,-403.309543879481,-16729.1939767302,-6297.0648823046,1523.09620811207,1119.7866642326,1927.39217577086,18253.2766086216
-24552.7732562423,-16097.173436381,-17703.7460197446,-1606.5725833636,-17802.8484435415,-4823.75229005357,3631.84752980767,2025.27494644407,1926.17252264721,18122.4483828251
-23801.4357693139,-14892.1479559666,-17582.2725775963,-2690.12462162968,-18725.5924078239,-3150.45295410333,5758.83485924389,3068.71023761421,1925.39040738662,17960.8581935808
-22665.9665093358,-13537.6920505217,-17056.6064240972,-3518.9143735755,-19366.4285632897,-1375.56019264544,7752.71426616861,4233.79989259311,1923.97775340066,17771.4919431148
-21166.3712754106,-12110.0214798776,-16239.5246079709,-4129.50312809328,-19778.1549341721,535.518617308523,9591.8684128415,5462.36528474823,1923.73495854707,17572.3867646259
-19317.8193060001,-10667.9117405137,-15153.5974180418,-4485.68567752812,-19947.1601399777,2554.73751470084,11204.6450801873,6718.95940265921,1925.39668072329,17386.8711431729
-17162.6077711555,-9274.25812726476,-13820.6507950871,-4546.39266782237,-19834.2081586215,4600.12956333538,12488.4792072262,7942.08653940379,1928.52917586947,17216.3446666685
-14779.0772773292,-7995.57377851313,-12368.2622854636,-4372.68850695044,-19513.234591653,6666.21994709006,13449.7234459061,9077.03493895566,1932.06263276618,17072.6087174688
-12271.7851393283,-6906.85956602215,-10772.8722170245,-3866.01265100241,-18903.0851986237,8567.83765660149,13932.7632299076,10066.7505789052,1936.53759730607,16973.6101449274
-9723.66211745232,-6059.93223188345,-9213.10104024875,-3153.16880836532,-18136.0623226047,10354.1793974313,14017.9092830002,10864.7404746349,1941.77919227891,16924.6727065183
-7268.86043503526,-5519.49719203735,-7726.34706065323,-2206.84986861589,-17191.1588943473,11870.0760498642,13619.4392928621,11412.5894242463,1947.77759055216,16932.0866162836
-5045.24958665675,-5342.3130720442,-6429.40295835257,-1087.08988630838,-16133.0250854246,13042.1670710676,12745.1035856801,11658.0136993718,1954.39157229975,17000.326771416
-3149.31345914202,-5557.32737137685,-5541.52315864807,15.8042127287816,-15147.3085264617,13959.6122190556,11551.5983068207,11567.4025195495,1961.61715173591,17124.7298909264
-1694.63074940123,-6181.47770233209,-5088.75289869114,1092.72480364095,-14249.2813967717,14524.4924891364,10037.6455362055,11130.3703398465,1969.84184176589,17311.8480421786
-761.25510705956,-7170.23981460067,-5084.52115264924,2085.71866195142,-13489.2400203629,14706.0831120331,8297.09840449202,10382.8170664434,1978.0981987298,17553.0568810441
-371.268368299575,-8462.46089290674,-5503.41254783266,2959.04834507407,-12891.5102752856,14505.8079044042,6414.615379797,9373.66372487107,1985.56599741815,17836.1246177778
-506.734200707049,-9989.98862634307,-6374.15715467603,3615.83147166703,-12541.8687229224,14028.522109389,4545.267683753,8161.09915542004,1993.38758717363,18151.0877817631
-1086.82543692537,-11640.9574536856,-7608.55251225453,4032.40494143109,-12428.5843665805,13339.7094049096,2785.57738814933,6817.98232958042,1997.95047525442,18458.9397832661
-2079.35778297083,-13348.4313155317,-9150.06489487614,4198.36642065559,-12556.1722963264,12476.783831253,1207.71029869216,5406.07671934775,1999.96931789749,18754.5080348795
-3400.06029368704,-15049.6311871394,-10992.5275053085,4057.10368183091,-12974.6208591218,11575.9776288185,-73.5932646339207,3983.51041719699,2001.41706338369,19033.1416043364
-4922.08188261032,-16656.6443296522,-13004.8729784508,3651.77135120141,-13601.4713955976,10678.7529693705,-1055.80947767137,2595.96187353004,1999.36345638317,19252.6062031822
-6569.87431809004,-18118.0039989017,-15042.7834001816,3075.22059872012,-14343.9775283415,9770.25592392941,-1777.87375688231,1297.34684183782,1996.15271367789,19415.3508407396
-8232.45658112971,-19378.5749586245,-17035.9320759353,2342.64288268919,-15171.0294551016,8928.52227227869,-2217.59610521612,125.046777473078,1989.94939830684,19503.6217360976
-9851.38699893693,-20436.8170653746,-19018.6800761155,1418.13698925912,-16125.9577773682,8257.65405462105,-2327.77601181668,-909.639022557554,1983.08327618978,19527.1780428171
-11343.4072450529,-21280.1573986976,-20856.8658518378,423.291546859799,-17076.6368620192,7706.85958002375,-2229.89057362097,-1806.59902676117,1973.62996305743,19473.5583719365
-12701.5810503333,-21947.5574059083,-22496.3227384219,-548.765332513561,-17946.2156839,7208.21369499927,-2037.76266057573,-2586.52799308929,1963.5790614326,19361.029412819
-13887.114200006,-22441.9859534078,-23795.0635143477,-1353.07756093988,-18574.2371717432,6638.06159090786,-1916.81016249394,-3269.88772343382,1950.93861917067,19172.098229974
-14929.8202964672,-22814.9372439935,-24840.0202640311,-2025.08302003759,-19038.6798886841,6048.08823736021,-1837.02871016612,-3862.11173020371,1939.22864514333,18952.8255137898
-15844.1163805304,-23092.2686058799,-25663.9457070305,-2571.6771011506,-19349.2706852879,5433.08140831876,-1815.07081703071,-4386.74791818132,1927.92710356131,18705.5206876986
-16644.8879386142,-23308.0330287367,-26170.1794561475,-2862.14642741074,-19390.3187606369,4662.41004048425,-2000.73504963827,-4862.88147704901,1916.97921846152,18445.1515516877
-17336.6495522074,-23484.3546700754,-26374.24900814,-2889.89433806463,-19182.1798891989,3752.47741042049,-2395.22770744752,-5285.12204551215,1906.94707342893,18199.2326245632
-17929.3189716763,-23628.0872316761,-26390.6817447329,-2762.59451305682,-18857.8440351829,2826.69346951545,-2872.07479048434,-5634.66930354116,1898.16840600888,17993.417928135
-18454.0189133499,-23753.4315841372,-26199.6786920913,-2446.24710795413,-18398.9290196851,1835.31131480479,-3464.1013559825,-5910.34846393664,1890.40120846966,17843.0831202006
-18920.8276527891,-23862.0150647044,-25843.2194637735,-1981.2043990691,-17848.2804831349,809.970333286604,-4131.21707862866,-6112.42147769776,1882.51750294087,17749.5935870066
-19334.8099030174,-23960.915568952,-25315.8729970615,-1354.95742810952,-17210.5953732716,-249.083331819583,-4875.18899775423,-6230.14642586375,1875.13119792618,17730.7691430882
-19709.6645342468,-24065.2067814687,-24686.1726265514,-620.965845082681,-16552.0409007748,-1288.65788330517,-5644.20013052712,-6265.1659756098,1868.96575016682,17800.0408058589
-20091.6246936848,-24212.0094435292,-24054.7502504952,157.259193034078,-15955.6776413492,-2269.86225270455,-6390.24700254898,-6232.98780951491,1866.08479963107,17979.0216340144
-20487.6347879866,-24397.7734611332,-23433.6230685671,964.150392566107,-15427.3153403115,-3193.64719967542,-7103.7858728221,-6139.635480256,1866.67224799965,18258.1379808772
-20887.2304858821,-24602.7168801553,-22845.2946175581,1757.42226259714,-14993.4742329456,-4023.46682945682,-7738.95322373002,-5981.53096113287,1870.28942347969,18621.1859190224
-21338.4263467146,-24851.9926367422,-22314.1791508195,2537.81348592276,-14652.0132806647,-4808.43866056497,-8322.00495059264,-5784.19146466989,1877.9744054849,19067.8011720723
-21795.6973649862,-25114.6206787133,-21934.4875930309,3180.13308568243,-14477.7252250628,-5432.80327795127,-8751.72659167843,-5571.59350599601,1885.16886197207,19543.0271727173
-22270.7689194068,-25398.928532785,-21724.8104436352,3674.11808914976,-14472.1472226477,-5906.20010004822,-9034.3597134264,-5360.24162427664,1892.42159671086,20038.6869085083
-22798.1595818798,-25708.4236940784,-21689.9413409345,4018.4823531439,-14622.6894584578,-6276.33605845179,-9186.60017065038,-5168.11781750649,1899.13406497019,20540.3058765719
-23408.2865396767,-26053.8828714589,-21826.4072620523,4227.47560940663,-14923.1076519285,-6578.07885242275,-9223.67518420499,-4996.19957479836,1907.10003532547,21057.6832966606
-24075.6688793662,-26400.2623298536,-21976.3549441197,4423.90738573388,-15222.7880568884,-6939.72342520096,-9264.3168756884,-4840.40948995452,1913.15739727686,21559.8528398991
-24761.4069723046,-26723.9256814889,-22241.268306968,4482.65737452094,-15623.8809048041,-7221.66339651245,-9184.18210569684,-4701.5247311759,1915.86267098804,22022.400950313
-25483.2365668511,-27028.8196152334,-22494.8791057922,4533.94050944127,-16023.8065873559,-7540.24669263513,-9085.82974101748,-4551.88923157621,1919.18328686008,22476.9303836572
-26175.6874521296,-27265.4916933932,-22627.7232593085,4637.76843408472,-16341.2455559756,-7915.01729111795,-9004.82153238151,-4367.05309829679,1919.42460503609,22898.4385950964
-26830.1067710037,-27455.5626313982,-22706.5038513772,4749.05878002097,-16639.241103378,-8272.93449256069,-8898.39035295518,-4149.33157293421,1917.931175065,23306.231058464
-27432.4690396753,-27614.0486215816,-22755.625754381,4858.42286720052,-16936.5070584491,-8579.97416536151,-8761.55374726779,-3903.13088006727,1915.98781586465,23710.9177415143
-27977.752376981,-27735.5755712227,-22717.1640123544,5018.41155886828,-17182.3199567712,-8881.85723932538,-8639.68043356713,-3621.26887469886,1913.57518088441,24114.3066965239
-28387.6416448346,-27781.0040832103,-22577.2023797165,5203.80170349378,-17366.6304189924,-9116.0882899374,-8509.45072831306,-3305.64902481928,1904.92293590482,24475.355058391
-28714.226813309,-27818.2965754165,-22427.4274076475,5390.86916776899,-17560.2141192223,-9257.11657307575,-8361.18633518323,-2970.31716741424,1896.89612101093,24847.9794080023
-28957.8519905429,-27845.248753762,-22276.1825103729,5569.06624338915,-17771.2123685278,-9298.0981325762,-8185.49489579541,-2616.42865240625,1888.5414894388,25228.8201013558
-29123.7781839575,-27865.9468302604,-22166.1484884606,5699.79834179978,-18038.2860852561,-9205.76101269367,-7947.92965899654,-2248.13131719676,1879.7310860077,25617.8155130636
-29192.9423447716,-27882.8155598512,-22145.2387906721,5737.57676917908,-18395.3039597639,-8927.37111978868,-7617.24433486828,-1879.66756568919,1870.26726521899,26003.147994162
-29198.5730698809,-27921.6472419476,-22215.6667525065,5705.98048944115,-18821.6467804906,-8515.50563232451,-7238.57980439121,-1532.59931495007,1861.42065706582,26389.0479269975
-29159.64755142,-27987.1592385512,-22397.3770995001,5589.78213905107,-19321.9556244736,-7984.71896392854,-6812.23065105972,-1222.44851200865,1852.97296301783,26764.7107265425
-29069.6216241342,-28064.8563736487,-22645.8089556302,5419.04741801844,-19875.7819772161,-7348.4650451258,-6343.69979464025,-924.652376621804,1845.3746017923,27140.2039970269
-28922.31328126,-28158.7814181477,-22990.3031133648,5168.47830478288,-20507.0297314214,-6575.67112596311,-5812.13926285082,-643.660958067934,1839.61242387549,27515.1204600797
-28719.9712619862,-28273.5527169489,-23492.6682754394,4780.88444150952,-21261.4840873426,-5623.92216731753,-5177.50362228027,-396.61918077075,1834.56500732602,27876.9335361781
-28460.246508186,-28396.3167955781,-23954.9388980982,4441.37789747989,-21950.0451775316,-4680.65007547431,-4616.72036286641,-175.342465386525,1829.55125518008,28220.9743301915
-28148.674965014,-28528.3905528801,-24410.3389688516,4118.05158402846,-22600.594055761,-3723.71253195297,-4103.42811981905,14.6234642094085,1824.36837730001,28543.0140170895
-27810.7300881273,-28689.2056025309,-24974.9463748666,3714.25922766431,-23312.3315811322,-2677.74432379141,-3556.219838195,158.03938946931,1820.65418320374,28847.2449920002
-27514.3400732249,-28911.3802739398,-25749.5416506226,3161.83862331718,-24143.1402796911,-1553.9139989635,-2950.95419967835,210.884423638832,1817.28579457032,29122.2646975786
-27323.5956666408,-29215.4879819508,-26602.3674374322,2613.12054451859,-24932.1691804368,-576.932127322581,-2468.82444263254,144.296101886057,1814.4943588814,29359.7840838368
-27300.7539603108,-29602.9112480817,-27568.5964350831,2034.31481299855,-25710.6992747566,222.834527387777,-2079.32276038307,-45.0079473845267,1812.88921294199,29557.9033006972
-27496.445463369,-30071.687494131,-28636.3535081823,1435.33398594872,-26474.9608119581,790.271686766563,-1784.97034399546,-349.636358046737,1811.75633817745,29722.0511360842
-27940.8373592061,-30611.9885419139,-29818.7508776253,793.237664288537,-27253.9886499008,1124.32652429249,-1546.82465841527,-753.586994126733,1811.17523359778,29858.4015477871
-28646.2047231297,-31195.8844159879,-30976.5357194169,219.348696570998,-27935.3057519154,1100.56946739643,-1449.11022546175,-1229.76152889075,1811.46843861072,29966.1228870972
-29574.0738073069,-31754.9022482521,-32092.4471624646,-337.544914212509,-28562.3753268934,800.265184211018,-1380.56325673417,-1718.10817094667,1811.96366462449,30036.7940773054
-30693.8782615705,-32234.7452832183,-32975.6616885847,-740.916405366409,-29000.6538860864,119.775111575371,-1421.09191007241,-2162.00831543882,1812.99948705945,30072.7369677795
-31947.5182963724,-32570.6267221039,-33667.307753308,-1096.68103120408,-29356.3713877563,-776.383773501019,-1399.49219923255,-2496.17323043663,1814.7631351151,30074.4534916673
-33225.4345083231,-32668.7970737279,-34095.7345963563,-1426.93752262836,-29643.0794920265,-1766.00476255033,-1209.36732795513,-2636.30485058349,1816.35025374626,30032.4922231444
-34418.1125635876,-32467.8187209583,-34163.0827672431,-1695.26404628475,-29833.6148349982,-2765.86387437037,-815.57003174108,-2510.83407802582,1818.63385421899,29956.9846429325
-35444.6387535028,-31943.1860780965,-33798.4049189648,-1855.21884086827,-29894.1834619032,-3729.54531162671,-228.09263622042,-2083.31147708869,1820.90997997288,29859.8746010078
-36192.8766594933,-31072.7336086117,-33003.5370034249,-1930.80339481315,-29877.84759077,-4490.89289704578,629.250153835748,-1301.5532409774,1824.13617167746,29771.1803676343
-36541.0969243995,-29846.5661414743,-31767.262752572,-1920.69661109767,-29781.2963279048,-4932.69653867972,1761.83424424544,-158.862366852238,1827.10405781489,29687.7037746221
-36421.6221759921,-28282.5856319017,-30080.2644699883,-1797.67883808658,-29595.436929968,-4995.376857775,3143.65968631534,1345.98084822876,1830.80838824903,29628.5664801305
-35768.6347281138,-26411.8355475377,-27946.009978599,-1534.17443106134,-29312.3518249705,-4621.18157861955,4735.6176019566,3201.44317089525,1835.10132452374,29613.2787184329
-34495.4709230634,-24266.3072462839,-25397.2656158625,-1130.9583695786,-28937.8741795713,-3720.32975039288,6508.83392638659,5377.87555680799,1837.26699309918,29644.1828030919
-32565.8252743482,-21936.1173286158,-22476.8227669871,-540.705438371347,-28458.1887577754,-2266.81770871335,8362.89023701905,7822.18479864771,1840.81880785942,29758.3021272635
-29983.6064435469,-19519.6039185146,-19354.5959999338,165.007918580792,-27930.0809388285,-210.153171340286,10253.849353692,10418.8572722728,1843.37233337811,29938.4611907874
-26813.2413231385,-17162.4002317153,-16326.2630126196,836.137219095692,-27490.8128899361,2523.57736523872,12174.4184566618,13010.5556757575,1846.0057984411,30172.9559074729
-23167.7122824315,-14995.2735241173,-13603.2331437731,1392.04038034423,-27205.4678215728,5887.57327590663,14060.0120342208,15452.052414565,1849.81773676533,30447.3259386824
-19162.3895344783,-13099.2721684708,-11338.8067584645,1760.46541000633,-27109.3951279838,9800.13286084611,15863.2502268536,17623.71563686,1853.12726734066,30722.9878053308
-15004.6977310655,-11601.0141819634,-9631.58850007869,1969.42568188472,-27160.4829593468,14012.8982474642,17416.5817965663,19386.007478451,1857.11301918291,30987.0216604145
-10911.9943077591,-10639.9067146926,-8653.22683440961,1986.67988028298,-27381.1632395943,18331.7987951888,18603.8863882552,20590.5662685382,1862.62986335356,31230.4729832308
-7077.53354844992,-10309.6471004189,-8474.68835626892,1834.95874415001,-27753.106449852,22546.4144812433,19314.3009292743,21149.2596734243,1870.8415798412,31458.9067738432
-3676.89932452464,-10639.8991653074,-9096.33441255027,1543.56475275716,-28235.6942843877,26438.2832493126,19475.2834085298,21018.848161287,1879.48828944951,31658.7473265944
-895.265072003516,-11685.7505620188,-10328.1680809887,1357.58248103009,-28595.4204409532,29588.4808155828,18797.9953255675,20155.5778065976,1888.32544663314,31841.3283686164
1098.37960578373,-13462.1010569228,-12129.6836588504,1332.41739807249,-28788.6076643457,31784.0706556318,17223.5899929252,18556.0073909977,1897.08338550234,32018.1084479206
2150.32320543117,-15938.2088524172,-14418.0626993949,1520.14615302232,-28781.2715748927,32836.670155343,14748.1380974946,16268.284250517,1905.07537501916,32206.4931029342
2121.91957903408,-19053.1755483216,-17215.0589633641,1838.11658495756,-28674.317709306,32708.4415972965,11533.3464699408,13371.4630548984,1912.20430895642,32424.63860322
921.207522957705,-22764.4767870882,-20489.7565460015,2274.72024108672,-28501.2266920465,31343.2730528488,7657.58874280284,9932.30898388956,1920.83883784453,32696.7857709778
-1478.90659162063,-26955.5888772206,-24155.079120515,2800.50975670563,-28284.2209173947,28734.1947060873,3257.51242048726,6058.02217719289,1928.88038031322,33013.6110544135
-4978.94017544851,-31432.8902410881,-28235.4913909287,3197.39885015936,-28223.8783485849,25181.2947036318,-1272.65536200771,1924.74348815164,1936.35653049541,33357.6337292397
-9427.50029409719,-36021.090970287,-32647.1366512502,3373.95431903684,-28396.174157307,20911.396884234,-5682.19379195582,-2308.23947291897,1942.72302102424,33712.8514973681
-14655.3747196108,-40575.22614009,-37169.1605814683,3406.06555862175,-28717.5145373713,16010.9687936334,-9908.8826268458,-6502.81706822405,1948.82897587288,34072.409071866
-20452.2518974814,-44910.2880299923,-41676.1320718896,3234.15595810281,-29214.7229151191,10716.5684653901,-13741.4676671208,-10507.311709018,1954.09744775238,34402.9763209743
-26594.3216742433,-48875.4095802002,-45966.6275694665,2908.78201073368,-29820.5168554808,5184.63418755142,-17096.4537184055,-14187.6717076718,1958.43900631391,34687.7378725284
-32864.4622442375,-52355.9715263742,-49911.790108835,2444.18141753919,-30514.0064717269,-387.756542171836,-19879.2658243085,-17435.0844067693,1962.69923033875,34920.8871196049
-39031.7539733403,-55249.9090180594,-53410.7489762429,1839.16004181649,-31269.9560908885,-5795.35408601718,-22013.5091307363,-20174.3490889198,1966.44379643458,35075.5599291396
-44913.632220162,-57513.8509706218,-56459.1531023845,1054.69786823732,-32116.806478519,-10826.9749362541,-23427.1936867139,-22372.4958184766,1969.85080538894,35141.3551521452
-50341.3777324583,-59098.6665677596,-58946.2332087458,152.433359013719,-32993.9574306038,-15374.6083927071,-24131.8972280083,-23979.4638689946,1972.81190914742,35119.202698765
-55167.4850612937,-59983.1006057875,-60733.2293884366,-750.128782649119,-33794.8349131319,-19397.8695279082,-24213.485072402,-24963.6138550511,1974.78062025355,35019.4867507364
-59297.2171811163,-60201.4853335342,-61729.6691603718,-1528.18382683761,-34419.4919503795,-22900.8459746016,-23805.1141270194,-25333.2979538571,1976.87925613524,34868.1873796771
-62683.6727779512,-59809.8157258788,-61803.1850081809,-1993.36928230211,-34697.6968631007,-26007.258828726,-23133.4017766537,-25126.7710589558,1978.71708612444,34683.044666923
-65271.1314786913,-58844.1200906687,-60997.0477123609,-2152.92762169221,-34654.5953739745,-28637.1449478658,-22210.1335598431,-24363.0611815353,1979.39115685104,34481.0589091333
-67035.4088335641,-57385.0731564828,-59472.8369827608,-2087.763826278,-34381.6482657353,-30675.3120826252,-21024.9764055438,-23112.7402318218,1978.44848520359,34272.3329246609
-67993.9616725175,-55515.0559556887,-57338.421021072,-1823.36506538332,-33915.7348289229,-32102.0527546515,-19623.1470378228,-21446.5121032061,1976.17408894297,34068.5438524826
-68241.4516666623,-53343.6071175341,-54779.1163449601,-1435.50922742599,-33364.5354993745,-32903.2799655405,-18005.4354164123,-19440.9446438383,1973.63620174733,33902.6624736958
-67855.0074900104,-50965.0635975396,-51945.1720632461,-980.108465706525,-32808.5053546645,-33074.7599836072,-16184.8160911363,-17164.9245568428,1971.74215173871,33800.1390406967
-66834.652027833,-48404.1114355492,-48867.7651980881,-463.653762538945,-32250.2681249658,-32614.266339289,-14183.7257470051,-14647.3795095441,1970.11756357826,33756.7319260051
-65285.5307115926,-45727.5907344553,-45569.9576082858,157.633126169501,-31655.0879729931,-31662.3452044313,-12104.4052272941,-11946.7721011246,1968.09753416812,33780.8186333308
-63353.2038104394,-43030.7975806876,-42219.5170828679,811.280497819705,-31108.6355267063,-30277.9449471043,-9955.53871735259,-9144.25821953289,1966.62333662875,33886.5393611547
-61091.8596124532,-40361.1878299781,-39100.5468112715,1260.64101870658,-30818.4734636408,-28307.0022153447,-7576.33043286956,-6315.68941416298,1966.3839334677,34045.4984158151
-58562.3151857015,-37767.0750956358,-36322.2478546904,1444.8272409454,-30821.9333094049,-25772.7871826723,-4977.54709260653,-3532.71985166113,1967.59469362434,34234.3552439746
-55899.8179473223,-35321.061018119,-33931.4597949341,1389.60122318486,-31090.3446671556,-22839.9642113959,-2261.20728219255,-871.606059007696,1969.5090687709,34449.4549591113
-53169.7136056932,-33034.4835854625,-31958.3489616419,1076.13462382053,-31596.6401140079,-19603.4714815459,531.758538684861,1607.89316250538,1969.60201013938,34642.3767479678
-50439.6579958326,-30921.4838950059,-30313.0830809577,608.400814048188,-32211.0015877508,-16258.4836286681,3259.69047215867,3868.09128620685,1970.17277941372,34789.5751812127
-47774.3698230674,-28988.646193125,-29040.0166076714,-51.3704145464438,-32941.68982592,-12861.7116552609,5924.01197468156,5872.64156013512,1970.96834188651,34861.2877532601
-45263.24390025,-27259.8982329496,-28139.2969511715,-879.398718221932,-33758.7069313872,-9531.97327913472,8471.37238816573,7591.9736699438,1972.56368972814,34851.8719028934
-42937.7703099283,-25739.7009494114,-27639.7946784353,-1900.09372902391,-34664.4216549852,-6298.77660245345,10899.2927580634,8999.19902903954,1974.57205248963,34738.8999784509
-40759.6120801999,-24371.6592089111,-27509.0510296285,-3137.39182071742,-35653.4516287581,-3130.10675729055,13257.8461139983,10120.4542932809,1976.05369415125,34492.1135021919
-38746.2870201359,-23158.7616448364,-27573.4916269105,-4414.72998207415,-36582.1775498253,-184.310656884506,15403.214718415,10988.4847363409,1979.79881342606,34147.2463811772
-36853.4073011237,-22042.9609913767,-27601.2792288659,-5558.31823748917,-37276.0276799753,2406.4071464932,17216.8534562402,11658.535218751,1983.78676764157,33701.4962101277
-35028.9789556488,-20989.4870885385,-27558.4520962917,-6568.96500775328,-37740.8185959993,4701.54020569942,18741.0320728098,12172.0670650565,1989.70056534897,33161.554153595
-33208.5935282516,-19974.53326365,-27300.7549379144,-7326.22167426437,-37862.3591679359,6649.03411963004,19883.0943842316,12556.8727099673,1995.26847994574,32531.4059736173
-31370.1087609967,-19018.9607686051,-26962.778433242,-7943.81766463685,-37793.7789298835,8423.93290176641,20775.0808941579,12831.2632295211,2000.26273287955,31850.2239981262
-29483.2155574537,-18119.9272297624,-26440.5170352501,-8320.5898054877,-37448.2819993834,9969.40228032536,21332.6906080167,13012.100802529,2004.33583839572,31132.0280322914
-27489.6896758353,-17263.6595403121,-25576.2757277129,-8312.61618740076,-36702.66891378,11220.879322586,21446.9094581092,13134.2932707084,2007.90008464123,30397.9528110205
-25353.6712601096,-16446.8271786987,-24547.6021253596,-8100.77494666086,-35742.1016393803,12396.7382073931,21303.5822888039,13202.8073421431,2008.30782812237,29649.6345208418
-23117.1712480056,-15731.0447500979,-23530.779505761,-7799.73475566315,-34736.9672448862,13629.8190082078,21015.9455061155,13216.2107504523,2010.02301132713,28947.2555005502
-20734.4124825115,-15093.9515364018,-22366.4686245447,-7272.51708814292,-33548.6453785699,14825.7170803163,20466.178026426,13193.6609382831,2011.48418425794,28287.6124746849
-18256.3765791718,-14590.62092541,-21187.7448023072,-6597.12387689715,-32269.2606871862,16025.0686893538,19690.8243431156,13093.7004662184,2012.18458133934,27684.3213916284
-15785.7396758761,-14301.4506515005,-20225.7258119085,-5924.27516040798,-31061.1414462756,17288.1777554902,18772.4667798657,12848.1916194578,2012.77598509069,27149.6422709583
-13319.2656149479,-14205.0300920413,-19405.6687218507,-5200.63862980937,-29858.9430764869,18551.6648167518,17665.9003396584,12465.261709849,2011.98735521282,26670.2918018903
-10903.9992639319,-14298.8686337335,-18720.7672709112,-4421.89863717769,-28668.6423515956,19775.2095675552,16380.3401977536,11958.4415605759,2010.56647989148,26257.3101943093
-8627.32843473095,-14605.3972876211,-18223.1023838847,-3617.7050962636,-27532.8834303217,20914.4549777942,14936.386124904,11318.6810286405,2008.89998220344,25924.0783162615
-6593.81631446155,-15164.4358511495,-17917.1437019592,-2752.70785080965,-26423.9656904759,21837.4303365971,13266.8107999091,10514.1029490994,2007.28096058267,25678.538800249
-4858.18666436441,-15984.9449491439,-17816.8848624799,-1831.93991333602,-25344.8731681858,22494.5491772115,11367.7908924321,9535.85097909603,2007.86267339017,25520.7959282399
-3430.48238400937,-17017.9125645254,-17889.9596766254,-872.047112099947,-24310.7059978191,22889.800408098,9302.37022758196,8430.32311548201,2009.57679428831,25448.2356800075
-2371.15485237017,-18260.1974642811,-18139.6495924709,120.547871810138,-23342.1093047552,22983.6696402872,7094.62702837632,7215.17490018646,2012.71518790215,25475.3723644675
-1717.52821081039,-19722.1538171422,-18654.295544983,1067.85827215918,-22492.5664276229,22791.9713612205,4787.34575488874,5855.20402704792,2016.93314440798,25577.3578441901
-1478.87279369238,-21373.0442949579,-19353.8175489639,2019.22674599398,-21676.4521957144,22216.1815276318,2322.01002636632,4341.2367723603,2018.60212560983,25714.2810673182
-1729.3329577197,-23221.9116140748,-20319.2761110004,2902.63550307446,-21001.1629307977,21292.1981400607,-200.380516294394,2702.25498678007,2020.36816698273,25924.1666008549
-2469.59478523886,-25215.4906102781,-21557.6925132455,3657.79809703261,-20526.5936020907,20078.3352378385,-2667.56058720076,990.237509831846,2021.33642098661,26205.7281201099
-3708.6804686084,-27351.4671730348,-23026.311289749,4325.15588328581,-20195.9159423261,18510.2370028276,-5132.54970159889,-807.393818313075,2023.00152910988,26544.0733547218
-5502.39115642714,-29638.0466659747,-24693.7245435657,4944.32212240894,-19973.7935283176,16496.4763332713,-7639.17917627622,-2694.85705386727,2025.07396138089,26943.1896121074
-7847.74350319787,-32022.11610145,-26457.367474002,5564.74862744802,-19799.6681926708,13976.0487432082,-10198.3238550439,-4633.57522759592,2024.12405373527,27388.5408738541
-10766.158273611,-34493.6253289127,-28431.1332111735,6062.49211773917,-19795.8338680329,11053.7443479603,-12673.7227073413,-6611.23058960218,2024.06875353844,27882.3947393105
-14197.7061173172,-36999.305930299,-30440.6179453506,6558.68798494838,-19833.9895339173,7661.59778443878,-15140.002028543,-8581.31404359461,2025.31436783866,28417.9918867044
-18053.2811514822,-39453.4360390356,-32484.3189877074,6969.11705132821,-20010.8967471375,3986.86093444458,-17413.2939531089,-10444.1769017807,2029.24533878928,29009.259137255
-22218.6738922919,-41753.8177745191,-34463.6704619325,7290.14731258661,-20324.4155860782,139.073059552856,-19396.0708226743,-12105.9235100877,2033.33136576655,29647.8942644314
-26561.9746874837,-43838.0990697305,-36058.4436620879,7779.6554076426,-20539.5575871727,-3980.61508151403,-21256.7394637609,-13477.0840561183,2041.80201879691,30361.0150136122
-30861.0467760752,-45618.1856331987,-37371.8149119996,8246.37072119912,-20823.5340577532,-7985.77096281311,-22742.9098199366,-14496.5390987375,2051.74175550892,31121.6465344612
-34933.8152319249,-47050.7817461476,-38463.795790517,8586.98595563055,-21277.6949483558,-11593.7608322297,-23710.7273464523,-15123.7413908217,2062.35945133953,31927.0403553258
-38675.2557065669,-48146.4773255605,-39073.0658740173,9073.4114515432,-21648.4555337551,-14953.0432267269,-24424.2648457204,-15350.8533941772,2073.75694608495,32795.6239313832
-41988.542459482,-48905.7333814053,-39188.1071129379,9717.62626846736,-21926.6033897171,-17976.0448884332,-24893.2358103565,-15175.6095418891,2085.89418133166,33730.1238395162
-44787.7990366167,-49340.2196224001,-39081.3223006226,10258.8973217775,-22365.2302814002,-20324.9279354154,-24877.3485211988,-14618.4511994213,2097.6408198011,34721.7684229788
-47039.7548983736,-49506.8078935769,-38699.5645288255,10807.2433647514,-22880.7625458588,-22049.2390541692,-24516.2920493725,-13709.0486846211,2109.75329834557,35797.7592089558
-48727.5930376957,-49454.7629516196,-38076.4503550441,11378.3125965755,-23434.131771063,-23173.8063728148,-23900.9762867387,-12522.6636901631,2119.65489381796,36932.0992614565
-49858.9742988837,-49243.3264796273,-37332.5893333096,11910.7371463177,-24070.4948872724,-23660.0813599392,-23044.4335406828,-11133.6963943651,2128.3980516722,38109.6300852623
-50481.718419616,-48914.7459507313,-36738.0330140431,12176.7129366882,-24995.9432765199,-23350.5401773786,-21783.5677084938,-9606.85477180561,2135.23496571754,39307.8911789257
-50698.8169167938,-48540.9732522703,-36289.380238166,12251.5930141043,-26141.3455136194,-22417.6139314964,-20259.7702669729,-8008.17725286862,2139.85747167799,40532.7959994017
-50629.0672531666,-48205.9286365056,-35901.7528014385,12304.1758350671,-27322.088635071,-21163.504429484,-18740.3658128231,-6436.18997775597,2143.47418861155,41769.7386587497
-50331.1304631835,-47939.6226448295,-35708.9524100267,12230.6702348028,-28598.0099219479,-19587.997439181,-17196.489620827,-4965.81938602422,2145.12310205458,42973.8032588053
-49898.2081173098,-47763.4180561633,-35971.2256142547,11792.1924419086,-30194.0389085671,-17557.9336058132,-15423.1435446667,-3630.95110275809,2146.23560292952,44132.4669534052
-49403.1244086718,-47672.3462142748,-36696.4940460034,10975.8521682715,-32093.5910267816,-15163.8972173669,-13433.1190229699,-2457.26685469845,2145.63616452327,45215.0793595764
-48922.5545790448,-47673.5217352299,-37652.6583541096,10020.8633811203,-34032.9036778504,-12745.0307074809,-11495.997863666,-1475.1344825457,2144.62019371343,46198.3872526842
-48479.4466029471,-47749.3165792094,-38918.0062568634,8831.310322346,-36075.5996473903,-10260.5416532829,-9530.41162954514,-699.101307199149,2143.30530227388,47050.2152720102
-48113.3112331338,-47859.9670018362,-40514.4768491228,7345.49015271344,-38285.2154554405,-7686.53201413117,-7433.18778283359,-87.6976301201504,2141.56376356214,47772.2693717161
-47856.6374699042,-47973.7843934943,-42278.1711226722,5695.6132708221,-40522.0974097693,-5195.53750983106,-5312.68443342109,382.928837401016,2139.00255030381,48356.7132308952
-47729.2452879989,-48070.3681160691,-43936.4587523879,4133.90936368119,-42513.9555328723,-3080.19533077689,-3421.31815884703,712.591204834152,2135.09442434972,48782.9593209032
-47752.6772309232,-48152.4739243197,-45535.7758785793,2616.6980457404,-44291.0264344681,-1331.04527347155,-1730.84196686813,885.856078872273,2130.60552298346,49038.330003192
-47930.2714773097,-48204.5263502899,-47188.8566875475,1015.66966274233,-45993.6188097777,189.833941711375,-84.4209312687312,931.248731473593,2126.48660924344,49135.7750817634
-48226.7157549998,-48197.1175796929,-48791.9493016993,-594.831722006442,-47543.2855241275,1439.50544110568,1469.10361641266,874.271894406212,2122.93567197805,49071.3894740991
-48604.6337685083,-48122.4139701384,-50252.4654239072,-2130.05145376874,-48859.1699313087,2374.79258904229,2857.01238741221,726.960933643466,2120.2564262419,48849.3749037819
-48984.0605139792,-47947.9570783684,-51534.3795992282,-3586.42252085977,-49915.453918409,3049.36674781814,4085.47018342883,499.047662569057,2117.97334338825,48447.0047409375
-49324.2656311862,-47674.6882039144,-52752.4649437227,-5077.77673980826,-50843.1709126143,3635.10081924822,5284.67824651995,206.901506711695,2116.19553782013,47881.5897106261
-49568.1422616702,-47277.6487798348,-53744.7641778524,-6467.11539801758,-51515.0286813806,4061.10999694897,6351.60347878434,-115.511919233248,2114.22357723857,47162.1368606016
-49707.5607091963,-46774.7432942492,-54361.711547996,-7586.96825374675,-51798.3641202127,4203.82096099492,7136.63837594198,-450.329877804767,2113.01754997847,46324.4134164444
-49722.0069882884,-46173.3587552968,-54624.0043390965,-8450.64558379974,-51712.3059954919,4101.38394568398,7650.0321786756,-800.613405124135,2111.08493848048,45372.7453501727
-49620.4836334606,-45509.1406585394,-54653.3323850709,-9144.19172653151,-51377.2954522913,3866.35347933521,7977.69645425638,-1166.49527227512,2109.54166050454,44342.6453862643
-49405.5776220861,-44798.845528511,-54407.6872919296,-9608.8417634186,-50760.4497717158,3463.15433140579,8069.88642498085,-1538.95533843775,2108.28218177601,43259.8901900732
-49087.2238995227,-44067.1604925007,-53801.3850177725,-9734.22452527174,-49799.6705189037,2819.85743837087,7839.92084539291,-1894.30367987884,2107.41081898994,42172.8568126219
-48671.6596466733,-43335.508854689,-52696.2349987348,-9360.72614404587,-48389.1723513391,1824.58681376079,7160.73760574519,-2199.98853830068,2107.07410909505,41135.5203163883
-48191.3770619165,-42639.1797340835,-51137.634985513,-8498.4552514295,-46611.1344355003,529.745786844971,6081.94311467795,-2416.51213675155,2109.98841326116,40222.667597332
-47649.9139856897,-41963.3049347105,-49166.1979757883,-7202.89304107784,-44540.2367942449,-997.170176081109,4689.43887489809,-2513.45416617974,2112.50701536361,39449.8507685307
-47082.4581839819,-41313.6637801347,-46920.64060665,-5606.97682651532,-42332.570931358,-2634.94071502745,3133.8536888197,-2473.12313769561,2114.94653759647,38840.5406424391
-46519.5546460662,-40711.6127069515,-44538.3280914198,-3826.71538446836,-40139.9633610505,-4261.52898034867,1546.4129587661,-2280.30242570226,2118.06230466702,38431.3102812492
-45966.4600652967,-40152.3537507325,-42141.8582625109,-1989.50451177846,-38102.2850007485,-5742.52924564724,71.5770689170213,-1917.92744286143,2121.64581890104,38234.4263078711
-45393.5639478186,-39605.5369577606,-39835.4566321273,-229.919674366754,-36340.2657600046,-6928.30143397529,-1140.27444391723,-1370.19411828399,2124.99675383873,38235.3428394766
-44795.1270517953,-39064.4242325464,-37723.9278038359,1340.49642871053,-34946.3521483265,-7720.82699312643,-1990.12417387759,-649.627745167053,2127.9479103423,38414.7964873794
-44171.8297945826,-38539.0811356177,-35789.0782127484,2750.00292286932,-33872.7375005366,-8167.93478177637,-2535.18612281146,214.816800057863,2131.15751226963,38753.8979356755
-43492.5894898625,-38040.4050349344,-34116.3502478426,3924.05478709178,-33160.5172803082,-8197.10510670727,-2744.92065177919,1179.13413531259,2134.96710284703,39219.539170247
-42731.6963950886,-37576.5358503775,-32775.763992921,4800.7718574565,-32825.3947477902,-7767.65577229551,-2612.49522758435,2188.27662987215,2138.64587500293,39764.8124802496
-41899.5894535905,-37154.5149150603,-31875.4445187801,5279.07039628021,-32921.9100970077,-6835.57315461199,-2090.49861608175,3188.57178019846,2142.10620197084,40343.0866952587
-41046.434739515,-36818.4254892112,-31549.4515581405,5268.97393107078,-33511.7653492744,-5386.19412407989,-1158.18487377614,4110.78905729464,2148.47526616071,40929.2145465058
-40190.3088832086,-36576.0417800914,-31783.0794646697,4792.96231542173,-34508.6685236152,-3527.75039954317,86.5167035740279,4879.47901899576,2153.88996005024,41455.5207990872
-39350.2959849913,-36420.4760735934,-32520.264543324,3900.21153026938,-35817.2350727111,-1377.52741376665,1552.29249763121,5452.50402790059,2155.53349851354,41872.980101494
-38580.589714209,-36361.6197711361,-33727.8304832239,2633.78928791221,-37397.9146946367,973.738623574144,3192.70856664703,5826.49785455924,2156.41364314647,42188.1176256953
-37895.9910433213,-36371.8484488265,-35186.8799343316,1184.96851449492,-39013.7921615466,3271.6154432091,4795.75803770389,5980.72655219881,2153.81432498387,42352.5750010253
-37321.4875308343,-36451.7537586483,-36732.9834275815,-281.229668933245,-40491.0965852499,5317.38487489885,6187.11864708489,5905.88897815164,2147.7758204832,42357.6427367999
-36910.9505446545,-36635.3524548548,-38301.7878283692,-1666.43537351449,-41749.8594540053,6980.33645764862,7255.93454744838,5589.4991739339,2141.4275482979,42224.8516287887
-36661.3005253355,-36897.3011802367,-39932.3397978261,-3035.03861758944,-42856.992168197,8330.95966747196,8094.95901257078,5059.92039498134,2135.26802461049,41957.221575218
-36553.3034688128,-37197.2377327585,-41508.6797665779,-4311.4420338194,-43749.770398149,9327.72546909422,8683.79120514846,4372.34917132906,2131.25853975795,41569.5869040876
-36532.4244350153,-37462.9412467746,-42868.2735717795,-5405.33232500494,-44332.2810789239,9926.08446574545,8995.56765398613,3590.23532898119,2126.22782183685,41053.1765757558
-36553.6312999423,-37664.3973352461,-43941.1779028362,-6276.78056759016,-44588.6932003608,10155.5367599965,9044.77072469275,2767.99015710259,2120.47485957799,40432.3874923487
-36631.6501004786,-37824.9648680241,-44751.8705320354,-6926.90566401127,-44567.3461812788,10052.5521912887,8859.23742374318,1932.33175973191,2116.85611048845,39757.296627756
-36756.3187518236,-37934.7210981191,-45211.0533855574,-7276.33228743825,-44219.9608974365,9575.64012438051,8397.23777808504,1120.9054906468,2111.99797876765,39055.6265887659
-36959.4837035961,-38033.8119580434,-45239.5310908125,-7205.71913276911,-43503.4507944763,8655.32441859042,7580.99616414313,375.277031374015,2111.35732771015,38409.0889894174
-37190.5558178288,-38097.015508666,-44823.4499863774,-6726.4344777114,-42446.0300747153,7368.17033734738,6461.71064651016,-264.723831201243,2112.69608046082,37832.2916774647
-37409.7765006252,-38104.7426051039,-44014.2190343912,-5909.4764292873,-41143.4617408086,5848.72962105886,5153.76351658013,-755.71291270718,2115.04438087547,37349.0296923968
-37598.6377647715,-38063.4362617618,-42912.6931608525,-4849.25689909066,-39720.91346369,4241.11881721393,3776.32032022364,-1072.93657886703,2118.84311829546,36990.4996828948
-37755.5816306553,-37997.6221161442,-41552.5512237546,-3554.92910761038,-38207.3744325838,2576.30240560863,2334.26192011973,-1220.66718749065,2124.50960368019,36776.9549286536
-37858.9627930706,-37910.5347502709,-39985.8671760201,-2075.33242574915,-36650.9691005738,921.384649482993,869.812692282633,-1205.51973346652,2129.37834197982,36705.0150168044
-37899.7001897458,-37814.029966883,-38363.2377278691,-549.207760986168,-35193.1805000025,-572.426148985459,-486.755926122612,-1035.96368710878,2134.0935407579,36778.0662797742
-37853.2983122776,-37704.9482905555,-36829.4824769153,875.465813640164,-33953.4956124904,-1761.7437816492,-1613.39375992701,-737.927946286848,2138.05891813801,36967.0203442686
-37726.2125096061,-37595.0127901071,-35588.9237264121,2006.08906369494,-33094.7490200775,-2491.48759799819,-2360.28787849918,-354.198814804243,2139.97589153039,37240.8139753029
-37597.6693284573,-37546.9615271382,-34705.6467935118,2841.31473362645,-32621.3299651093,-2833.57873272537,-2782.87093140629,58.443802220167,2142.76063062265,37605.4053293584
-37460.3322731759,-37532.1016787218,-34130.829491868,3401.27218685379,-32463.6582227196,-2853.53329481884,-2925.30270036475,475.969486489037,2143.14075563746,38008.0711652108
-37374.1045268049,-37585.438725089,-33872.4013123954,3713.03741269365,-32581.8566774701,-2648.08522019873,-2859.41941848282,853.617994210839,2144.1626291361,38439.0567192999
-37342.6810223224,-37692.4279286832,-33924.4652028969,3767.96272578626,-32957.6965719855,-2240.36449698944,-2590.11140335016,1177.8513224361,2144.61995334751,38870.2792511193
-37358.4180232147,-37828.1968698879,-34174.7886843339,3653.40818555404,-33481.7737405402,-1732.53797820514,-2202.31682487838,1451.09136067566,2144.10630446931,39279.2882305636
-37426.6694827015,-37985.9978141097,-34534.2881432143,3451.70967089539,-34046.5933375777,-1237.67031665885,-1796.99864806706,1654.71102282832,2142.40582846494,39640.708836938
-37506.516533869,-38107.8413684966,-34840.509087355,3267.33228114161,-34520.8111417905,-848.943685710184,-1450.2685203378,1817.06376080382,2136.76170636836,39924.9051293004
-37610.6373292184,-38203.0782452551,-35199.1080364809,3003.9702087742,-35034.0644838235,-444.993249253164,-1037.43416528991,1966.53604348429,2131.57959614171,40169.6142887394
-37391.7898557865,-37932.0900202253,-35277.0710699199,2655.01895030545,-35323.5662368612,14.7863974168098,-525.513767022021,2129.50518328343,2083.01001634211,40061.5952035088
-36873.529453014,-37348.2340716225,-35065.9327354359,2282.30133618657,-35403.2726192639,532.580455028387,57.8758364198886,2340.17717260646,2002.83728877842,39688.4112442289
-36068.7089348963,-36508.0207769926,-34635.3119594602,1872.70881753233,-35327.534009573,1157.63206843655,718.320226340246,2591.02904387258,1898.80699375983,39099.0498208651
-35063.0047354966,-35536.3257495157,-34031.5460081515,1504.77974136422,-35117.5314896392,1841.85035464569,1368.52934062666,2873.30908199087,1787.32360050309,38409.6348315066
-33929.5313481426,-34517.8555941497,-33184.6212094883,1333.23438466133,-34684.5250572472,2432.3213040933,1843.99705808629,3177.23144274762,1677.32759498878,37695.0870368973
-32798.5301696988,-33576.9026683475,-32392.7730558128,1184.1296125347,-34286.3354431577,3067.79361286274,2289.42111421405,3473.55072674875,1579.98833940396,37050.4533950963
-31735.7999141016,-32792.8341619645,-31886.7524444293,906.081717535279,-34120.0535657274,3886.57943403151,2829.54518616856,3735.62690370384,1502.3257824057,36528.4610656684
-30802.6399312487,-32211.9663957304,-31627.1392100794,584.827185650949,-34126.0829229772,4771.44026227898,3362.11379779728,3946.94098344823,1447.99727055039,36158.9073791786
-29889.353175696,-31711.4472940476,-31315.2193065803,396.227987467301,-34017.5720830809,5526.00653733053,3703.9124189789,4100.1404064462,1397.7876299456,35811.5877004938
-29038.9522278585,-31317.0867002775,-30874.3380152252,442.748685052356,-33704.1785008494,6017.74510360551,3739.61063118653,4182.35931623888,1352.51883061469,35499.4460165164
-28290.7918816536,-31063.8751662518,-30537.8310993126,526.044066939271,-33405.7515141852,6430.53736426296,3657.45407966471,4183.49814660398,1315.57773173129,35247.3733128558
-27711.7483859761,-30996.6061433112,-30502.0531969201,494.552946391034,-33305.1066006688,6885.63730057523,3600.77954324019,4095.33248963123,1292.27908588258,35091.9386329424
-27250.1234749275,-31035.723525947,-30577.88743907,457.836086877007,-33248.6254405463,7272.34003425404,3486.73998323455,3944.57607011156,1273.83806863527,34980.2995960586
-26925.3387958389,-31179.2840823348,-30611.7201818278,567.563900506959,-33106.3864481444,7443.99254803425,3190.04726153842,3757.61116204538,1262.94489572876,34936.8952443802
-26758.7738556353,-31450.8382981953,-30663.0269888473,787.811309348038,-32945.6249847486,7451.22777693362,2759.16333437357,3546.97464372161,1264.3766478203,34997.8129419169
-26728.4032792437,-31836.2945438323,-30850.6472699113,985.647273921052,-32866.9824038595,7413.80183156726,2305.91056697863,3291.55784089968,1275.2227069515,35127.852384732
-26908.8524315339,-32400.5672537537,-31418.7308763394,981.836377414271,-33083.3332817275,7475.52287999664,1983.80805777691,2965.64443519118,1301.04202980309,35366.2116889448
-27304.551512667,-33141.6671141284,-32241.07772871,900.589385418293,-33479.2768398124,7516.78842715042,1679.67282568909,2580.26221110739,1342.06310000501,35721.9293252357
-27921.2849505386,-34060.5686430574,-33213.6155182609,846.953124796439,-33955.3170838616,7433.73357228638,1294.44987976762,2141.40300456406,1399.70143896337,36201.9716476214
-28718.6271056257,-35108.7764059199,-34292.2814619559,816.494943963975,-34472.6942862777,7221.00826069143,830.858960397256,1647.35390436123,1466.94108003942,36756.1303102811
-29773.5544784134,-36346.5720662133,-35546.5602206625,800.011845550777,-35080.81370358,6857.0382872471,284.020699447215,1084.03254499799,1549.77906208055,37430.6046112113
-31046.2350079981,-37713.6823649467,-36896.0817480197,817.600616926981,-35706.8384200332,6300.00832169358,-367.439035255005,450.161581671971,1639.40490965845,38163.8439466187
-32572.3509587312,-39225.7964912183,-38288.634869615,937.161621603286,-36294.0733072329,5459.86646163934,-1193.57907084774,-256.417449244457,1738.14411313766,38969.3790419738
-34314.9267121702,-40840.7828097545,-39845.8571908558,994.925618898707,-36991.3489441632,4521.07850439951,-2004.77759318487,-1009.85197428616,1844.65627240649,39830.9308354684
-36214.5171500047,-42502.5660871566,-41561.0551478463,941.510939310323,-37809.8707893805,3552.64461788043,-2735.40431927151,-1793.89337996119,1957.29097850467,40708.6727071954
-38246.0496082974,-44178.2325382683,-43334.3046358333,843.927902434935,-38665.9427991655,2494.02191896329,-3438.16101100761,-2594.23310857267,2074.12872809517,41583.9994296956
-40417.5511995042,-45854.7442617718,-45185.4212621884,669.322999583289,-39592.5953595371,1368.83248913034,-4068.36057313717,-3399.03757355388,2193.78832909743,42455.7066882179
-42696.4048545648,-47501.1144549154,-47083.3524606014,417.76199431402,-40582.6844903123,201.321477272227,-4603.38812307835,-4185.62612876433,2315.0418415248,43315.4883261511
-45027.2517319212,-49062.9212486796,-48916.2641215147,146.657127164911,-41560.8225408469,-1031.19600737832,-5066.86552413675,-4920.20839697184,2435.23318369598,44142.7128517077
-47348.4989308595,-50505.4687951627,-50590.4292523932,-84.9604572305296,-42471.9128055175,-2322.70789845026,-5479.67776275341,-5564.63821998394,2553.87822689173,44940.8305751787
-49565.9844433893,-51758.9461423118,-52010.8938383428,-251.947696031038,-43268.1187933027,-3632.19923639268,-5825.1609353152,-6077.10863134624,2665.6664136939,45681.8375109656
-51658.0469264327,-52825.3915944178,-53163.3932138626,-338.001619444744,-43937.9360382958,-4946.85299438553,-6114.19766237061,-6452.19928181535,2773.25789375134,46373.1923126024
-53557.7376024422,-53670.3782025558,-54088.4993231258,-418.121120569976,-44539.9011824074,-6144.26414248957,-6256.90474260314,-6675.02586317312,2873.57227754529,46995.3523393827
-55213.8900246473,-54262.3997356,-54748.8849662616,-486.485230661615,-45055.8071544683,-7195.31547631765,-6243.82518727032,-6730.31041793193,2962.76739386137,47532.089317668
-56548.3122165217,-54556.9734436361,-55155.8000230225,-598.826579386324,-45500.3093790391,-8013.43878796169,-6022.10001507615,-6620.92659446247,3034.56404952093,47936.0468491737
-57629.5070854633,-54651.5798377632,-55289.0751576979,-637.495319934739,-45832.0509020444,-8695.51442224322,-5717.58717454309,-6355.08249447782,3101.94176117574,48296.4973432854
-58420.8033271332,-54539.0550684418,-55242.9716234102,-703.91655496843,-46128.4971819716,-9130.15330046608,-5248.40504177474,-5952.32159674318,3162.15284469542,48586.7334716986
-58903.9182490513,-54234.8118503534,-55087.8092497975,-852.997399444142,-46439.8495476062,-9250.0364705153,-4580.9300718174,-5433.92747126154,3214.03223092984,48800.8843790919
-59079.4420968678,-53759.3052207844,-54802.3528562499,-1043.04763546549,-46710.2273722457,-9113.74464728183,-3793.60777119846,-4836.65540666396,3255.47007734024,48922.6498141205
-59043.5231561351,-53201.3564048799,-54426.3893114358,-1225.0329065559,-46958.4549368449,-8789.41637642642,-2947.24962517126,-4172.28253172715,3295.65184286373,49029.0738731528
-58824.3685725741,-52585.6709119962,-54033.8214714689,-1448.15055947267,-47231.9687252667,-8259.17436918869,-2020.47670861085,-3468.62726808352,3333.22547811868,49117.0436439127
-58440.5889156028,-51927.8555181047,-53581.2127647854,-1653.35724668075,-47450.3649517861,-7623.55403165283,-1110.82063415468,-2764.17788083543,3366.66993216389,49163.6776372692
-57906.8827956431,-51229.2073130261,-52910.6483557705,-1681.4410427444,-47434.2265509849,-7079.81413509958,-402.13865248256,-2083.57969522696,3392.84210955857,49145.6276177991
-57227.8164160345,-50467.4929891285,-52060.5194644241,-1593.02647529555,-47225.3816561202,-6595.99860493549,164.324821970488,-1428.70165332506,3406.43615497883,49038.7913358034
-56341.1283469871,-49563.4005489812,-51181.7996380563,-1618.39908907518,-46988.5416184078,-5955.7846998843,821.943098121618,-796.455990953563,3396.802028695,48766.9445580276
-55387.9046290702,-48659.4322881782,-50386.2614243527,-1726.82913617449,-46811.1435208423,-5193.77781206995,1534.69452882209,-192.134607352399,3382.98329615799,48467.2976808258
-54336.0666909501,-47726.2619173409,-49543.3839378883,-1817.12202054737,-46581.1330251785,-4391.59584806564,2218.20892554353,401.086904996159,3363.33781770594,48127.3488223371
-53131.8891857075,-46722.4645965718,-48467.3296395604,-1744.86504298864,-46139.7251692808,-3658.56506466605,2750.85952446963,1005.99448148099,3333.59895176062,47728.4590780528
-51762.361475381,-45648.0280354716,-47222.8189355702,-1574.79090009863,-45544.4154360633,-2923.56317222862,3190.77026768083,1615.9793675822,3294.38286708906,47264.0074030537
-50199.046380319,-44486.192034712,-45810.1460214913,-1323.95398677929,-44777.7661694556,-2179.60890654411,3533.24543906293,2209.29145228363,3241.67130431934,46695.4834869956
-48484.6628243122,-43286.8275227168,-44388.462632075,-1101.63510935811,-43988.1682160249,-1316.91110084189,3880.92420075343,2779.28909139532,3179.58350744535,46066.1166141122
-46602.7021915161,-42042.4199235559,-42984.6976936944,-942.277770138483,-43190.7785487454,-307.494377152949,4252.78789080725,3310.51012066877,3104.42926561781,45352.9300442247
-44641.1795980652,-40835.5413834466,-41619.6298534593,-784.088470012604,-42372.2636362052,754.319590216195,4559.95780483472,3775.86933482212,3023.23555207613,44611.4107182688
-42640.7331562839,-39683.5075733284,-40226.9030272828,-543.395453954434,-41450.4865809752,1743.54119324391,4700.76677619947,4157.37132224504,2933.78776855264,43840.8788955734
-40650.4120452569,-38609.9237898004,-38909.4107505511,-299.486960750711,-40511.7415072139,2699.63266033433,4740.12091579078,4440.63395504006,2838.30319837724,43050.5577448405
-38741.4367692541,-37658.1255054471,-37668.8336138588,-10.7081084116939,-39544.1971594857,3542.4383686227,4625.74963242962,4615.04152401793,2739.67797839104,42273.1670294651
-36943.6203211708,-36834.4777526367,-36489.6660725946,344.811680042121,-38515.5334175581,4208.70233886223,4317.84490739631,4662.65658743842,2636.78924247496,41497.1343400752
-35329.244328143,-36176.8313585265,-35525.2479081417,651.583450384793,-37565.339556796,4769.44611676112,3921.85908637763,4573.44253676243,2533.35088810811,40750.2738952889
-33927.1032182438,-35684.4718546063,-34790.1532785974,894.3185760089,-36715.243853392,5218.58836013993,3461.2197237775,4355.5382997864,2430.44772499173,40040.0101543926
-32750.9440199035,-35345.4758839339,-34259.5971952357,1085.87868869826,-35962.0559649866,5541.20462299086,2946.67275896047,4032.55144765872,2330.09267790781,39378.0273315926
-31786.1832687321,-35137.1567073841,-33890.9069659514,1246.24974143271,-35286.7521934738,5734.24354036504,2383.27010171307,3629.51984314578,2233.67461562333,38766.6765505299
-31026.0178251643,-35046.1518974789,-33727.6280895109,1318.52380796795,-34774.3187238137,5892.33904658261,1872.20497426809,3190.72878223604,2144.03814793331,38236.8806797149
-30434.358424176,-35041.8737945596,-33699.5440251467,1342.32976941288,-34384.2832683833,6010.32716536441,1402.8117949808,2745.14156439368,2060.40232115712,37787.0153589533
-30001.6094665905,-35122.7349406269,-33683.8543029843,1438.88063764257,-34020.211232794,6004.46443661783,883.338962581426,2322.21960022399,1985.86267041434,37444.9545408509
-29693.7305135916,-35276.959478923,-33591.3462169546,1685.61326196843,-33606.3012156425,5833.10475008507,249.875784753633,1935.48904672206,1920.53404803409,37212.4485256451
-29508.7319359308,-35519.7668831218,-33525.1447382381,1994.62214488371,-33260.6800859939,5620.08277013578,-390.952177055143,1603.66996782856,1868.13462007277,37123.4368509504
-29395.3552182187,-35830.2274968387,-33495.9322997113,2334.29519712739,-32982.0838435319,5410.59733191029,-1024.2749467097,1310.02025041769,1823.86870659703,37140.2477472564
-29375.1214100203,-36237.2986895146,-33522.5234714762,2714.77521803837,-32762.6323147965,5176.61608911937,-1685.56119037492,1029.21402766345,1789.10518434321,37266.512717178
-29462.8632166351,-36762.306517159,-33542.1438089968,3220.16270816224,-32525.0405677353,4827.448115007,-2471.99518551699,748.167522645245,1765.27076390677,37510.4740398043
-29621.9934636249,-37361.2959478258,-33593.6558772772,3767.6400705486,-32302.8336439415,4424.4251763489,-3314.87730785199,452.762762696604,1743.58499603227,37814.0587105224
-29910.5578720986,-38070.3304309247,-33826.0566149698,4244.27381595487,-32223.6945671112,4039.20476031566,-4120.56779851048,123.706017444391,1726.068065303,38194.0364483691
-30393.5882736082,-38930.0861751288,-34228.5966256976,4701.48954943121,-32244.2590225479,3565.40673722422,-4971.0911642964,-269.601614865191,1714.73598828453,38660.4845602636
-31160.4508236483,-40002.9306830318,-34877.0322544134,5125.89842861849,-32409.4735372101,2964.19499635699,-5878.28486302658,-752.386434408096,1715.17228279516,39250.5442486238
-32299.5011717748,-41329.9673668679,-35847.6477976027,5482.31956926518,-32787.9686790159,2219.80346032881,-6810.66273476429,-1328.3431654991,1731.33595308772,40001.6242013688
-33747.3516263883,-42811.5983325223,-37162.4651267533,5649.13320576899,-33429.0643988059,1433.04028324638,-7631.20642288756,-1982.07321711857,1751.3275108288,40829.5251154037
-35520.6661185723,-44427.0940318569,-38698.355242574,5728.73878928293,-34215.7281923424,470.679669796917,-8435.74824348765,-2707.00945420472,1775.6175960269,41720.0845776522
-37612.7897319458,-46153.6932003345,-40459.373515565,5694.31968476953,-35177.61232696,-628.575346991216,-9169.47881537997,-3475.15913061045,1806.60205799453,42678.5340697241
-39973.9568777349,-47927.3014532643,-42362.2089185495,5565.09253471478,-36274.0723619781,-1856.57727194351,-9809.9218474729,-4244.82931275812,1843.30724381326,43682.4721405062
-42563.4511681353,-49702.3848552845,-44328.5154045259,5373.86945075859,-37481.682155127,-3193.46363273984,-10332.397319889,-4958.52786913042,1888.30538026847,44743.8569861541
-45292.6009576142,-51401.8607444297,-46253.867123587,5147.99362084262,-38753.2252702038,-4598.22134608569,-10707.4811329011,-5559.48751205851,1941.15434132469,45842.3732323712
-48077.0097873351,-52967.0495342009,-48139.4341630377,4827.61537116321,-40147.6777777338,-5926.35753732993,-10816.3972841957,-5988.78191303252,2002.97447227138,46978.2676211684
-50755.5057560622,-54280.0758506112,-49766.5096756828,4513.56617492845,-41520.5933326962,-7167.7469919788,-10692.3170865278,-6178.75091159937,2067.16543138723,48101.3249390118
-53206.8886980139,-55283.9897439735,-51084.9207810075,4199.06896296594,-42876.6536211267,-8195.14996582885,-10272.2510117884,-6073.18204882244,2135.08511105843,49210.807695151
-55336.4094371525,-55957.2202317467,-51998.6223333869,3958.59789835984,-44131.356328754,-8997.50975481693,-9618.32054941121,-5659.72265105136,2207.5433535815,50297.4975806954
-57039.2778443858,-56272.4849741919,-52475.8734744602,3796.61149973169,-45253.4385307065,-9505.25749669675,-8738.46462650288,-4941.85312677119,2280.58181698256,51330.6318474207
-58260.5677744847,-56249.9794640073,-52514.1817943423,3735.79766966501,-46222.3391813144,-9684.00954314119,-7673.42123266382,-3937.62356299881,2354.21905002914,52312.3559010085
-58977.307668393,-55944.2207134635,-52309.3916785647,3634.82903489876,-47182.455753352,-9366.23709555065,-6333.15014062112,-2698.32110572236,2428.61481949037,53245.8996077411
-59200.2993786585,-55426.0185617319,-51957.2278971211,3468.79066461081,-48147.7689752459,-8549.98605288424,-4775.70523595759,-1306.91457134678,2502.54435052843,54119.1039903851
-58962.2406932322,-54768.8890660826,-51515.1957316191,3253.6933344635,-49099.1772810239,-7287.99790792946,-3094.64628077985,159.04705368365,2575.06550427889,54927.9361197662
-58344.6099751268,-54062.2924494216,-51080.6043687968,2981.68808062481,-50047.4505436987,-5652.55233169547,-1370.23480599037,1611.45327463444,2644.60709973261,55673.7457240561
-57426.0935595244,-53388.2907167135,-50680.9377611225,2707.35295559097,-50939.5494519033,-3776.82156837676,260.981274434141,2968.33423002512,2709.72253924434,56356.6249467386
-56289.0606040742,-52805.2094625103,-50323.4202855493,2481.78917696089,-51717.7093855891,-1804.14936729635,1679.7017742676,4161.49095122848,2767.20185118874,56966.7004137387
-55086.3457218515,-52420.0938554849,-50112.0586542838,2308.03520120108,-52413.782860124,149.788562105812,2816.04042847246,5124.07562967354,2822.35142383333,57544.1694851584
-53917.2559244998,-52283.541085931,-50092.8644978856,2190.67658804537,-53035.8446478226,1992.98199191694,3626.69683048573,5817.3734185311,2874.3932685941,58100.9145044621
-52845.2274512668,-52389.0141053825,-50252.8398717109,2136.17423367168,-53564.6624292441,3639.28596422918,4095.49931011341,6231.6735437851,2919.85098625182,58620.6876491676
-51971.7819536632,-52770.8129647568,-50616.6013306034,2154.21163415343,-54023.534372339,5013.1517469567,4214.12073586315,6368.33237001659,2961.39932828098,59139.1453347734
-51324.9456520247,-53391.3155743663,-51148.8384774387,2242.47709692761,-54397.8352952534,6070.1177798676,4003.74785752597,6246.22495445359,2997.2281366389,59637.5405288199
-50932.3152181858,-54214.2237209302,-51905.9827066783,2308.24101425187,-54787.849288418,6882.01455226935,3600.106049525,5908.34706377687,3026.48048203719,60122.5707847071
-50855.4092550081,-55233.9521057108,-52839.0902972184,2394.86180849242,-55176.6283300578,7374.18936146759,2995.64651076482,5390.50831925725,3052.97028641784,60624.4604249681
-51071.6977503806,-56384.9185325767,-53953.5551846185,2431.36334795822,-55619.0221072831,7620.83165086818,2307.6108686721,4738.97421663032,3073.50729396578,61123.892749207
-51532.639293975,-57589.6207338408,-55073.6469644832,2515.97376935758,-55996.143131179,7548.42896080298,1491.44752093718,4007.42129029475,3084.92512359896,61597.0420241355
-52263.5870644824,-58859.6584201223,-56253.9697080246,2605.68871209775,-56401.1666026696,7232.76030028902,636.688944649107,3242.37765674686,3095.18076210186,62102.0360768692
-53179.4221570064,-60127.5874895727,-57467.2571737789,2660.33031579379,-56844.111043868,6767.30954481923,-180.855787747062,2479.47452804673,3102.62065795755,62607.0620176194
-54199.8839374863,-61331.4941890827,-58687.680181582,2643.81400750066,-57337.0162152385,6242.04149475636,-889.568756840046,1754.24525066062,3104.90921700413,63085.7394397433
-55273.4891316723,-62449.7089611641,-59895.2058919541,2554.50306921008,-57871.7115666895,5700.74061615604,-1475.47921333574,1079.02385587434,3102.51818113887,63528.7328170385
-56345.791123764,-63461.2539414661,-61048.2890467898,2412.9648946763,-58416.2938854788,5166.97807980966,-1948.48473789244,464.480156783871,3096.47531809487,63925.7340982499
-57354.4739015374,-64340.427840396,-62122.8649444538,2217.56289594218,-58931.7409654339,4661.1174609518,-2324.83647790685,-107.273581964665,3083.85039705529,64233.1542584313
-58267.2101626805,-65068.1616411311,-63217.3996877106,1850.76195342051,-59502.2509284912,4297.78570361361,-2503.16577483705,-652.403821416532,3062.74493780286,64415.7578197146
-59130.891532352,-65697.9661471053,-64292.3413398293,1405.62480727598,-60075.4634634708,3985.63032108656,-2581.44429366677,-1175.81948639079,3041.05838996778,64522.1466607145
-59921.3468333637,-66221.8852896497,-65279.760360032,942.12492961771,-60580.8208654398,3677.6921768926,-2622.84627939337,-1680.72134977566,3018.21814481657,64541.163939874
-60643.5689029149,-66645.1075679713,-66146.3915010895,498.716066881894,-60971.0390966286,3321.02272504474,-2680.51594001173,-2181.79987312983,2993.55253133106,64463.3076948415
-61298.278075434,-66957.1350614109,-66877.4632858044,79.6717756065257,-61234.6772190284,2900.69884118074,-2758.15814479621,-2678.48636918968,2964.29969758631,64278.6486922213
-61900.1435238802,-67173.3044462375,-67448.4462301377,-275.141783900221,-61358.564246187,2389.97326169765,-2883.18766065971,-3158.32944455993,2931.55253939082,64014.9750016776
-62437.6971962477,-67278.948603841,-67826.5539049708,-547.605301129816,-61326.7606863366,1783.03338592689,-3058.2180216664,-3605.82332279622,2893.96989583804,63673.1252810448
-62915.156870539,-67280.6059802751,-67951.2762535855,-670.670273310455,-61086.0137904525,1023.01391131827,-3342.43519841778,-4013.10547172823,2852.1569914048,63267.5005085468
-63305.5966307144,-67153.8104063299,-67832.7145058682,-678.904099538336,-60660.4043959299,157.71435331124,-3690.49942230426,-4369.4035218426,2802.9065880957,62784.4068844873
-63636.8010057143,-66925.4380600561,-67533.3309788382,-607.89291878206,-60113.410715659,-774.457022470595,-4063.09407681243,-4670.98699559449,2748.93326758472,62254.4510644616
-63928.7818071719,-66621.2987716832,-67107.4436523361,-486.144880652847,-59515.319834359,-1719.60229708658,-4412.11926159786,-4898.26414225071,2693.85967572636,61723.0346294325
-64191.2396998531,-66256.4874985166,-66591.7809071,-335.293408583462,-58905.8931470174,-2646.27592913633,-4711.52372779982,-5046.81713638329,2639.07062369938,61209.6703621333
-64444.136329817,-65860.4290442046,-66047.1664927479,-186.737448543313,-58354.8802311495,-3498.84268607127,-4915.13540045891,-5101.87284900222,2590.41341259617,60758.5561952024
-64652.6191093879,-65405.6677691644,-65437.5513368491,-31.8835676847426,-57826.9616372934,-4282.92354307038,-5035.97220284679,-5067.85577053154,2542.73392902411,60337.8119986328
-64797.9113773606,-64885.1245709094,-64778.0467120753,107.077858834108,-57356.171919822,-4945.54848994729,-5032.76168349611,-4925.68382466201,2496.19096759127,59959.4407462474
-64876.0065109414,-64306.4187961074,-64143.3332407946,163.085555312862,-57016.9199647262,-5405.91669771975,-4836.32898288575,-4673.24342757289,2453.16984849552,59633.1753685345
-64882.502291951,-63669.1215649012,-63443.608752529,225.512812372162,-56723.3595703994,-5744.42378645559,-4531.04305940575,-4305.53024703359,2414.71893509601,59363.5913178676
-64802.4736183844,-62980.4546473978,-62682.205249437,298.249397960835,-56471.1012118491,-5950.05803767063,-4128.03906668409,-3829.78966872327,2381.31436886463,59150.6649786746
-64633.8121195234,-62251.4432902939,-61938.8193476019,312.623942692044,-56334.6633438566,-5945.52212431468,-3563.1532950852,-3250.52935239316,2353.62665135209,59000.9139379008
-64362.8070553959,-61482.5102834181,-61206.2493035973,276.260979820777,-56288.6967316423,-5743.07885487552,-2862.78208289775,-2586.52110307697,2331.03146887798,58895.9891803411
-64009.7235344254,-60698.5975481511,-60572.5882142896,126.00933386149,-56397.4004013578,-5295.24801619632,-1984.12202992199,-1858.1126960605,2317.07511687127,58840.4848520906
-63569.0946032181,-59902.6946879247,-59932.4795020373,-29.7848141126288,-56538.6360570084,-4719.29686759324,-1052.89695229985,-1082.68176641248,2311.16167861645,58820.0129215122
-63023.3678024789,-59081.2925365591,-59228.9816643794,-147.689127820272,-56645.9219142798,-4067.5873207845,-125.512054864626,-273.201182684901,2309.85856741468,58808.0913538742
-62405.199450942,-58264.1660043533,-58520.1018654588,-255.935861105433,-56768.5999452058,-3321.31124708338,819.72219950537,563.786338399935,2315.28825865289,58827.9523427532
-61706.1357119462,-57454.5343197371,-57755.7535886836,-301.219268946468,-56842.8238177959,-2535.29070604757,1716.31068616151,1415.09141721504,2328.02118810271,58869.6257369521
-60932.1612763638,-56667.6017697986,-56957.4689338413,-289.867164042683,-56876.3987105213,-1708.02615295035,2556.53335361485,2266.66618957216,2347.73641289222,58934.2679593708
-60056.8615489407,-55896.0355018275,-56104.3580245977,-208.322522770208,-56838.5350590095,-846.618101747552,3314.20794536569,3105.88542259549,2371.70838818364,59001.920924423
-59099.2619940913,-55177.0052056622,-55352.2918587343,-175.286653072063,-56856.1126025534,157.678774296347,4079.93556272541,3904.64890965335,2400.82816583425,59081.6541153156
-58051.4952684097,-54513.6099373514,-54680.861420288,-167.251482936596,-56883.6049486283,1264.45712407506,4802.34245513331,4635.09097219671,2432.34744385638,59148.7009095481
-56945.6173625304,-53950.117437458,-54120.5349499344,-170.417512476345,-56915.7788772767,2437.58093634953,5433.0808614219,5262.66334894555,2467.41942160319,59212.7807864036
-55818.8887573856,-53524.5901558308,-53715.0442510532,-190.454095222377,-56968.0847710996,3654.74367668427,5949.04227823905,5758.58818301667,2505.54766297032,59283.1783388475
-54722.8331597267,-53286.4397259283,-53508.699191808,-222.259465879774,-57055.7660121265,4881.66590451373,6318.05933831213,6095.79987243236,2548.73305211393,59382.2395983606
-53714.1223153315,-53272.1492798125,-53578.7240684911,-306.574788678574,-57218.599215999,6101.71654555427,6543.68958107324,6237.11479239467,2597.23964488669,59509.2640722072
-52815.6759337687,-53475.3713222079,-53896.2098553089,-420.838533101052,-57396.1591293221,7225.10189829191,6565.4065098527,6144.56797675164,2644.61870273848,59619.9392989595
-52076.0469626989,-53903.975343071,-54507.7756197762,-603.800276705226,-57618.2071614229,8230.71705588162,6402.78867550955,5798.98839880432,2688.55685715765,59702.9637418753
-51521.0793441041,-54532.5286472177,-55295.0758968604,-762.547249642696,-57768.1381848006,8971.17330400115,5959.72400088753,5197.17675124484,2724.11446330463,59729.7053984625
-51174.3282609994,-55343.9788061015,-56323.7617936383,-979.782987536851,-57923.7771378766,9498.41767993204,5328.76713483,4348.98414729315,2748.96880305486,59692.9629533946
-51072.4693660157,-56331.6567091595,-57564.7144162868,-1233.05770712728,-58058.2345306875,9749.30813872972,4490.12079558587,3257.06308845858,2763.54297405787,59588.7197976181
-51227.2484710882,-57461.7078101739,-58965.8875908041,-1504.17978063017,-58137.8054180339,9675.9250489126,3441.4657098269,1937.28592919673,2765.36810196695,59398.9937393706
-51653.9907968456,-58700.8118140224,-60407.5627575102,-1706.75094348785,-58091.67196004,9193.91122577395,2147.0902085972,440.33926510936,2756.23006257955,59141.1510791317
-52349.3105186527,-60005.7612641667,-61849.0398299818,-1843.27856581512,-57924.7664598842,8311.51880499124,655.068059477298,-1188.21050633782,2736.0628637598,58817.5507578289
-53309.3286267255,-61343.9803960211,-63226.8301780724,-1882.84978205132,-57624.1606244672,7022.86831754377,-1011.78345175178,-2894.6332338031,2708.03631980207,58449.347162218
-54496.62445482,-62649.4953998114,-64557.1248990852,-1907.62949927378,-57262.7793504348,5438.17262420708,-2714.69832078426,-4622.32782005805,2672.01772859236,58027.1675797533
-55904.3634354801,-63910.7974452495,-65805.0036970319,-1894.20625178239,-56843.2331901463,3571.11564780443,-4435.318361965,-6329.52461374739,2632.24589313822,57581.2728315021
-57497.9014427893,-65088.7351103042,-66845.2466037773,-1756.51149347309,-56279.3681878259,1370.30048412881,-6220.53318338608,-7977.04467685917,2588.83373909221,57111.690433445
-59247.2533358864,-66154.7623019153,-67678.0791236494,-1523.31682173409,-55620.3352322784,-1082.44310677149,-7989.95207280041,-9513.2688945345,2544.47499683644,56641.4934073808
-61132.3636268899,-67101.6559211156,-68458.9542598942,-1357.2983387786,-55043.0502313176,-3587.65656532428,-9556.94885954997,-10914.2471983286,2501.65683024802,56187.408722787
-63120.9002330145,-67922.2074747939,-69102.1900559341,-1179.98258114014,-54483.5778989546,-6175.3466254869,-10976.6538672663,-12156.6364484064,2461.97570857307,55765.5710263875
-65160.7979822666,-68582.0145691612,-69559.205275168,-977.190706006803,-53912.7045501178,-8825.35934850416,-12246.5759353988,-13223.7666414056,2422.73408364458,55358.2479277556
-67231.6280505545,-69069.816317705,-69824.2689730366,-754.452655331553,-53345.2012601433,-11502.4640880848,-13340.6523552353,-14095.1050105669,2383.96270232639,54974.7113071382
-69313.4678060372,-69367.9467624465,-69854.424216734,-486.477454287439,-52757.4891103775,-14209.3543281637,-14263.833284573,-14750.3107388605,2346.624367496,54617.6360235861
-71382.1094978843,-69453.9254236904,-69719.8280983682,-265.902674677879,-52247.5660507032,-16822.6433232071,-14894.4592490132,-15160.361923691,2311.90012397398,54293.5634999993
-73359.8265408636,-69278.4023581801,-69416.3564553903,-137.954097210145,-51850.1559568474,-19231.3896471699,-15149.9654644864,-15287.9195616965,2278.28093684632,53990.4827964836
-75248.1936235587,-68858.9192300496,-68963.0559603849,-104.136730335332,-51599.427433792,-21396.5510903778,-15007.2766968688,-15111.4134272041,2252.21509938887,53747.5058028455
-76922.735593778,-68118.6068626653,-68268.0011309076,-149.39426824233,-51452.3426423879,-23240.6887267085,-14436.5599955958,-14585.9542638381,2229.70422468155,53532.6525988272
-78289.8616333278,-67028.449467583,-67300.3341661942,-271.884698611207,-51402.7997080959,-24675.5245891018,-13414.1124233571,-13685.9971219683,2211.53733613002,53342.4523456147
-79250.6555514677,-65574.054223676,-66130.7518099402,-556.697586264213,-51530.3162653656,-25522.3754708851,-11845.7741430933,-12402.4717293575,2197.96381521708,53171.5824943184
-79686.899394269,-63735.0099539831,-64645.661015101,-910.651061117974,-51728.1229222662,-25771.7391470046,-9819.84970671872,-10730.5007678367,2187.03732499817,53004.5091861464
-79528.8544691438,-61532.8909070661,-62843.409859624,-1310.51895255788,-51982.6430250797,-25365.6573849877,-7369.69382291005,-8680.21277546793,2180.55405907637,52852.6781315981
-78725.2303756618,-59020.9037860566,-60677.8204237288,-1656.91663767214,-52197.2178045291,-24348.2211758663,-4643.89458626105,-6300.81122393317,2179.79139526649,52720.0925621234
-77287.2597107158,-56297.5502228863,-58335.2860818982,-2037.73585901187,-52479.5390822586,-22619.6660272491,-1629.95653941965,-3667.69239843152,2188.05460120808,52629.8578244548
-75246.4270419848,-53467.9015210621,-55856.7297344696,-2388.82821340746,-52776.0195484552,-20264.8470712642,1513.67844965849,-875.149763748976,2205.56042226536,52592.7517573131
-72674.2796871353,-50640.4519497605,-53396.2109608639,-2755.75901110338,-53108.5654969658,-17336.6037098109,4697.22402756384,1941.46501646046,2229.11048035852,52581.916966221
-69703.3439758625,-47941.6643491709,-50969.3796920949,-3027.71534292395,-53354.3226107218,-14090.9359549729,7670.74367171865,4643.0283287947,2258.08541016782,52584.6926779656
-66479.9198466153,-45474.712271013,-48737.5875390277,-3262.87526801469,-53565.4088595013,-10624.6620190149,10380.5455565874,7117.6702885727,2289.84896809907,52592.3825595857
-63170.3627037635,-43354.3633293533,-46765.4690882234,-3411.1057588701,-53706.8881652832,-7137.6302681425,12678.3691062678,9267.26334739766,2325.84427033784,52621.6266767509
-59891.7660948719,-41606.2474365584,-45040.2684004596,-3434.02096390122,-53697.7466198144,-3835.34571428782,14450.1729440257,11016.1519801245,2358.67376076974,52622.3994166829
-56800.7673377201,-40288.9835143127,-43682.3517022684,-3393.36818795572,-53612.0520797843,-798.149748319382,15713.6340750881,12320.2658871324,2390.56550961643,52609.249401445
-54018.6443489818,-39417.4609069359,-42673.0056259395,-3255.54471900354,-53425.2619488144,1828.73133984231,16429.9147818882,13174.3700628846,2422.11374000967,52591.8309698205
-51618.8279380472,-38961.7130703987,-41953.1488807415,-2991.43581034279,-53106.0969051074,3939.7461736245,16596.861041273,13605.4252309302,2452.47720656429,52567.138301329
-49646.9552160594,-38865.694354957,-41570.1613153983,-2704.46696044125,-52754.5316527847,5589.43425289581,16370.6951139982,13666.2281535569,2481.8578161705,52531.9225085139
-48105.6038430375,-39056.3887557754,-41446.9217987821,-2390.53304300669,-52362.3556386885,6766.89991314315,15816.1150004052,13425.5819573985,2510.14811749212,52481.9707131739
-46943.8714544863,-39435.5087125153,-41529.4418960256,-2093.93318351026,-51973.239593653,7567.27315542776,15075.6358973987,12981.7027138885,2537.905016261,52417.2114264038
-46086.6893838307,-39896.7790863335,-41811.6260525927,-1914.84696625924,-51684.9914333176,8161.87534267112,14351.7856401683,12436.9386739091,2563.57329318419,52333.7177602426
-45432.5527822027,-40345.9644180923,-42098.9129220304,-1752.94850393811,-51402.317498027,8557.65446779266,13644.2428319031,11891.294327965,2587.88975196845,52237.2587460573
-44849.6772601488,-40689.7936478855,-42371.9795720915,-1682.18592420592,-51166.6782686789,8924.63293781066,13084.516550074,11402.330625868,2607.63192928056,52092.1242737536
-44255.4819493686,-40884.6063838312,-42565.8406906385,-1681.23430680726,-50966.8704206681,9336.42161792646,12707.2971834639,11026.0628766566,2625.03314662692,51910.6692604878
-43548.7023591923,-40890.1618992894,-42631.8639079989,-1741.70200870949,-50794.5933759226,9885.9853251853,12544.5257850882,10802.8237763787,2640.09430845493,51692.9856756681
-42643.2970152822,-40684.5613138698,-42598.923666021,-1914.36235215113,-50684.5684945733,10692.390168762,12651.1258701743,10736.7635180232,2651.11868947089,51421.3248318931
-41459.5386777254,-40259.1258207699,-42486.1855177397,-2227.05969696981,-50631.5542868188,11826.9478439697,13027.3607009252,10800.3010039554,2654.93223487631,51059.4268247253
-39983.04228963,-39663.0624714045,-42201.9495422462,-2538.88707084177,-50507.3659408017,13177.7173895509,13497.6972077765,10958.8101369347,2653.39373837928,50621.8726083392
-38230.778603765,-38957.3377873645,-41891.3955175456,-2934.05773018108,-50405.3267242008,14821.6886550147,14095.1294714151,11161.071741234,2647.14053457886,50118.4095285986
-36263.0235641657,-38225.5884020095,-41555.2201122369,-3329.63171022741,-50245.4798523502,16618.561889314,14655.9970514702,11326.3653412428,2636.1056011295,49551.9537432523
-34148.4580548194,-37545.2111680197,-41196.6248046793,-3651.41363665957,-49967.9981603379,18440.2694366555,15043.5163234552,11392.1026867956,2620.72933113695,48937.3138548153
-31980.9454508173,-36999.2315872743,-40871.2810818741,-3872.04949459983,-49556.6047897329,20176.3775769697,15158.0914405127,11286.0419459129,2600.71823805409,48285.2735331871
-29887.2691633113,-36677.0200222614,-40780.5096837803,-4103.48966151887,-49147.1352913546,21837.5730460725,15047.8221871223,10944.3325256035,2577.70691802918,47621.3525478649
-28006.5789145055,-36661.5698259205,-40948.9244900417,-4287.35466412114,-48690.8369039725,23237.2865688829,14582.2956574678,10294.9409933467,2553.02857941582,46956.5108192672
-26471.1792409965,-37016.9517128346,-41424.9851268064,-4408.03341397181,-48198.9836641555,24256.9574818268,13711.1850099887,9303.15159601686,2529.15305866785,46320.1033088515
-25396.7834416029,-37771.1791200337,-42241.1815177195,-4470.00239768572,-47682.2561586696,24792.1525914271,12417.7569129963,7947.75451531053,2506.67987436035,45718.9336353442
-24845.9935045607,-38910.4498371529,-43458.0156715686,-4547.56583441577,-47217.6733144721,24858.1980199366,10793.7416873443,6246.17585292858,2486.51821002511,45156.6256900814
-24910.0329445027,-40430.6964826937,-44935.114548406,-4504.41806571234,-46695.5905451927,24257.7882158276,8737.12467763654,4232.7066119242,2472.23061513758,44663.4030946179
-25606.0992998576,-42275.9158489411,-46673.2967079448,-4397.38085900368,-46165.164807106,23023.4480810585,6353.63153197489,1956.25067297122,2464.38257381003,44232.1665219123
-26906.6837776511,-44354.8718044928,-48551.1848174504,-4196.31301295753,-45600.8372175339,21156.6170092437,3708.42898240193,-487.884030555597,2462.46356936092,43866.9877739372
-28722.9783010489,-46543.8993379857,-50489.8053455457,-3945.90600755991,-45023.7561946847,18763.9487559748,943.027719037947,-3002.87828852197,2463.17086233895,43541.0210494637
-30992.2270734092,-48756.5727718276,-52413.0771270756,-3656.50435524794,-44445.9407947352,15921.9108968141,-1842.43480160441,-5498.93915685236,2468.19717548802,43257.6336149753
-33633.4142622206,-50913.0201956723,-54218.448924378,-3305.42872870566,-43846.5722568121,12692.1196641661,-4587.48626928563,-7892.9149979913,2478.96166957464,43020.105197681
-36550.0234919866,-52930.2818081674,-55875.3708160449,-2945.08900787748,-43283.7799846751,9229.18920447533,-7151.06911170547,-10096.158119583,2495.43271178686,42834.1236885844
-39620.8446118771,-54715.9679178101,-57376.1650976913,-2660.19717988118,-42811.4478829568,5703.41680590033,-9391.70650003267,-12051.9036799138,2512.81353482062,42664.0642378963
-42763.648730773,-56211.2674398675,-58628.4589901433,-2417.19155027586,-42382.0116075191,2147.48798415509,-11300.1307249394,-13717.3222752152,2529.12510740895,42493.9451646522
-45923.1216016205,-57389.5019050256,-59586.3998293876,-2196.89792436202,-41994.5211671745,-1382.99190218603,-12849.3722055911,-15046.2701299531,2545.60853226001,42343.2317750725
-49011.4432304276,-58207.1603090477,-60181.2274832037,-1974.067174156,-41616.4990215839,-4835.26442486558,-14030.9815034856,-16005.0486776416,2559.67978397819,42202.1116314061
-51958.1677166976,-58665.2188020088,-60368.5095353501,-1703.29073334131,-41200.4231904098,-8186.4005847366,-14893.4516700478,-16596.7424033891,2571.34394155122,42068.4763986197
-54676.8410145954,-58743.6734413326,-60213.8920662919,-1470.21862495929,-40803.3245630705,-11295.5678732355,-15362.4002999727,-16832.618924932,2577.94857828934,41911.0545164006
-57126.876228169,-58467.7955866405,-59823.2775459882,-1355.48195934762,-40504.1237501325,-14041.2659594944,-15382.1853179659,-16737.6672773135,2581.48651854213,41730.128309327
-59285.7655970056,-57884.1883245412,-59176.7227979562,-1292.53447341494,-40248.2212432573,-16452.4466555691,-15050.8693831047,-16343.4038565197,2585.09769817923,41540.7844680216
-61101.5001666495,-57011.2379447874,-58340.5213998085,-1329.28345502115,-40067.3243061339,-18446.4304396446,-14356.1682177825,-15685.4516728036,2587.74542087095,41325.7862719837
-62543.083317278,-55876.5582356731,-57317.6382858009,-1441.08005012777,-39926.1924720984,-20027.3542017127,-13360.8291201078,-14801.9091702356,2589.53664346684,41074.6490654375
-63552.7372637907,-54473.3496643751,-56161.5307339247,-1688.18106954968,-39868.6814347483,-21096.4703725124,-12017.0827730968,-13705.2638426464,2587.58545653001,40768.0858217286
-64136.6031090949,-52852.1036693437,-54840.4406382542,-1988.33696891051,-39827.314753136,-21726.0452979657,-10441.5458582146,-12429.8828271251,2583.24305799321,40422.2208422187
-64322.9143596812,-51086.7032672014,-53289.0144107056,-2202.31114350415,-39696.078839769,-22046.9576327862,-8810.74654030649,-11013.0576838106,2579.87788712597,40073.6455833908
-64096.7819515934,-49186.6689597642,-51517.8622080291,-2331.19324826486,-39454.023293547,-22069.4515010339,-7159.33850920469,-9490.53175746955,2573.30715701252,39696.1372022946
-63502.1471763048,-47208.5454507897,-49503.1111518955,-2294.56570110584,-39051.3135572321,-21883.6329352157,-5590.03120970064,-7884.59691080648,2567.20068385693,39323.9485399832
-62557.8688984052,-45172.1030364378,-47346.4951125863,-2174.39207614851,-38566.7312551722,-21431.8985978801,-4046.13273591269,-6220.5248120612,2559.23904535295,38951.5782243766
-61318.1306038062,-43123.6976564222,-45003.0121165467,-1879.31446012452,-37931.0739690256,-20836.2995489293,-2641.86660154536,-4521.18106166989,2550.75708585125,38602.5165947523
-59829.316963984,-41094.7840226222,-42614.0427652956,-1519.25874267343,-37252.3145390922,-20034.8041995194,-1300.27125815756,-2819.53000083099,2542.19822537249,38275.2540217912
-58121.3549492095,-39105.5906913828,-40287.2844108042,-1181.69371942136,-36625.3406586323,-18962.2152347396,53.5490230870863,-1128.14469633427,2533.79905583763,37977.4459950486
-56217.2508191161,-37165.1893102737,-38132.4647270709,-967.275416797161,-36140.3782735625,-17552.0444015686,1500.01710727383,532.741690476671,2524.82814398504,37697.9310007504
-54150.9840389392,-35295.232518629,-36162.6408190284,-867.408300399362,-35782.8755331821,-15852.4835915049,3003.26792880536,2135.859628406,2515.62491425228,37431.092147035
-51940.6704715209,-33503.2466223802,-34457.628025294,-954.38140291381,-35605.1718460476,-13829.3855984607,4608.03825067991,3653.6568477661,2506.11302701251,37156.9034701463
-49607.3136926924,-31789.582447222,-32968.4742576052,-1178.89181038327,-35537.4702910203,-11574.4951690818,6243.23607638862,5064.34426600535,2495.34823259032,36853.9267132273
-47176.1682712922,-30164.0741743824,-31627.2466662425,-1463.17249186006,-35524.4902768561,-9166.578358567,7845.51573834283,6382.34324648278,2485.09963586919,36546.4174208652
-44637.274333604,-28612.8980844645,-30419.6779753723,-1806.77989090776,-35566.5487849335,-6595.30862123933,9429.06762790015,7622.2877369924,2475.4169274312,36235.1858214569
-41987.8199178839,-27140.1363646575,-29276.4010611384,-2136.26469648084,-35598.5029636121,-3922.92401140056,10924.7595418258,8788.49484534496,2466.39294287121,35928.6312100025
-39219.1456149658,-25746.6016328576,-28107.2872514944,-2360.68561863678,-35532.7529733769,-1228.81612287241,12243.7278592358,9883.04224059904,2457.57651871647,35629.6438734566
-36325.7513476965,-24436.0504334171,-26846.673650872,-2410.62321745491,-35302.2411835271,1424.40540270372,13314.1063169831,10903.4830995282,2447.91556687306,35339.5335329453
-33326.755963855,-23224.6128918496,-25503.1623199104,-2278.54942806074,-34916.6239127071,4028.29822473915,14130.4412967445,11851.8918686837,2438.43027588703,35076.5047605334
-30263.278036516,-22158.4748862932,-24110.4951548487,-1952.02026855551,-34390.0529745709,6558.29604909936,14663.0991993222,12711.0789307667,2431.52111104446,34869.5538170598
-27165.0800173871,-21256.5090570705,-22692.7815801395,-1436.27252306897,-33727.9821375185,8987.71006734948,14896.2810276661,13460.0085045971,2424.80794721804,34716.5175616676
-24084.5454346219,-20556.1897612932,-21354.9035657577,-798.713804464531,-33022.812950808,11357.2892407528,14885.6449140814,14086.9311096169,2419.02172456663,34643.1208709101
-21097.4228898709,-20106.2713733275,-20285.5941730317,-179.322799704108,-32411.1528329961,13728.5437792864,14719.6952958297,14540.3724961256,2414.81383616113,34646.6438694532
-18247.7907656089,-19933.6350408382,-19517.4106747255,416.224366112703,-31873.1869166801,16035.7030729851,14349.8587977559,14766.0831638686,2410.30692191395,34699.7182047068
-15629.6695746326,-20089.0633891546,-19191.1053546448,897.958034509804,-31496.4227752827,18273.1962849514,13813.8024704294,14711.7605049392,2406.44308430134,34800.8238940938
-13319.517808224,-20587.8175990778,-19329.8454067293,1257.97219234845,-31272.0554340935,20355.3469543782,13087.0471635245,14345.0193558729,2402.80932850868,34932.8369549507
-11413.8788105694,-21453.9990640014,-20045.2374511057,1408.76161289571,-31269.3385777805,22255.8958889141,12215.7756354821,13624.5372483778,2400.43612170303,35078.5363123792
-9968.57565061836,-22684.656258862,-21322.8502330992,1361.8060257628,-31462.4387924979,23892.2151439297,11176.1345356861,12537.9405614489,2398.3520020501,35222.5968203108
-9061.3730828302,-24294.647254857,-23159.4176271343,1135.22962772266,-31834.1081958501,25170.9395871185,9937.66541509174,11072.8950428144,2398.20447409857,35367.5422976714
-8720.36114894601,-26248.4633381641,-25552.5259002416,695.937437922447,-32389.8612266961,26067.9517933598,8539.84960414176,9235.78704206421,2398.45171560974,35484.2503802283
-9007.70546276714,-28541.6087761295,-28424.4147440337,117.194032095787,-33065.4743588206,26459.152159238,6925.24884587562,7042.44287797141,2401.38326318452,35584.0516541009
-9902.63028190073,-31086.1625227599,-31615.4953674711,-529.332844711224,-33753.059329886,26252.6019784042,5069.069737545,4539.73689283377,2402.17293041886,35625.8994155937
-11444.1515825329,-33878.7985177813,-35048.0975580565,-1169.29904027523,-34410.1239293655,25370.6851825706,2936.03824732223,1766.73920704701,2404.712835738,35645.5377248283
-13614.2466680226,-36859.0987013178,-38539.8050885685,-1680.70638725066,-34919.9406895255,23714.3669678153,469.514934520003,-1211.19145273066,2408.67294631237,35647.9072485872
-16360.3606346725,-39952.7519975393,-41999.0621577171,-2046.31016017787,-35270.340885355,21323.9651943425,-2268.42616852431,-4314.73632870219,2413.98494365992,35638.0156688371
-19621.5880529227,-43080.0047535349,-45338.3927568349,-2258.38800330002,-35457.176900821,18254.7994048244,-5203.61729578778,-7462.0052990878,2419.21055692613,35617.9994544471
-23340.45274124,-46204.6109995369,-48382.77494734,-2178.1639478031,-35366.8075488675,14452.2684271702,-8411.88983112674,-10590.0537789298,2425.91361954268,35614.5572206071
-27452.908133777,-49277.3838142343,-51122.9458808766,-1845.5620666423,-35047.3209566206,10027.4777896306,-11796.9978908266,-13642.5599574689,2433.06496678707,35634.8238567653
-31886.9610742991,-52234.8292547648,-53526.1121411391,-1291.28288637433,-34533.9842691214,5085.78368701804,-15262.0844934477,-16553.367379822,2438.76049219577,35681.4618749428
-36582.4649100186,-55033.982283139,-55461.7781969944,-427.795913855371,-33766.0810803964,-372.678883025304,-18824.1962561457,-19251.9921700011,2443.70494659693,35781.9901131379
-41476.6011275042,-57631.9171959709,-56968.7796031089,663.137592861981,-32845.8894594985,-6181.26092684026,-22336.5769953069,-21673.439402445,2449.45074116545,35958.4777935259
-46457.8742577928,-59945.9137591676,-58049.7262578764,1896.18750129118,-31851.5070579408,-12152.2854784589,-25640.3249798337,-23744.1374785425,2454.08172139316,36201.7762806251
-51437.7856758181,-61927.5388711476,-58755.6921426904,3171.84672845721,-30894.7895049413,-18085.8040527898,-28575.5572481192,-25403.710519662,2457.19211808699,36523.8283514855
-56308.8149630432,-63522.9452603261,-58991.1464179481,4531.79884237798,-29954.215695424,-23894.6155582564,-31108.7458555392,-26576.9470131613,2459.98370936283,36945.9982471648
-60930.3446197813,-64650.8044196946,-58677.7258452709,5973.07857442365,-29013.2929294271,-29455.7416286326,-33176.2014285459,-27203.1228541222,2461.31006172165,37447.6815655724
-65171.97222972,-65271.6805932475,-57985.5119128799,7286.16868036762,-28268.0350717468,-34442.1201439317,-34541.8285074592,-27255.6598270916,2461.81701404155,38016.0207661559
-68918.9286577664,-65355.4502424368,-57004.4979086972,8350.95233373965,-27830.132268784,-38626.0562162664,-35062.5778009368,-26711.6254671971,2462.74017271609,38643.8247752397
-72043.3258386073,-64853.785670156,-55630.9020121553,9222.88365800065,-27615.0987321305,-41966.7133664872,-34777.1731980358,-25554.2895400352,2461.51373998968,39299.4961301208
-74446.4611658181,-63770.3723020712,-53809.2384267147,9961.13387535646,-27551.5951037874,-44435.2666104937,-33759.1777467468,-23798.0438713904,2459.59945153697,39972.3284306808
-76035.9555208112,-62131.9520039935,-51766.7193685756,10365.2326354178,-27834.3162557858,-45743.0825918998,-31839.0790750821,-21473.8464396643,2458.55667312555,40658.1055643292
-76752.132163486,-59986.9793235901,-49568.0840346045,10418.8952889856,-28451.6065992788,-45841.8042054118,-29076.6513655158,-18657.7560765302,2458.72135879542,41329.2232470598
-76546.4913001721,-57371.3705968413,-47143.6917562171,10227.6788406242,-29254.6927152869,-44834.9670021765,-25659.8462988456,-15432.1674582214,2456.83158270876,41939.2031386198
-75465.9334480564,-54411.2502356681,-44573.6828875854,9837.56734808263,-30210.3439128031,-42799.84857827,-21745.1653658817,-11907.5980177991,2455.74095698323,42503.652217869
-73620.845901395,-51253.305978241,-42083.6909578156,9169.61502042536,-31399.2126294855,-39764.8315796354,-17397.2916564814,-8227.67663605603,2456.80169227413,43025.6293421849
-71132.6839876907,-48033.7273398095,-39774.4604977977,8259.2668420118,-32779.4157410964,-35892.6261144457,-12793.6694665645,-4534.40262455274,2460.64213214856,43499.3247152567
-68155.2715882243,-44877.526283817,-37560.6446412084,7316.88164260854,-34129.1710330733,-31559.457390119,-8281.71208571169,-964.830443103153,2466.64316503196,43912.6958407138
-64839.8215192295,-41891.7044284873,-35476.8603581461,6414.84407034122,-35368.1096570666,-26999.2173688133,-4051.10027807114,2363.74379227008,2472.49449334957,44255.4482207574
-61351.4924219456,-39179.9218452987,-33723.0318368857,5456.89000841306,-36603.8874895932,-22267.8917504269,-96.3211737799634,5360.56883463309,2479.71318192552,44540.4906799318
-57808.5460973008,-36807.7510844211,-32385.8383767025,4421.9127077186,-37848.3971865595,-17472.9365341696,3527.85847871009,7949.77118642869,2487.21237657166,44757.5222708498
-54334.6695371014,-34817.3443667713,-31437.5488796175,3379.79548715384,-39008.7921648141,-12833.5431877637,6683.7819825664,10063.5774697202,2492.33418452356,44880.9218364916
-51081.8382847954,-33261.0052270638,-30893.2714494322,2367.73377763157,-40078.4748483931,-8506.70634542868,9314.12671230295,11681.8604899345,2496.65709097363,44942.8657169983
-48135.6516882281,-32134.7982514878,-30866.3261950183,1268.47205646945,-41176.3177569083,-4459.87376884101,11540.9796678993,12809.4517243688,2499.46016247887,44944.2499758566
-45554.4513306772,-31419.2795689329,-31332.7023042883,86.5772646445646,-42275.0785064385,-779.82945845254,13355.3423032918,13441.9195679363,2499.54336578614,44861.1991368692
-43404.3972063451,-31089.9852943908,-32197.7036355913,-1107.71834120054,-43307.9185046056,2402.11543701297,14716.5273489673,13608.8090077667,2498.59413875248,44698.7943021575
-41671.3617309132,-31058.9139908427,-33382.2786728009,-2323.36468195826,-44294.404976934,5119.42475528756,15731.8724953581,13408.5078133999,2496.38150926684,44467.4218042425
-40332.2092318829,-31251.532209778,-34848.6575003817,-3597.12529060375,-45277.1086804045,7438.61347528152,16519.2904973864,12922.1652067827,2493.71402675992,44173.6974165607
-39352.0160508375,-31590.9831762024,-36425.3108104259,-4834.32763422351,-46146.1486750214,9283.80600342765,17044.8388780628,12210.5112438393,2489.67337924373,43801.4944200417
-38675.6101604362,-31995.7633574421,-37978.7405685261,-5982.97721108399,-46852.771389464,10661.3149169728,17341.161719967,11358.184508883,2484.15368794511,43353.9478663251
-38213.6710727579,-32372.9648882668,-39451.0355652984,-7078.07067703156,-47437.8173558374,11700.571951785,17541.2781362761,10463.2074592445,2476.42566870555,42836.1723475113
-37887.6846103166,-32642.8839152724,-40702.3985042208,-8059.51458894832,-47849.5521768927,12428.2314450277,17673.0321400718,9613.5175511235,2466.36387845161,42256.401466396
-37635.0778982011,-32771.3622512455,-41626.4291533543,-8855.06690210879,-48044.4185026944,12867.8763129414,17731.591959897,8876.52505778826,2458.53570844813,41647.8873090337
-37343.975166236,-32696.3512635811,-42387.8168239647,-9691.46556038359,-48226.2166369293,13332.0947697972,17979.7186724521,8288.25311206851,2449.85329910391,40984.6043756496
-36943.7104763301,-32403.5920030661,-42936.9114839915,-10533.3194809254,-48375.717341483,13874.6272825812,18414.7457558453,7881.42627491984,2442.62041742839,40285.0182779859
-36414.5936034581,-31914.451079557,-43260.6925428729,-11346.2414633159,-48486.5894451525,14511.0633087918,19011.205832693,7664.96436937707,2439.06746709742,39579.4154489341
-35671.8923119525,-31198.3473661035,-43361.2911165108,-12162.9437504073,-48543.1430315125,15304.2314866304,19777.7764324794,7614.83268207213,2432.98076707043,38813.1800481757
-34702.2997218452,-30299.8765942822,-43242.1430349766,-12942.2664406945,-48512.9535183151,16236.9702927293,20639.3934202923,7697.12697959787,2426.31649625946,37997.0035738801
-33562.1056995811,-29318.4438510945,-42959.9556329921,-13641.5117818977,-48393.1461826905,17253.9689160895,21497.6307645761,7856.11898267841,2422.92843298006,37174.5628337729
-32278.5913579542,-28312.5425522751,-42640.2075313999,-14327.6649791248,-48245.5852722736,18386.7857327812,22352.8345384603,8025.16955933553,2419.79181846186,36337.7121116107
-30918.1092385029,-27363.7890143474,-42414.2003386812,-15050.4113243337,-48131.4807610346,19631.8850974109,23186.2053215663,8135.79399723259,2418.51357487914,35499.58301158
-29483.6043009469,-26484.1297189373,-42162.3217933343,-15678.192074397,-47883.2642770189,20813.2350230265,23812.7096050361,8134.5175306391,2413.5750469545,34618.6472495764
-28069.548083299,-25755.155542074,-41975.1350477724,-16219.9795056985,-47554.4696744761,21894.2534337105,24208.6459749355,7988.66646923705,2409.33184253336,33743.822011311
-26718.5622403414,-25203.8706397255,-41777.6842722932,-16573.8136325677,-47040.2172459148,22726.4773567102,24241.168957326,7667.35532475831,2404.82235113674,32871.2259644838
-25489.2251995563,-24855.3274928896,-41554.5182664985,-16699.190773609,-46310.5241598671,23221.6851623308,23855.5828689975,7156.39209538853,2400.38620201999,32011.7195882781
-24441.7472046975,-24720.4199979093,-41268.5516852944,-16548.1316873851,-45341.0256516986,23295.0222109681,23016.3494177563,6468.21773037125,2395.74376396704,31188.6377282806
-23627.8208103524,-24812.1734627016,-40968.3285497805,-16156.1550870789,-44189.1800927881,22953.9521114211,21769.5994590719,5613.444371993,2392.5928289854,30425.6178346946
-23053.6567920747,-25101.9002588427,-40627.6989219537,-15525.798663111,-42856.2106569943,22192.8028824707,20144.5594157027,4618.76075259177,2390.24901755109,29720.6610114345
-22723.9308491492,-25556.6741837229,-40213.8902373714,-14657.2160536485,-41352.2488893833,21017.2694108643,18184.5260762906,3527.31002264207,2388.95137063011,29083.9842063649
-22640.0641918909,-26147.6602062845,-39703.2683358004,-13555.6081295159,-39703.8947293843,19452.3696276051,15944.7736132115,2389.16548369559,2388.53909011167,28536.8256899801
-22792.2670201339,-26841.2356053784,-39015.8338696007,-12174.5982642223,-37878.4821054874,17474.0758838936,13425.107298649,1250.50903442672,2387.86079854009,28091.7446398051
-23147.3806845587,-27598.6671092303,-38232.851481194,-10634.1843719637,-36004.6874443751,15244.859947395,10793.5735227235,159.389150759753,2387.55318757857,27758.05625999
-23653.9569671682,-28379.2920043134,-37234.3973660453,-8855.10536173183,-34012.7858374325,12745.4849627539,8020.1499256086,-834.955436123233,2386.65609248957,27544.3365681902
-24276.6214201019,-29155.2034756981,-36049.0344598383,-6893.83098414022,-31961.1595534489,10069.2612134437,5190.67915784754,-1703.15182629268,2384.72308009675,27452.0516494054
-24986.9612388558,-29908.5215129016,-34741.4298592723,-4832.90834637062,-29921.4709421553,7316.22723078395,2394.66695673815,-2438.24138963247,2381.7175274845,27470.2801232692
-25754.089735927,-30624.3004635183,-33387.0025631839,-2762.70209966556,-27976.7414204587,4601.47966468133,-268.731062910023,-3031.43316257559,2378.82798014957,27592.8673009428
-26538.3992556962,-31285.358271096,-32056.6714717211,-771.31320062508,-26203.1014218855,2040.06742265222,-2706.89159274763,-3478.20479337271,2375.36525646287,27807.1534777233
-27334.0572229967,-31901.4271251898,-30608.8697382182,1292.55738697155,-24455.943664934,-504.727044574372,-5072.09694676743,-3779.53955979588,2373.38651348832,28121.8875653939
-28099.4206857002,-32451.0171410332,-29224.1933603854,3226.82378064787,-22913.7180399116,-2814.12121218369,-7165.71766751676,-3938.89388686889,2371.58143360492,28512.1232541643
-28797.2163902594,-32912.4637315404,-27882.2700872575,5030.19364428289,-21545.1245825307,-4884.46480654389,-8999.71214782489,-3969.51850354199,2367.62700118485,28942.9452279984
-29426.9470102543,-33301.8820220117,-26705.3258167115,6596.55620530018,-20466.6363474188,-6595.35701193502,-10470.2920236924,-3873.7358183922,2364.95365090047,29428.1462036194
-29970.0963283486,-33618.9868318243,-25502.8725226905,8116.11430913381,-19477.8888577155,-8129.55090892566,-11778.4414124014,-3662.32710326754,2362.65656170747,29956.6597285567
-30414.6741089115,-33863.611504021,-24473.240349452,9390.37115456902,-18759.016708214,-9295.77577462487,-12744.7131697344,-3354.34201516539,2359.88162607264,30509.2694888556
-30766.5704908894,-34044.8556825968,-23680.8900290332,10363.9656535636,-18347.608015136,-10061.7818752035,-13340.0670669108,-2976.10141334729,2357.18060054996,31068.7542692495
-31035.5802068504,-34174.9921847229,-23264.8309099051,10910.1612748178,-18374.748913238,-10305.1885862246,-13444.6005640971,-2534.43928927931,2355.64270738778,31640.5528954436
-31219.3268319871,-34251.9310112998,-23015.7883652762,11236.1426460236,-18606.9069264576,-10259.1988511688,-13291.8030304815,-2055.66038445792,2353.22105436066,32196.2706268418
-31332.944730273,-34297.4238190486,-22989.0062506655,11308.4175683831,-19057.9476535567,-9924.39837620145,-12888.8774649771,-1580.45989659401,2350.59870051478,32716.9639224546
-31420.5597988766,-34352.4289363505,-23334.9024795733,11017.5264567771,-19832.1055749471,-9238.11001155891,-12169.9791490327,-1152.45269225563,2350.34421237061,33199.9762440948
-31476.4323739262,-34405.5400978,-24270.7006587834,10134.8394390166,-21116.9395926661,-8009.52226029305,-10938.6299841668,-803.790545150203,2349.97052096707,33601.7495526498
-31529.6783830082,-34472.4678665071,-25749.7565622598,8722.71130424738,-22832.3607552214,-6347.02843319561,-9289.81791669455,-567.106612447174,2350.2891945912,33905.36125406
-31604.6624959198,-34558.1524294097,-27667.6831302655,6890.46929914422,-24862.0689912177,-4390.57020589606,-7344.060139386,-453.590840241783,2352.02329880606,34104.561589168
-31718.1483321165,-34661.2967208022,-29936.5165149238,4724.78020587846,-27109.8177059529,-2254.65351430106,-5197.80190298679,-473.021697108334,2353.67711186252,34188.2750236939
-31884.2565838043,-34782.636618235,-32376.1980277335,2406.43859050153,-29400.2609106608,-128.228590361365,-3026.60862479213,-620.170034290608,2355.76708278212,34162.4665839444
-32101.5631657693,-34912.4880311532,-34884.408647371,28.0793837821799,-31642.9361324616,1898.43884362706,-912.486021756861,-884.406637974679,2357.06587693479,34028.0813931785
-32387.3726953018,-35059.8866782761,-37177.8776850042,-2117.99100672815,-33571.2071677058,3543.29064760692,870.776664632673,-1247.21434209547,2359.45617520296,33812.6723361806
-32736.253133373,-35217.9777093893,-39246.0287174695,-4028.05100808026,-35187.1722381408,4812.23787117069,2330.5132951544,-1697.53771292585,2361.31876640289,33520.4399964634
-33146.1884526673,-35381.3533905164,-41022.6992083242,-5641.34581780777,-36451.0064289728,5666.95587162312,3431.79093377402,-2209.55488403375,2362.1378953176,33171.7985064826
-33625.5747031874,-35555.9437779919,-42362.5372915369,-6806.59351354496,-37245.2807097259,5982.31130117318,4051.9422263687,-2754.65128717626,2362.6052946347,32801.2924908156
-34160.2987906225,-35732.8355709415,-43169.9213843151,-7437.08581337359,-37514.6632997533,5716.03807226415,4143.5012919451,-3293.58452142849,2361.67356313332,32439.251049513
-34736.6333164474,-35904.7448013452,-43507.4094202581,-7602.66461891298,-37348.8225069944,4971.33310476061,3803.22161986282,-3799.44299905016,2359.1439142136,32105.301802295
-35342.9822777513,-36065.0971567347,-43323.3602949878,-7258.26313825308,-36729.3868381433,3741.69608724622,3019.58120826273,-4238.68192999035,2355.29152685421,31826.4152267444
-35950.1765764767,-36187.5154832244,-42575.4964638481,-6387.9809806237,-35642.468438612,2042.21531380661,1804.87640705899,-4583.1045735647,2349.9234516714,31604.4109096597
-36530.1576256914,-36255.6882169239,-41369.5046161796,-5113.81639925575,-34219.5366973978,32.8460491518593,307.315457919334,-4806.50094133641,2343.46697744544,31449.1872755875
-37053.0701116996,-36253.2324248805,-39890.4706358547,-3637.2382109742,-32677.7774357226,-2039.31658116356,-1239.47889434451,-4876.71710531871,2335.97609481344,31376.5153195618
-37498.910871358,-36175.4887025002,-38172.0576818211,-1996.56897932097,-31058.7754477681,-4112.35494123345,-2788.93277237562,-4785.50175169659,2327.78048235642,31389.9869508036
-37845.1526158931,-36018.9323097039,-36225.6743162499,-206.74200654599,-29374.2214387365,-6151.72312428792,-4325.50281809873,-4532.24482464472,2319.20805286867,31486.6874850592
-38075.4115303549,-35782.3122223343,-34159.4713364376,1622.8408858967,-27723.2666261935,-8041.17200807984,-5748.07270005925,-4125.23181416256,2310.97289608147,31657.0804081717
-38170.529816785,-35463.6717781299,-32148.9577054115,3314.71407271833,-26258.6141786269,-9609.26560025532,-6902.40756160015,-3587.69348888182,2302.65003790285,31875.978289248
-38138.4030003403,-35074.9083488149,-30260.5296826061,4814.37866620878,-25027.3232908626,-10816.3377822405,-7752.84313071506,-2938.46446450629,2294.74192723719,32136.4438843086
-37994.8440609787,-34637.6601188364,-28617.0943512451,6020.56576759133,-24125.680009303,-11580.8382676368,-8223.65432549442,-2203.08855790309,2288.32578403897,32434.5715609333
-37743.5623869897,-34157.5135283128,-27260.7723551639,6896.74117314882,-23560.0285710021,-11901.7703869881,-8315.72152831113,-1418.98035516231,2281.76342899951,32738.5331731505
-37411.2436753581,-33651.3152504985,-26358.4838030481,7292.83144745037,-23462.0450064493,-11672.9833607577,-7913.05493589807,-620.223488447699,2276.21530815114,33031.0917620508
-37020.1119174621,-33137.7667053984,-25798.4124432293,7339.3542621691,-23687.8435905667,-11059.7316437098,-7177.38643164603,161.967830523067,2272.53668318561,33299.7345359214
-36553.6779065706,-32599.2765150945,-25475.5457449011,7123.7307701934,-24123.8944075623,-10161.2051091274,-6206.80371765139,916.927052542016,2268.57838988082,33516.2035676365
-36028.7219350528,-32056.8795901029,-25486.8259652701,6570.05362483273,-24843.9635805232,-8919.64438703323,-4947.8020420833,1622.25158274943,2265.11396749635,33679.1311728523
-35441.1512365252,-31511.7014372574,-25801.3113977048,5710.39003955262,-25789.4856367841,-7391.34368019519,-3461.8938809274,2248.49615862523,2260.32191954591,33760.1975958827
-34807.2450321173,-30980.7221746838,-26364.2914585077,4616.43071617602,-26887.5734460189,-5664.49399087069,-1837.97113343714,2778.45958273887,2255.17759522768,33759.1817574226
-34121.2975978458,-30455.918556058,-27065.7425639207,3390.17599213734,-28022.8704829201,-3849.28962835243,-183.910586564654,3206.26540557269,2249.13748657329,33662.1839616307
-33404.3284682958,-29949.5637793504,-27858.6261358485,2090.93764350195,-29153.7933235776,-2006.88504880806,1447.87964013734,3538.81728363929,2243.65009591015,33488.3810629897
-32666.3450674314,-29465.4624835911,-28691.3258634057,774.136620185445,-30237.8623420154,-189.751654117284,3011.130929723,3785.26754990845,2238.73107129873,33250.7300334996
-31921.9896508713,-29012.5288311057,-29491.3841725291,-478.855341423397,-31198.4676236121,1510.37051320999,4419.83133297554,3940.97599155215,2233.89254046915,32953.5048226579
-31187.9285051748,-28593.8024974219,-30132.0112670061,-1538.20876958423,-31924.5276912662,2966.39306089129,5560.51906864425,4022.31029906002,2229.79387479991,32616.1127964819
-30464.9023357984,-28207.2063847023,-30617.0414222433,-2409.83503754093,-32446.2302662517,4207.11224268373,6464.80819377982,4054.97315623889,2225.78431223049,32262.1795409412
-29761.7269778745,-27856.5498165033,-30903.2163941979,-3046.66657769453,-32728.5995115199,5187.94682660362,7093.12398797473,4046.4574102802,2221.07429295814,31903.0072267835
-29096.9800204802,-27554.9839692065,-30912.1804092082,-3357.19644000173,-32693.0316338045,5810.68825265118,7352.68430392487,3995.48786392314,2214.63663932686,31550.4718331296
-28495.8648173582,-27319.4360531639,-30658.3459915389,-3338.90993837507,-32363.4793452733,6075.70327944607,7252.13204364041,3913.22210526534,2208.08875153095,31232.6581584292
-27958.3814164825,-27141.1371096194,-30205.3668905644,-3064.22978094503,-31822.4397366333,6064.76489921138,6882.00920607445,3817.77942512942,2200.70657906055,30958.9165347488
-27483.2395242223,-27021.6797249773,-29669.8168340672,-2648.1371090899,-31184.3790812859,5895.23994865386,6356.79974789877,3708.66263880887,2194.10039159022,30730.3423637862
-27072.0563731827,-26958.8795405392,-29231.5045769979,-2272.62503645866,-30616.4786180224,5732.1822863448,5845.35911898835,3572.73408252968,2187.7600415051,30531.6136230689
-26709.9532213354,-26937.7160406128,-28920.0788095574,-1982.36276894458,-30159.4712177782,5630.60987542923,5402.84705615179,3420.48428720721,2181.09187898637,30358.20032782
-26389.3312560019,-26945.7163695516,-28706.4176956722,-1760.70132612061,-29780.8637609821,5564.76878031107,5008.38366676137,3247.68234064076,2173.23627533087,30193.3987101924
-26108.6655213953,-26984.6553428989,-28596.2276374942,-1611.57229459531,-29483.1771721777,5539.92790363794,4663.93808213439,3052.36578753907,2165.41625285557,30037.021130438
-25862.6728040538,-27049.1844942988,-28589.2576014217,-1540.07310712284,-29260.7327202157,5556.10501368463,4369.59332343958,2829.52021631674,2158.04509752269,29878.7047106156
-25641.6808436669,-27135.8564775101,-28652.1073384634,-1516.25086095326,-29082.233211365,5592.01755412473,4097.84192028152,2581.59105932826,2151.46518642665,29717.4475368384
-25446.2662099909,-27246.3629216072,-28689.2028029534,-1442.8398813462,-28848.4033348394,5547.55256962962,3747.45585801341,2304.61597666721,2145.41544478114,29550.9788982744
-25279.9164366912,-27385.4705246828,-28846.6064135105,-1461.13588882765,-28698.24634851,5558.15868099568,3452.60459300409,1991.46870417643,2139.82876917688,29376.9392288592
-25144.2566219744,-27549.7551589866,-29081.4184192394,-1531.66326025276,-28584.5060101288,5574.84060395967,3169.3420669474,1637.67880669465,2134.59121580529,29187.4339656813
-25044.3917544845,-27739.6964884504,-29295.8827238937,-1556.18623544329,-28411.7026886082,5496.94061547372,2801.63588150785,1245.44964606456,2129.62968135005,28985.1461345149
-25002.3643933492,-27965.929102383,-29535.6200095961,-1569.6909072131,-28214.1701123866,5336.79318503198,2373.22847599819,803.537568785092,2124.9874659946,28769.4666711681
-25027.6919409997,-28223.3885815082,-29895.709144403,-1672.32056289478,-28086.1545407953,5178.58965494054,1982.89301443206,310.572451537279,2120.12705514496,28533.9610330455
-25131.3977008275,-28518.4345532166,-30336.886418433,-1818.45186521643,-27985.8158614782,4970.2419448345,1583.20509244541,-235.246772771019,2115.8237841838,28283.1877804455
-25317.9629493164,-28845.9258104716,-30807.8125508186,-1961.88674034702,-27860.793726095,4653.50254441133,1125.53968325609,-836.347057090926,2110.67176763271,28009.5787533807
-25613.5296595852,-29219.3731071155,-31312.9645443807,-2093.59143726524,-27714.1101269545,4206.83481769596,600.991370165626,-1492.60006709962,2106.25435032659,27726.7730400159
-26016.0518115486,-29631.0387965951,-31940.5974192869,-2309.55862269188,-27655.4625695249,3742.01979824361,127.03281319715,-2182.52580949473,2102.60904026729,27448.5129871003
-26516.9413195118,-30057.9907328797,-32579.9067626972,-2521.91602981744,-27587.7189193286,3168.13880157601,-372.910611791936,-2894.82664160938,2097.36120175918,27163.1640912704
-27127.4733494517,-30500.7424757952,-33202.1421633239,-2701.39968752868,-27486.4554374275,2451.40285922335,-921.866267120142,-3623.26595464882,2092.42077124754,26877.4765211464
-27838.4827269149,-30940.4263134758,-33754.9829762147,-2814.55666273896,-27325.106793414,1573.83565678797,-1528.10792977292,-4342.66459251188,2087.21159028882,26597.7617209639
-28639.7701919925,-31354.8963227546,-34237.9344111364,-2883.03808838171,-27142.2669577126,585.185518084341,-2129.94061267776,-5012.97870105947,2082.68875236428,26341.9176216952
-29500.2172522369,-31717.2880679439,-34600.0908962066,-2882.80282826275,-26909.2881250761,-512.413935517949,-2729.4847512249,-5612.28757948765,2078.51519164285,26105.0004884562
-30392.5370265783,-32001.3807184084,-34872.1534470367,-2870.77272862829,-26674.6819152152,-1643.6227155346,-3252.46640736477,-6123.23913599306,2074.23239582845,25878.1415824154
-31271.0846294824,-32182.6657285209,-35024.4660139483,-2841.80028542742,-26426.2035965743,-2775.4592905922,-3687.04038963064,-6528.84067505806,2069.42174231594,25653.8250534628
-32104.7893658562,-32255.1949679433,-35086.7036026543,-2831.50863471102,-26202.5655531969,-3837.51618647389,-3987.92178856092,-6819.43042327194,2064.70762618543,25435.7645446713
-32853.99343819,-32198.1035168608,-35076.0295383537,-2877.92602149293,-26039.9574670415,-4754.82550972718,-4098.93558839796,-6976.86160989089,2059.21046142132,25221.2419069699
-33489.9844473923,-32013.5761860222,-34857.4764988944,-2843.90031287225,-25812.7287557184,-5622.93070396932,-4146.52244259918,-6990.42275547143,2054.32498770452,25023.1534305507
-33999.1953882025,-31721.1352013458,-34522.9621537089,-2801.82695236312,-25599.2316074733,-6348.18922665334,-4070.12903979669,-6871.95599215981,2051.77455407576,24849.179209186
-34359.2860329224,-31320.099113439,-34043.3571109206,-2723.25799748157,-25350.641894617,-6959.12067175684,-3919.93375227346,-6643.19174975503,2049.52346654857,24676.907363684
-34563.3437649233,-30822.1681224211,-33474.9789295263,-2652.81080710519,-25110.9774193106,-7404.43656971194,-3663.26092720977,-6316.07173431497,2047.92977590079,24506.0963881062
-34598.0613777333,-30225.9816615436,-32784.3706003398,-2558.38893879618,-24839.7062799625,-7712.72528040317,-3340.64556421349,-5899.03450300967,2045.62981736764,24326.9471585339
-34469.1538187805,-29555.2148760801,-31961.6050862942,-2406.39021021412,-24512.2738314384,-7913.9837902678,-3000.04484756739,-5406.4350577815,2042.89619707425,24148.7798182986
-34196.3516511558,-28831.1799168054,-31007.1086873864,-2175.92877058095,-24114.9791369786,-8041.09267723553,-2675.92094288518,-4851.84971346613,2040.27983694162,23979.3302033393
-33791.5842729414,-28077.2351533485,-30044.1444429426,-1966.90928959413,-23751.6236488581,-8001.28879809873,-2286.93967850581,-4253.84896809994,2038.67182598453,23823.3861852485
-33273.8391484764,-27310.4522999673,-29049.5989789797,-1739.14667901241,-23382.6859367668,-7854.0875127868,-1890.7006642778,-3629.8473432902,2037.06569892272,23680.6049566771
-32681.4606711311,-26569.5050978223,-27994.0959933744,-1424.5908955522,-22956.7675094524,-7688.40674867941,-1576.45117537059,-3001.04207092278,2036.28641299927,23568.4630268995
-32040.0669944743,-25870.6263984879,-26963.2546569933,-1092.62825850537,-22535.2500247081,-7468.88189059485,-1299.44129460842,-2392.06955311379,2035.93507917134,23478.5568453741
-31376.6531259032,-25227.7672409813,-26005.6025171151,-777.835276133801,-22150.9181475519,-7189.20101615174,-1040.31513122993,-1818.15040736373,2036.53396219954,23409.6168336176
-30715.0856787889,-24658.246386709,-25169.1664092958,-510.920022586866,-21840.3096645624,-6836.04260904542,-779.203316965478,-1290.12333955235,2038.73340518106,23368.1230471566
-30091.021459327,-24177.2784195818,-24389.998901142,-212.720481560192,-21529.9204644301,-6518.57996263501,-604.836922889857,-817.557404450054,2042.52103226187,23359.7210151317
-29506.0895378701,-23772.8291690202,-23713.4910997598,59.3380692603861,-21262.1775108614,-6197.71682800801,-464.456459158147,-405.118389897761,2046.19519900057,23367.7107791224
-28973.3978054985,-23443.1062119723,-23156.6200360866,286.486175885698,-21049.1759693607,-5874.2955875935,-344.003994067368,-57.5178181816675,2049.92624854426,23385.5883937906
-28508.7873231708,-23186.0745416051,-22716.3319008064,469.742640798777,-20890.7435234662,-5563.73956928779,-241.026787722169,228.71585307661,2054.30423041678,23414.7903946818
-28124.6561834527,-22994.7430315224,-22385.2453155019,609.497716020522,-20780.3260228768,-5285.57700977645,-155.663857846179,453.833858174344,2058.75315079943,23448.5768896968
-27823.0088633151,-22850.839751377,-22127.731177919,723.108573458011,-20691.0269029844,-5070.15034849245,-97.9812365544276,625.127336903583,2061.83161183822,23475.9670882806
-27612.3496285169,-22747.8338001972,-22057.4539770297,690.3798231675,-20750.4713259948,-4796.73308455512,67.7827437645062,758.162566932006,2065.14521796698,23505.9963671292
-27472.7908342824,-22663.6306332761,-21967.9837219009,695.646911375198,-20770.716471392,-4634.6971847237,174.463016282565,870.109927657756,2067.37717816669,23533.7405609339
-27366.9143954397,-22567.8393563127,-21890.0114570731,677.827899239589,-20815.5261711567,-4483.9548031873,315.120235939706,992.948135179291,2067.43342109563,23560.787491492
-27269.0339922553,-22449.5499958583,-21843.1754806032,606.37451525508,-20916.0941493633,-4285.91837807462,533.565618322401,1139.94013357748,2067.02146481742,23589.4901294358
-27136.0907305995,-22294.2791172379,-21784.44718424,509.831932997894,-21041.8599619202,-4028.59247021237,813.219143149149,1323.05107614704,2065.63829846682,23617.330193385
-26963.8826437676,-22105.9657144411,-21676.3238423826,429.641872058519,-21157.2464152731,-3742.34908432278,1115.56784500374,1545.20971706226,2064.28714417173,23651.1754315033
-26739.6316828399,-21881.4222968321,-21557.562013558,323.860283274008,-21298.5074912964,-3378.50900729234,1479.70037871548,1803.56066198948,2062.61518425118,23684.9829588215
-26448.1123370099,-21615.5392327571,-21434.3865228816,181.152709875433,-21465.3295515231,-2921.7256552206,1910.84744903217,2092.0001589076,2061.05713026612,23707.5393916647
-26085.9757004294,-21313.6344789936,-21288.9796208837,24.6548581098898,-21632.0994210662,-2394.69573856623,2377.64548286959,2402.30034097947,2059.180540797,23715.9348199731
-25666.8991135341,-20999.1566030324,-21131.3499371143,-132.193334081908,-21785.7347584038,-1823.93180826836,2843.81070223328,2711.61736815137,2057.23254686185,23710.7739711838
-25198.5242307473,-20679.2447351102,-20979.8677207987,-300.622985688533,-21926.9226275555,-1216.81731028624,3302.4621853509,3001.83919966237,2054.78429290555,23681.0839347725
-24711.8394407441,-20370.9546342646,-20824.4618955312,-453.507261266583,-22021.7831036253,-637.854609172034,3703.03019730743,3249.52293604085,2052.20172794679,23620.4775703055
-24228.1221856664,-20076.4883150714,-20661.9545578819,-585.466242810421,-22073.7266867465,-103.953934960415,4047.67993563456,3462.21369282413,2050.44156395948,23538.7020078956
-23734.0417995497,-19777.8900153978,-20434.6949486548,-656.804933257025,-22043.1995243175,358.228110200059,4314.37989435202,3657.57496109499,2049.07038543222,23435.4649764927
-23219.9235715797,-19461.1132145619,-20156.8152949588,-695.702080396926,-21944.5124752611,771.962880692472,4530.77323771028,3835.07115731335,2047.37397701102,23296.1843718752
-22697.4307778747,-19126.470265503,-19841.5987239033,-715.128458400285,-21800.0399609794,1148.81503489319,4719.77554726489,4004.64708886461,2046.20585178845,23131.1173543676
-22149.7811498251,-18761.8608344621,-19496.5819232129,-734.721088750791,-21637.55625004,1533.29087083076,4921.21118619375,4186.49009744295,2045.51577061585,22948.350931905
-21549.4020035433,-18345.1759998664,-19124.9180308462,-779.742030979821,-21482.8345077502,1978.7174246223,5182.94342829924,4403.20139731942,2045.28492041543,22748.3773971858
-20872.9441418721,-17857.241809361,-18744.7104338261,-887.468624465179,-21367.3876362138,2539.36097600315,5555.06330851426,4667.59468404908,2044.91748166141,22524.83649341
-20104.1190248184,-17292.5286899501,-18341.5156079688,-1048.98691801873,-21302.6866772804,3244.16303522499,6055.75337009332,5006.76645207459,2045.59538276294,22299.2951420246
-19207.7857529106,-16646.7407891063,-17901.4350001188,-1254.69421101248,-21273.60103727,4113.70608848783,6674.7510522922,5420.05684127972,2047.89080412844,22066.797630386
-18166.6900656216,-15938.3187730102,-17366.7207354971,-1428.40196248692,-21208.2523029715,5093.53326404287,7321.90455665424,5893.50259416732,2051.97102669295,21831.8213671775
-16980.3719843908,-15184.068432858,-16775.5163620158,-1591.44792915784,-21124.0297270902,6200.31960183909,7996.62315337186,6405.17522421402,2056.66185913965,21589.2436570721
-15677.6310372403,-14418.0634167793,-16153.8822593109,-1735.81884253156,-21005.1685734441,7388.70002176214,8648.26764222313,6912.44879969159,2061.16248555839,21330.5122164709
-14317.8866945209,-13709.9400061249,-15574.5142673093,-1864.57426118435,-20875.7516478053,8626.97960138076,9234.9262897767,7370.35202859235,2069.11464809638,21080.2920347173
-12948.0940179235,-13086.9198043603,-15042.6360637992,-1955.71625943886,-20688.9020876917,9817.34559821661,9678.51981177981,7722.80355234095,2076.53752844846,20809.7233567013
-11630.8903405262,-12592.5319362971,-14583.9681712484,-1991.43623495134,-20433.9850843158,10887.0135097412,9925.37191397024,7933.9356790189,2083.91876595156,20526.467615316
-10409.4917917599,-12240.2006063039,-14336.7347825573,-2096.53417625338,-20231.1820875156,11912.6556749881,10081.9468604441,7985.41268419071,2090.96537923235,20225.6132904946
-9338.79263627882,-12047.1699769783,-14247.4948229236,-2200.32484594532,-20020.7847786612,12780.5277890274,10072.1504483279,7871.82560238258,2098.535646645,19918.9955793609
-8440.5295339339,-12016.1626469342,-14260.8671434239,-2244.70449648967,-19747.5255104426,13413.0156720795,9837.3825590792,7592.67806258952,2106.01969557078,19608.8407095237
-7721.59541904699,-12124.2468335354,-14426.6884453525,-2302.44161181703,-19479.3674315356,13870.5131934677,9467.8617789792,7165.42016716216,2112.74118097904,19289.6670006976
-7171.87487299916,-12346.8640070482,-14672.1108817223,-2325.24687467402,-19168.3285509426,14114.8032114148,8939.81407736574,6614.56720269172,2118.34953347139,18961.43120974
-6796.02872521997,-12676.1746899297,-15057.8528477007,-2381.678157771,-18890.3767943128,14217.1989388825,8337.05297417278,5955.37481640178,2122.85086978967,18631.5495063315
-6584.0963188879,-13097.1522126399,-15533.0184379871,-2435.86622534717,-18603.090592966,14145.0727504907,7632.01685673863,5196.15063139145,2126.07847641256,18293.3028440314
-6547.5920058947,-13609.7250738401,-16030.6863578516,-2420.96128401144,-18243.6207202326,13824.2815883966,6762.14852045118,4341.18723643974,2128.25287405869,17950.9123102799
-6679.48814373605,-14205.9453622274,-16606.5791310685,-2400.63376884106,-17881.3449901082,13331.9161355089,5805.45891701761,3404.82514817655,2130.05928913681,17610.7705104039
-6977.75848110263,-14885.7716265585,-17247.6350697079,-2361.86344314938,-17509.7661949999,12663.0969445118,4755.0837990559,2393.22035590652,2131.08923061449,17278.991982465
-7450.48092535121,-15641.5734957929,-17892.2792641383,-2250.70576834539,-17075.9662695017,11756.2259612851,3565.13339084343,1314.42762249805,2130.74061713463,16956.001118291
-8105.2889767141,-16472.378691343,-18621.105162422,-2148.726471079,-16677.0101299783,10701.6460958876,2334.55638125862,185.829910179629,2129.92494262343,16658.2086015227
-8928.3250832425,-17375.6057734005,-19446.6005101781,-2070.99473677754,-16324.5982704386,9524.45617585732,1077.17548569926,-993.819251078281,2128.18298866117,16381.7865223223
-9924.07577585168,-18350.9292860714,-20326.942886634,-1976.01360056264,-15976.6901107437,8178.39532344957,-248.458186770181,-2224.47178733282,2125.78098855753,16126.4574987386
-11100.3569664205,-19384.3730765499,-21266.8678877499,-1882.49481119992,-15644.6773085562,6667.66015095218,-1616.35595917728,-3498.8507703772,2123.33980881643,15885.5223061727
-12447.0106822674,-20455.5339701059,-22250.5750810095,-1795.04111090352,-15332.544955436,5006.43957365564,-3002.08371418294,-4797.12482508647,2120.90530048701,15658.4091450195
-13938.4103186727,-21548.1922661055,-23285.6578150639,-1737.46554895833,-15062.2727057686,3242.99898837203,-4366.78295906085,-6104.24850801919,2119.13660127613,15443.9437580863
-15552.2159747152,-22632.1782363606,-24298.4153658252,-1666.23712946457,-14786.1678079448,1351.37917564676,-5728.58308599861,-7394.82021546318,2117.42734241718,15237.3580208974
-17259.2889359125,-23670.0217255373,-25257.6370136953,-1587.61528815798,-14512.7943470905,-630.43481907051,-7041.16760869533,-8628.78289685332,2116.0597697515,15041.238828684
-19026.30116539,-24633.4057653122,-26132.3523465249,-1498.94658121268,-14235.89457118,-2675.14548912683,-8282.25008904903,-9781.19667026171,2115.26110508324,14852.2090950505
-20815.2965602431,-25488.3389469781,-26882.9832646263,-1394.64431764827,-13954.5890242262,-4746.05281065208,-9419.09519738703,-10813.7395150353,2114.65472536489,14674.5994319428
-22618.8802184339,-26228.5383195455,-27501.1399392155,-1272.60161966999,-13681.5361670447,-6822.49662039831,-10432.15472151,-11704.75634118,2114.84743099085,14523.7819783656
-24393.6492557997,-26835.5455213819,-27943.8984653678,-1108.35294398587,-13385.901781697,-8892.70494780393,-11334.6012133861,-12442.954157372,2115.04252629883,14392.5913640099
-26099.439523686,-27290.9936194174,-28254.9121802884,-963.918560871022,-13142.2034061895,-10840.2805036127,-12031.8345993441,-12995.7531602151,2116.95561388376,14295.2404592023
-27676.0664622019,-27566.1229280833,-28379.7288318165,-813.60590373322,-12920.0058447966,-12636.8715246008,-12526.9279904822,-13340.5338942155,2119.18909280448,14225.5890338678
-29095.6348044825,-27658.7245632808,-28356.1597193151,-697.435156034348,-12762.8139924799,-14210.492461011,-12773.5822198094,-13471.0173758437,2122.32835099151,14187.7071874371
-30353.4597671276,-27574.2493177606,-28218.9645755669,-644.715257806407,-12691.5599380116,-15536.1211836291,-12756.910734262,-13401.6259920684,2125.77864548692,14172.6233256921
-31454.5879078851,-27318.6585667659,-27953.0724310592,-634.413864293385,-12678.9732295626,-16645.6055946081,-12509.6762534889,-13144.0901177823,2130.00908371437,14174.5684489835
-32400.7982161514,-26894.8854564218,-27552.6542284249,-657.768772003027,-12712.5840250352,-17553.5858073804,-12047.6730476508,-12705.4418196538,2134.62838373578,14189.443636768
-33170.5791338722,-26289.3652388017,-26991.4019636923,-702.036724890611,-12780.2248797683,-18252.0574135288,-11370.8435184584,-12072.880243349,2138.29684057509,14216.4849954527
-33740.5996885269,-25503.3376093525,-26206.6205210432,-703.282911690718,-12811.0827924728,-18787.2645958791,-10550.0025167048,-11253.2854283955,2142.25230017493,14250.052180957
-34082.8690722745,-24534.3250957073,-25266.5461461037,-732.221050396321,-12863.2770245015,-19073.2342678035,-9524.69029123629,-10256.9113416326,2146.3577799695,14277.4137540747
-34161.9579250852,-23380.3874441224,-24129.0702595828,-748.682815460406,-12893.3559131099,-19117.2350536949,-8335.66457273205,-9084.34738819246,2151.36695828036,14296.0400559299
-33934.2194600898,-22052.9406430456,-22832.9731990504,-780.03255600489,-12927.1424104527,-18849.8587845881,-6968.57996754381,-7748.6125235487,2157.21826504901,14304.3281194968
-33364.1301985239,-20576.2610524323,-21372.8320047651,-796.570952332786,-12922.4803827565,-18278.661617828,-5490.79247173638,-6287.36342406917,2162.98819793947,14288.8976283632
-32437.2703313615,-18990.6014152946,-19755.5269855175,-764.925570222986,-12838.6206015516,-17430.8333556462,-3984.16443957921,-4749.0900098022,2167.81637416377,14241.5114054923
-31208.1590716221,-17355.9240665184,-18064.1473705118,-708.223303993435,-12712.4480974457,-16322.3375917163,-2470.1025866126,-3178.32589060603,2173.37338246006,14177.5981759124
-29720.124610566,-15708.0976759693,-16404.8412405423,-696.74356457294,-12613.6185754519,-14928.650396811,-916.623462214275,-1613.36702678722,2177.85563830313,14094.7306491821
-28033.9720762653,-14095.2290906515,-14769.4453183432,-674.216227691672,-12491.9609156767,-13359.9544925602,578.788493053563,-95.4277346381042,2182.05666802841,13999.8013560134
-26225.9487429646,-12561.1579410645,-13159.2602998807,-598.102358816192,-12303.8566076323,-11736.6875120806,1928.1032898194,1330.00093100321,2185.40462325164,13891.1588720677
-24357.9541031436,-11132.2248320902,-11637.919550688,-505.694718597722,-12096.9774634521,-10073.2550908763,3152.4741801771,2646.77946157938,2187.72154881527,13779.0042936696
-22483.5207035744,-9821.72259400287,-10258.5217928413,-436.799198838437,-11921.0013902407,-8372.24820581521,4289.54990375633,3852.75070491789,2190.27110751853,13674.4732989208
-20595.3352910096,-8598.60135287677,-9041.08495249347,-442.483599616733,-11807.2417428826,-6598.19366106005,5398.54027707277,4956.05667745604,2189.89988706689,13554.6580303328
-18697.4176022036,-7452.29313394956,-7914.83336468732,-462.540230737779,-11697.3363360898,-4814.17600600204,6430.94846225202,5968.40823151424,2185.90526011181,13420.7013654638
-16817.2949538111,-6402.35816352569,-6879.005794742,-476.647631216323,-11600.6172704588,-3033.68703282706,7381.24975745837,6904.60212624205,2182.99065052526,13306.9602897677
-14945.3063432582,-5441.36160602945,-5924.85991830952,-483.498312280102,-11509.4176084394,-1255.32458871234,8248.62014851644,7765.12183623634,2180.56414610652,13206.4834422658
-13062.6079529308,-4539.63433468336,-5158.93658342823,-619.302248744884,-11554.2044239667,671.165455190569,9194.13907343806,8574.83682469319,2179.56898415474,13114.4711593765
-11135.0041260044,-3676.97414453137,-4463.67563590249,-786.701491371144,-11632.4820653067,2677.05205487333,10135.0820363463,9348.38054497519,2179.574115571,13025.3546895065
-9158.93498332015,-2855.61137850685,-3797.61760011778,-942.006221610943,-11706.5795701389,4728.10743360729,11031.4310384206,10089.4248168097,2180.46284678857,12945.0361953165
-7157.76842801994,-2099.10550920896,-3233.171766622,-1134.06625741305,-11832.6426176896,6858.83621708162,11917.4991358926,10783.4328784795,2183.96202741192,12882.5383876885
-5150.72555947262,-1422.43912366515,-2776.38377834634,-1353.94465468119,-11989.6270539864,9027.03277487412,12755.3192106816,11401.3745560004,2188.13128036033,12823.8136796655
-3164.56798853507,-846.83086325394,-2337.29668969083,-1490.46582643688,-12078.8583840639,11107.6628163038,13425.399941585,11934.9341151481,2193.37242077496,12781.764978402
-1242.77605556008,-400.356370540676,-1965.98700356921,-1565.63063302855,-12125.4362762653,13082.2840213482,13924.7037063676,12359.0730733391,2199.62380064303,12759.4294438798
593.502575723982,-95.5992331732088,-1763.61535809648,-1668.01612492327,-12211.8903325481,15012.0291923912,14322.927383494,12654.9112585707,2206.63628411909,12750.510491744
2305.9652076286,43.0551550442125,-1707.33985400537,-1750.39500904959,-12294.9728492883,16814.5534531432,14551.6434005588,12801.2483915092,2213.6153962263,12758.193236465
3853.78179586878,-2.74981552343775,-1793.09891335242,-1790.34909782899,-12344.4777062532,18419.0904612374,14562.5588498451,12772.2097520162,2220.83095911531,12774.9595675396
5248.98192531695,-209.127515928552,-2035.87478250625,-1826.7472665777,-12383.1128153394,19860.3172355273,14402.2077942818,12575.4605277041,2228.22249487088,12784.5880436326
6473.88870547695,-577.744103089152,-2418.27193831615,-1840.527835227,-12391.4839888633,21100.659495711,14049.0266871449,12208.4988519179,2235.2868013707,12786.242955007
7510.59701717916,-1111.70199855201,-2970.92092413888,-1859.21892558687,-12387.6751546101,22140.6312997938,13518.3322840626,11659.1133584758,2242.35912800456,12770.8153570278
8330.72700100809,-1797.94597183652,-3657.42798327767,-1859.48201144115,-12337.8519549231,22917.5616827014,12788.8887098568,10929.4066984156,2248.98272677023,12727.3526702522
8910.23908277718,-2637.70772751485,-4499.51431942545,-1861.80659191058,-12268.0921800227,23434.4195937598,11886.4727834677,10024.6661915571,2256.08833095989,12662.373919072
9227.54866618479,-3619.47511375951,-5618.2322264217,-1998.7571126622,-12311.3395572922,23801.6410360116,10954.6172560672,8955.86014340504,2262.75281253453,12575.3352571645
9242.21628567216,-4758.24227183478,-6858.57777861361,-2100.33550677882,-12316.5514642822,23828.0364745496,9827.5779170427,7727.24241026389,2269.26872459531,12485.4846820987
8922.80523016066,-6057.73153734999,-8169.29773914395,-2111.56620179396,-12247.5337701411,23446.7340268045,8466.19725929378,6354.63105749983,2276.39502650272,12412.3625948498
8256.82141495028,-7496.739034938,-9203.59356346878,-1706.85452853077,-11811.9695923793,22352.3182451226,6598.75779523431,4891.90326670355,2283.52723779303,12388.6423016416
7253.27227112211,-9048.14411291553,-9947.16597327364,-899.021860358107,-11063.0447074854,20607.0784016288,4305.66201759116,3406.64015723305,2290.76142302128,12454.7842701486
5968.72385888636,-10677.5044713396,-10458.4537229368,219.050748402766,-10095.9488293819,18362.0295379499,1715.80120772391,1934.85195612668,2297.35684968156,12612.3564274663
4405.15493723266,-12375.3125416538,-10920.3719441249,1454.94059752889,-9113.96166805643,15823.7471666769,-956.720312209651,498.220285319237,2304.63056138776,12873.5328269731
2604.47792718444,-14096.6262816539,-11376.4253850709,2720.200896583,-8198.8390608777,13113.4482843723,-3587.65592446601,-867.455027883011,2310.13129631016,13229.1712537708
612.840392497725,-15810.404624568,-11845.2316833149,3965.17294125313,-7390.23570603937,10317.4872959427,-6105.75772112305,-2140.58477986992,2314.41119740563,13669.8198446981
-1520.3246602112,-17495.6576807089,-12479.8084605836,5015.84922012529,-6828.71736338325,7625.33722249635,-8349.99579800135,-3334.14657787606,2316.94451932429,14161.5111028328
-3775.44080129044,-19144.5830518891,-13245.9889834247,5898.59406846442,-6485.42336844392,5029.48739767011,-10339.6548529286,-4441.06078446417,2319.50483051661,14703.5222674249
-6118.791817718,-20737.2548624605,-14279.0425382542,6458.2123242063,-6494.89275056512,2697.24047158318,-11921.2225731594,-5463.01024895305,2321.13953873605,15274.2446135075
-8532.9772559373,-22278.0925680597,-15498.3303844292,6779.76218363055,-6775.81708270104,567.554504082461,-13177.56080804,-6397.79862440944,2324.7146773187,15880.2939436503
-10958.4644837035,-23731.6399196265,-16685.7082048695,7045.931714757,-7112.45876560663,-1520.23342102276,-14293.4088569458,-7247.47714218881,2325.77229707405,16484.1627774377
-13402.7267856491,-25129.2545098303,-17891.109112711,7238.14539711937,-7544.21263528583,-3528.91556887553,-15255.4432930568,-8017.29789593738,2329.59858148776,17111.9566138929
-15834.3492863224,-26451.8272823221,-19117.4517300287,7334.37555229337,-8078.6808491623,-5422.62364168612,-16040.1016376859,-8705.72608539248,2333.04479547397,17746.1011969296
-18259.3390757005,-27704.0481425832,-20234.281772461,7469.76637012216,-8593.78255849715,-7328.68829903809,-16773.3973659208,-9303.63099579863,2336.86821816522,18400.4171467845
-20657.4690545819,-28872.3324241313,-21309.2419498269,7563.09047430435,-9169.69542225728,-9147.28898402479,-17362.1523535742,-9799.06187926987,2340.48464829979,19073.2705448614
-23013.2494870354,-29936.226803915,-22297.8567847678,7638.37001914727,-9771.12456053358,-10898.9258779131,-17821.9031947928,-10183.5331756455,2343.19904858868,19752.6936282695
-25338.7680457758,-30910.1836513022,-23320.2294303108,7589.95422099144,-10502.2260035106,-12490.4196572388,-18061.8352627653,-10471.8810417738,2346.12238502639,20438.3026095284
-27614.3513051,-31782.5683554345,-24346.9931906173,7435.57516481717,-11338.2042535713,-13926.9759179977,-18095.1929683322,-10659.617803515,2349.17113353103,21122.9505519195
-29832.0998372608,-32535.6937595514,-25388.9973910073,7146.69636854409,-12285.9058144797,-15194.4089168778,-17898.0028391684,-10751.3064706243,2351.78510590327,21784.387288927
-31958.3329151233,-33140.4334301734,-26338.4711823986,6801.96224777473,-13259.095197337,-16345.6948048984,-17527.7953199485,-10725.8330721738,2353.54291288788,22414.6003579996
-33980.9367072511,-33589.7272684427,-27155.206378827,6434.52088961562,-14228.4932184709,-17397.6315175716,-17006.4220787631,-10571.9011891475,2354.81197120863,23017.8260792952
-35857.5540265512,-33862.293700438,-27923.5871328029,5938.70656763514,-15286.0953270362,-18216.0018310346,-16220.7415049214,-10282.0349372863,2355.45686848041,23580.2587631517
-37547.371925161,-33943.8578612189,-28634.8035738437,5309.05428737515,-16432.387254358,-18759.48356406,-15155.969500118,-9846.91521274281,2355.50110674295,24096.9426484761
-39022.3751517837,-33827.3322303543,-29241.2196067945,4586.11262355975,-17608.0422555743,-19059.7542441925,-13864.711322763,-9278.5986992033,2354.57865201691,24548.7335311509
-40250.0482222044,-33513.4461030644,-29679.6808217153,3833.76528134906,-18751.6003754587,-19145.343399732,-12408.7412805919,-8574.97599924283,2353.10444701372,24938.4701038215
-41195.968634135,-33005.8066610499,-30040.2862150328,2965.52044601706,-19932.2129111716,-18912.549319561,-10722.3873464759,-7756.86690045887,2351.20640340236,25248.939760591
-41847.840667936,-32315.9379639674,-30326.2942007653,1989.64376320209,-21142.4358724331,-18356.1671078101,-8824.26440384148,-6834.62064063939,2349.23768769277,25481.317323328
-42198.2831098632,-31461.1026903249,-30491.5680126491,969.534677675813,-22307.3864669078,-17543.8544008536,-6806.67398131538,-5837.13930363957,2347.04224210175,25623.9633866853
-42260.6681174379,-30470.4702406164,-30508.2458794645,-37.7756388480327,-23372.7701430406,-16544.0147937978,-4753.81691697636,-4791.5925558244,2343.88318059951,25678.877684792
-42066.2864078814,-29387.7260010187,-30437.3607305956,-1049.63472957697,-24350.0360667184,-15375.6090157008,-2697.04860883807,-3746.68333841503,2340.64132546225,25641.0426626036
-41631.158518949,-28229.1490219896,-30337.5101178071,-2108.36109581751,-25279.9771674885,-14013.9175987645,-611.908101805081,-2720.2691976226,2337.26375269607,25508.879824367
-40999.2797134817,-27026.2347484147,-30150.6828741181,-3124.44812570341,-26069.4438225878,-12595.9744339694,1377.0705310976,-1747.37759460582,2333.86145692448,25278.8571538089
-40209.5384341843,-25804.0503112354,-29838.2499192622,-4034.19960802676,-26664.3358830568,-11214.558246737,3190.92987621198,-843.269731814779,2330.64430439063,24960.7805794206
-39273.7861533788,-24562.5637981249,-29408.378155252,-4845.81435712703,-27061.0562095872,-9885.27751210022,4825.94484315362,-19.8695139734084,2327.45243169136,24542.6942841515
-38210.4131125725,-23314.4786190314,-28938.8524014924,-5624.37378246101,-27327.5399891141,-8558.45398837402,6337.48050516701,713.106722706,2324.41913508437,24027.5853417374
-37012.8843345145,-22043.872404338,-28338.7582093535,-6294.88580501548,-27391.2829376044,-7300.92406136844,7668.08786880805,1373.20206379257,2320.67733554165,23417.0744681306
-35722.1727004842,-20776.3807566734,-27672.9923187676,-6896.61156209417,-27311.2167948894,-6094.07643904246,8851.71550476833,1955.10394267417,2316.87946655232,22731.4846993476
-34362.707457865,-19531.7881866696,-26925.7775158669,-7393.98932919735,-27065.56051578,-4983.92422622655,9846.99504496888,2453.00571577153,2313.22271585851,21984.7939024411
-32953.8528490903,-18303.4552714539,-26085.3723673773,-7781.91709592338,-26652.7197545279,-3991.41611956387,10658.9814580725,2877.06436214912,2309.71697499851,21180.5196336031
-31516.2844344815,-17092.8256599775,-25177.6691430605,-8084.84348308297,-26111.7914205425,-3097.87203854859,11325.5867359554,3240.74325287248,2306.62097539047,20333.56891285
-30050.3856556954,-15887.2402602826,-24221.1387788736,-8333.89851859105,-25488.0287151454,-2258.74466755322,11904.4007278597,3570.5022092686,2303.61227299686,19457.7424695512
-28554.8853455028,-14680.7548227244,-23088.3479138569,-8407.59309113242,-24692.8030601002,-1561.39671934097,12312.7338034374,3905.14071230494,2300.6855660616,18585.8955350294
-27005.6525709798,-13448.574437373,-21826.5909345943,-8378.01649722128,-23811.356269417,-895.548686336771,12661.5294472701,4283.51295004882,2298.74761522606,17732.0873874218
-25368.6509307559,-12174.1167422237,-20414.8151259805,-8240.6983837568,-22852.7204182209,-217.950902389624,12976.5832861426,4735.88490238581,2297.97961014546,16910.0016446095
-23628.3052833342,-10857.5916257983,-18916.9139519295,-8059.32232613125,-21887.3906876409,556.469957045244,13327.1836145812,5267.86128844991,2297.38455273851,16125.4529142482
-21760.9521187823,-9497.99156516829,-17382.2788156344,-7884.28725046612,-20971.3242786405,1507.02875568333,13769.9893092973,5885.70205883119,2296.65659582512,15383.6936239995
-19736.9267072292,-8085.98878728451,-15800.560702894,-7714.57191560946,-20100.5313916128,2658.36824942573,14309.3061693704,6594.73425376091,2294.76356504207,14680.7230410454
-17548.5701319856,-6642.78174759315,-14083.2224518479,-7440.44070425479,-19183.4614139899,3927.79592862805,14833.5843130205,7393.14360876568,2292.90464662368,14035.9253563588
-15166.6017526281,-5171.51524885548,-12344.8054856536,-7173.29023679808,-18322.4452488325,5444.73979948628,15439.8263032589,8266.53606646085,2288.89630328195,13438.0513153163
-12615.0653521539,-3716.75369282032,-10610.6432235353,-6893.88953071496,-17508.7311470735,7178.18352864136,16076.495187975,9182.60565726001,2284.51773372174,12899.3593500803
-9901.06735135885,-2314.71921690789,-8873.15337501723,-6558.43415810931,-16700.9961317019,9080.22170230309,16666.569836754,10108.1356786447,2280.29292196003,12422.8548955526
-7081.17188305631,-1028.92451954383,-7169.03747900785,-6140.11295946402,-15886.1131008705,11082.8434016785,17135.0907651909,10994.9778057269,2277.90218386423,12023.9023252707
-4201.89614783999,89.956866104154,-5553.70484374848,-5643.66170985263,-15060.0812918179,13133.9235389459,17425.77655289,11782.1148430374,2275.73839496798,11692.1579769333
-1333.49784836509,992.138210562654,-4112.73469911537,-5104.87290967802,-14261.9489316764,15202.455735629,17528.0917945567,12423.2188848787,2274.00465231768,11431.080674316
1417.83907345669,1611.49029607845,-2937.32100277935,-4548.81129885778,-13524.582851737,17215.5815610346,17409.2327836563,12860.4214847986,2273.1596358409,11248.9311887201
3971.19227215617,1902.2449647033,-1995.92026675544,-3898.16523145874,-12751.4723580841,18994.9586190826,16926.0113116297,13027.846080171,2272.29398884232,11125.6011154677
6245.77335412258,1840.62040626082,-1351.10619897171,-3191.72660523253,-11977.6837931994,20494.5352765065,16089.3823286447,12897.6557234122,2271.07812918451,11057.0353171514
8158.12937435279,1412.25247806792,-1072.92217774138,-2485.17465580931,-11267.4355778412,21695.4009416496,14949.5240453648,12464.3493895555,2269.83598945564,11052.0969114875
9650.93851570221,622.221701131516,-1106.37003628224,-1728.59173741376,-10569.8943088081,22489.6482466379,13460.9314320672,11732.3396946535,2268.81542212756,11110.1179935219
10704.3834237744,-489.275587139032,-1379.8721734235,-890.596586284467,-9823.6475412144,22792.8101515632,11599.1511406498,10708.5545543653,2264.77918657444,11197.8301415044
11264.2358218119,-1918.598375138,-1984.25165200895,-65.6532768709399,-9149.8528071989,22675.7525708721,9492.91837392221,9427.26509705127,2261.66394186132,11345.8634721893
11308.7196299283,-3629.10606695748,-2926.72857417166,702.377492785806,-8605.66137603414,22173.7428666956,7235.91716980985,7938.29466259565,2259.36186073318,11567.4007295531
10833.4172347077,-5587.24645998022,-4207.78539052179,1379.46106945844,-8226.84709344683,21318.0986319228,4897.43493723486,6276.8960066933,2257.83430376825,11864.1424666735
9884.79479310202,-7721.2812872667,-5646.26805335258,2075.01323391412,-7895.92955187592,20037.132038439,2431.05595807028,4506.0691919844,2256.40769346106,12227.3504792511
8505.78704997868,-9977.26871891399,-7269.56010027912,2707.70861863485,-7687.66405732946,18448.6062510225,-34.449517870125,2673.25910076473,2255.15514371438,12650.5278196787
6753.65376189008,-12290.8920283113,-9122.85760341356,3168.03442489768,-7711.58004602281,16717.3357565014,-2327.21003369989,840.82439119779,2252.10194858855,13131.716419509
4704.71314188518,-14616.2419360791,-10968.9387576002,3647.30317847883,-7780.11828369258,14733.1843353443,-4587.7707426199,-940.467564141068,2248.35290976657,13675.774371938
2420.79006653587,-16909.1973529161,-12733.1371151849,4176.06023773122,-7851.95813415943,12516.9708098946,-6813.01660955733,-2636.95637182611,2244.22260919933,14272.2409810899
-35.026981862375,-19137.4314153925,-14420.566449503,4716.86496588952,-7957.07217251425,10161.0585365996,-8941.34589693053,-4224.48093104101,2239.01334594771,14912.9504843515
-2619.35015042758,-21284.3277722369,-16100.0821632643,5184.24560897263,-8186.62238097926,7800.39127136283,-10864.5863504465,-5680.34074147385,2233.11904081116,15603.9870307631
-5284.07862745235,-23330.4662706681,-17752.009161115,5578.45710955305,-8529.85094526349,5472.42476089343,-12573.9628823223,-6995.50577276924,2226.6524430823,16334.9604978988
-7988.01640961792,-25250.9513178842,-19269.8676670985,5981.08365078569,-8890.82181358199,3122.03321863218,-14140.9016896341,-8159.81803884842,2219.2278146681,17091.1332790358
-10715.5609249327,-27052.6275848569,-20684.2043025127,6368.42328234422,-9285.53805956114,780.694628208892,-15556.3720317153,-9187.94874937107,2210.71749358048,17864.6788354858
-13453.6274356859,-28744.1062393748,-22125.5457439729,6618.56049540191,-9836.99462866702,-1414.08569820643,-16704.5645018953,-10086.0040064934,2202.54710881246,18658.1022328814
-16186.9858964116,-30321.4801353242,-23478.9531218744,6842.5270134498,-10434.6309386874,-3558.12268568719,-17692.6169245997,-10850.0899111499,2194.23227203709,19471.3902241743
-18918.4792652812,-31801.4658294565,-24662.8950942571,7138.57073519943,-10990.3477369044,-5741.71759409454,-18624.7041582698,-11486.1334230704,2186.4139342823,20315.3324063861
-21635.1947731792,-33171.8694063993,-25684.1904037427,7487.67900265668,-11516.80439255,-7939.82371102917,-19476.4983442493,-11988.8193415926,2178.56666959996,21183.0500648067
-24308.9551942125,-34411.0314469142,-26594.1713267366,7816.86012017753,-12076.8882194881,-10062.4720400831,-20164.5482927847,-12347.6881726072,2169.59493464133,22063.3432743069
-26904.2458673766,-35504.9053014922,-27466.8651246664,8038.0401768258,-12755.7299960885,-11988.773618,-20589.4330521155,-12551.3928752897,2159.74225328814,22953.5124262024
-29419.1808455149,-36468.6311926637,-28219.4783850221,8249.1528076416,-13459.4136710922,-13809.5953720138,-20859.0457191626,-12609.892911521,2150.17180240889,23858.7382811427
-31813.7879518755,-37275.5764297059,-28931.5851361191,8343.99129358671,-14268.4142129011,-15406.0661853347,-20867.8546631651,-12523.8633695783,2139.30755363973,24751.7130601275
-34059.3095624979,-37916.2868454548,-29547.9516082236,8368.33523723113,-15128.9607314874,-16802.3482183524,-20659.3255013093,-12290.9902640782,2128.00061265804,25625.2965813766
-36129.1858405336,-38381.8501365197,-30143.0403730055,8238.80976351419,-16115.9098260611,-17897.3027244838,-20149.9670204699,-11911.1572569557,2115.97328998875,26470.6928795641
-37998.1462577494,-38664.056363774,-30580.0940948227,8083.96226895133,-17093.188013152,-18801.8665758236,-19467.7766818482,-11383.8144128969,2103.09166877386,27280.2419508771
-39626.0579661315,-38748.6854166102,-30890.7469420318,7857.93847457842,-18091.2999314176,-19445.2497343609,-18567.8771848396,-10709.9387102612,2089.50830035302,28038.7467063491
-41007.2743970656,-38650.3702371964,-31137.7371011307,7512.63313606563,-19157.1441953916,-19773.2587621766,-17416.3546023073,-9903.72146624171,2076.8714394974,28746.6487709547
-42117.5288883561,-38362.063807552,-31304.8305929855,7057.23321456648,-20270.4484129277,-19782.6663684781,-16027.201287674,-8969.96807310753,2064.41410695023,29392.0957344445
-42952.8154305749,-37901.8646098782,-31346.7016354013,6555.16297447693,-21366.5409373956,-19533.2125087471,-14482.2616880505,-7927.09871357353,2053.06198443224,29974.7658963047
-43519.8468678299,-37286.4697523896,-31295.0258323113,5991.44392007827,-22454.828038089,-19022.5076516187,-12789.1305361784,-6797.68661610016,2042.5111781221,30488.7831362894
-43823.9689863443,-36532.4425618109,-31180.2369756355,5352.20558617538,-23543.7444895826,-18247.7262864036,-10956.1998618702,-5603.99427569481,2032.49821035808,30928.4482861161
-43856.3181838052,-35648.6739378528,-30969.8018524345,4678.87208541834,-24591.7552875525,-17241.0581319204,-9033.41388596801,-4354.54180054968,2023.50476433232,31294.1321373031
-43603.8918773756,-34639.1759535368,-30657.8968580097,3981.27909552716,-25574.0076252855,-16014.5708664959,-7049.85494265712,-3068.57584712995,2015.31338559424,31570.6001064069
-43087.4614296791,-33529.17370135,-30177.4574697295,3351.71623162044,-26408.5832645013,-14670.2120631541,-5111.92433482492,-1760.20810320448,2008.66610202374,31768.9655981455
-42323.477522372,-32337.6749095351,-29667.2650597155,2670.40984981952,-27218.6441504263,-13101.7082154417,-3115.90560260477,-445.495752785247,2003.12515650401,31892.1791567498
-41336.5584406261,-31100.4951546941,-29165.5780395038,1934.91711519028,-28007.8737503639,-11328.8376580976,-1092.7743721656,842.142743024688,1999.84703216457,31942.6378977188
-40132.139859983,-29824.0083934082,-28542.3171863271,1281.6912070811,-28636.7947282185,-9498.58907082019,809.542395754586,2091.23360283569,1996.75606094429,31915.2419962439
-38761.6777392974,-28547.7274229051,-27911.3963397428,636.331083162335,-29205.5110815199,-7562.17207415725,2651.77824223509,3288.10932539743,1993.99458362027,31835.8367483025
-37257.4742480555,-27294.0592512233,-27281.3049096219,12.7543416013843,-29712.0087363294,-5554.35938914682,4409.05560768536,4421.80994928674,1991.10612257925,31715.8692005101
-35640.700191285,-26081.4919724326,-26572.256720558,-490.764748125337,-30063.8160721506,-3588.47439534126,5970.73382351109,5479.96907538574,1988.40972379308,31561.4610478184
-33938.2607793409,-24923.0180198683,-25804.9842758265,-881.966255958248,-30276.7269669455,-1676.91890091577,7338.32385855681,6456.35760259856,1984.61491147962,31379.3756224668
-32185.3132758558,-23855.4878424161,-25111.6888765902,-1256.20103417404,-30471.666461378,267.20056223934,8597.02599567906,7340.82496150502,1980.84737671716,31196.3128039211
-30416.7095789796,-22909.9123239822,-24488.7027862641,-1578.79046228191,-30622.7130273541,2183.0456414482,9689.84289644561,8111.05243416369,1977.04219307372,31020.9647581459
-28677.4929666429,-22117.0417011097,-23912.9840915359,-1795.94239042619,-30682.0417699414,3978.05250461694,10538.5037701501,8742.56137972389,1973.50370131848,30859.6030808336
-27019.8756373386,-21506.0599619819,-23445.676475375,-1939.61651339307,-30696.1550204816,5647.29913901218,11161.1148143688,9221.49830097578,1971.01975586912,30727.5582629577
-25482.1981879361,-21087.7514120679,-23197.5794805565,-2109.82806848857,-30756.1099739578,7242.64969636768,11637.0964722358,9527.26840374722,1968.73791034589,30615.0198158152
-24108.3931257438,-20876.4399481199,-23072.8491365085,-2196.40918838862,-30759.7997908343,8618.25500926271,11850.2081868867,9653.79899849805,1966.84834417222,30530.2389466179
-22935.4503604293,-20877.5719792439,-23108.238403361,-2230.66642411716,-30736.3904214861,9766.78312817686,11824.6615093622,9593.99508524508,1965.84306712002,30471.5670644889
-21992.1581445489,-21093.935838474,-23360.7137660205,-2266.77792754654,-30740.8388576945,10713.7876299321,11612.0099360071,9345.23200846053,1965.1069167866,30439.1678469345
-21296.4609090353,-21523.1249881323,-23824.7427222586,-2301.61773412634,-30766.3683423284,11434.4121580221,11207.7480789251,8906.13034479878,1964.50472472904,30429.2553329311
-20861.3862241015,-22153.2127159494,-24468.9593139648,-2315.74659801545,-30794.0559973204,11897.568698948,10605.7422071001,8289.99560908468,1964.8989257291,30443.208325034
-20669.00409112,-22944.9638121967,-25222.0341970374,-2277.07038484077,-30777.787926687,12073.3597477069,9797.4000266303,7520.32964178953,1964.57591213997,30465.2934539862
-20726.021419903,-23881.5362334506,-26099.269636293,-2217.73340284243,-30765.873045341,12004.8133900704,8849.29857652281,6631.56517368038,1964.9617646324,30513.101407131
-21001.9088111745,-24924.8718231549,-27107.6410948865,-2182.76927173158,-30791.1220658025,11754.8833134317,7831.92030145134,5649.15102971975,1965.67005880374,30574.0228528746
-21485.3514157199,-26051.0060712589,-28152.2770498548,-2101.27097859586,-30788.9028368638,11270.5910617822,6704.93640624315,4603.66542764729,1967.0396406383,30654.6714989062
-22153.0642652828,-27227.2803771592,-29244.6247081541,-2017.34433099493,-30795.7552472796,10611.0062006432,5536.79008876676,3519.44575777184,1968.31521864641,30746.726134931
-22984.1329932289,-28422.9086358608,-30357.0942395542,-1934.18560369338,-30809.7965473422,9794.60552819898,4355.82988556711,2421.64428187373,1968.94197408566,30844.5529177345
-23954.8132606324,-29606.2709731944,-31441.2180880678,-1834.94711487341,-30815.5436506146,8829.82308989666,3178.3653773347,1343.41826246129,1969.09269991453,30949.6892356557
-25046.1703999866,-30745.017495443,-32467.1384678819,-1722.12097243894,-30818.534554247,7741.37196370642,2042.52486825001,320.403895811078,1969.00780944607,31065.4213912541
-26220.8531966082,-31809.7338896095,-33341.5734739246,-1531.83958431505,-30757.1954180909,6504.64078200471,915.76008900336,-616.079495311686,1968.298560522,31193.6543942978
-27440.159941637,-32781.1421089997,-34091.7252912073,-1310.58318220761,-30671.6467850069,5199.34296245321,-141.639204909488,-1452.2223871171,1967.85611908325,31328.9197218826
-28671.6207502804,-33637.4737519431,-34670.7861318718,-1033.31237992865,-30532.0844356153,3827.30173230733,-1138.55126935537,-2171.86364928402,1966.83804697244,31465.6101026591
-29878.4346240772,-34349.6870489082,-35140.1726101701,-790.485561261874,-30436.1377630999,2522.79796828243,-1948.45445654866,-2738.94001781054,1965.09482925964,31610.7470310977
-31015.6032755674,-34895.3332052783,-35400.8438233872,-505.51061810892,-30303.3514581604,1250.58666622928,-2629.14326348158,-3134.6538815905,1962.83848363629,31760.6793236877
-32042.3725496708,-35265.7398648927,-35379.3529707503,-113.613105857628,-30058.7082307864,-23.1533793295827,-3246.52069455146,-3360.13380040908,1960.5109395548,31905.6060644836
-32949.7909769792,-35473.7499858452,-35193.2110650252,280.538920820022,-29810.4045726612,-1180.6019702419,-3704.56097910785,-3424.02205828783,1958.78443407611,32049.7279275574
-33711.792001355,-35509.1401712921,-34819.2887994843,689.851371807778,-29560.9798329859,-2193.60719932792,-3990.95536926508,-3301.1039974573,1957.20496904115,32208.0361738348
-34306.8562759429,-35378.3241092106,-34274.1944176169,1104.12969159363,-29312.2843585448,-3037.99672113305,-4109.46455440069,-3005.33486280707,1956.57519626503,32372.9892464035
-34704.9901611795,-35080.7648150459,-33535.693894032,1545.07092101393,-29025.726269735,-3723.2484402615,-4099.02309412795,-2553.95217311401,1956.01545118301,32526.8126419319
-34893.5176437377,-34639.2971524946,-32720.0439980303,1919.2531544643,-28800.4665903927,-4137.70845619663,-3883.48796495353,-1964.23481048923,1955.34259714839,32675.0623420054
-34868.2111139897,-34081.7652097384,-32006.8300821166,2074.93512762178,-28788.1207643591,-4124.44678888303,-3338.00088463173,-1263.06575700994,1955.64356074764,32818.6994527285
-34612.1361322796,-33420.5605174205,-31188.1141019718,2232.44641544874,-28753.4936539024,-3904.02355204734,-2712.44793718827,-480.001521739531,1954.61892632984,32940.558995681
-34151.6063483892,-32700.3993242495,-30287.9979166187,2412.40140763085,-28699.9050110632,-3496.4236790028,-2045.21665486319,367.184752767658,1955.27765832315,33067.5840770172
-33495.6610031962,-31942.3792587967,-29389.9071569974,2552.47210179931,-28678.3693634409,-2860.6461350687,-1307.36439066916,1245.10771113015,1956.64550468665,33187.4869699268
-32674.507685071,-31178.1981399087,-28555.0671076316,2623.13103227711,-28705.9538390217,-2010.30134868648,-513.991803524141,2109.13922875297,1958.25249736288,33287.3373686617
-31722.4090644645,-30431.1634738587,-27788.9571688643,2642.20630499436,-28765.1079126279,-998.080074828121,293.16551577768,2935.37182077204,1959.2210770084,33366.5352946307
-30674.4573418301,-29724.4448871187,-27134.0588617946,2590.38602532412,-28864.4305019729,149.143713759553,1099.15616847091,3689.54219379503,1959.17055361676,33413.9870809138
-29572.818202319,-29082.2730292258,-26610.1974327155,2472.07559651036,-29015.1334464892,1402.7531951229,1893.29836821601,4365.37396472638,1960.43795095269,33447.6469939522
-28410.0438012258,-28489.0491163437,-26190.9894322574,2298.0596840863,-29191.3603965529,2740.91891484278,2661.91359972479,4959.97328381109,1959.60231951563,33449.0224001548
-27217.771207144,-27970.2460562451,-25891.1748143415,2079.07124190361,-29401.2336381284,4142.14772890615,3389.67287980504,5468.74412170865,1958.68529792176,33438.9901779538
-26011.2094275117,-27526.0705603391,-25654.7187549689,1871.35180537027,-29567.7624617322,5514.11682023444,3999.25568740696,5870.60749277724,1957.56378601385,33396.6780531164
-24816.5553059558,-27170.4828128719,-25516.1798876452,1654.30292522674,-29704.0111733959,6843.62165901844,4489.69415210233,6143.99707732907,1956.16579157832,33314.479890201
-23662.5470751729,-26927.5795698068,-25535.8950705005,1391.68449930635,-29858.8974906274,8151.46576884908,4886.43327421516,6278.11777352151,1955.11535339458,33205.6973433283
-22573.1812737102,-26814.0496361036,-25719.5808306749,1094.46880542877,-30032.5563981475,9413.47516080918,5172.60679841577,6267.07560384455,1954.10003637188,33081.1252399482
-21563.4550672852,-26825.8683035429,-26007.2708780949,818.597425447981,-30164.7827906526,10554.5703481612,5292.15711190349,6110.75453735147,1953.24262479384,32936.6228408944
-20641.5179897987,-26966.970227503,-26402.0590059186,564.911221584464,-30244.5677640054,11554.5421147213,5229.08987701699,5794.00109860145,1951.49234051464,32760.9713261045
-19858.5085528896,-27271.208853697,-26993.3595830434,277.84927065361,-30349.5222698575,12440.4557649354,5027.75546412805,5305.60473478167,1949.44204796757,32576.8135884787
-19257.9853924497,-27756.5928133271,-27778.2471697441,-21.6543564170116,-30464.0380004041,13153.195714408,4654.58829353061,4632.9339371136,1947.14310645365,32389.5267504407
-18893.6017717465,-28441.8544237744,-28793.1139462611,-351.25952248672,-30586.3401498272,13637.6539625828,4089.401310555,3738.14178806827,1944.91558450219,32179.9962118426
-18798.556525127,-29329.9668725075,-30033.5729410967,-703.606068589153,-30691.7694461408,13835.361658414,3303.95131103344,2600.34524244428,1942.14873740016,31930.3121149518
-19016.9908077483,-30423.9582767453,-31519.400725462,-1095.44244871672,-30800.3573797037,13722.4550116498,2315.48754265275,1220.04509393603,1939.08843969438,31644.0033706814
-19598.5510267567,-31716.9264500699,-33145.4203562504,-1428.49390618052,-30829.2078226308,13167.2918066381,1048.91638332499,-379.577522855524,1936.63501076401,31337.3489272143
-20571.4745940052,-33185.3663354657,-34842.5583289473,-1657.19199348156,-30752.5912987259,12116.2816003396,-497.61014112091,-2154.80213460248,1935.16489561893,31030.5642008632
-21935.1665424119,-34785.8758000892,-36629.1220663463,-1843.24626625711,-30632.8738206694,10630.5493736077,-2220.15988406956,-4063.40615032667,1932.84209535022,30722.4696497625
-23705.6505514318,-36498.2701598167,-38443.4313972998,-1945.1612374831,-30454.0373897519,8680.36468772347,-4112.25492066151,-6057.41615814462,1931.97784940333,30440.8540016721
-25870.7362980698,-38272.6850404349,-40174.9306858571,-1902.24564542221,-30176.7573066388,6239.34897121387,-6162.59977115117,-8064.84541657338,1933.32796264486,30207.8396238615
-28393.909476571,-40055.9407350608,-41757.103254069,-1701.16251900815,-29799.0590413143,3342.08336828636,-8319.94789020345,-10021.1104092116,1936.93380354308,30034.8303258492
-31220.6944177423,-41783.7247058835,-43124.2922524924,-1340.56754660886,-29322.1791080201,43.0143919971641,-10520.0158961441,-11860.583442753,1941.52970171932,29923.1412631306
-34292.3772857346,-43400.4923285122,-44240.2432022995,-839.750873787326,-28796.0533956798,-3548.4847964181,-12656.5998391957,-13496.350712983,1947.83909363668,29904.1416155292
-37535.6748614549,-44854.3391261626,-45106.6185560184,-252.279429855847,-28295.1847989505,-7282.70196657191,-14601.3662312796,-14853.6456611354,1957.78809593256,30000.6934650272
-40796.2493835026,-46039.3830759401,-45611.1040940971,428.278981843011,-27785.3600368183,-11045.6885011073,-16288.8221935448,-15860.5432117018,1965.20084557695,30178.8398642383
-43989.4075671985,-46923.1952937567,-45763.0923593067,1160.10293444994,-27318.4945187137,-14698.9940874694,-17632.7818140276,-16472.6788795777,1971.91896101541,30450.516414179
-46999.612266677,-47454.1611382127,-45623.8102168439,1830.35092136879,-26992.649442025,-18030.0824961328,-18484.6313676685,-16654.2804462997,1976.88032851917,30799.880691913
-49753.2080002111,-47629.6105401814,-45190.3171639687,2439.29337621278,-26816.1156212195,-20953.7726178727,-18830.1751578431,-16390.8817816303,1983.31976111889,31238.7287585512
-52136.2947361008,-47413.1654396347,-44451.8518178889,2961.31362174585,-26767.5648063176,-23380.9661234979,-18657.8368270318,-15696.5232052859,1987.76380628535,31716.6422343488
-54098.214514779,-46830.1494244074,-43474.7617358654,3355.38768854202,-26888.1353240462,-25216.0334171902,-17947.9683268186,-14592.5806382766,1994.04577354256,32237.5687861308
-55582.8671515204,-45897.1196800035,-42284.8199364407,3612.2997435628,-27162.4447216909,-26418.5792347427,-16732.8317632258,-13120.532019663,2001.84319508684,32776.5876603405
-56555.8927272103,-44650.9410266377,-40877.3492970066,3773.59172963104,-27532.8535415934,-27010.8696711198,-15105.9179705472,-11332.3262409162,2012.16951449709,33318.6147857215
-56989.9601321439,-43119.2991306984,-39298.4604674563,3820.83866324213,-27978.6075537079,-26988.6001651077,-13117.9391636622,-9297.10050042009,2022.75241332831,33822.1986302784
-56868.7333178262,-41333.1153473889,-37591.6709239811,3741.44442340781,-28486.889515888,-26349.8507360124,-10814.2327655751,-7072.78834216727,2031.99306592584,34260.3270052216
-56230.0660632769,-39363.888774855,-35787.7665667237,3576.12220813131,-29030.4842830867,-25156.4067743558,-8290.22948593387,-4714.10727780256,2043.17500583446,34649.7814970524
-55201.6485779121,-37370.7336282241,-33969.3781293173,3401.35549890681,-29611.7871385215,-23521.0889923233,-5690.17404263525,-2288.81854372845,2068.77244706735,35081.9150844957
-53781.666210375,-35352.5713815367,-32128.7024118598,3223.86896967695,-30154.5786483113,-21527.3682743612,-3098.27344552294,125.595524154011,2099.71928770249,35478.1669056907
-51996.2024954103,-33330.1991550537,-30255.5942160914,3074.60493896227,-30606.5904045814,-19257.4778872318,-591.474546875257,2483.13039208701,2132.13420359702,35813.3295471407
-49910.284213187,-31360.5855482049,-28449.2601284794,2911.32541972544,-31023.2451406073,-16721.4972319971,1828.201432985,4739.52685271044,2165.54184058252,36100.1124009153
-47561.5404445663,-29473.1243172316,-26738.9325556941,2734.19176153751,-31384.3475363825,-13981.1274166994,4107.28871063533,6841.48047217284,2196.0654914844,36314.6047894044
-45006.1339976947,-27693.4803477871,-25071.3317463322,2622.1486014549,-31608.8141304307,-11177.1401054148,6135.51354449285,8757.66214594776,2220.17976184919,36451.1424937348
-42317.4968264171,-26065.9001811922,-23552.2815358538,2513.61864533841,-31774.1923839547,-8306.65418885221,7944.94245637272,10458.5611017111,2236.65025361016,36524.4612829033
-39522.8759651472,-24589.6368922446,-22170.3651023407,2419.2717899039,-31862.9350081174,-5418.64760403634,9514.59146886631,11933.8632587702,2241.29335299347,36523.5001510148
-36677.0402672667,-23282.9194377582,-20908.4978785792,2374.42155917905,-31853.3023152353,-2589.4251697304,10804.6956597781,13179.1172189571,2234.31278230101,36462.0366567154
-33853.358346053,-22180.5587139855,-19842.0961858759,2338.46252810963,-31816.5417437597,181.613536942657,11854.4131690101,14192.8756971197,2218.43013923591,36373.4344111053
-31123.2146964013,-21317.7441967442,-19018.6791194322,2299.06507731197,-31792.9319287893,2866.87692632401,12672.3474259811,14971.4125032931,2197.15969393603,36289.1567000373
-28518.0946681399,-20684.3858054271,-18454.8749552589,2229.51085016817,-31813.2657963616,5464.13320307508,13297.8420657878,15527.352915956,2168.9620748533,36211.7387213831
-26079.4756621641,-20286.3607688423,-18131.2851242959,2155.07564454632,-31863.6424759301,7918.86546347092,13711.9803567928,15867.0560013391,2134.69864970499,36153.4167701814
-23850.9108047232,-20132.9327968972,-18076.8836489641,2056.04914793312,-31978.6418803024,10225.0229351122,13943.0009429382,15999.0500908713,2097.29185953297,36131.9828877685
-21853.2962181576,-20217.7168192345,-18293.9632820211,1923.75353721345,-32187.2101303315,12393.3212194465,14028.9006183696,15952.6541555831,2059.40730727269,36170.3709748176
-20088.0391467466,-20526.58345236,-18679.7263722004,1846.8570801596,-32409.6648297059,14343.2468932512,13904.7025876377,15751.5596677973,2021.62121029183,36278.1431201573
-18596.7758033743,-21087.1930125979,-19401.1609442711,1686.03206832678,-32807.0514633676,16200.168224198,13709.7510149744,15395.7830833012,1989.89256420474,36482.9760958991
-17361.86696459,-21873.4634582641,-20341.7139055582,1531.74955270596,-33273.0007193426,17874.153447707,13362.5569540329,14894.3065067389,1963.01969295445,36767.769965003
-16389.0479015398,-22879.570015673,-21443.4452791954,1436.12473647766,-33744.0162538697,19297.6161407673,12807.094026634,14243.2187631116,1942.64778843728,37122.7887787847
-15682.2165280556,-24088.5100056051,-22783.5907189706,1304.91928663455,-34296.2777008521,20542.2861687661,12135.9926912165,13440.9119778511,1928.22499596952,37529.4219834562
-15248.0842876061,-25489.1059805205,-24283.9195935349,1205.18638698558,-34852.7303393004,21523.2103416472,11282.1886487328,12487.3750357184,1918.56428995288,37976.4810162389
-15127.5031729109,-27092.8174616223,-26008.946970985,1083.87049063735,-35457.88675302,22246.4641497306,10281.1498610192,11365.0203516565,1916.08056962148,38457.8378132789
-15292.9053414015,-28840.6149764959,-27868.1595112056,972.455465290289,-36021.2658001029,22642.5272141258,9094.8175790314,10067.2730443217,1914.16675542441,38907.8880208176
-15789.5604102317,-30730.5926798627,-29919.478309389,811.114370473741,-36601.0585493111,22725.568487671,7784.53621803988,8595.65058851363,1914.0703485915,39326.2432683764
-16631.8889629792,-32748.0057620598,-32110.6447029136,637.361059146188,-37170.1494030225,22455.6258187692,6339.5090196887,6976.87007883489,1917.36537872597,39724.8758408947
-17809.0796067161,-34862.0275194902,-34379.6321248213,482.395394668865,-37700.9555581483,21815.8934723181,4762.94555954394,5245.3409542128,1924.01752088576,40107.368473703
-19298.4185613983,-37031.6052729547,-36613.4766819855,418.128590969188,-38132.2287366841,20767.0848774527,3033.89816589636,3452.02675686555,1933.27470216692,40483.6320298202
-21092.2471143391,-39229.2235245206,-38814.4924753652,414.731049155458,-38516.4579731297,19370.1261160987,1233.14970591716,1647.88075507261,1945.91525730809,40877.1042795932
-23151.1426907389,-41419.4486793007,-40946.9692958373,472.479383463382,-38875.3108467291,17687.1755659019,-581.130422659804,-108.651039196419,1963.00740991172,41310.7976401042
-25412.8456366786,-43549.5511479768,-42955.6385354841,593.912612492701,-39204.9579363738,15773.9722754247,-2362.73323587356,-1768.82062338086,1981.85997572945,41780.730524596
-27850.5063037213,-45602.2194747387,-44702.5490462443,899.67042849435,-39399.2313040166,13552.2574525096,-4199.45571850776,-3299.78529001341,2003.53245221431,42302.4341847253
-30436.6635766999,-47557.242409122,-46292.3304707226,1264.91193839937,-39593.088466812,11184.5255051869,-5936.05332723522,-4671.14138883586,2028.10061507472,42886.1010202861
-33105.0041354221,-49380.4590450115,-47663.2656200668,1717.19342494466,-39766.4224382241,8716.04210654659,-7559.41280304279,-5842.21937809813,2054.62380374463,43538.2396669134
-35801.1484669645,-51051.3309564667,-48793.6284136702,2257.70254279654,-39926.2013761104,6208.6507865472,-9041.53170295502,-6783.82916015848,2083.59787740124,44267.5017963082
-38470.9793855313,-52552.0006947194,-49756.2779466722,2795.72274804717,-40170.7640018351,3815.24126675604,-10265.780042432,-7470.05729438481,2115.45665045225,45081.9434003346
-41056.7099060808,-53866.9552496207,-50533.9442068798,3333.01104274092,-40498.2186950618,1591.53401891199,-11218.7113246279,-7885.70028188697,2150.02522993103,45981.2549677337
-43489.3769107022,-54978.934074872,-51125.1428972831,3853.79117758894,-40904.4167688625,-400.038622366689,-11889.5957865366,-8035.80460894762,2184.92151947304,46943.1294659244
-45725.5243371806,-55890.8065975287,-51567.1038810812,4323.70271644747,-41420.0877902919,-2085.49149381439,-12250.7737541625,-7927.071037715,2219.94505307433,47963.7355598137
-47745.1272519542,-56627.5713729472,-51959.0664121939,4668.50496075333,-42110.9732337379,-3378.54633148305,-12260.990452476,-7592.48549172266,2255.60768673334,49035.0858812245
-49529.0699792134,-57210.2943255412,-52272.7875214227,4937.5068041185,-42899.4748636057,-4337.65213372867,-12018.8764800564,-7081.36967593794,2291.94298187912,50128.9246496033
-51075.0350049689,-57662.0210719834,-52546.5382249147,5115.48284706873,-43785.9018583051,-4961.3204742322,-11548.3065412467,-6432.82369417801,2327.81267243164,51229.1973778054
-52402.2586985767,-58017.1054211288,-52817.8036985894,5199.30172253944,-44766.1514281307,-5273.3551929851,-10888.2019155372,-5688.90019299781,2362.75207746095,52328.205228131
-53534.7933845118,-58304.8488145452,-53164.3850069923,5140.46380755296,-45873.7018759202,-5264.98098843261,-10035.036418466,-4894.57261091304,2396.11052015909,53410.2762036322
-54500.3520717541,-58550.6509045457,-53549.3753889686,5001.27551557706,-47023.2022164273,-5050.00391939956,-9100.3027521911,-4099.02723661405,2427.14593592721,54451.6236679316
-55313.8596511747,-58757.5308931344,-53987.0263382996,4770.50455483484,-48188.7996004378,-4672.1579794675,-8115.82922142725,-3345.32466659242,2452.90207126937,55412.206226542
-55984.7660890156,-58919.5609102928,-54462.0580703065,4457.50283998635,-49330.7050345079,-4184.48481022346,-7119.27963150063,-2661.77679151428,2469.57624428428,56257.7841187785
-56539.1229035894,-59045.5430894008,-54983.5019947526,4062.04109464811,-50440.3640294587,-3621.11039369213,-6127.5305795035,-2065.48948485539,2477.64848043855,56980.0536045454
-56986.6801680559,-59133.0148180512,-55510.2947836602,3622.72003439101,-51473.7158361683,-3035.75672350196,-5182.09137349725,-1559.37133910624,2477.20760838564,57573.6434789449
-57343.751220751,-59192.7671048645,-56039.8064079486,3152.96069691599,-52418.186288252,-2456.18712329102,-4305.2030074046,-1152.24231048862,2469.37780920794,58040.5247943759
-57624.8266444548,-59228.8295012448,-56569.7285281855,2659.10097305927,-53275.9059260431,-1893.80305791004,-3497.80591470003,-838.704941640768,2455.1176605016,58390.124559604
-57829.3363101893,-59233.0401894346,-57015.6009925552,2217.43919687937,-53981.0035613583,-1412.64565886812,-2816.34953811342,-598.910341234045,2435.68708996286,58634.1298482005
-57966.2373146447,-59203.7246048428,-57404.9403557687,1798.7842490741,-54573.1045041916,-982.392532326019,-2219.87982252408,-421.095573449985,2410.7402781271,58782.6290313928
-58054.2704389619,-59141.2303660501,-57778.6081415442,1362.62222450586,-55081.3017337793,-593.095135887738,-1680.05506297586,-317.432838470005,2379.87356929486,58823.7975275801
-58120.0384643236,-59055.0786756919,-58114.5535751879,940.525100503948,-55476.0534793145,-300.071708175154,-1235.11191954338,-294.586819039431,2343.913276834,58760.4918566524
-58199.8871075551,-58978.0861586956,-58454.3454759673,523.740682728206,-55828.1743397233,-62.4230540517514,-840.62210519223,-316.881422464023,2309.28971377999,58661.2047362315
-58311.5161833205,-58929.1531499411,-58808.572084635,120.581065306157,-56146.1068910133,112.736251482836,-504.900715137753,-384.319649831603,2278.14554379005,58544.8335001095
-58453.6150565404,-58906.627108855,-59121.7578499515,-215.130741096497,-56390.3114904325,188.085789478372,-264.926262836239,-480.057003932738,2251.38935558631,58426.5701049223
-58615.600853201,-58909.4446324932,-59450.7160832479,-541.271450754745,-56613.4594323397,227.117567492631,-66.7262117995748,-607.99766255432,2229.25898835385,58301.4469699388
-58794.6441158522,-58944.4131308081,-59818.91527657,-874.502145761948,-56843.9764827628,262.432850090309,112.663835134431,-761.838310627519,2213.10048317973,58182.5748201805
-58999.657125059,-59018.5167703754,-60182.9975139963,-1164.4807436209,-57025.5448626468,229.863108832602,211.003463516216,-953.477280104678,2203.97537124485,58065.0394902707
-59220.724051765,-59116.3493408576,-60532.3002332968,-1415.95089243914,-57156.6504460886,136.454026871293,240.82873777861,-1175.12215466053,2200.52763254762,57941.2271861971
-59467.7159354599,-59242.73062588,-60834.1345523122,-1591.40392643221,-57201.8192129621,-61.6180673156752,163.367242264284,-1428.03668416793,2204.27865518209,57814.693941712
-59730.2431541167,-59380.4278482584,-61119.1330208962,-1738.70517263777,-57206.2274272367,-310.551370296514,39.2639355617782,-1699.44123707599,2213.46435658348,57680.9866111824
-60016.0842099441,-59530.4393411865,-61450.8379308526,-1920.3985896661,-57237.7445284604,-547.99723534198,-62.3523665844277,-1982.75095625054,2230.34244614172,57547.688384936
-60287.3943003736,-59656.1985489848,-61740.6157779033,-2084.4172289185,-57206.2074344858,-832.532533033025,-201.336781644249,-2285.75401056275,2248.65433285481,57370.4445384221
-60557.4279089864,-59753.938856913,-61946.9942240175,-2193.05536710451,-57062.3016366491,-1228.41393593407,-424.924883860629,-2617.98025096514,2266.71233640329,57135.9586059478
-60839.9344478653,-59831.6729850546,-62116.7699946456,-2285.09700959092,-56854.1237524577,-1700.51218055968,-692.25071774903,-2977.34772733995,2285.29851484792,56854.3252577147
-61145.6721808543,-59892.2019215933,-62236.3032484485,-2344.10132685525,-56580.4515716992,-2260.05907413408,-1006.58881487305,-3350.6901417283,2305.16153502103,56541.511779865
-61452.6456632588,-59921.4378062033,-62277.439857927,-2356.00205172364,-56226.880006392,-2900.53712630169,-1369.32926924623,-3725.33132096986,2325.22853056516,56196.1064852335
-61748.8846255652,-59902.5052321982,-62242.1110519028,-2339.60581970468,-55814.3877957533,-3589.83901396451,-1743.45962059746,-4083.06544030214,2344.65781584743,55819.439791896
-62018.608196881,-59829.3898845252,-62166.7770686973,-2337.38718417205,-55381.4518408169,-4273.23096901513,-2084.01265665933,-4421.39984083139,2363.92538704899,55407.9900436938
-62231.6815932185,-59685.222689311,-61996.5783732567,-2311.35568394565,-54891.1953828132,-4957.55199950993,-2411.09309560251,-4722.44877954815,2382.93421089534,54962.7739097629
-62369.5456774361,-59463.2461932685,-61747.26641828,-2284.02022501148,-54364.6247358973,-5604.3392466749,-2698.03976250736,-4982.05998751884,2400.58169486387,54481.1862057497
-62410.0400949728,-59149.9248309835,-61438.0886949241,-2288.16386394061,-53812.8718697008,-6180.98284064204,-2920.86757665272,-5209.03144059333,2416.18538462998,53940.8933903901
-62365.3129011644,-58754.4570477987,-60947.392323496,-2192.93527569731,-53101.5408332175,-6833.33954336757,-3222.48369000191,-5415.41896569922,2430.43252457928,53339.0380820995
-62244.2681935541,-58280.6460638426,-60296.562825777,-2015.91676193435,-52265.2583678925,-7534.97506152012,-3571.35293180866,-5587.26969374301,2444.03476414148,52693.3763700996
-62050.6147308343,-57721.7111744618,-59495.8501710781,-1774.1389966163,-51333.208495053,-8262.02177123583,-3933.11821486332,-5707.25721147962,2455.38446454545,52014.4539629821
-61829.1851225652,-57093.5413882168,-58537.0452871577,-1443.5038989409,-50316.5349372889,-9047.46195226496,-4311.81821791658,-5755.32211685749,2465.18823301138,51338.2192713593
-61598.9319327574,-56388.9739820683,-57384.0696864298,-995.095704361493,-49217.5277781833,-9908.28438360364,-4698.32643291448,-5693.42213727598,2473.1197709705,50695.5518447923
-61368.4234883067,-55597.3983751375,-56040.5535878851,-443.155212747579,-48076.7830345739,-10812.9436528622,-5041.91853969305,-5485.07375244063,2478.69680087059,50112.3246226969
-61145.2228561461,-54730.1531844858,-54547.9780587243,182.17512576155,-46961.7352090263,-11700.7893906295,-5285.71971896926,-5103.54459320771,2482.69825649027,49626.6085912781
-60874.217931614,-53761.3968032519,-52996.7295761441,764.667227107822,-45988.6328979487,-12402.3988594307,-5289.5777310686,-4524.91050396078,2483.18617423462,49236.4862992911
-60536.3609558274,-52704.5331932596,-51378.1889152716,1326.34427798795,-45160.2307921462,-12893.2536717448,-5061.4259091769,-3735.08163118895,2482.8764919364,48969.4515620706
-60090.9586905761,-51557.2182998709,-49734.5569375836,1822.66136228725,-44515.3369877491,-13094.8570390597,-4561.11664835447,-2738.45528606721,2480.76466376738,48818.7630138037
-59499.1948130642,-50329.4632684269,-48025.8784130672,2303.58485535962,-43999.733015785,-13022.2974625433,-3852.56591790597,-1548.98106254634,2477.16433473587,48780.4822058805
-58719.4971342072,-49034.9424826463,-46389.3664056075,2645.57607703875,-43724.0423716312,-12523.2685073239,-2838.71385576304,-193.137778724289,2472.18625525209,48841.804703922
-57725.3422681111,-47685.8273702016,-44820.2494806541,2865.57788954754,-43643.8888639879,-11616.6551974408,-1577.14029953136,1288.43759001617,2464.79820668236,48974.2649602178
-56538.1846910327,-46320.5550805747,-43420.0320297054,2900.5230508693,-43805.8071308562,-10276.9972515588,-59.3676411008733,2841.15540976843,2455.38030861765,49161.7104903432
-55169.4011923231,-44961.8861480357,-42185.9512202738,2775.93492776187,-44158.1236328185,-8567.88478155157,1639.63026273573,4415.5651904976,2443.39277795297,49377.4513385333
-53634.8723706305,-43634.3868831414,-41065.5470529696,2568.83983017189,-44587.9739187284,-6617.41947854678,3383.06600894233,5951.90583911422,2429.47897335538,49586.2927222557
-51940.1801311605,-42350.9438423428,-40156.2258052325,2194.7180371103,-45164.6338159113,-4360.8497008932,5228.38658792455,7423.10462503485,2414.69661435604,49774.0484673777
-50070.3632709152,-41104.3620699746,-39319.6287042012,1784.73336577338,-45727.4116869052,-1945.23295186981,7020.76824907077,8805.50161484415,2397.71863214012,49909.8636848188
-48064.7936730216,-39938.2171833734,-38700.2166559106,1238.0005274628,-46361.0307170372,677.671640005,8804.24812965326,10042.248657116,2381.43459598947,49980.4658404894
-45944.7760112926,-38867.9418771947,-38273.2348186269,594.707058567872,-46995.4539261868,3416.09910785252,10492.9332419504,11087.6403005183,2365.42119295838,49955.582177713
-43736.4569274568,-37904.2895923327,-37921.744342979,-17.4547506462629,-47499.3006532781,6112.14311016124,11944.3104452854,11926.8556946391,2349.29938434001,49831.1452869718
-41483.8377294117,-37066.0239098717,-37656.1093367057,-590.085426834002,-47857.5151408274,8707.10786295185,13124.9216824918,12534.8362556578,2333.43045153608,49600.8601655295
-39222.3616531559,-36352.2308041574,-37429.3254279987,-1077.09462384134,-48001.7002292274,11095.2523785031,13965.3832275016,12888.2886036602,2315.91380243154,49240.5194078176
-37012.3783501967,-35781.2530365837,-37201.1694317099,-1419.9163951262,-47881.0448977671,13166.8321717017,14397.9574853146,12978.0410901884,2298.16562413129,48759.2941267721
-34896.6468713531,-35362.0577253407,-37029.8078657941,-1667.75014045345,-47564.8614522665,14948.1679742912,14482.7571203036,12815.0069798502,2279.95339337784,48177.0647051909
-32922.2331098523,-35104.186792123,-36941.0378951403,-1836.85110301731,-47086.3938377914,16425.9656713366,14244.0119890659,12407.1608860486,2261.80494339751,47511.3476781716
-31128.7184765842,-35009.4903758962,-36910.3704679174,-1900.88009202122,-46431.8667253506,17547.0862910196,13666.3143917076,11765.4342996864,2243.93804225316,46774.9246755826
-29571.6297355605,-35086.0747832109,-36960.2174369896,-1874.14265377863,-45644.819922631,18300.4814011225,12786.0363534721,10911.8936996935,2227.29121405203,45997.9684829044
-28292.237056339,-35332.645057729,-37147.0502326061,-1814.40517487715,-44820.3340962143,18739.5161463646,11699.1081449747,9884.7029700975,2211.4191064893,45217.3480278265
-27302.6417998561,-35739.2089336633,-37443.6016654009,-1704.39273173764,-43962.0554411144,18855.7934471164,10419.2263133091,8714.83358157147,2196.37980585803,44454.0425152348
-26620.1566099957,-36304.5928050012,-37830.0688126222,-1525.47600762101,-43089.6445711532,18652.4996458124,8968.06345080693,7442.58744318592,2183.01168465497,43747.1802481871
-26241.7995987297,-37017.0261453852,-38298.6926830821,-1281.66653769696,-42226.2905964924,18154.9937662026,7379.76721954708,6098.10068185012,2170.50276843983,43115.1268272353
-26178.4385779971,-37875.0406424542,-38925.216415534,-1050.17577307979,-41484.0815900777,17466.2337740789,5769.63170962183,4719.45593654204,2160.59076199831,42594.4965789963
-26402.8358132386,-38847.716445632,-39677.297843894,-829.581398262021,-40869.8631174528,16619.4396189391,4174.55898654569,3344.97758828368,2152.41231472484,42192.6940339157
-26910.1675795524,-39925.1072061994,-40549.2645627678,-624.157356568344,-40392.2879624064,15626.8445113537,2611.90488470673,1987.74752813838,2144.72412849977,41912.8547343378
-27707.0142385921,-41105.5104545405,-41477.7571656279,-372.246711087341,-39991.5295842044,14422.1575464168,1023.66133046835,651.414619381012,2137.64220080454,41756.9250739216
-28783.6809013145,-42369.3483160869,-42532.4495272113,-163.101211124415,-39757.2216345325,13106.1193851982,-479.548029574078,-642.649240698492,2132.57865198034,41726.6990753884
-30086.8141413429,-43666.7157972288,-43683.8822793727,-17.1664821439295,-39681.6185671748,11722.6841797756,-1857.2174761103,-1874.38395825423,2127.87975394367,41792.3318389746
-31590.2557515319,-44982.5691948395,-44938.3147817462,44.2544130933425,-39773.6412891178,10308.5857279603,-3083.72771534728,-3039.47330225393,2125.20019037442,41943.0958925856
-33256.2200123653,-46299.8268117797,-46215.0857239867,84.7410877929429,-39964.5922380423,8835.1703584373,-4208.4364409771,-4123.69535318415,2126.7981327603,42176.1314585955
-35029.803327711,-47578.6860587967,-47526.448954764,52.2371040326901,-40276.1997751318,7377.85962048048,-5171.02311060521,-5118.78600657252,2131.46317305968,42459.9000522241
-36857.0832921977,-48785.5088194112,-48832.4432468912,-46.9344274800219,-40657.8889124235,5937.55861447515,-5990.86691273827,-6037.80134021829,2136.75299424936,42747.7074791929
-38694.4663663767,-49905.0530772122,-50137.7191254112,-232.666048198963,-41111.7005780906,4560.66156323261,-6649.92514760296,-6882.59119580193,2143.42735151866,43022.4618814103
-40526.3024835085,-50947.001792463,-51373.9007328414,-426.898940378498,-41560.0087417802,3188.44703219399,-7232.25227676051,-7659.151217139,2154.74077392221,43287.850575324
-42318.137308392,-51886.3439494366,-52537.7864645096,-651.442515072986,-41995.1410388092,1845.12411979402,-7723.08252125062,-8374.52503632361,2168.12038937681,43511.818913113
-44070.2071114665,-52717.2802546359,-53606.1903365838,-888.910081947943,-42381.9153570916,495.35289978277,-8151.72024338662,-9040.63032533456,2183.64465415763,43676.6499293013
-45744.2807090703,-53420.8910508692,-54610.0147870579,-1189.12373618867,-42734.334239982,-810.736552272873,-8487.34689407178,-9676.47063026045,2199.20991681543,43744.4204206087
-47337.1527057425,-54000.6309865809,-55614.9473182412,-1614.31633166035,-43113.2370736708,-2008.1563844524,-8671.63466529076,-10285.9509969511,2215.75924761935,43714.6799896297
-48874.5467790061,-54479.7371102728,-56499.183635304,-2019.44652503118,-43375.9999325068,-3264.63773715385,-8869.82806842057,-10889.2745934517,2233.90910934548,43590.4625168211
-50383.5754368039,-54887.2345198282,-57323.7041678564,-2436.46964802821,-43563.104572846,-4567.70196701351,-9071.3610500378,-11507.830698066,2252.76889694437,43379.4038217622
-51909.9302460863,-55256.4634167976,-58042.3625000546,-2785.89908325703,-43600.5387598215,-6036.42172128579,-9382.95489199709,-12168.8539752541,2272.96976497901,43087.6094415434
-53476.6034354628,-55579.8914076057,-58608.7386875118,-3028.84727990612,-43457.0274591832,-7726.84899036486,-9830.1369625078,-12858.9842424139,2292.7269859147,42720.9071651918
-55098.2778805882,-55833.9297840714,-58976.1117516296,-3142.18196755815,-43123.0808058001,-9664.0770811105,-10399.7289845937,-13541.9109521519,2311.11999367759,42292.0188319196
-56763.3006029887,-55985.010744635,-59209.9709561688,-3224.96021153375,-42706.2051244168,-11729.8552412976,-10951.565382944,-14176.5255944777,2327.24023727425,41808.4851501573
-58485.8442687564,-56023.4201671385,-59310.282939878,-3286.86277273951,-42240.5361607198,-13903.1121349186,-11440.6880333007,-14727.5508060402,2342.19597311798,41295.8693610983
-60209.0267983245,-55899.036947328,-59209.8997812414,-3310.86283391334,-41732.4172865063,-16120.1696218752,-11810.1797708787,-15121.0426047921,2356.43988994307,40777.994342536
-61873.0523473197,-55561.2347058531,-58774.737669748,-3213.50296389492,-41114.814611301,-18388.4052988919,-12076.5876574252,-15290.0906213202,2369.83243712686,40271.1440845329
-63407.0248792833,-54967.9928898544,-58067.2687157952,-3099.27582594084,-40494.8184460308,-20529.5750455397,-12090.5430561108,-15189.8188820517,2382.63138771274,39778.1740078027
-64737.7756580394,-54093.3130055476,-57108.3935443813,-3015.08053883378,-39918.8201261745,-22425.200623955,-11780.7379714632,-14795.818510297,2393.75490790985,39297.4944952506
-65791.6914579202,-52914.3092665264,-55868.4212013854,-2954.11193485894,-39375.9256995155,-24013.82171248,-11136.4395210863,-14090.5514559452,2401.94404592468,38823.7578105812
-66507.9659605916,-51435.7562649934,-54332.6624310998,-2896.9061661064,-38866.0908048255,-25233.1862402442,-10160.976544646,-13057.8827107524,2408.68891552189,38377.873554241
-66800.0738813566,-49647.2673370379,-52478.8256350419,-2831.55829800402,-38367.3319629883,-26020.7025386078,-8867.8959942891,-11699.4542922931,2412.0393797605,37947.8130447448
-66627.0372264276,-47577.9800515935,-50372.6806111038,-2794.70055951028,-37915.6600197877,-26298.6778214258,-7249.62064659161,-10044.3212061019,2412.6993852142,37533.6588454916
-65976.0625826185,-45271.2492010544,-48024.0638703811,-2752.8146693267,-37480.1365989043,-26084.0010375597,-5379.18765599551,-8132.00232532221,2411.92494615462,37139.2468757322
-64857.7176263521,-42781.9013447056,-45510.0557901315,-2728.15444542589,-37090.6584977429,-25356.5086139383,-3280.69233229179,-6008.84677771769,2410.55051467088,36773.0545669879
-63299.241049481,-40161.7476003345,-42922.3822286704,-2760.63462833595,-36766.4642604071,-24124.932228335,-987.438779188378,-3748.07340752433,2407.84456073893,36413.6741928101
-61329.5346257629,-37455.4455444397,-40316.7907762429,-2861.34523180324,-36498.5358841738,-22428.2440605127,1445.84502081063,-1415.50021099261,2402.75468107651,36039.9453334471
-59007.4644000645,-34725.9546135425,-37819.9337771263,-3093.97916358376,-36333.9954314247,-20277.6376741082,4003.87211241375,909.892948829987,2395.8312945316,35635.8475623725
-56346.8043883386,-31998.0155089946,-35320.2302245161,-3322.21471552148,-36115.7290880843,-17846.2097731742,6502.57910616978,3180.3643906483,2384.86552708008,35178.3798996429
-53390.0233772742,-29298.2975889022,-32900.6268840807,-3602.32929517847,-35898.6990401286,-15122.4918069029,8969.2339814691,5366.90468629063,2368.83253024268,34665.2022751928
-50190.3049091938,-26667.0310839977,-30527.7378596175,-3860.7067756198,-35622.3497604093,-12217.7389796188,11305.5348455772,7444.82806995743,2350.21616916572,34111.8591539552
-46805.9508181337,-24144.6738529707,-28248.0653505159,-4103.39149754522,-35308.3434094115,-9166.34980943711,13494.9271557259,9391.53565818064,2331.25759928508,33536.2095111513
-43271.2425165008,-21767.8053280224,-26070.0812932827,-4302.27596526033,-34933.2848211556,-6025.33593381406,15478.1012546644,11175.825289404,2312.62176153111,32943.6306174264
-39630.0347137604,-19563.3022615612,-24007.9762410238,-4444.67397946257,-34495.3363060236,-2840.60402909095,17226.1284231082,12781.4544436456,2294.09437864585,32344.7567052068
-35979.550162464,-17603.9088841646,-22129.3102753674,-4525.40139120281,-34034.1249450074,333.863708678276,18709.5049869777,14184.1035957749,2279.28892613484,31788.0124799394
-32338.8769370923,-15884.3994242454,-20446.0846509926,-4561.68522674725,-33561.5470615006,3487.84815474863,19942.3256675956,15380.6404408484,2265.17803034036,31265.0398650937
-28794.3344752601,-14456.2630855953,-19065.959150355,-4609.69606475961,-33151.7805824731,6612.38643587739,20950.4578255421,16340.7617607825,2254.94032866437,30797.0248463779
-25398.4766535652,-13314.3320968724,-17957.3894223428,-4643.05732547046,-32754.3625844686,9601.5490606581,21685.6936173509,17042.6362918805,2245.66312975469,30356.9683887528
-22197.8173100473,-12461.1797171021,-17003.879209271,-4542.69949216889,-32248.7390620502,12288.2915425418,22024.9291354869,17482.229643318,2237.36979053891,29943.4093604202
-19239.5304185796,-11891.9042538756,-16261.6120106277,-4369.70775675209,-31690.3184869756,14680.9592059765,22028.5853706805,17658.8776139284,2230.17113758052,29550.7818678041
-16533.6118376652,-11575.8937446369,-15775.9923184682,-4200.09857383125,-31138.3640330871,16829.4121492409,21787.1302422692,17587.031668438,2224.65995381906,29162.9254130749
-14093.9044793409,-11484.4520747678,-15573.2930069641,-4088.84093219625,-30622.4791407824,18748.6984388947,21358.1508434678,17269.3099112715,2220.12377745316,28753.7619860393
-11927.3349315011,-11589.5801665676,-15534.3470982458,-3944.76693167822,-30050.0675484273,20339.7537575769,20677.5085225105,16732.7415908322,2217.02114065072,28322.3217573998
-10031.205894246,-11865.6422632027,-15642.048868046,-3776.40660484327,-29430.4884372617,21614.9244736743,19780.4881047176,16004.0814998743,2215.64193065861,27869.723763077
-8412.86460699432,-12294.4486867067,-15941.2661499035,-3646.81746319681,-28816.9892449737,22620.0240599872,18738.4399802749,15091.622517078,2215.89942200785,27386.0712037847
-7076.56651649617,-12867.8556065043,-16380.5357408365,-3512.68013433223,-28158.230267938,23298.6824762079,17507.3933861998,13994.7132518676,2217.01872476607,26862.5688583718
-6032.24256354171,-13581.3670128265,-16978.4702099425,-3397.10319711594,-27487.7706121208,23675.7396821583,16126.6152328735,12729.5120357576,2220.21163357928,26310.8790485841
-5280.0702722499,-14415.572971297,-17639.4490661205,-3223.87609482347,-26729.6194615422,23673.3957250621,14537.893026015,11314.0169311916,2223.84653576985,25729.5899024886
-4823.89736726346,-15355.1033010331,-18453.1848793339,-3098.08157830081,-26014.3128203844,23418.8869477732,12887.6810140036,9789.5994357028,2228.47149465221,25144.7027367359
-4677.12109668416,-16403.5903755147,-19395.920095635,-2992.32972012031,-25307.0192366869,22862.4090070955,11135.939728265,8143.61000814468,2232.51086709279,24547.2003836594
-4863.3633770821,-17567.752885695,-20420.5985662251,-2852.84568053013,-24585.3402563965,21960.327712,9255.9382033871,6403.09252285697,2238.35083268563,23970.845408552
-5367.80973228158,-18802.357849743,-21409.6348156647,-2607.27696592174,-23771.8118153233,20648.9113544184,7214.36323695699,4607.08627103525,2244.90927137659,23409.4441207782
-6163.19256392953,-20083.2183730902,-22467.137034988,-2383.91866189777,-23021.6344471219,19112.6439989261,5192.61818976539,2808.69952786762,2254.20211573376,22891.9179009579
-7207.34417112789,-21381.6561423062,-23525.1548483306,-2143.49870602448,-22294.2913501198,17351.9444603807,3177.63248920244,1034.13378317795,2264.99728138884,22415.7899254841
-8472.37574306207,-22675.4290134797,-24612.87685012,-1937.44783664038,-21652.5749342944,15458.3721714103,1255.31890099271,-682.128935647671,2278.17298017797,21993.300077832
-9937.7837961976,-23924.1585269472,-25558.0176549952,-1633.85912804792,-20972.6298964004,13327.2257568387,-659.148973910948,-2293.00810195887,2292.37965663584,21631.1504249884
-11560.858207532,-25112.4917196438,-26416.5680498283,-1304.07633018453,-20336.2997586504,11083.0611210801,-2468.57239103173,-3772.64872121626,2307.61956996169,21339.8429984275
-13325.094781744,-26251.7314084454,-27260.4719947927,-1008.74058634727,-19813.3452780716,8813.72650024984,-4112.91012645155,-5121.65071279882,2325.47600392223,21130.0806956466
-15192.564712519,-27325.5683512547,-28011.5286678169,-685.960316562181,-19332.8489018146,6484.48621685158,-5648.51742188415,-6334.47773844633,2344.20202755594,20991.0906128084
-17149.3832055529,-28336.8011967256,-28596.1791528924,-259.377956166811,-18832.534892468,4046.89892270707,-7140.51906846564,-7399.89702463246,2363.74723579197,20936.9041720932
-19173.8382937503,-29280.1735888144,-29109.4753868915,170.69820192289,-18419.7599315081,1629.72027472884,-8476.61502033526,-8305.91681841236,2383.79863697101,20974.256770402
-21252.1269461943,-30144.5080979435,-29541.9021729871,602.60592495636,-18088.3548681972,-761.468781458839,-9653.84993320803,-9051.24400825167,2402.30329653826,21093.2640896918
-23384.0466126976,-30940.514309453,-29886.2948241554,1054.21948529759,-17821.8643574698,-3141.78028170278,-10698.2479784581,-9644.02849316051,2420.40197352507,21296.4858162925
-25517.3074029073,-31658.3372039701,-30209.6274224109,1448.70978155923,-17699.2388631256,-5378.8926117505,-11519.9224128133,-10071.212631254,2439.17592803124,21587.1245727161
-27638.5782500428,-32304.5063871858,-30460.7662841548,1843.74010303104,-17641.9425414839,-7539.31570979277,-12205.2438469358,-10361.5037439048,2457.31999876606,21943.002643281
-29716.7242307744,-32849.1405723788,-30650.8467950121,2198.29377736676,-17656.7734268612,-9586.52808625331,-12718.9444278577,-10520.650650491,2473.42271765986,22328.4899218879
-31716.5578337463,-33276.113257734,-30710.9864903563,2565.12676737768,-17672.064073429,-11556.6809331336,-13116.2363571213,-10551.1095897436,2487.81282718374,22725.0036679904
-33609.566393749,-33582.3492688045,-30739.5181276194,2842.83114118513,-17781.3996304242,-13328.1435697274,-13300.9264447829,-10458.0953035978,2500.02319359744,23124.2539652067
-35375.4573807996,-33747.2123419913,-30748.121022392,2999.09131959935,-18007.4078524383,-14858.1051945671,-13229.8601557588,-10230.7688361595,2509.94433379416,23516.4435058318
-36980.2273154094,-33728.2416606101,-30639.4619757583,3088.77968485182,-18271.2459126765,-16192.9139775317,-12940.9283227324,-9852.14863788061,2516.06742520116,23876.0930227295
-38414.1412129311,-33528.6579206632,-30417.5269965293,3111.13092413383,-18579.010707783,-17314.9350461861,-12429.4517539182,-9318.32082978434,2520.19545896199,24210.3370908788
-39616.7513343596,-33124.4574927208,-30065.4427375285,3059.01475519234,-18926.3582111431,-18170.7224293449,-11678.4285877061,-8619.41383251373,2519.67069387166,24505.0436602071
-40567.3213395758,-32503.4973769582,-29505.3223886633,2998.17498829492,-19256.3027966331,-18795.4856589331,-10731.6616963155,-7733.48670802061,2515.53288400961,24770.0106689376
-41235.4000433715,-31651.5382769596,-28748.160941941,2903.37733501862,-19598.5617483914,-19127.8270522473,-9543.96528583549,-6640.58795081687,2509.01124273274,25010.9503261428
-41562.1397016613,-30569.6141828163,-27796.7931719584,2772.82101085792,-19950.9645273931,-19110.9753392702,-8118.44982042513,-5345.62880956722,2500.19983499801,25223.9853732491
-41507.6566031079,-29282.1648703086,-26748.5844810588,2533.58038924976,-20373.9515684474,-18643.0510584715,-6417.55932567227,-3883.9789364225,2490.65397618889,25398.1859338861
-41081.0022711002,-27821.2612254422,-25693.0094327695,2128.2517926727,-20910.8655813587,-17688.9576222718,-4429.21657661384,-2300.96478394114,2481.17906746971,25520.2964415011
-40280.0994832218,-26196.1888711308,-24579.6857403462,1616.50313078457,-21465.5514513123,-16345.1328662779,-2261.22225418692,-644.719123402346,2469.41516563154,25551.4697477284
-39144.3248732837,-24477.3170637857,-23707.2811749,770.035888885711,-22284.2671645414,-14399.4370609941,267.570748503844,1037.60663738955,2460.62064774809,25514.9237011752
-37674.2351917185,-22675.8154155885,-23050.0846594438,-374.269243855292,-23287.5139031747,-11934.76306017,3063.65671596,2689.3874721047,2451.95822837384,25365.2028876932
-35930.9377354224,-20834.983272818,-22527.1040390323,-1692.12076621426,-24358.5481128052,-9126.39405415109,5969.56040845325,4277.43964223898,2445.9955684661,25112.422915057
-33963.7346553808,-18984.9174874114,-22084.2579194989,-3099.3404320875,-25439.5944088188,-6081.09276581788,8897.72440215156,5798.38397006406,2443.04748074413,24783.3014574754
-31786.0877888223,-17154.4066002461,-21680.8310034399,-4526.42440319378,-26489.9351591933,-2853.6097747935,11778.0714137828,7251.647010589,2442.54285483555,24406.0536108351
-29429.1644691588,-15376.23908279,-21169.1200849483,-5792.88100215835,-27322.4086555825,336.871346613188,14389.796732982,8596.91573082371,2443.62716018947,23973.1548136137
-26929.3403310161,-13682.4429424825,-20607.6940272533,-6925.25108477075,-27976.2285451127,3493.69308943192,16740.5904779656,9815.33939319483,2446.80487533533,23497.7823356773
-24339.6988233112,-12112.6885892303,-19950.0671151885,-7837.37852595826,-28369.8641911103,6483.38371214189,18710.3939462228,10873.0154202646,2453.21834434278,22985.7040094948
-21717.5395355255,-10697.3901571247,-19073.4608797308,-8376.07072260604,-28365.4931086443,9109.49873891066,20129.6481173115,11753.5773947054,2461.5451657919,22450.9675518301
-19159.9414888733,-9483.16118645512,-18075.0355008115,-8591.87431435641,-28038.8437739985,11352.6689505819,21029.449253,12437.5749386436,2473.76666545662,21920.7361250987
-16633.3490773247,-8418.94659775243,-17156.045301489,-8737.09870373658,-27615.0102982568,13466.6138939348,21681.0163735071,12943.9176697705,2484.95267300269,21362.8642675229
-14180.3824663948,-7528.48053550022,-16340.6808101127,-8812.20027461248,-27123.0299992299,15440.2501050719,22092.1520359665,13279.951761354,2497.60257223674,20808.4322968542
-11855.1023671345,-6840.89336373253,-15543.3987880869,-8702.50542435439,-26470.3807596215,17126.6241460899,22140.8331494918,13438.3277251374,2511.34575360279,20279.2210888699
-9644.0112238326,-6321.44544882235,-14857.7380373495,-8536.29258852711,-25764.7727116262,18642.443829798,21965.0096048083,13428.7170162812,2521.68234200441,19750.1624651035
-7559.06253013667,-5974.68845163702,-14361.2121074355,-8386.52365579853,-25084.2031427253,20053.6412566292,21638.0153351288,13251.4916793303,2528.50064404055,19226.1801309673
-5622.2565369088,-5799.51606234433,-13947.1538964271,-8147.63783408273,-24325.7479433473,21233.0099249829,21055.7503995473,12908.1125654646,2529.51851854442,18707.6286278089
-3910.2995521913,-5838.10267372255,-13626.6750240117,-7788.57235028913,-23474.9044981315,22091.9942669591,20164.1911454278,12375.6187951387,2527.38932101888,18213.7214688612
-2443.79808804522,-6090.54747478326,-13333.465364385,-7242.91788960177,-22472.5781579193,22551.4136619555,18904.6642752175,11661.7463856157,2522.63359208141,17752.2938603989
-1205.34977205566,-6544.0367274073,-13137.9127487178,-6593.87602131047,-21415.5494790344,22725.396178473,17386.7092231213,10792.8332018108,2515.19647149417,17336.8699292181
-186.277176005079,-7175.82099530409,-13016.5852791036,-5840.76428379954,-20321.0196016927,22639.4146483535,15649.8708290545,9809.10654525496,2504.67222266586,16984.927540559
565.937725392178,-7997.1572619496,-12939.6923525675,-4942.53509061788,-19172.993691005,22232.6189948719,13669.5240075301,8726.98891691225,2493.68757847472,16724.1461788619
1060.26690407519,-8993.95472782952,-12973.207260485,-3979.25253265544,-18063.8479890579,21606.5558356841,11552.3342037794,7573.081671124,2482.44094255103,16567.0363989535
1286.9439454663,-10164.4649633421,-13200.8854301211,-3036.42046677897,-17070.3653399495,20827.3384893678,9375.92958055934,6339.50911378037,2470.02920395203,16503.9740771225
1193.02762127003,-11543.3526321676,-13639.2462914766,-2095.89365930907,-16179.9530070927,19833.0973174471,7096.71706400951,5000.82340470046,2460.11668908436,16544.176036868
802.000443840028,-13090.7830669623,-14086.0334725776,-995.250405615288,-15208.3328660448,18460.6394589077,4567.85594810536,3572.60554249006,2450.30614902281,16663.3886094523
141.64740882302,-14774.5528183587,-14610.6271569828,163.925661375987,-14266.9632891182,16850.8783152722,1934.67808809047,2098.60374946645,2442.26761733097,16873.1565678252
-733.078904023575,-16544.7933899771,-15182.4847543555,1362.30863562161,-13365.0946441575,15065.7093793706,-746.005106583,616.303529038613,2433.69363923668,17161.0969190158
-1848.15686778989,-18417.7191268926,-15902.7059961128,2515.01313077981,-12596.2363131751,13174.2258139066,-3395.33644519613,-880.323314416295,2426.14636852138,17537.3958124763
-3212.02698124492,-20387.6296390309,-16701.2774297759,3686.35220925503,-11895.629316441,11104.22771761,-6071.37494017603,-2385.02273092101,2420.62538241386,18002.6069081099
-4828.40363930024,-22442.035624021,-17669.1627766175,4772.8728474035,-11361.0014786523,8950.21604121199,-8663.41594350882,-3890.54309610532,2417.61820185988,18551.4925279157
-6664.98623761315,-24533.4031103386,-18665.4093553599,5867.99375497869,-10871.3262913756,6620.96124158114,-11247.4556311443,-5379.46187616561,2414.62118781871,19153.941234173
-8728.44949223599,-26657.8106155705,-19676.6579091544,6981.15270641615,-10429.6526744929,4114.99608602425,-13814.3650373103,-6833.21233089417,2413.7929037673,19824.5982846763
-10964.182005145,-28752.463312865,-20669.1438051538,8083.31950771124,-10041.7960096343,1489.46216899727,-16298.8191387228,-8215.49963101158,2411.84816450793,20536.9636818535
-13352.9311603467,-30797.102467955,-21754.3879268589,9042.7145410961,-9848.5076823741,-1094.7711763234,-18538.9424839317,-9496.22794283557,2409.65230164921,21300.8745251194
-15886.9158466365,-32789.857553626,-22896.2444291915,9893.61312443458,-9819.7391338287,-3660.03990626716,-20562.9816132567,-10669.3684888221,2407.13680654066,22120.4890648039
-18517.4382092509,-34701.5869549695,-24020.2091537443,10681.3778012252,-9890.83310593209,-6221.72202684525,-22405.8707725639,-11724.4929713387,2404.88307647351,22977.0939836308
-21199.9703669174,-36494.1692130872,-25134.9789288702,11359.190284217,-10090.6079873985,-8705.9853892337,-24000.1842354035,-12640.9939511865,2403.37699028519,23853.1752619007
-23929.7789213726,-38162.0084193065,-26231.735371064,11930.2730482425,-10401.5773443651,-11126.2934553192,-25358.5229532532,-13428.2499050107,2401.90812168819,24733.7585142958
-26695.3741254004,-39698.7388788453,-27248.9014457681,12449.8374330771,-10767.0537828913,-13526.5337149227,-26529.8984683676,-14080.0610352904,2401.78662758641,25618.6778435548
-29427.1710717311,-41065.3175820392,-28172.4041012428,12892.9134807964,-11211.7318130233,-15811.9470636932,-27450.0935740013,-14557.1800932049,2403.49219501463,26508.1374888343
-32056.3779400255,-42219.6486919828,-29008.5690009208,13211.0796910619,-11779.4718359467,-17870.8206858684,-28034.0914378257,-14823.0117467637,2406.08541821041,27396.636945219
-34541.2542058598,-43145.5418381368,-29872.9179802915,13272.6238578453,-12583.5288516405,-19547.8384985609,-28152.1261308378,-14879.5022729925,2409.8868556584,28266.0395651442
-36850.6662127032,-43852.6026040853,-30795.1146108825,13057.4879932027,-13631.0260909958,-20804.7342634626,-27806.6706548447,-14749.182661642,2414.90585824476,29103.4199424433
-38935.094478257,-44333.7974521303,-31567.7400125552,12766.0574395751,-14696.8358174851,-21817.4908649538,-27216.1938388271,-14450.1363992521,2420.76779581804,29883.6610528782
-40768.5417849436,-44579.4041099581,-32108.7224265859,12470.6816833722,-15718.6892940813,-22624.033128922,-26434.8954539365,-13964.2137705643,2425.81936194035,30615.1903393938
-42394.6044452244,-44642.5598431855,-32611.7417785677,12030.8180646178,-16856.1790881541,-23106.1040767709,-25354.0594747319,-13323.2414101141,2432.32128029947,31319.3184330713
-43794.0596171299,-44535.0079278035,-32979.4087213177,11555.5992064857,-17973.912315798,-23381.5603786753,-24122.5086893489,-12566.9094828632,2438.58692265662,31968.0984449403
-44951.4047576044,-44267.9094734529,-33150.9640590293,11116.9454144236,-19020.7561620828,-23486.4262124476,-22802.9309282961,-11685.9855138725,2444.22238307399,32581.9239595803
-45883.7074736223,-43867.7038152203,-33362.0078903225,10505.6959248978,-20214.4402960835,-23221.5630059168,-21205.5593475148,-10699.863422617,2447.70417162203,33167.8403926033
-46626.768525167,-43371.4946265,-33559.6527396609,9811.84188683905,-21463.5617154332,-22712.6136759094,-19457.3397772424,-9645.49789040339,2450.5931338243,33725.9967360966
-47180.007577624,-42799.8613472995,-33607.0492895452,9192.81205775432,-22600.1534191681,-22127.1303896684,-17746.9841593439,-8554.17210158958,2452.72376878754,34245.6892457099
-47542.1345560931,-42166.061940815,-33619.1343320693,8546.92760874572,-23740.8575915436,-21347.9313848618,-15971.8587695837,-7424.931160838,2453.34557968772,34741.130779977
-47757.7467711755,-41509.5257759294,-33716.6649149343,7792.8608609951,-24969.8870368633,-20334.6586604708,-14086.4376652248,-6293.57680422966,2453.20107384136,35215.9489716997
-47843.9287237344,-40847.160409994,-33834.664080724,7012.49632927006,-26202.5310503838,-19189.1132031788,-12192.3448894385,-5179.84856016841,2452.28447017173,35667.3118498256
-47785.7019630011,-40176.7570342179,-33981.1733582652,6195.58367595275,-27454.5239539272,-17880.762421101,-10271.8174923178,-4076.23381636503,2450.41558797292,36100.5232178529
-47573.8675764446,-39495.0907520783,-34104.6375189963,5390.45323308198,-28671.1573793068,-16454.3842266692,-8375.6074023029,-2985.15416922091,2448.32597046862,36509.9365828574
-47230.8600073144,-38803.0473927289,-34221.893846904,4581.15354582487,-29852.1636066019,-14933.925732017,-6506.11311743152,-1924.95957160665,2444.77066869548,36878.0878211222
-46786.9829670996,-38112.580719064,-34317.23634308,3795.34437598398,-30961.1637598045,-13385.7517246761,-4711.34947664051,-916.005100656533,2440.06748261898,37196.5756184075
-46260.23231885,-37426.0876282861,-34456.8718020788,2969.21582620739,-32035.7224708291,-11790.3774807566,-2956.23279019278,12.9830360146125,2434.13236726429,37439.0706643008
-45671.3924647343,-36736.900797112,-34589.9812787039,2146.91951840798,-33026.3325807257,-10217.9516691189,-1283.4600014965,863.45951691148,2427.10821488973,37600.3603140234
-45004.0290898765,-36019.0752288724,-34647.7546617847,1371.32056708776,-33880.8609973093,-8704.11892475103,280.834936253051,1652.15550334081,2419.04916781619,37671.2307322133
-44238.1272432502,-35256.2024743364,-34617.8836487185,638.318825617892,-34611.2762467404,-7215.4860743858,1766.43869452796,2404.75752014586,2411.36492212398,37660.9599944823
-43370.5024541554,-34455.1835742471,-34471.7824980867,-16.5989238396264,-35197.5734711782,-5769.09284224164,3146.22603766668,3129.62711382706,2403.83614073562,37584.8106880741
-42412.9781372806,-33634.6814935174,-34272.3518691776,-637.670375660242,-35709.0692845667,-4307.50840658393,4470.78823717934,3833.11786151909,2396.40044612996,37467.7993550365
-41335.2028203418,-32782.2418166777,-34063.2618447573,-1281.02002807956,-36189.5285105245,-2757.14899854867,5795.81200511541,4514.79197703585,2388.52531126862,37297.0337937136
-40150.7813740075,-31910.6548177984,-33829.5453241226,-1918.89050632427,-36607.5146567448,-1162.22063959684,7077.90591661228,5159.015410288,2381.0460776659,37069.6702280864
-38889.0708978238,-31048.7885256669,-33688.1787390403,-2639.39021337345,-37049.5168875455,534.117311225945,8374.39968338288,5735.00947000942,2373.67132150423,36783.7979956763
-37572.9616863049,-30215.5962394953,-33444.3576072719,-3228.7613677766,-37321.0072021178,2115.00779871894,9472.37324552852,6243.61187775192,2366.96228290599,36459.2081172472
-36182.9615367972,-29401.3983682058,-33222.9666446288,-3821.56827642301,-37570.4183795365,3747.41919495184,10528.9823635432,6707.41408712023,2359.9623522126,36108.8124553261
-34741.4015496493,-28620.2460396569,-33050.1453971711,-4429.89935751419,-37811.9899728498,5423.74093460936,11544.8964446018,7114.99708708756,2353.15251140878,35735.2431267444
-33304.0143659257,-27910.2488332232,-32935.3889629949,-5025.14012977175,-38014.2596562293,7057.39830474019,12451.1638374427,7426.023707671,2347.1530144366,35336.2725408942
-31893.0668357694,-27284.3847868951,-32752.1153857799,-5467.73059888478,-38049.0579665266,8498.33953325802,13107.0215821323,7639.29098324751,2342.34840250078,34923.6757701426
-30505.9283815189,-26743.0518037606,-32586.095239279,-5843.0434355184,-38022.6456873917,9854.96751092615,13617.8440886844,7774.80065316604,2338.25020505329,34517.8524569267
-29167.3662673999,-26298.5922515106,-32465.9334845894,-6167.34123307886,-37948.0211061662,11114.8652645677,13983.639280457,7816.29804737812,2334.21042580136,34114.8902988887
-27919.2065838701,-25960.2651243294,-32406.533809326,-6446.26868499659,-37825.8633151033,12237.4368529028,14196.3783124435,7750.1096274469,2330.78012166957,33710.3747517763
-26748.0307225067,-25698.7573497326,-32287.3539176249,-6588.59656789231,-37573.6008677155,13153.6917217777,14202.9650945518,7614.36852665945,2328.12157656888,33313.1258763921
-25627.613496192,-25491.2445319705,-32271.6681770422,-6780.42364507168,-37387.4335528516,14084.7965682335,14221.1655324549,7440.74188738327,2324.97651157386,32931.9864193538
-24583.5578492929,-25355.3091299838,-32334.8881669411,-6979.57903695729,-37223.0129564057,14961.2301827333,14189.4789020423,7209.89986508504,2321.77507562048,32565.2089950689
-23648.7381710622,-25306.2522675361,-32404.524446172,-7098.2721786359,-36983.3407146158,15652.9528775841,13995.4387811101,6897.16660247423,2318.35033403051,32203.4188700104
-22835.4833851889,-25348.8077234298,-32406.8558629769,-7058.04813954711,-36613.0881815212,16094.2650745429,13580.940736302,6522.89259675492,2316.66027821063,31871.7003201847
-22130.8583473881,-25472.9905458621,-32453.247458997,-6980.25691313489,-36236.6634640079,16420.7979783766,13078.6657799025,6098.40886676763,2314.99286175675,31571.3994126297
-21548.4886816764,-25690.6610123416,-32566.769868654,-6876.10885631237,-35852.6219997857,16617.3690592668,12475.1967286016,5599.08787228921,2313.23574115747,31289.7488846308
-21088.3156114733,-25994.8618792743,-32646.5460760139,-6651.68419673964,-35353.3168712922,16575.376080447,11668.829812646,5017.14561590638,2310.37482062814,31012.0074951807
-20759.807349727,-26390.5246335019,-32698.375504035,-6307.85087053308,-34757.6782087845,16304.5151677342,10673.7978839592,4365.94701342613,2306.64430867666,30756.4716469281
-20572.7269067872,-26890.0224416189,-32813.4750878979,-5923.45264627897,-34164.21662502,15894.1911292235,9576.89559439168,3653.44294811271,2302.70141099062,30543.4653897316
-20545.3607013844,-27503.360274587,-32975.9691359234,-5472.60886133635,-33527.6314133147,15280.8819211542,8322.88234795149,2850.27348661515,2298.61120922376,30353.6337612022
-20682.3499628479,-28218.7305712408,-33127.8928166637,-4909.16224542292,-32782.3921788646,14394.3356871978,6857.95507880489,1948.79283338197,2294.29347118108,30167.5234046227
-21005.543535776,-29037.9776427947,-33328.7601944557,-4290.78255166104,-32013.9963842859,13298.1365434486,5265.7024364299,974.919884768868,2289.68369493874,30012.8975275636
-21542.19056536,-29969.6420214162,-33708.8394631405,-3739.1974417243,-31371.9262996492,12115.6765318612,3688.22507580505,-50.9723659192417,2285.94079757206,29918.669655497
-22307.5831091273,-31011.152208298,-34211.4917223759,-3200.33951407794,-30765.9986964921,10740.3323551716,2036.76325600092,-1163.57625807702,2281.91676780684,29847.575950221
-23326.396963424,-32153.9783999784,-34810.2151684624,-2656.23676848398,-30183.4570448423,9136.0166662732,308.435229718728,-2347.80153876526,2278.95658485484,29806.1768612132
-24594.4959824604,-33365.2303892025,-35436.8407352264,-2071.61034602387,-29583.8110876108,7265.33384771736,-1505.4005590248,-3577.01090504867,2276.01874256696,29788.2194841539
-26104.9785667988,-34619.136511559,-36114.7949677588,-1495.65845619984,-29024.5077956667,5193.35209734243,-3320.80584741775,-4816.4643036176,2273.82286847451,29802.6722079414
-27804.5163124254,-35867.7609963015,-36711.4570105503,-843.696014248759,-28422.7183946044,2891.31257330083,-5171.93211057535,-6015.6281248241,2273.11049112173,29852.1328714774
-29637.7124644204,-37057.1897856967,-37252.1786687,-194.988883003273,-27874.9318672999,510.954519377913,-6908.52280189842,-7103.51168490168,2273.73511649842,29953.678100795
-31548.9692849608,-38145.6188324374,-37658.1428106635,487.476021773956,-27353.4984600882,-1920.7007563189,-8517.35030379557,-8029.87428202161,2274.77006855368,30115.7445504158
-33479.9964474702,-39102.1720470865,-37977.6397174791,1124.53232960737,-26937.6322734957,-4266.00350200288,-9888.17910161915,-8763.64677201177,2276.36067197167,30338.5252750747
-35368.6767555536,-39906.3687704361,-38179.8257241609,1726.54304627517,-26602.5154496193,-6487.04436481952,-11024.736379702,-9298.1933334268,2279.11694111473,30608.1754370093
-37169.379778297,-40560.2106246682,-38332.26552995,2227.94509471823,-26423.7321837137,-8460.93710002496,-11851.7679463961,-9623.82285167792,2284.71049455834,30936.3877729903
-38812.6629790001,-41027.197649379,-38453.1736914947,2574.02395788428,-26424.3064395113,-10098.5899816869,-12313.1246520658,-9739.10069418152,2289.76655780185,31288.0969551975
-40266.6549665172,-41312.0544807673,-38465.6546139954,2846.39986677189,-26515.4611634406,-11456.4880018723,-12501.8875161224,-9655.4876493505,2294.70580120434,31656.5668314168
-41480.9507731851,-41412.8988789665,-38247.1443659427,3165.75451302385,-26559.5705254026,-12623.7755767728,-12555.7236825543,-9389.9691695304,2297.60467100968,32022.9297094361
-42465.8178649826,-41365.6703138105,-37895.3934664883,3470.27684732225,-26627.0422481502,-13537.9673313431,-12437.8197801711,-8967.5429328488,2300.80828548924,32398.1273809617
-43225.5263546043,-41177.2623735553,-37436.6817705619,3740.58060299347,-26719.6656301748,-14203.1272334256,-12154.8632523766,-8414.28264938311,2302.73349100399,32762.9797241722
-43783.1589300428,-40873.4298458153,-36927.2941599475,3946.13568586784,-26866.1609200371,-14612.8810959494,-11703.1520117219,-7757.01632585406,2304.11691405628,33116.4135199613
-44163.0307911969,-40484.3031548514,-36342.5772110457,4141.72594380568,-27020.5771815894,-14837.2697571484,-11158.5421208029,-7016.81617699723,2305.18385245906,33467.4869778542
-44383.4107239733,-40040.3263533183,-35740.1478443272,4300.17850899119,-27217.174803924,-14859.838993863,-10516.7546232081,-6216.57611421692,2306.39692618623,33823.7502391014
-44434.2796461002,-39543.0632808307,-35038.1441258383,4504.91915499232,-27371.7205658142,-14754.4895515237,-9863.27318625411,-5358.35403126179,2308.06952876232,34184.7092495689
-44329.5561204892,-39002.5433422256,-34323.0997836522,4679.44355857344,-27560.859089162,-14458.1537626372,-9131.14098437359,-4451.69742580015,2310.54326869003,34550.8459164254
-44076.8093956569,-38430.3060421707,-33606.9368322395,4823.36920993113,-27789.9893831176,-13972.8407670243,-8326.3374135381,-3502.96820360697,2313.97924551495,34927.3378385637
-43661.6410046376,-37820.5919577939,-32998.5307407517,4822.06121704218,-28123.8857302004,-13223.8825917328,-7382.83354488911,-2560.77232784693,2313.87268270441,35259.819629947
-43143.1654602765,-37237.6801264047,-32461.4741099255,4776.20601647926,-28495.5763623365,-12331.7999787856,-6426.31464491391,-1650.10862843465,2315.78911915427,35587.5714979701
-42531.7550288167,-36682.2756764923,-31992.1919325398,4690.0837439525,-28889.4309588999,-11325.2866415548,-5475.80728923036,-785.723545277854,2317.03742836205,35896.5521312144
-41841.0650104024,-36155.2781685706,-31532.3156156112,4622.96255295939,-29243.2407180272,-10280.3751691471,-4594.58832731529,28.3742256441006,2317.44912322808,36183.6523942147
-41089.2157091169,-35663.5086676853,-31114.9574982453,4548.55116943994,-29588.4628587712,-9182.72925469057,-3757.02221325893,791.528956181002,2318.02359565512,36455.0376238663
-40300.4763859255,-35220.9555117622,-30797.8035163937,4423.15199536847,-29978.1828632511,-8003.64266967335,-2924.12179551005,1499.03019985843,2318.65085300097,36719.9857116206
-39498.2464701409,-34836.6058728855,-30553.1801649602,4283.42570792532,-30382.5887962204,-6796.9276086957,-2135.28701144026,2148.13869648506,2318.73006522479,36984.7445693705
-38679.5839840986,-34504.6305616444,-30384.4942540522,4120.13630759214,-30798.1237475935,-5562.86199617078,-1387.90857371662,2732.22773387552,2318.59824033426,37236.8582955199
-37840.9713369362,-34217.2043297438,-30374.7554904771,3842.44883926671,-31301.9520097676,-4221.1541437856,-597.387136593203,3245.06170267351,2317.86518338294,37462.2660324173
-37020.997521757,-33985.1794671621,-30579.2684147048,3405.91105245729,-31944.3657578725,-2759.8730458073,275.945008787626,3681.85606124492,2316.75871807717,37667.035528407
-36258.4705805569,-33815.3021197784,-30876.7909249992,2938.51119477919,-32592.2518441741,-1351.09613453017,1092.07232624832,4030.5835210275,2315.12260185265,37845.8856408059
-35580.8766410457,-33712.4989000037,-31383.0894296016,2329.4094704021,-33347.3433851785,80.0026030632377,1948.38034410517,4277.78981450728,2313.53585893043,37990.288714511
-34987.1422823714,-33670.9278397281,-32001.2165199665,1669.71131976164,-34098.4831413645,1422.91776682881,2739.13220947201,4408.84352923365,2311.57690783562,38079.7713689618
-34498.0802348482,-33696.1265110436,-32639.5192812763,1056.60722976736,-34764.2389892645,2575.07658474382,3377.03030854839,4433.63753831575,2308.91783032753,38129.7640493594
-34132.3409805461,-33779.3922739519,-33290.2107825588,489.181491393108,-35358.2586257113,3531.15003412077,3884.09874071495,4373.28023210806,2305.23238895555,38152.67250606
-33901.8572220276,-33917.9821217417,-33950.4680267431,-32.4859050014,-35884.0928856704,4283.1193893916,4266.9944896775,4234.5085846761,2300.88372574882,38152.4907064178
-33776.8911290913,-34089.3964592635,-34673.0908900251,-583.694430761581,-36417.0782112161,4936.36456862833,4623.85923845613,4040.16480769454,2296.17748650354,38129.561266958
-33714.7060438255,-34273.4074710421,-35429.3453978554,-1155.93792681328,-36951.9185897485,5528.11922248597,4969.41779526935,3813.47986845607,2290.90667656297,38086.8873394981
-33688.8276959267,-34457.8461597845,-36196.2928420544,-1738.44668226989,-37471.9845477435,6068.02883019719,5299.01036633944,3560.56368406954,2284.87197838043,38018.409843854
-33689.9206608688,-34637.8364384184,-36934.3432992714,-2296.506860853,-37931.8194319364,6520.54828747748,5572.63250992788,3276.12564907488,2278.64951640996,37913.9620874933
-33701.7977479055,-34806.3556964908,-37653.2752022416,-2846.9195057508,-38342.6770709908,6912.7481998943,5808.19025130898,2961.27074555818,2271.868876809,37767.6264420489
-33737.5254720205,-34987.016376036,-38291.8079778244,-3304.79160178841,-38633.7345990569,7162.55543237494,5913.06452835947,2608.27292657106,2266.3463053386,37595.289302607
-33814.270722268,-35192.469920259,-38964.0162427906,-3771.54632253163,-38909.4976370521,7356.71041042173,5978.51121243079,2206.96488989915,2261.48349563765,37399.4348101581
-33959.0802308049,-35431.0420403724,-39559.5341051733,-4128.49206480092,-39054.1156703382,7351.40473889747,5879.44292933,1750.95086452908,2256.36929936419,37181.9929049015
-34187.9566960024,-35701.408451219,-40075.3878254548,-4373.97937423577,-39085.7653638841,7149.96157181493,5636.5098165983,1262.53044236253,2252.15290393319,36963.9388935815
-34488.1506208891,-35986.7909420437,-40440.3600574726,-4453.56911542886,-38963.0400946056,6724.10920686359,5225.46888570894,771.89977028009,2249.21973314702,36758.6907123238
-34838.2305466273,-36269.6679082941,-40624.2971902247,-4354.62928193052,-38687.9677461979,6096.38016106852,4664.94279940169,310.313517471159,2246.64296149797,36579.9814257653
-35216.0916217465,-36533.2807990806,-40706.7786418232,-4173.49784274257,-38367.6979174444,5396.44896488833,4079.25978755423,-94.2380551883473,2244.84266919047,36439.0427438923
-35598.2130935593,-36764.6357509795,-40684.8103764819,-3920.17462550239,-38000.3870568037,4645.12492975352,3478.70227233325,-441.472353169139,2242.95096650907,36323.1633978104
-35973.485599705,-36958.2754688539,-40627.8000772018,-3669.52460834782,-37649.2869897694,3917.51225420424,2932.72238505526,-736.802223292556,2241.7108641398,36221.4732455614
-36351.8444534242,-37127.6982764433,-40523.1533954396,-3395.45511899627,-37274.8886669104,3164.59645715298,2388.74263413388,-1006.71248486239,2241.55224366683,36120.9857915809
-36730.4387417371,-37266.4352231205,-40366.730396813,-3100.29517369252,-36880.150897859,2392.62129559117,1856.62481420771,-1243.67035948481,2242.90913946919,36022.7648636357
-37067.6060016768,-37352.0872598128,-40097.0089410661,-2744.92168125331,-36414.0322174909,1590.87591615504,1306.39465801898,-1438.52702323432,2244.44970034095,35913.5602365785
-37345.0833218472,-37382.3484815144,-39696.7620529928,-2314.41357147837,-35872.3545876616,774.198840769683,736.933681102412,-1577.47989037596,2246.92757495527,35804.8685911385
-37602.5738003315,-37410.7982055432,-39229.587494734,-1818.78928919081,-35320.8688598056,-26.1691259120576,165.606468876256,-1653.18282031455,2255.5358146138,35757.6153852286
-37884.8751685494,-37488.7067209509,-38778.2320531957,-1289.52533224484,-34829.8275671503,-780.919524148968,-384.751076550455,-1674.2764087953,2274.12807725013,35814.4303121556
-38238.0712301377,-37669.4779293652,-38423.8801348935,-754.40220552825,-34472.4996605662,-1456.24575759323,-887.652456820753,-1642.054662349,2309.32581197833,36027.4232670162
-38684.0829100689,-37985.3275171593,-38218.2814735067,-232.953956347417,-34308.0573738258,-2009.47083340734,-1310.71544049779,-1543.66939684521,2366.55470283574,36441.6581203141
-39174.1523487973,-38396.4488157481,-38157.9214616167,238.527354131415,-34314.3132565463,-2420.14197833411,-1642.43844528493,-1403.91109115351,2439.69711391682,36992.5377245946
-39793.5360116365,-38978.8443944449,-38163.9951371269,814.849257318007,-34363.8435331884,-2895.46792598507,-2080.77630879354,-1265.92705147554,2534.22455246299,37712.9173429694
-40591.3288178931,-39771.1066951187,-38381.1011831545,1390.00551196422,-34600.4368509302,-3338.34524709909,-2518.12312432467,-1128.11761236045,2652.54671986384,38642.9890827582
-41411.7478703916,-40623.1489813731,-38724.4572099714,1898.69177140172,-34990.4125536383,-3644.65246857697,-2856.05357955853,-957.36180815681,2776.68284817632,39665.7871732163
-42242.8100958124,-41527.4915539724,-39277.7075120672,2249.78404190522,-35617.9888251935,-3716.04548469194,-3000.72694285193,-750.942900946708,2908.775785927,40776.5486530257
-43130.9453362482,-42517.1312355294,-40043.3141805123,2473.81705501712,-36442.8054987842,-3635.77460363763,-3021.96050291882,-548.143447901699,3052.36523382642,41968.9877876277
-44091.4399004944,-43591.4694950114,-40939.5737019372,2651.89579307429,-37376.3380804283,-3508.07436873489,-3008.10396325187,-356.20817017759,3207.02745133129,43235.2613248339
-45074.0950066352,-44697.5475062465,-41945.097344899,2752.4501613475,-38414.1741590532,-3294.7684167954,-2918.22091640669,-165.770755059193,3365.1524307866,44531.7767511873
-46091.6642974452,-45845.6497543217,-43201.8324133364,2643.81734098526,-39690.3939662868,-2873.12473170132,-2627.11018857784,16.7071524074272,3528.14559945702,45862.3569067291
-47150.5578606242,-47037.1993859498,-44722.4751348378,2314.72425111197,-41194.5916467316,-2259.15646858604,-2145.79799391159,168.926257200383,3696.80974530667,47206.1256431502
-48261.7989018513,-48264.3036237962,-46389.8636221633,1874.4400016329,-42764.4171625465,-1629.18808661679,-1631.69280856166,242.747193071248,3868.19365268801,48507.0508168675
-49436.0263090388,-49517.6726842183,-48100.4560996343,1417.21658458401,-44300.6369238511,-1095.04977359766,-1176.69614877711,240.520435806897,4040.33961159006,49758.1931200251
-50627.7697705805,-50741.6605600387,-49872.7496974339,868.910862604809,-45851.1281588787,-568.619572133467,-682.510361591707,186.400501013103,4208.02203956837,50928.0610610518
-51770.6335414914,-51872.3077003954,-51569.7090074007,302.598692994683,-47290.6927744134,-116.772170790152,-218.446329694117,84.1523633005669,4363.16859628784,51956.4600636959
-52894.660128894,-52938.1889642104,-53218.9289679756,-280.740003765205,-48662.579977484,279.651150942182,236.122315625795,-44.6176881394037,4511.73130235211,52893.5712760709
-53976.0691272579,-53911.0342789818,-54720.4919010265,-809.45762204479,-49898.915279191,573.721219329869,638.756067605991,-170.701554438793,4650.87506739674,53740.3327245429
-54971.2649472011,-54751.8337407389,-56043.6634564514,-1291.82971571253,-50978.8478981252,783.383689777035,1002.81489623926,-289.014819473258,4775.80073885295,54462.8189212657
-55896.9819859631,-55489.8886303397,-57271.312311727,-1781.42368138737,-51993.3276612709,987.646946499247,1394.74030212263,-386.683379264748,4891.3012711914,55103.2052510749
-56710.5441203609,-56085.6365509925,-58298.2452485679,-2212.60869757539,-52820.9346049319,1101.30058373753,1726.20815310596,-486.400544469424,4990.91009916652,55599.236006523
-57386.4359647935,-56508.5851896582,-59030.0254536333,-2521.44026397507,-53387.666357436,1070.47710914955,1948.32788428484,-573.11237969023,5069.24671650701,55935.472809968
-58020.5553905126,-56865.5133376346,-59549.9465348805,-2684.43319724589,-53772.5761900707,892.59116449219,2047.63321737022,-636.799979875671,5140.57036493408,56228.7133577589
-58569.0242235502,-57122.2369190881,-59808.8056556945,-2686.56873660641,-53937.8954621176,570.397489881905,2017.18479434398,-669.383942262426,5201.52625131441,56452.8529768256
-58979.220068556,-57234.9829964226,-59846.8814481758,-2611.89845175314,-53931.2246540015,198.058325415889,1942.29539754923,-669.603054203909,5246.0537399704,56565.3799422187
-59204.9407944488,-57168.6761273783,-59678.5526405178,-2509.87651313947,-53780.3417641234,-155.545309630781,1880.71935743968,-629.157155699792,5269.05372069457,56539.5189716785
-59152.5504399577,-56848.3690472613,-59284.6244068107,-2436.2553595494,-53486.886279438,-404.269497758001,1899.91189493833,-536.343464611066,5261.39466276169,56312.0255826503
-58914.4924080197,-56383.8620824131,-58760.6276738186,-2376.76559140553,-53136.1968195656,-539.126404167311,1991.50392143927,-385.261669966253,5239.16918428676,55998.6004124468
-58452.5784256526,-55752.846671127,-58140.8448964255,-2387.99822529844,-52750.2948038971,-503.922061831823,2195.80969269374,-192.188532604699,5198.36155992363,55560.6581385223
-57760.4880929445,-54959.2433344616,-57330.4477814458,-2371.20444698426,-52211.145300344,-411.389306567132,2389.85545191575,18.6510049314936,5137.9534860333,54977.8943393931
-56918.1642733795,-54089.2917948318,-56443.617285785,-2354.32549095325,-51605.3399578725,-244.190632384086,2584.68184616363,230.356355210376,5068.63368312286,54319.6481500422
-55871.1842335483,-53085.4112807144,-55417.4332347811,-2332.02195406669,-50875.0721770137,-13.1457319780594,2772.62722085575,440.605266789064,4982.96632455649,53526.0165475035
-54627.3521509071,-51940.2922253497,-54208.1435381859,-2267.85131283616,-49962.7156772117,212.240896354669,2899.30082191206,631.449509075897,4876.87737005013,52571.7417344256
-53354.7406902585,-50804.547393517,-52953.8378750837,-2149.29048156667,-48969.2916084911,382.101905725443,2932.29520246693,783.00472090026,4767.55098749289,51587.5521144173
-52026.4482269954,-49638.6337133156,-51623.2429258023,-1984.60921248676,-47869.9825115881,492.836473389965,2880.65098706979,896.041774583029,4649.30218879726,50534.6754878986
-50625.9440329171,-48413.1292274708,-50184.3531797348,-1771.223952264,-46653.4349533943,547.473040194454,2760.2878456407,989.063893376691,4519.98211971721,49402.1931208475
-49122.7525454889,-47089.8914609888,-48597.1573246705,-1507.26586368163,-45308.8230828258,562.547537602696,2595.40862210276,1088.14275842113,4376.47700026583,48178.03421941
-47501.9371308815,-45656.3881336393,-46820.2876299996,-1163.8994963603,-43806.9137384449,522.1555522293,2367.70454947144,1203.80505311114,4217.17894466583,46860.1931867504
-45820.3947488919,-44162.66357089,-44951.0015627422,-788.337991852251,-42248.122259763,474.773238300496,2132.5044163024,1344.16642445015,4047.04572742933,45506.8299953401
-44073.1540143604,-42615.6046399747,-43117.9483411555,-502.3437011808,-40756.3225386833,550.452836198535,2008.00221058418,1505.65850940338,3867.28431187564,44121.2631493781
-42265.2856894935,-41032.8793091652,-41276.4700418478,-243.590732682645,-39287.391060451,705.16407983098,1937.57046015933,1693.97972747668,3683.05870887353,42726.8590366419
-40377.9878549639,-39418.7843790938,-39325.0403152905,93.7440638032944,-37725.0171862123,842.065911293259,1801.26938716336,1895.01345096666,3495.0365800449,41313.7978300604
-38430.3085996092,-37805.5319159702,-37262.2216548182,543.310261152044,-36080.6574215034,957.042609289388,1581.81929292838,2125.12955408043,3306.69378739516,39930.6614700506
-36460.8761729847,-36240.7851061209,-35234.8083094699,1005.97679665099,-34489.4562655279,1150.31575549084,1370.40682235459,2376.38361900558,3121.73566294768,38617.1687251265
-34484.9876148807,-34752.9397208861,-33428.0784138218,1324.86130706432,-33114.242738209,1570.48636775723,1302.53426175188,2627.3955688162,2941.23124442891,37380.3352897023
-32592.6242151525,-33427.6708916839,-31842.0500123903,1585.62087929366,-31901.7109098352,2081.1228768946,1246.07620036319,2831.69707965684,2772.03618221195,36259.3679713408
-30765.0643552065,-32233.1959734308,-30453.5840696695,1779.61190376126,-30795.8249414524,2638.53373487809,1170.40211665379,2950.01402041505,2607.77314863216,35183.2099938458
-29074.0716500681,-31211.1570045343,-29218.7922353991,1992.36476913515,-29723.6006914441,3101.64169684597,964.556342379783,2956.92111151493,2452.11265546993,34168.0781160492
-27559.5189794309,-30374.5438779199,-28129.4281315005,2245.11574641942,-28691.9390220145,3438.78042333419,623.755524845207,2868.87127126462,2306.36038075061,33243.4151491845
-26224.7203791979,-29697.8043794647,-27262.3238683229,2435.48051114179,-27799.7537543721,3743.52943159168,270.445431324913,2705.9259424667,2168.49605641743,32403.7303219314
-25156.7751237547,-29250.1422383774,-26779.986804862,2470.15543351539,-27195.0697978233,4087.41176987786,-5.95534474488382,2464.20008877051,2049.1170958093,31714.3423271479
-24344.2868282101,-29002.6591632951,-26491.5831802422,2511.0759830529,-26684.6059517732,4286.84948290657,-371.522852178467,2139.55313087444,1946.53035934339,31142.2122941695
-23934.1759244666,-29085.1647203267,-26660.2280328729,2424.93668745381,-26518.2295471341,4463.90300937805,-687.085786482102,1737.85090097171,1879.84938671051,30823.0156212984
-23972.3581243514,-29529.0617847292,-27273.1568299086,2255.90495482058,-26676.751049551,4559.18359357278,-997.520066805014,1258.38488801556,1854.79066837318,30787.4466727447
-24464.1014647727,-30326.3397230596,-28378.8686334515,1947.47108960817,-27210.7009461023,4618.51051509508,-1243.72774319183,703.743346416343,1871.91103376554,31030.083069476
-25378.20544782,-31442.2264614111,-29875.6536755983,1566.57278581278,-28018.8155513952,4567.97220623,-1496.04880736116,70.5239784516208,1927.36210265475,31512.7504398627
-26705.422661843,-32861.7598190877,-31744.7629166853,1116.9969024024,-29085.0804284059,4399.04388486426,-1757.29327238053,-640.296369978124,2019.38611830132,32221.4634491096
-28365.2251640182,-34500.1237833636,-33816.0664179485,684.057365415092,-30276.0679824167,4048.88405032304,-2086.01456902232,-1401.95720360722,2138.04123192457,33098.1665797563
-30288.7992024553,-36288.1236229486,-36001.3328983778,286.790724570854,-31530.0870896952,3517.12991655208,-2482.19450394125,-2195.40377937039,2275.84202931217,34092.7198435782
-32394.8088233872,-38144.7260517406,-38251.0919673731,-106.365915632504,-32831.6422630001,2860.37025667299,-2889.54697168047,-2995.91288731297,2423.53681706001,35148.8131644277
-34615.6293428457,-40003.0911173069,-40466.5340853493,-463.442968042446,-34116.837361345,2075.97890016003,-3311.48287430111,-3774.92584234356,2574.77088166077,36228.1652749633
-36853.1221986399,-41765.6286272162,-42516.9880908637,-751.35946364752,-35291.003701204,1156.75389926341,-3755.75252931294,-4507.11199296046,2718.87239669922,37258.5166342557
-39020.0905982359,-43347.8469229562,-44301.7702391879,-953.923316231714,-36291.0376289427,118.035902610907,-4209.72042210939,-5163.6437383411,2847.08887190413,38184.2031846151
-41030.0156192922,-44672.599990343,-45799.0998075808,-1126.49981723786,-37128.280347507,-950.205481074518,-4592.78985212525,-5719.28966936311,2951.5297907107,38953.3103209798
-42801.5522703822,-45682.9276098947,-46962.9217669489,-1279.99415705418,-37778.480108602,-1995.05903905556,-4876.43437856807,-6156.42853562225,3028.01312272462,39526.4990742724
-44268.7063494854,-46327.484801815,-47698.1362279181,-1370.65142610309,-38165.7228319395,-3031.00039392055,-5089.77884625016,-6460.43027235324,3071.98312362528,39867.0545294617
-45404.4633574187,-46594.7634465668,-47996.7374095708,-1401.97396300407,-38284.0207440178,-4037.05223335269,-5227.35232250076,-6629.32628550483,3083.39038004817,39965.4371610619
-46193.4968548332,-46484.9368711788,-47875.6731874099,-1390.73631623111,-38145.5575406295,-4985.49390058321,-5276.9339169288,-6667.67023315991,3062.44541362044,39817.2666380189
-46833.7491299049,-46205.115487212,-47541.7591656982,-1336.64367848618,-37909.2591111082,-5887.25823072385,-5258.62458803097,-6595.26826651715,3037.2317880728,39609.8472206948
-47299.677189389,-45744.0707423963,-46961.277958248,-1217.20721585164,-37541.6492987906,-6753.56947356379,-5197.96302657114,-6415.17024242277,3004.45841703467,39328.9004999736
-47545.1404572489,-45076.3224177617,-46173.5191789834,-1097.19676122176,-37101.7119270501,-7483.18196939311,-5014.36392990591,-6111.56069112767,2960.24656080569,38964.761726634
-47557.8818440255,-44210.0233901928,-45114.7219435789,-904.698553386107,-36517.6026892813,-8135.73392766987,-4787.87547383716,-5692.57402722326,2904.54522707431,38517.4493629695
-47395.6969522796,-43223.2442116012,-43932.9782691948,-709.734057593614,-35923.0815632407,-8626.21044218023,-4453.75770150183,-5163.49175909545,2846.40494685872,38059.7524525058
-47026.2774313206,-42107.5078558992,-42618.3252543343,-510.817398435105,-35302.2724172522,-8941.22439317742,-4022.45481775598,-4533.27221619109,2782.78062089099,37574.2356397081
-46434.3080139413,-40866.7043841533,-41197.0198494718,-330.315465318483,-34663.9351473439,-9059.15626288147,-3491.5526330935,-3821.86809841199,2711.21660371594,37044.8362857413
-45619.4905962765,-39512.179526885,-39681.2381431086,-169.058616223616,-33991.0471085843,-8999.4217536948,-2892.11068430324,-3061.16930052686,2629.0217339974,36451.0102263581
-44646.0751224488,-38117.5830507769,-38160.3542548091,-42.7712040321681,-33352.9205334836,-8749.11951692193,-2220.62744525001,-2263.39864928218,2544.03507204328,35854.1844014947
-43506.7662516437,-36684.7301787133,-36566.098445026,118.63173368736,-32668.8043287941,-8383.36643944377,-1561.33036651339,-1442.69863282603,2454.59548340587,35242.0315458873
-42183.0765087623,-35196.4328059749,-34914.6754988276,281.757307147282,-31945.0189117457,-7880.26717219435,-893.623469406957,-611.866162259676,2357.79042482221,34584.5666437152
-40690.1049110541,-33661.5222052171,-33318.6456074941,342.876597722923,-31275.9804185882,-7160.01430186876,-131.431596031737,211.445001691191,2254.11019059712,33872.9672069083
-39033.6111696064,-32090.5989907676,-31762.1195585136,328.479432253956,-30628.4879106842,-6262.0397415496,680.972437289218,1009.45186954318,2143.08351737258,33100.0508603107
-37246.0818767234,-30513.3809869158,-30253.2586365742,260.122350341565,-29986.0787520863,-5232.69157403736,1500.00931577026,1760.13166611183,2027.3115505997,32273.5126530276
-35358.5576152001,-28952.6355828741,-28761.9076073306,190.727975543516,-29295.2792107239,-4154.85542374372,2251.06660858226,2441.79458412578,1908.42298073253,31394.4301669999
-33393.5432915703,-27427.4750867145,-27304.4264883575,123.048598357001,-28570.3533286766,-3034.984100811,2931.08410404482,3054.13270240182,1788.2058620827,30481.6077891163
-31372.1240939136,-25953.0918034164,-25855.5027893151,97.5890141012612,-27770.713472306,-1935.06705371001,3483.96523678717,3581.55425088844,1666.34356789752,29534.6460543048
-29342.7774019575,-24566.1920126997,-24470.6215661202,95.5704465795008,-26942.8334571267,-854.309569812665,3922.27581944514,4017.84626602465,1545.63437501812,28584.0382787244
-27372.6428571303,-23317.5026517054,-23221.6573172715,95.8453344339179,-26147.1463044882,205.207386790334,4260.34759221522,4356.19292664913,1430.70393943245,27673.6955783545
-25455.9455525291,-22185.5783448262,-22111.0696009961,74.5087438301238,-25390.1304214978,1252.50202784448,4522.86923554739,4597.37797937751,1318.31715887575,26782.9563242037
-23652.6399736205,-21206.2211035689,-21123.6523161985,82.5687873704131,-24643.6108232367,2202.22534142652,4648.64421147804,4731.21299884845,1211.25449181026,25937.4341024174
-22003.8163749348,-20402.9084208098,-20283.9998125285,118.908608281286,-23933.5649177171,3041.95069110705,4642.85864523209,4761.76725351337,1112.20214832478,25164.6756743231
-20493.7907025035,-19740.2788407349,-19648.6785399827,91.6003007521478,-23324.4180251612,3847.05595263393,4600.56781440253,4692.16811515468,1016.42862997618,24432.4469558896
-19163.8512285857,-19238.5954311133,-19243.9482248057,-5.35279369245911,-22831.1109047184,4593.16239083782,4518.41818831028,4513.06539461782,925.902714705091,23751.6608257311
-18056.5164704565,-18915.4576549442,-19029.0569127518,-113.599257807504,-22411.2466010918,5198.99400687812,4340.05282239034,4226.45356458283,844.263876242808,23141.9112195271
-17151.0844624377,-18732.2631211666,-18961.3127402742,-229.049619107542,-22040.7775408233,5658.16729997788,4076.98864124893,3847.93902214139,768.474221592299,22580.202143308
-16481.9718382827,-18709.8406175216,-19072.3983390998,-362.557721578262,-21765.6760882386,5986.96688604774,3759.09810680879,3396.54038523053,703.262636091792,22106.3810027521
-16073.155000773,-18847.3548509106,-19338.1999983941,-490.845147483457,-21580.7231250899,6158.52103274809,3384.32118261041,2893.47603512695,650.952908431106,21740.8308860376
-15841.1208647059,-19046.3680097692,-19662.7554782972,-616.387468527989,-21417.9145420819,6177.92813700801,2972.6809919447,2356.29352341671,601.134459631942,21402.6615331859
-15804.713805798,-19308.6075065839,-20013.4329042489,-704.825397665045,-21249.6606597883,6000.33827400233,2496.44457321651,1791.61917555146,555.391420012052,21100.2266821353
-15960.6695892541,-19622.1312714686,-20485.0113118362,-862.880040367637,-21192.9697465575,5748.8561502228,2087.39446800828,1224.51442764064,516.555992919394,20846.6456991092
-16331.950156061,-20013.6854962663,-21057.7477742209,-1044.06227795456,-21238.0731941201,5397.52552500721,1715.79018480185,671.727906847289,491.402486948085,20685.4134031136
-16802.2002793611,-20378.155412443,-21561.7146871057,-1183.55927466276,-21234.2428829979,4899.68276441186,1323.72763133003,140.168356667266,467.640160775099,20518.3237691102
-17369.3530501505,-20728.2993387233,-21990.063590614,-1261.76425189069,-21190.1914782882,4270.20465557507,911.258367002213,-350.505884888477,449.36622743726,20377.7934538348
-18035.7718723265,-21091.3747241906,-22382.1656085341,-1290.79088434348,-21148.2980785438,3553.24204368239,497.639191818339,-793.151692525143,440.715837465133,20298.2230316654
-18804.3636058555,-21496.8638628811,-22783.9461731599,-1287.08231027877,-21133.5043554105,2774.30461279421,81.8043557685801,-1205.27795451019,445.163863239139,20291.5859083709
-19690.0917356036,-21970.0943650885,-23257.820299295,-1287.72593420651,-21209.0886904725,1984.10019900273,-295.902430482231,-1583.62836468874,465.103244133782,20386.4660003998
-20654.3271141181,-22487.901173607,-23709.3297180691,-1221.42854446213,-21303.813856228,1147.27079445549,-686.303265033301,-1907.73180949543,497.784052345645,20580.1693641115
-21673.8261544126,-23044.5843157205,-24130.0655121279,-1085.48119640743,-21417.6292017728,286.326330618478,-1084.43183068938,-2169.91302709681,542.523283258254,20874.6712886237
-22744.7315621056,-23639.5158281785,-24593.7956185404,-954.279790361943,-21636.6903078448,-508.321641041366,-1403.10590711419,-2357.38569747613,599.719613219453,21282.1301307023
-23876.962476877,-24284.6932032806,-25098.7850795744,-814.091876293849,-21963.1077012514,-1243.17328935728,-1650.90401576085,-2464.9958920547,670.681486268255,21819.6973112259
-25005.1534971348,-24923.7476080864,-25558.5577588729,-634.810150786498,-22315.437912626,-1941.63024912243,-1860.22436007398,-2495.03451086047,748.085335386374,22428.7130972259
-26180.0787772545,-25610.6707215584,-26042.0187309614,-431.348009403084,-22760.9862872895,-2579.83200423451,-2010.42394853834,-2441.77195794142,839.260485730506,23168.8987636169
-27361.0439896635,-26309.830315076,-26514.6044892826,-204.774174206566,-23276.0767040382,-3144.38237407794,-2093.16869949042,-2297.942873697,940.584911547326,24011.887441379
-28470.2351318212,-26948.9910275032,-27037.8572456322,-88.8662181289623,-23911.0025139061,-3516.11808830025,-1994.87398398229,-2083.74020211125,1043.11452961478,24865.250825392
-29493.2404683953,-27516.0236996234,-27558.4180746583,-42.3943750348875,-24592.0778855684,-3755.93138871507,-1778.71461994319,-1821.10899497808,1145.23119411179,25694.9147046453
-30409.8133850029,-28003.3505324558,-28003.8673284149,-0.516795959117401,-25248.2295517891,-3915.25369154431,-1508.79083899723,-1509.30763495634,1246.33014166943,26494.0428974994
-31204.8045174561,-28405.7148916821,-28402.8146269718,2.90026471030614,-25915.0000797309,-3942.93421719409,-1143.84459142017,-1140.94432670986,1346.87022053108,27264.7705649723
-31851.04435576,-28708.8240122233,-28637.7455701832,71.0784420400172,-26462.4029381681,-3944.0880322741,-801.867688737357,-730.789246697342,1444.55338531779,27978.0347655259
-32350.0971469472,-28926.3804556923,-28831.0536823281,95.3267733642221,-27006.5218123657,-3803.41972583335,-379.703034578451,-284.376261214225,1540.15560874815,28642.0041944781
-32661.4823704973,-29039.0157622961,-28890.7193386593,148.29642363679,-27454.2640868268,-3576.43075451623,46.0358536849486,194.332277321737,1630.78752915428,29233.3480396179
-32787.3360886722,-29068.9105486812,-28864.7401924841,204.170356197078,-27844.7785741194,-3225.8368371186,492.588702872343,696.759059069419,1716.72067743412,29765.6696077506
-32708.9601630711,-29001.2031610916,-28716.74148852,284.461672571516,-28132.1339803939,-2783.74920200792,924.007799971614,1208.46947254313,1793.07698066929,30209.6726336347
-32490.4029476665,-28910.0240509917,-28581.2555789978,328.768471993852,-28407.2844604722,-2219.1392031723,1361.23969350256,1690.00816549641,1863.97928402204,30600.0322164881
-32076.6554396748,-28743.8605670624,-28364.9354343865,378.925132675906,-28564.7078504642,-1593.68037524633,1739.11449736611,2118.03963004201,1918.26721396421,30861.9001971044
-31607.6953380623,-28633.2978383538,-28210.3435981531,422.954240200698,-28712.8069199322,-925.306509580215,2049.09099012833,2472.04523032903,1969.58190854984,31105.3430686828
-31078.1180555534,-28558.3986994988,-28097.7712055345,460.627493964233,-28828.167775147,-237.232660545183,2282.48669550949,2743.11418947372,2012.71761986126,31301.5128889725
-30509.8043724701,-28521.5678808062,-28088.5880782287,432.979802577475,-28957.6884806404,493.741787605654,2481.97827926951,2914.95808184699,2045.85767943535,31436.5259626532
-30000.4236301492,-28586.2166013819,-28206.8277106531,379.388890728813,-29120.6193193788,1196.45358414952,2610.66061291682,2990.04950364563,2076.25789491985,31576.2661050275
-29562.6122654728,-28732.7690436533,-28421.9928868567,310.776156796553,-29288.5786298181,1827.35558327792,2657.19880509746,2967.97496189401,2101.38921893261,31700.7440055473
-29211.571075151,-28947.6935796114,-28736.2614485766,211.432131034854,-29480.8383012487,2389.17889383732,2653.05638937683,2864.48852041168,2119.91166773954,31812.1821000231
-28916.6096254038,-29172.8761223726,-29035.9881735699,136.887948802685,-29586.8479144002,2795.71937531977,2539.45287835102,2676.34082715371,2125.48108632341,31849.2169495263
-28705.0368076893,-29406.7125536596,-29377.0470894471,29.6654642124648,-29668.9397608966,3083.36867729656,2381.69293132627,2411.35839553874,2119.46572408919,31818.0709491983
-28560.0072040629,-29619.4264424596,-29688.2416399038,-68.8151974442252,-29663.1115156129,3204.77728913768,2145.35805074102,2076.54285329679,2101.67297758772,31695.9692957564
-28471.9279051825,-29791.4643325085,-30033.7549028421,-242.290570333656,-29639.7444465339,3240.00199635966,1920.46556903368,1678.17499870002,2072.18545500827,31469.6393312085
-28444.5294104351,-29919.1800312376,-30379.8564381325,-460.676406894889,-29584.2565451182,3173.84534063135,1699.19471982878,1238.51831293389,2034.11820594826,31157.6983441715
-28447.300043168,-29980.7040301025,-30678.3643622322,-697.660332129753,-29474.2104228305,3015.68166059709,1482.27767366258,784.617341532825,1988.77128093456,30765.3213716353
-28446.5872363019,-29948.9328162115,-30856.3619144181,-907.429098206694,-29259.0718847742,2748.13523280359,1245.789652894,338.360554687303,1935.65058433121,30287.2933708988
-28464.2283893904,-29845.2772137833,-30936.0779948502,-1090.80078106689,-28971.4644223821,2388.24667903334,1007.19785464039,-83.6029264264997,1881.01064604159,29761.6742873568
-28466.5434898872,-29650.1702565159,-30887.7211836094,-1237.55092709354,-28595.7254868277,1953.59051009225,769.96374346356,-467.587183629988,1824.40851315178,29182.5830728859
-28415.263716949,-29344.0599263585,-30631.0524794296,-1286.99255307119,-28074.339788524,1423.8274387505,495.031229341062,-791.961323730132,1764.75136717547,28552.0986026283
-28280.3682505316,-28913.7848168208,-30216.4189885423,-1302.63417172154,-27475.6664765676,895.697961552277,262.281395263141,-1040.35277645841,1700.39973551637,27873.4320403624
-28036.1548697018,-28344.3843870991,-29648.5414937593,-1304.1571066603,-26813.3463734738,407.377197166563,99.1476797692973,-1205.009426891,1630.18569339455,27139.3749602081
-27670.0317695888,-27636.1087543268,-28851.5291495048,-1215.42039517801,-26014.7174440003,-102.298213186295,-68.3751979243658,-1283.79559310238,1553.01611240213,26352.3131612245
-27205.7563903741,-26831.8371374314,-27904.2860057653,-1072.44886833387,-25161.8207210693,-570.283801810413,-196.364548867741,-1268.81341720161,1473.65186749435,25563.0237202298
-26637.9754050352,-25940.1597366427,-26855.4005993753,-915.240862732643,-24303.4928736827,-943.650135340222,-245.834466947727,-1161.07532968038,1390.83239601231,24779.0844069623
-25971.7891160661,-24972.1118275772,-25683.589535329,-711.477707751794,-23417.6416946825,-1248.18341971477,-248.506131225879,-959.983838977673,1305.96400166883,24012.1279885995
-25231.7592949486,-23960.0350240206,-24456.8137204146,-496.778696393975,-22569.6987764099,-1439.74420872084,-168.019937792842,-664.798634186821,1222.31630981792,23295.2363898338
-24416.8097733239,-22911.459654681,-23174.2817727744,-262.822118093426,-21755.7120263266,-1521.06185123711,-15.7117325942131,-278.533850687644,1140.0358957602,22632.9258039933
-23536.2240673147,-21848.5626643693,-21844.0897947997,4.47286956959229,-20968.2378401495,-1508.38208440174,179.279318543653,183.752188113244,1059.60414276338,22032.3148524825
-22605.8886605952,-20796.4263134446,-20546.1329531762,250.293360268476,-20274.4787702682,-1347.87694106412,461.585406086398,711.878766354874,983.532949262862,21508.3050797995
-21660.4830426679,-19803.8989762945,-19330.7984545965,473.100521697947,-19708.7664255073,-1034.89590685015,821.688159523287,1294.78868122123,916.820710310436,21098.6876575157
-20722.4650150933,-18911.2492584056,-18207.4912316738,703.758026731723,-19251.7372677934,-606.950894700582,1204.26486198709,1908.02288871882,863.776852599276,20819.2721471244
-19818.3208969028,-18159.0230761308,-17283.34915454,875.673921590831,-18979.0746473918,-11.4628299967937,1647.8349907752,2523.50891236603,827.783419514139,20682.5319884968
-18996.8015968135,-17600.7581468701,-16635.3202276663,965.437919203817,-18929.1641419401,745.184692080707,2141.22814202408,3106.6660612279,812.822146954089,20707.424208098
-18246.1421765716,-17232.0616630722,-16160.1110224411,1071.95064063108,-18984.9430339904,1554.7241078565,2568.8046213559,3640.75526198697,815.923250437643,20872.8169250592
-17585.1465872927,-17065.9636628923,-15838.4489110319,1227.5147518604,-19100.7474002652,2352.12980155559,2871.31272595598,4098.82747781638,836.528988583084,21164.7911407087
-17008.0879970079,-17085.6699883234,-15708.9200160528,1376.74997227055,-19316.4308835766,3179.87479305888,3102.29280174341,4479.04277401396,871.531906490197,21564.7127623373
-16530.6989580985,-17296.8007880043,-15752.8732838068,1543.92750419754,-19599.0119384127,3988.45777507301,3222.35594516713,4766.28344936467,920.144794758747,22063.084237369
-16153.4928004165,-17690.667289871,-15916.3985600251,1774.26872984591,-19890.0264236709,4716.44948604907,3179.27499659458,4953.54372644049,979.915862794673,22644.2110163115
-15865.2460627633,-18244.9448096916,-16196.6984527879,2048.24635690376,-20178.4590889581,5360.95216499959,2981.25341807133,5029.49977497509,1047.73913880482,23274.4445846667
-15638.9162647453,-18921.4610009325,-16659.6507801303,2261.81022080221,-20543.6953907219,6022.6148570729,2740.07012088568,5001.88034168789,1117.83573109626,23923.3413426204
-15462.9791864085,-19696.3682094327,-17264.0394008602,2432.32880857253,-20947.543090669,6670.67941846245,2437.29039543829,4869.61920401082,1186.115514202,24565.9874134435
-15342.9939853676,-20554.2612308421,-17966.9247423015,2587.3364885405,-21348.1135184822,7254.752020439,2043.48477496456,4630.82126350506,1249.63248732442,25185.0824943471
-15286.8344033729,-21475.3284993941,-18723.2794015494,2752.04909784471,-21697.8056911118,7715.75605146194,1527.26195544073,4279.31105328544,1304.78476372303,25754.6395526796
-15263.0897878947,-22413.8130273937,-19535.3423529398,2878.47067445386,-22019.4172691851,8101.94195227106,951.218712772052,3829.68938722591,1345.61447098068,26243.5024146196
-15264.7032342668,-23345.5458893946,-20363.3944327388,2982.15145665585,-22268.507297753,8373.6999809889,292.857325861115,3275.00878251697,1369.8959175027,26620.5546719116
-15309.2829682425,-24269.2555098809,-21239.5863542401,3029.66915564084,-22475.5411890601,8543.48080130777,-416.491740330727,2613.17741531011,1377.22258049012,26882.4329251911
-15391.8421187599,-25157.7797501946,-22087.1057334007,3070.67401679389,-22578.4558782999,8551.62973508522,-1214.30789634943,1856.36612044446,1365.01597554524,27014.1458706391
-15548.0173920441,-26025.0112499842,-22995.278796695,3029.73245328922,-22666.9854275272,8454.09433619658,-2022.89952174349,1006.83293154572,1335.12630071345,27031.8441815299
-15788.7552035729,-26869.8259105253,-23920.2191492205,2949.60676130474,-22720.1389240905,8221.43030214513,-2859.6404048072,89.9663564975313,1290.04658162759,26959.7922670228
-16159.5641632439,-27718.6813978677,-24857.0469040648,2861.63449380296,-22733.102970609,7809.25775185593,-3749.85948276794,-888.224988964981,1235.71894449081,26830.4564089027
-16661.7634629837,-28562.5333293096,-25852.2735341809,2710.25979512867,-22770.0127875285,7282.89480841967,-4617.87505790629,-1907.61526277763,1174.64548387486,26654.918066532
-17314.2061680842,-29401.9901903815,-26876.6228164906,2525.3673738909,-22807.9325912412,6604.1860735507,-5483.59794874662,-2958.23057485572,1110.45965039368,26443.7596155258
-18119.033161106,-30233.185842443,-27967.8010572223,2265.38478522064,-22897.1330097062,5823.61294360603,-6290.539737731,-4025.15495251036,1045.51309500576,26208.0308899326
-19132.8724438767,-31099.0197016014,-29079.1688392933,2019.85086230814,-23000.4714900147,4855.17472634369,-7110.97253138099,-5091.12166907285,987.575680205704,26007.8980325286
-20369.3653209404,-32000.1680301166,-30197.4911910775,1802.67683903915,-23119.659241007,3689.84476303389,-7940.95794614239,-6138.28110710324,939.550842967186,25861.8869230134
-21761.413634587,-32859.7562249909,-31261.4000302029,1598.35619478804,-23210.951674699,2342.77698792423,-8755.56560247968,-7157.20940769163,893.238947812202,25702.5468172993
-23295.3060761366,-33664.3501174941,-32214.6547178106,1449.69539968357,-23234.4486170059,788.159025316643,-9580.8850160409,-8131.18961635733,849.016484447296,25533.1605011368
-24959.3877819648,-34396.0982589273,-33077.8692815523,1318.22897737499,-23236.4353753969,-915.096430275567,-10351.806907238,-9033.57792986305,807.855976292344,25362.5203290643
-26726.9178127249,-35035.0495954807,-33885.1021109402,1149.94748454043,-23280.5748053312,-2675.88322701818,-10984.015009774,-9834.06752523355,770.459780375539,25200.9820702471
-28558.5817356633,-35561.7256887869,-34496.1545386743,1065.57115011266,-23256.430649106,-4564.63039504291,-11567.7743481665,-10502.2031980539,737.520691514361,25059.522490733
-30407.0242531793,-35961.7367981191,-34952.0469256525,1009.68987246661,-23223.3679005265,-6474.56429601608,-12029.2768409559,-11019.5869684893,709.092056636653,24942.1498296298
-32250.7889114811,-36244.1808987373,-35252.3688853442,991.812013393101,-23194.6522287744,-8368.52490761425,-12361.9168948705,-11370.1048814774,687.611775092398,24874.0760172599
-34066.454171207,-36423.0418439749,-35352.4402159557,1070.60162801922,-23137.4702496478,-10255.1199241864,-12611.7075969542,-11541.105968935,673.863997372843,24881.9358750399
-35796.6483627757,-36473.6997403058,-35248.0331275983,1225.66661270753,-23065.940648873,-12065.4830713284,-12742.5344488585,-11516.867836151,665.2246425743,24956.8319041548
-37427.2671763788,-36413.7817420044,-35005.4660959386,1408.31564606582,-23040.2123867289,-13723.1922486814,-12709.706814307,-11301.3911682412,663.862540968527,25112.3905737632
-38928.6954931612,-36244.4674315322,-34664.0378546342,1580.42957689802,-23099.4080551646,-15160.0462335725,-12475.8181719435,-10895.3885950454,669.241204424116,25349.0788364867
-40306.9798842407,-36004.2909332447,-34215.1746726533,1789.11626059137,-23232.1233095187,-16390.4826121609,-12087.7936611649,-10298.6774005735,684.373962561055,25705.6135326712
-41486.3853143621,-35648.4931178214,-33660.6475705931,1987.84554722825,-23440.3636795185,-17344.4474248585,-11506.5552283178,-9518.70968108952,701.574209985111,26129.7834367318
-42493.9393743235,-35232.3947282812,-33072.9356890178,2159.45903926335,-23774.2290280219,-17994.0468173502,-10732.502171308,-8573.04313204461,725.663528951356,26659.3515962366
-43280.3277747856,-34737.9094670459,-32436.6850305345,2301.22443651135,-24217.7018286169,-18310.3457858255,-9767.92747808574,-7466.70304157439,752.280160343232,27271.2064254715
-43866.0662559023,-34222.3760070083,-31822.7714739183,2399.60453309008,-24797.2771162077,-18281.819694671,-8638.12944577707,-6238.52491268699,786.969445023514,27983.8510943213
-44226.0003375028,-33664.2693782606,-31210.0028929806,2454.26648527994,-25434.4992132337,-17969.657650278,-7407.92669103577,-4953.66020575583,821.843473991108,28710.6091725047
-44381.6224540159,-33088.2939944112,-30676.7318624345,2411.56213197672,-26173.7074744829,-17350.022761751,-6056.69430214628,-3645.13217016955,857.892217781999,29443.1618242416
-44336.6843569721,-32502.394922682,-30160.3499855604,2342.04493712162,-26932.6831376031,-16509.6745993118,-4675.38516502167,-2333.34022790006,894.32662005722,30169.054694782
-44123.6060651539,-31932.2222239538,-29739.8547170851,2192.3675068687,-27776.3814470105,-15414.1567949827,-3222.77295378257,-1030.40544691387,933.067823160807,30901.81677704
-43744.1088266375,-31364.9586172825,-29322.9944110511,2041.9642062314,-28585.2784027225,-14186.8710775582,-1807.72086820323,234.243338028172,971.959346356826,31599.2019553107
-43218.1210840759,-30811.1319032903,-28964.3078093383,1846.82409395203,-29399.090950679,-12807.2908039753,-400.301623189744,1446.52247076229,1011.73932942158,32257.6543740526
-42546.6527443864,-30267.6810837564,-28694.5042602436,1573.17682351277,-30233.9015487904,-11261.3457824879,1017.62587814223,2590.802701655,1051.40541310821,32858.4837854114
-41751.4613666899,-29745.5855116714,-28475.1823523138,1270.40315935756,-31038.8147626938,-9620.6517208717,2385.22413414684,3655.6272935044,1091.99488312439,33401.2128051757
-40830.3150465144,-29237.0588601761,-28231.6224554466,1005.43640472951,-31741.8610089092,-7955.74472543811,3637.51146090015,4642.94786562966,1132.7093121671,33880.0067258058
-39795.3281266629,-28747.9326663243,-28053.4303121408,694.502354183473,-32426.0612811683,-6194.97516446548,4852.42029587313,5546.9226500566,1174.29168102915,34294.8553163809
-38656.754666867,-28283.1194676023,-27852.0506542325,431.068813369892,-32988.4551913738,-4453.01169214222,5920.62350712248,6351.69232049237,1215.287783351,34634.8117880947
-37424.813392952,-27839.1710498251,-27679.7642637496,159.406786075484,-33484.8921867428,-2685.48317259722,6900.15917052966,7059.56595660514,1254.43803361196,34898.7370064302
-36118.3186692146,-27421.241441785,-27461.9058443409,-40.6644025558815,-33851.3513425345,-974.533132304751,7722.54409512489,7681.879692569,1292.43419437537,35103.121134354
-34745.3747683239,-27021.487611298,-27202.1478802254,-180.660268927441,-34093.9417393397,676.819386084576,8400.70654311048,8220.04627418305,1328.25241506882,35241.5338854811
-33314.6290157362,-26634.9212672097,-26954.4645608653,-319.543293655658,-34268.0925264556,2313.59834311639,8993.30609164289,8673.76279798724,1360.13483239699,35308.6840651969
-31871.7647879608,-26291.3803540832,-26731.3943287837,-440.013974700473,-34373.6863824309,3892.11245345602,9472.49688733363,9032.48291263316,1390.19085898593,35323.8632667163
-30446.714042961,-25997.3689346068,-26585.2376166802,-587.868682073377,-34456.9600715029,5426.75199354874,9876.09710190286,9288.22841982948,1416.50596500679,35285.5973544363
-29086.4406383404,-25776.4248263117,-26488.0789912635,-711.654164951807,-34487.8335430353,6840.13182422769,10150.1476362564,9438.49347130461,1438.73891953278,35214.9182976163
-27775.2980799652,-25593.2427547985,-26403.6367328048,-810.393978006336,-34439.6880645376,8115.23486162898,10297.2901867957,9486.89620878935,1450.84487705653,35080.1389635878
-26537.4682655437,-25464.7260594268,-26284.8746978762,-820.148638449403,-34268.919725999,9185.98974594288,10258.7319520598,9438.5833136104,1454.53828548756,34903.3093730372
-25372.7567235556,-25375.2948558778,-26087.1227962055,-711.827940327725,-33957.463088103,10031.2020411232,10028.6639088011,9316.83596847335,1446.49567657585,34692.1308243511
-24290.002039395,-25331.6105777323,-25852.5596750768,-520.949097344472,-33586.1069271754,10724.9789377997,9683.37039946242,9162.42130211795,1428.87405001935,34494.0318798503
-23268.9959829686,-25327.7670972252,-25640.4281010889,-312.661003863663,-33223.0814345446,11355.9684473956,9297.19733313903,8984.53632927537,1401.88299581959,34312.3034265005
-22304.7853089025,-25377.7472371892,-25385.2637507432,-7.51651355394898,-32813.629738977,11878.6752321779,8805.71330389115,8798.19679033719,1369.8308021034,34175.9440275265
-21365.1129933212,-25472.7590220774,-25252.6922819664,220.066740110996,-32522.951588483,12491.711264222,8384.06523546584,8604.13197557684,1333.87266906019,34076.8909976542
-20441.5251871581,-25616.4746669846,-25201.8873710863,414.587295898357,-32289.7418434048,13143.4295380847,7968.4800582581,8383.06735415645,1295.21288183791,33999.5420211411
-19548.3854447078,-25834.950739744,-25277.56514316,557.385596584027,-32126.1764747659,13834.6042598894,7548.03896485316,8105.42456143719,1256.81322983121,33940.3753011811
-18712.6216278075,-26159.6145259588,-25468.7958805724,690.818645386397,-31991.0035980445,14500.6984248042,7053.70552665286,7744.52417203926,1222.31645456716,33904.138697998
-17950.7569556981,-26601.7380894843,-25810.4368910283,791.301198456046,-31873.9124682994,15113.5897251103,6462.6085913241,7253.90978978015,1190.43421250906,33855.6478792645
-17315.4478313847,-27192.0423012532,-26283.6307723862,908.411528866929,-31730.0228100167,15576.8076901921,5700.21322032371,6608.62474919064,1162.2327115602,33800.6670504438
-16862.7686414269,-27955.3241866166,-26904.8103360104,1050.51385060617,-31556.7003300619,15831.8718077245,4739.31626253489,5789.83011314106,1137.94011908958,33745.1542997576
-16685.5922645786,-28955.1415269537,-27688.4674283392,1266.67409861449,-31374.3145505571,15814.0112739788,3544.46201160373,4811.13611021822,1125.28898800024,33766.2776371719
-16803.0271978664,-30175.0673455355,-28667.6754639813,1507.39188155421,-31221.2452464721,15539.3381768605,2167.29802919137,3674.68991074559,1121.12012825477,33849.7572562811
-17217.9805776892,-31572.5081685315,-29751.8936875245,1820.61448100694,-31032.5222280795,14932.8637144707,578.336123628465,2398.95060463541,1118.32206408048,33971.4587731669
-17969.4624934546,-33151.0575975146,-31071.2173227975,2079.8402747171,-30964.3316029152,14112.5626948601,-1069.03240919993,1010.80786551717,1117.69358539949,34161.8654630318
-19082.4516727287,-34906.5087806497,-32563.8713839567,2342.63739669295,-30986.6384737613,13024.5474808235,-2799.50962709743,-456.872230404483,1120.36067979095,34449.6365502452
-20534.6420634311,-36794.3539795827,-34233.8441518658,2560.50982771691,-31144.6300651987,11735.0752577379,-4524.6366584138,-1964.12683069689,1125.0872559702,34830.2271488859
-22300.6144313265,-38775.6920757631,-36068.8231112284,2706.86896453473,-31474.1059520386,10306.2516539052,-6168.82599053151,-3461.95702599677,1132.760133193,35313.7350497664
-24347.7231776551,-40814.4163641658,-38038.8711041479,2775.54526001794,-31975.3370802424,8772.69555592526,-7693.99763058544,-4918.45237056751,1145.08165333797,35895.9639935983
-26582.2755079847,-42837.5928055944,-40003.5610746276,2834.03173096679,-32544.2477940816,7121.22115173498,-9134.09614587477,-6300.06441490798,1159.24886563798,36537.5283906864
-28962.9413823852,-44818.8823906876,-42046.4879409262,2772.39444976145,-33268.3685823522,5481.53428690586,-10374.4067213966,-7602.01227163516,1176.10708693881,37216.8701190524
-31446.0219044316,-46731.400351931,-44068.4506107307,2662.94974120031,-34049.3101027338,3800.89344785598,-11484.4849996434,-8821.53525844313,1197.60524955378,37909.8650934879
-33986.6300677078,-48530.4796421422,-46028.797729381,2501.68191276116,-34866.671141579,2101.86317042968,-12441.9864040047,-9940.3044912435,1221.82209655854,38590.1751508987
-36561.9542946484,-50201.7648436273,-47811.1096314672,2390.65521216008,-35595.8440949747,283.949110136266,-13355.8614388426,-10965.2062266825,1250.05930981001,39236.5586169448
-39148.4520940058,-51724.7393691017,-49441.2429315061,2283.49643759557,-36251.6796267886,-1614.96519872415,-14191.25247382,-11907.7560362244,1281.80726849306,39816.9833328773
-41719.54448609,-53074.952404132,-50861.4250492133,2213.52735491866,-36799.2191024878,-3604.12400979801,-14959.53192784,-12746.0045729214,1316.20137380412,40328.9478312106
-44254.3231678137,-54242.4723517352,-52009.2571074685,2233.21524426678,-37201.7938096907,-5699.08593391788,-15687.2351178395,-13454.0198735727,1353.44342420508,40788.4524781626
-46735.10439761,-55227.7714650786,-52893.2179081057,2334.55355697293,-37474.8890812026,-7867.71866935371,-16360.3857368223,-14025.8321798494,1392.49664705363,41201.9392852292
-49147.3863477608,-56025.942045666,-53577.1578376326,2448.78420803347,-37684.8428220834,-10030.5493648896,-16909.1050627948,-14460.3208547614,1431.9941607878,41565.6211909047
-51471.0227130648,-56638.6185659805,-53956.53460747,2682.0839585105,-37758.5224958999,-12241.277588572,-17408.8734414877,-14726.7894829772,1471.22262859295,41911.8290830033
-53711.0750865073,-57091.5923558817,-54151.9736939472,2939.61866193448,-37823.7566261725,-14377.0999951781,-17757.6172645525,-14817.998602618,1510.21846515667,42273.5937532637
-55839.2808898161,-57367.7384782692,-54168.6401654646,3199.09831280457,-37892.3602530561,-16402.1490921039,-17930.6066805569,-14731.5083677523,1544.7715446562,42636.2301105168
-57851.4095405579,-57480.6807488937,-53995.4651052985,3485.21564359517,-37965.2528299048,-18310.6016915019,-17939.8728998377,-14454.6572562425,1575.55501915119,43026.0234926512
-59704.9064903744,-57412.8521993538,-53646.2391817781,3766.61301757575,-38068.7576212852,-20036.4542091334,-17744.3999181129,-13977.7869005371,1599.69465995574,43435.0652988167
-61404.4323215457,-57188.4184661218,-53151.3310832816,4037.08738284023,-38243.2355991848,-21541.5774103842,-17325.5635549604,-13288.4761721201,1619.61931197664,43899.9422940017
-62912.9007931707,-56792.4830854256,-52619.7659410363,4172.71714438933,-38590.556197283,-22689.3075221381,-16568.8898143929,-12396.1726700036,1633.03707374965,44396.310415422
-64237.6891457363,-56265.6788851698,-52090.3506539823,4175.32823118752,-39133.0307056254,-23459.9595783949,-15487.9493178284,-11312.6210866409,1644.698861716,44953.0577985289
-65350.4067142722,-55606.5478089456,-51513.6237212738,4092.92408767183,-39806.4102558951,-23890.0875406564,-14146.2286353298,-10053.304547658,1653.90891772063,45553.2432612876
-66212.3628960954,-54803.5218240207,-50961.9831404982,3841.5386835225,-40668.6657280406,-23883.7056526623,-12474.8645805875,-8633.32589706505,1659.99151539254,46170.1959269556
-66770.6770596263,-53839.4511097374,-50306.2613848667,3533.18972487072,-41568.4160884083,-23540.655696151,-10609.4297462621,-7076.24002139137,1661.60527506703,46763.211088346
-66972.4602588125,-52699.6513002602,-49550.7420583581,3148.90924190205,-42489.388142015,-22826.9917678582,-8554.18280930588,-5405.27356740383,1656.08034893926,47294.3777328563
-66815.3292363365,-51418.1667203677,-48735.714287355,2682.45243301266,-43447.2704235156,-21719.6415089656,-6322.47899299683,-3640.02655998418,1648.41730385526,47778.1401603835
-66270.4313526335,-49988.3049322545,-47893.7323609005,2094.57257135401,-44437.2903218499,-20196.6673204868,-3914.54090010774,-1819.96832875373,1636.47371029688,48168.3366035007
-65344.1170447576,-48440.0166531034,-46933.3449594209,1506.67169368243,-45330.9973427508,-18390.0210592557,-1485.92066760147,20.7510260809586,1623.09864275107,48460.7676791843
-64038.7332597918,-46784.9720392233,-45859.5671014791,925.404937744151,-46093.8975666697,-16337.7767130287,915.9845075399,1841.38944528404,1607.05898009348,48626.3614845073
-62366.3146556851,-45044.1968242966,-44715.9000481245,328.296776172107,-46733.2264387699,-14044.873845996,3277.24398539256,3605.54076156467,1588.2143709192,48649.7375858612
-60357.5237206162,-43242.1965443615,-43525.747364578,-283.550820216546,-47227.8739192247,-11563.3577058705,5551.96947038427,5268.41865016773,1566.29209552101,48510.6151945292
-58079.6886133622,-41430.9555781464,-42271.2845496398,-840.328971493403,-47518.1788327469,-9017.6725946009,7631.0604406149,6790.73146912149,1543.83718601444,48221.6870472679
-55582.1737225672,-39639.7001747934,-41010.9321302105,-1371.23195541704,-47636.0705695169,-6425.67284741942,9516.80070035441,8145.56874493737,1520.43030563087,47785.2689197308
-52927.7966336527,-37910.1571647226,-39704.063230382,-1793.90606565936,-47517.5779262138,-3913.52645210415,11104.1130168259,9310.20695116652,1496.69225533472,47220.3641158891
-50188.9637401697,-36281.2855356307,-38384.5901294081,-2103.30459377743,-47180.5897828378,-1535.53006640457,12372.1481381344,10268.843544357,1472.84389092732,46550.1290799877
-47409.1649872699,-34765.1171182658,-37082.5065125156,-2317.38939424977,-46654.5861040633,693.041062218802,13337.0889312229,11019.6995369731,1447.61994542542,45784.816655239
-44643.569395455,-33387.7940644817,-35838.6323369777,-2450.83827249602,-45987.8124682531,2766.47210614458,14022.2474371178,11571.4091646218,1422.22903334647,44959.2032291035
-41948.1595756044,-32172.5800043139,-34738.4912774258,-2565.91127311188,-45276.2434331013,4725.10301036113,14500.6825816516,11934.7713085397,1397.01915286428,44107.3513128537
-39363.2835631982,-31127.9119912827,-33745.4005394969,-2617.48854821426,-44493.7642228096,6502.33111255656,14737.7026844721,12120.2141362578,1371.8504529451,43248.1261275405
-36921.6834928816,-30260.2222521616,-32888.0806763956,-2627.85842423395,-43670.670390025,8095.54009567329,14757.0013363933,12129.1429121593,1346.55319852992,42389.365164321
-34649.9802020277,-29564.2915989003,-32196.7606152051,-2632.46901630479,-42842.9418102814,9513.36709354805,14599.0556966755,11966.5866803707,1320.4054852944,41530.878279271
-32576.1593179026,-29035.9357019158,-31672.5894873902,-2636.65378547445,-42024.7817040664,10743.8596245505,14284.0832405373,11647.4294550629,1295.23723838666,40683.3651569787
-30713.0455454518,-28675.6631156646,-31290.6036730241,-2614.94055735947,-41214.5323951832,11773.8705948618,13811.253024649,11196.3124672895,1272.38374513038,39871.9755829541
-29041.7518336809,-28456.3025523056,-30945.4074076761,-2489.10485537051,-40327.4991752119,12535.4149923158,13120.8642736911,10631.7594183206,1249.66765078477,39088.0619706261
-27561.5666913421,-28364.5128277196,-30719.7353415381,-2355.22251381847,-39468.6448727433,13135.650254985,12332.7041186075,9977.48160478906,1228.5720735838,38341.9944325087
-26273.1250172729,-28394.9153203298,-30560.2473897612,-2165.3320694314,-38609.2594287889,13546.8645835695,11425.0742805126,9259.74221108123,1210.73017205353,37654.657531411
-25178.1816181071,-28544.188162628,-30542.9734084936,-1998.7852458656,-37824.2676490587,13842.1119368294,10476.1053923084,8477.32014644277,1196.02590587773,37021.5083090708
-24280.6636218058,-28807.6069547909,-30668.588627662,-1860.9816728711,-37118.3620306117,14021.2757763433,9494.33244335819,7633.35077048709,1183.57736753736,36440.957725278
-23598.2751473526,-29189.1656466015,-30863.3667974568,-1674.20115085533,-36426.842319771,14004.4287084018,8413.53820915293,6739.3370582976,1175.86153598342,35928.5027048991
-23098.4757654636,-29656.1565239432,-31066.7083985883,-1410.55187464508,-35716.6519277442,13788.8856717967,7231.20491331707,5820.653038672,1170.70950951609,35476.8095626152
-22754.0887527482,-30181.7640322537,-31367.7961433719,-1186.03211111819,-35110.469031342,13524.7092556558,6097.03397615025,4911.00186503207,1168.32897706199,35092.7658972858
-22559.8739216069,-30759.0535520201,-31662.3709555317,-903.317403511577,-34522.9265316564,13132.3827035011,4933.20307308793,4029.88566957636,1169.33009345163,34788.9392215965
-22537.6405708644,-31405.5380490036,-32000.4847169802,-594.9466679765,-34003.3020995213,12640.5009536892,3772.60347554994,3177.65680757344,1174.83942503228,34583.1948565771
-22647.921012325,-32095.0612607736,-32296.941839477,-201.880578703444,-33477.361674963,12011.0511652537,2563.91091680514,2362.0303381017,1181.61050261569,34457.0915988753
-22885.8302800339,-32830.9954347823,-32762.2380640573,68.757370724989,-33151.5242464455,11455.6324494776,1510.46729472924,1579.22466545422,1189.93848306606,34410.2201002366
-23264.3321827331,-33622.9806961259,-33277.5973870756,345.383309050321,-32881.9910978941,10818.3166301621,459.668116769343,805.051425819668,1200.65771500116,34428.0321219456
-23806.786871811,-34483.8329766255,-33748.7038196928,735.129156932626,-32569.2812376514,9976.10777521153,-700.938329602899,34.1908273297288,1213.61340937113,34518.0238039552
-24519.8842396455,-35412.6972307905,-34351.3453210106,1061.35190977991,-32405.6262308376,9115.15393366463,-1777.65905748039,-716.307147700479,1229.41194247251,34696.3900830901
-25397.1669443351,-36395.5971950318,-35037.9184437492,1357.6787512826,-32339.48150635,8187.44854011891,-2810.98171057772,-1453.30295929512,1245.13397810402,34942.2942357367
-26469.3943845809,-37458.8626276011,-35788.1629606438,1670.69966695736,-32349.0892209737,7142.40232561857,-3847.06591740163,-2176.36625044426,1262.70748922574,35282.4963771569
-27746.5401751078,-38597.3820561483,-36588.6400669705,2008.74198917788,-32416.1506574365,5950.3713104913,-4900.47057054927,-2891.72858137139,1280.76082816263,35705.653474777
-29239.3524984035,-39810.4814677135,-37510.3627800973,2300.11868761612,-32615.9843361536,4676.67033506758,-5894.45863424233,-3594.33994662621,1300.03849731752,36216.1415210873
-30920.8787128385,-41063.0305165486,-38472.1625041192,2590.86801242933,-32891.6846272252,3289.67212133869,-6852.47968237142,-4261.61166994209,1318.86620695191,36801.4188466065
-32773.1047799625,-42343.2444472859,-39424.8455186008,2918.39892868514,-33221.0499310038,1785.1011928944,-7785.03847442902,-4866.63954574388,1337.15604185309,37476.6049015421
-34763.5592401892,-43625.6817146427,-40337.7031283089,3287.97858633381,-33608.8647860545,200.446507464771,-8661.67596698867,-5373.69738065486,1355.14096159956,38251.9843339878
-36851.3766590179,-44883.7932744753,-41219.7052293199,3664.08804515541,-34086.8414283603,-1393.07954880839,-9425.49616426587,-5761.40811911046,1371.45568184916,39122.3851553649
-39009.0771134545,-46098.3860576583,-42134.5458139205,3963.8402437378,-34733.5650292848,-2887.90203789891,-9977.21098210275,-6013.37073836496,1387.61004627076,40085.0153192934
-41186.593947809,-47245.5605494821,-43059.333947858,4186.22660162419,-35533.1192196091,-4249.60759495681,-10308.57419663,-6122.3475950058,1403.86713324309,41123.2129544763
-43339.2133233908,-48301.7299236511,-43912.3335692781,4389.39635437298,-36417.343400028,-5501.47869543796,-10463.9952956983,-6074.59894132528,1420.39122792481,42227.1309823258
-45421.2356369934,-49247.1251412676,-44729.9648637913,4517.16027747632,-37436.2230455632,-6547.9609366531,-10373.8504409273,-5856.69016345098,1437.05165477706,43390.4349778166
-47386.5946263575,-50059.9376547703,-45539.1629789924,4520.77467577795,-38624.3906405318,-7309.20724771462,-9982.55027612741,-5461.77560034947,1452.9967381111,44598.1620544208
-49158.0498450659,-50698.4553030699,-46232.6689634463,4465.78633962364,-39867.267740134,-7826.7032933776,-9367.1087513816,-4901.32241175796,1464.0788115543,45797.132891312
-50706.2141145896,-51167.5913429844,-46821.76776826,4345.82357472444,-41171.3692791932,-8062.89046356425,-8524.26769195904,-4178.4441172346,1471.95437183219,46989.1472257498
-51994.0346226919,-51463.031712574,-47386.9279712509,4076.1037413231,-42574.249285172,-7943.17226838183,-7412.16935826395,-3336.06561694085,1476.61306913807,48126.9660956331
-52970.6284006443,-51565.0707059466,-47878.291167805,3686.77953814157,-43991.3253999786,-7504.95181398652,-6099.39411928874,-2412.61458114716,1474.35118667919,49152.4561247994
-53638.0217699515,-51500.1393733208,-48277.2893366029,3222.85003671785,-45373.6529347539,-6797.9022406996,-4660.01984406894,-1437.16980735109,1466.46659449794,50062.9695659697
-54017.7847575523,-51304.4929199027,-48623.8092332835,2680.68368661926,-46711.2020954536,-5852.39225073146,-3139.10041308184,-458.41672646259,1454.19041136728,50846.0761934401
-54143.4175849488,-51018.7586974061,-49001.8241324892,2016.93456491687,-48040.7105465106,-4664.82409318148,-1540.16520563874,476.769359278122,1437.88294525676,51495.5280566842
-54072.2763902229,-50701.661332016,-49265.1677510318,1436.49358098416,-49179.470118138,-3470.59893073496,-99.9838725280323,1336.50970845613,1422.20734134996,52038.1710404721
-53800.9562922423,-50351.7356472725,-49584.5820451438,767.153602128646,-50280.6063064725,-2115.0671214002,1334.15352356959,2101.30712569824,1405.28286436962,52453.0427729707
-53384.9585713748,-50006.5839049803,-50023.008011649,-16.4241066687214,-51366.4792690045,-630.549006437414,2747.8256599571,2731.40155328838,1387.93029593288,52737.9854582687
-52855.1585641003,-49675.9652713355,-50496.0954687408,-820.130197405339,-52331.5050409877,845.142246646803,4024.33553941168,3204.20534200634,1368.79576975944,52880.1706133418
-52280.8619843988,-49405.9229962465,-50929.9813163519,-1524.05832010534,-53084.9690027478,2156.85333217703,5031.79232032929,3507.73400022395,1352.74631382803,52913.6569964705
-51643.8901463369,-49162.2002745729,-51383.950649367,-2221.75037479402,-53699.6229227245,3393.12471298668,5874.81458475063,3653.06420995661,1337.3919365991,52815.2644845296
-50973.1381891415,-48956.9030145815,-51843.1381048639,-2886.23509028237,-54158.5532789397,4511.52707073074,6527.76224529072,3641.52715500835,1326.11198093252,52598.4301695899
-50274.3765043347,-48780.9870102054,-52345.8927683811,-3564.90575817569,-54518.7913562325,5563.84930107909,7057.23879520836,3492.33303703267,1319.43444918132,52273.3200472381
-49546.414225726,-48615.9746408212,-52766.5309652516,-4150.55632443038,-54651.694254912,6420.77983446091,7351.21941936571,3200.66309493533,1315.49980527492,51816.6377357565
-48784.0302995884,-48439.4716593334,-53079.4024833201,-4639.93082398671,-54552.3723547544,7080.29241191129,7424.8510521663,2784.92022817958,1311.95035674535,51224.391887513
-48044.0601109917,-48282.9353719455,-53369.0628411733,-5086.1274692277,-54283.9902579186,7552.07072308014,7313.19546212629,2227.06799289859,1312.14057615325,50510.0033648441
-47336.3423583988,-48129.7499412724,-53603.9696987181,-5474.21975744565,-53816.5709234411,7793.29135660966,6999.88377373603,1525.66401629039,1313.06279156735,49655.4139575628
-46702.5384490212,-47980.7959166878,-53560.5187273708,-5579.72281068298,-52935.7307014957,7547.19604032088,6268.93857265421,689.215761971225,1314.00378784631,48670.0116786591
-46196.2143748042,-47847.982946365,-53268.7350370782,-5420.75209071316,-51720.0125628723,6838.84749933469,5187.07892777393,-233.673162939227,1315.04931126666,47614.3097834258
-45860.8203281764,-47742.1131978005,-52795.9902634767,-5053.8770656761,-50281.2817030543,5738.13022595209,3856.83735632796,-1197.03970934814,1317.66885107422,46545.0734884524
-45704.2006405711,-47648.8873850352,-52181.4500514079,-4532.56266637271,-48715.196944017,4331.46203015776,2386.77528569363,-2145.78738067908,1320.46572671183,45503.1000043561
-45738.0365575808,-47561.8495095472,-51495.3198932634,-3933.47038371627,-47140.3176515976,2725.88700282809,902.074050861699,-3031.39633285456,1323.60590881125,44530.4531766926
-45973.5732489039,-47482.842347672,-50739.5528429217,-3256.71049524966,-45602.2246941257,956.339599953033,-552.929498815104,-3809.63999406476,1327.68815473126,43673.2023536073
-46401.5312350117,-47404.2432598413,-50005.2083153567,-2600.96505551545,-44238.9216595254,-829.959884245327,-1832.67190907486,-4433.6369645903,1332.64969124098,42970.606295251
-46972.029775658,-47302.7252701936,-49306.4985666364,-2003.77329644273,-43108.9435442683,-2525.09890964021,-2855.79440417581,-4859.56770061855,1337.98732174955,42443.1575695751
-47637.0743990955,-47161.0909819643,-48651.0275952858,-1489.9366133215,-42248.9802706976,-4044.42084318905,-3568.43742605788,-5058.37403937938,1343.67328520877,42102.7169425849
-48340.8125221097,-46961.8127352988,-47991.7591321646,-1029.94639686579,-41615.6897958741,-5374.8065988755,-3995.80681206465,-5025.75320893045,1350.31612736009,41936.0595263684
-49028.8944623615,-46693.1639026582,-47366.4782780908,-673.314375432613,-41234.0571731667,-6437.31220146104,-4101.58164175775,-4774.89601719036,1357.52508773372,41918.2678854678
-49649.085075815,-46343.910824706,-46775.6318251278,-431.721000421789,-41096.0831781441,-7187.22860108621,-3882.05434997725,-4313.77535039903,1365.77329658468,42030.135474307
-50139.275606295,-45905.2469457017,-46287.3132123649,-382.066266663171,-41248.3753311202,-7515.52844482201,-3281.49978422868,-3663.56605089185,1375.37183035277,42241.6808948098
-50448.6121313756,-45368.7073646841,-45854.2330649781,-485.525700293952,-41613.8449894686,-7449.0871098159,-2369.1823431244,-2854.70804341835,1385.68003209117,42513.9993212658
-50533.6492635346,-44735.4744281253,-45424.2452642324,-688.770836107118,-42094.1746887111,-7042.67054156905,-1244.4957061597,-1933.26654226682,1396.8040332545,42802.2078858585
-50364.8819971397,-44012.8929631761,-44940.4481798409,-927.555216664769,-42594.1992542133,-6362.11188178534,-10.1228478216739,-937.67806448644,1408.57086114107,43075.2148986897
-49927.6421273218,-43209.189880982,-44365.7356225949,-1156.54574161292,-43024.4961433666,-5483.81204795254,1234.6401983873,78.0944567743772,1419.33393600272,43287.2843377564
-49230.7101210263,-42355.2890784267,-43752.4840091074,-1397.19493068068,-43377.7028982801,-4423.1045207823,2452.31652181727,1055.12159113659,1429.90270196386,43410.4106695633
-48295.9218387816,-41471.9143710713,-43162.576240042,-1690.66186897071,-43670.557355086,-3185.05608121854,3638.95138649172,1948.28951752101,1440.30840247711,43420.2038885924
-47151.6184340484,-40585.4771652182,-42561.0858286484,-1975.6086634302,-43828.5113576909,-1872.47136110054,4693.66990772961,2718.06124429941,1450.63571525696,43303.5384095176
-45841.5395762997,-39718.0065381581,-41905.3053085908,-2187.29877043274,-43774.4272925779,-607.930592738756,5515.60244540288,3328.30367497014,1459.18169098302,43046.3102131282
-44421.8031295307,-38893.0445641413,-41236.9665981425,-2343.92203400116,-43523.0559696094,566.784951204318,6095.54351659367,3751.62148259251,1465.53211112566,42644.6660467339
-42953.1400279621,-38134.0419297996,-40630.2215133751,-2496.17958357542,-43140.792270463,1657.88737305294,6476.98547121538,3980.80588763995,1470.23513055205,42114.8478174396
-41470.3803297386,-37436.4847256586,-40001.5824147026,-2565.09768904397,-42542.8381677948,2543.22884837761,6577.12445245756,4012.02676341358,1470.77101032134,41448.5114890722
-40028.6497788874,-36813.9871937585,-39376.2774516266,-2562.29025786808,-41770.8362621691,3209.0698900886,6423.73247521753,3861.44221734945,1466.88340680696,40675.429411108
-38679.7098503938,-36272.3226347543,-38720.9324077777,-2448.6097730234,-40809.4215562666,3587.61692469095,5995.00414033042,3546.39436730701,1457.9052188181,39818.7170020613
-37520.4116366849,-35858.7794910935,-38071.5746733007,-2212.79518220721,-39710.9873765058,3639.38530826439,5301.0174538558,3088.22227164859,1448.8095684435,38947.001762742
-36593.5642041182,-35579.3840652477,-37497.3639303575,-1917.97986510979,-38575.8021713459,3421.34218142896,4435.52232029947,2517.54245518968,1439.10421420121,38096.9265204374
-35951.3332154294,-35452.8058411821,-37133.6456034417,-1680.83976225963,-37587.6543512402,3068.58570638751,3567.11308063485,1886.27331837523,1432.26457057676,37339.0791595573
-35566.7928874424,-35434.9136642746,-36735.9985606974,-1301.08489642276,-36543.2256204778,2400.78351838495,2532.66274155275,1231.57784513,1424.35078534955,36666.4915094046
-35426.1525602577,-35495.0645416183,-36342.3996051316,-847.335063513253,-35532.4407214041,1519.69975894208,1450.78777758148,603.452714068221,1413.4115977957,36098.5172556865
-35517.1082937125,-35622.7350140177,-36002.6241610973,-379.889147079633,-34660.0213978647,544.345176397325,438.718456092127,58.8293090124951,1401.43207224512,35681.5643230302
-35798.0695683941,-35789.4477714858,-35734.4623337619,54.9854377238184,-33980.5206172683,-428.544417764468,-419.922620856091,-364.937183132274,1389.00453336132,35424.5105883535
-36207.1940019504,-35962.0165552897,-35534.8120278043,427.204527485408,-33523.7929395712,-1306.51533470088,-1061.33788804021,-634.133360554804,1376.88572767831,35327.8831947349
-36673.6761677414,-36105.7010653252,-35365.3002071507,740.400858174509,-33264.4271819303,-2044.43574887389,-1476.46064645764,-736.059788283139,1364.81323693729,35369.6412770421
-37126.4831374035,-36196.344066563,-35267.5868548522,928.757211710744,-33246.0332171064,-2527.01738613811,-1596.87831529754,-668.121103586797,1353.43253415904,35528.2229629762
-37520.1056128868,-36230.8689761097,-35194.1397167598,1036.72925934988,-33403.9623067281,-2772.13498885652,-1482.89835207942,-446.169092729541,1344.00831730216,35784.6998833801
-37800.5856641663,-36195.0121141513,-35218.684989409,976.327124742253,-33777.5748502388,-2687.39358889802,-1081.82003888299,-105.492914140731,1335.61722502943,36089.5192000105
-37973.5280372506,-36117.2707620274,-35285.0269178216,832.243844205708,-34243.9037421632,-2397.94417235682,-541.686897133553,290.556947072157,1331.68012273057,36407.8277090995
-38005.4836919728,-35981.981415841,-35371.0850452302,610.896370610857,-34746.5331548245,-1929.79328995856,93.708986173252,704.605356784107,1329.15724718973,36686.5867726251
-37906.0748222328,-35803.0967031762,-35407.5802314537,395.516471722539,-35184.7373768534,-1393.0438050289,709.93431402767,1105.45078575021,1328.29364035052,36908.5474889264
-37701.7984528456,-35603.7649161584,-35364.1211434655,239.643772692942,-35517.9374928052,-853.737945811493,1244.29559087565,1483.93936356859,1330.12301422884,37087.704279727
-37379.9487456311,-35373.205330829,-35281.4759198998,91.729410929201,-35768.0076233014,-280.604992822939,1726.13842197914,1817.86783290835,1331.33612950673,37191.0731637373
-36854.084321134,-35016.4121316697,-35103.351808943,-86.9396772732706,-35886.7507506339,349.391569518338,2187.06375898261,2100.12408170934,1316.72514001845,37116.5362133791
-36057.6893638914,-34452.4202557452,-34685.6408292273,-233.220573482122,-35736.9298158461,953.67006465706,2558.93917280323,2325.7185993211,1274.42961270238,36778.1388550663
-35062.461038514,-33743.9954592412,-34080.5608542584,-336.565395017137,-35362.6827475307,1511.21888694248,2829.68446621522,2493.11907119807,1210.99717792575,36237.1145304393
-33789.454047987,-32802.1979687729,-33208.5505846382,-406.352615865289,-34693.8215235803,2017.25598243589,3004.51206164994,2598.15944578465,1112.88850684255,35400.3574145576
-32440.7517328135,-31808.5719887244,-32354.7312090642,-546.159220339822,-33983.3653579494,2545.83660690931,3178.01635099836,2631.85713065854,1003.22298177335,34440.4291193829
-31007.6713732201,-30742.2463318316,-31348.6397514099,-606.393419578267,-33069.8856710388,2940.54410322182,3205.96914461034,2599.57572503207,878.329805403184,33341.8220568637
-29503.2763735308,-29607.113217636,-30206.7327607826,-599.619543146569,-31971.3848863307,3207.2557429063,3103.41889880114,2503.79935565456,739.14723010646,32110.9125732906
-27963.3172309046,-28426.2072036574,-28996.3287542752,-570.121550617779,-30766.7646587003,3392.41928904572,2929.52931629293,2359.40776567515,588.971861250018,30785.6149693325
-26468.7750882827,-27266.4572181418,-27776.5113492953,-510.054131153439,-29515.9606490558,3484.91242236088,2687.23029250176,2177.17616134832,437.726861587758,29443.6333794902
-25024.9239971117,-26127.603102251,-26573.8499548912,-446.246852640219,-28258.8679476729,3519.89212977253,2417.21302463317,1970.96617199296,285.948179211271,28098.569274244
-23661.0781030679,-25030.4208224439,-25426.1394817495,-395.718659305599,-27031.9684309253,3508.19663288916,2138.85391351308,1743.13525420749,137.306305031762,26773.5560766514
-22352.4296347581,-23949.9476940367,-24297.4316915838,-347.483997547099,-25816.7053180302,3453.08544325837,1855.5673839797,1508.0833864326,-11.1902400137935,25458.0310804693
-21108.9204190341,-22895.2249131965,-23161.8587403854,-266.633827188818,-24594.0940375515,3327.04629129652,1540.74179713405,1274.10796994523,-158.127327220955,24169.3328831418
-19942.9827072976,-21876.8779372744,-22078.5501669184,-201.672229644002,-23423.5078443547,3179.39553987072,1245.5003098939,1043.8280802499,-301.12959718643,22920.7060175243
-18885.8234713161,-20927.0825786391,-21098.6082283082,-171.525649669043,-22357.0904625513,3036.14913368565,994.890026362669,823.364376693617,-435.117857549526,21750.4469553327
-17976.7308242638,-20085.4607577544,-20311.933250609,-226.472492854592,-21476.9940312033,2946.3194956618,837.589562171181,611.117069316588,-553.943711277739,20696.577827071
-17197.4429376525,-19337.8594609959,-19585.2786811566,-247.41922016066,-20652.8633021443,2796.53802541839,656.121502074984,408.702281914323,-658.882339073401,19746.5617429102
-16641.996195376,-18783.9182667124,-19073.2594184433,-289.341151730815,-20020.1101816921,2642.31466945719,500.39259812073,211.051446389916,-735.799316858928,18994.9697131023
-16148.4462793882,-18269.9909354323,-18584.2063439794,-314.215408547138,-19409.6318115081,2456.4700363301,334.925380286074,20.7099717389346,-804.715495789766,18290.7009071712
-15763.892632407,-17844.8167639718,-18189.7158156325,-344.899051660744,-18879.0153334316,2254.55772378769,173.633592222884,-171.26545943786,-860.564977236925,17673.5513045339
-15556.3934961703,-17579.3346476765,-17962.9942893119,-383.659641635453,-18485.5148039584,2034.10165917837,11.1605076722467,-372.499133963207,-895.019648609695,17206.8355137132
-15437.1320155919,-17382.5802534637,-17821.7319901114,-439.151736647765,-18164.2537207037,1807.31074346242,-138.137494409311,-577.289231057081,-919.810961649353,16805.2910224066
-15443.0568505708,-17287.3046782615,-17754.0001432999,-466.695465038417,-17903.371050619,1529.84580876011,-314.402018930593,-781.097483969004,-930.468391288138,16506.2071942925
-15610.2758949881,-17325.9379467708,-17797.5295432156,-471.5915964448,-17744.0001115147,1210.52019739545,-505.141854387215,-976.733450832018,-923.204019131123,16349.2044959387
-15925.8709648021,-17484.9722855803,-18013.954507738,-528.982222157697,-17748.0312952448,922.112048112161,-636.989272666036,-1165.97149482373,-900.048282330558,16319.0007907566
-16418.883769179,-17793.3850278078,-18307.1058275041,-513.720799696296,-17819.0056112173,542.761284285803,-831.73997434298,-1345.46077403928,-857.360557752538,16447.9242537685
-17131.6661259374,-18293.3228756438,-18757.4355804286,-464.112704784879,-18042.3783630976,121.405673742464,-1040.25107596393,-1504.3637807488,-789.306563417771,16788.9590948949
-18115.0490529467,-19036.5922377401,-19426.1086577539,-389.516420013806,-18493.4799319564,-309.758711971724,-1231.30189676515,-1620.81831677896,-688.189590981474,17415.7739209611
-19166.6869248726,-19830.0993530798,-20148.4723267172,-318.37297363743,-19034.5180155382,-710.393185883395,-1373.8056140906,-1692.17858772803,-578.224276549061,18137.9207653518
-20318.4404340807,-20707.638645589,-20813.668211688,-106.029566098984,-19562.0284483985,-1210.19287825935,-1599.39108976772,-1705.42065586671,-453.780892577197,19002.2179897223
-21590.1959924482,-21699.2488712932,-21585.4557694762,113.793101817006,-20231.0136810672,-1669.49999685872,-1778.55287570366,-1664.75977388665,-310.317685477713,20034.4890974065
-23012.6515995819,-22841.1888068031,-22495.7353427589,345.453464044172,-21067.4188231577,-2088.17250382784,-1916.70971104906,-1571.25624700489,-142.939727403685,21269.9325597982
-24504.2725257402,-24063.7231725083,-23485.3909719825,578.332200525883,-22011.8330714545,-2454.36552087502,-2013.81616764317,-1435.48396711729,38.0739334106509,22628.239205391
-25978.1596753232,-25283.3474531335,-24474.0285164211,809.318936712437,-22993.8090790817,-2762.20771917541,-2067.39549698574,-1258.07656027331,222.142877066103,24025.2708928602
-27333.3820838161,-26408.2032038891,-25411.3988052778,996.804398611362,-23966.7849449879,-2969.33602737874,-2044.15714745172,-1047.35274884036,397.261111449475,25360.8504550488
-28497.0362104933,-27369.1274261503,-26235.7382591929,1133.38916695732,-24863.5302977836,-3079.81422601017,-1951.90544166715,-818.516274709835,553.691686699516,26550.6111514404
-29414.8527461623,-28119.4248228933,-26852.4469356761,1266.97788721722,-25600.5953993722,-3128.83997071492,-1833.41204744591,-566.434160228688,685.417376075183,27552.9906626646
-30052.5279300228,-28628.5116093825,-27288.6785432949,1339.83306608753,-26202.4796757071,-3062.96823888063,-1638.9519182403,-299.118852152765,787.08001543505,28329.3927572297
-30600.0457351721,-29093.5287932196,-27652.0062655326,1441.52252768705,-26741.9919426277,-2974.09740426176,-1467.58046230936,-26.0579346223068,883.956388282604,29067.4708585973
-31040.2577720561,-29501.0344641711,-28032.7929242683,1468.24153990272,-27297.4942994372,-2768.50695974159,-1229.28365185659,238.957888046125,974.256512877292,29739.9923522172
-31357.863054049,-29833.9119001721,-28358.3932858864,1475.51861428571,-27799.2330530668,-2504.5852844262,-980.634130549326,494.884483736391,1054.04471655596,30328.7963839085
-31455.9983989286,-29990.5234665596,-28484.9501371154,1505.57332944423,-28116.3901750407,-2230.51513750269,-765.040205133711,740.533124310516,1109.09308638526,30731.0565908701
-31247.1994486664,-29885.3152824035,-28375.9217690938,1509.39351330966,-28215.4317490807,-1905.02116998004,-543.137003717155,966.256509592503,1126.74652960565,30851.571791996
-30972.5688495292,-29752.1911332702,-28288.2789742106,1463.91215905955,-28320.6575055901,-1513.79144229015,-293.413726031127,1170.49843302842,1138.1199016489,30922.6895662986
-30628.1613742567,-29584.6937192257,-28206.7521991401,1377.94152008554,-28405.886322243,-1081.69334586109,-38.2256908299731,1339.71582925557,1140.58170615271,30924.4095484812
-30185.4060619175,-29345.5123275541,-28082.2526717891,1263.25965576497,-28427.570333128,-628.940148119883,210.953586243482,1474.21324200845,1128.89558066963,30819.7255695626
-29612.3972974382,-29001.8513364596,-27858.1330221936,1143.71831426604,-28323.8185730869,-190.029036114392,420.516924864254,1564.23523913029,1098.54968823695,30566.0865755899
-28921.5100578796,-28556.1931876092,-27572.1173581384,984.075829470758,-28144.6412104307,273.06155347987,638.378423750249,1622.45425322101,1049.93040092874,30178.6474408302
-28135.3022435554,-28027.7577965858,-27134.3782590061,893.379537579645,-27801.113392094,650.889132244477,758.433579214093,1651.81311679375,985.077983705826,29679.5709133795
-27260.4199955311,-27412.2007466912,-26538.1600313047,874.040715386432,-27282.5173426545,925.343854080913,773.563102920832,1647.60381830726,903.24650695754,29059.8045649984
-26323.631089759,-26730.4121109911,-25858.7897249319,871.622386059218,-26663.5501621608,1147.51986395089,740.738842718798,1612.36122877802,807.600791549096,28342.7733397691
-25301.7094225144,-25949.2203462172,-25038.4612422892,910.759103928013,-25900.8858664404,1293.13442038483,645.623496681972,1556.38260060999,693.957976458815,27505.6029468272
-24294.2865284017,-25162.644343298,-24229.1233309396,933.521012358389,-25137.5676455187,1418.82807819914,550.470263302909,1483.9912756613,575.546961082212,26646.6356189593
-23290.9496755283,-24357.6501944782,-23354.5489760308,1003.10121844738,-24300.394741599,1460.80595335292,394.10543440303,1397.20665285042,451.360887282236,25754.8568473286
-22276.5150216597,-23517.8708962883,-22431.6114872857,1086.25940900263,-23422.6094364455,1464.91546004968,223.559585421074,1309.81899442371,318.821045263894,24827.689890712
-21284.5355552022,-22681.8241829018,-21507.0056426411,1174.81854026074,-22553.9289283051,1453.12242561994,55.8337979203152,1230.65233818106,183.729052517055,23912.4765210829
-20299.4088456047,-21837.1548088667,-20641.0980039499,1196.05680491676,-21749.9501384881,1495.14359181848,-42.6023714435002,1153.45443347326,44.602298935043,22990.6092423399
-19311.8569852161,-20973.7867188555,-19696.9957906893,1276.79092816612,-20875.2022110001,1463.92329987586,-198.006433763529,1078.78449440259,-99.4219259081333,22052.571213258
-18361.3762366974,-20134.3338018689,-18721.8945511168,1412.43925075204,-19967.8212274328,1362.25242239771,-410.705142773794,1001.73410797825,-244.192568337676,21136.0679098471
-17458.7199431841,-19323.7893460288,-17755.7447107713,1568.04463525743,-19061.5773292608,1213.22511721319,-651.844285631523,916.20034962591,-389.632268863598,20239.9896956547
-16595.1975351586,-18531.2647604644,-16780.2316076941,1751.0331527703,-18140.5243839801,1009.06133284171,-927.005892464024,824.027260306279,-536.265515979731,19355.2920207707
-15788.7455269039,-17771.6852710933,-15923.7140385365,1847.97123255684,-17326.7711650132,855.350683175078,-1127.58906101432,720.382171542524,-682.674954934222,18492.0674426358
-15031.6592590225,-17036.2506972216,-15092.2499711757,1944.0007260459,-16550.2395285291,690.107659642066,-1314.48377855701,629.516947488891,-828.472609864509,17665.7676447105
-14325.5988984817,-16327.7316340785,-14310.0538961609,2017.67773791761,-15836.1177915875,537.637214314431,-1464.49552128241,553.182216635199,-972.8816787914,16880.9138507137
-13677.3125046566,-15658.5950229599,-13581.9096470266,2076.68537593328,-15199.0456201601,409.096289096523,-1572.18622920679,504.499146726487,-1112.636826407,16163.0941696864
-13052.7973158544,-15007.2270594393,-12947.8776435741,2059.34941586523,-14679.6517846049,377.090983289775,-1577.33876029511,482.01065557012,-1249.76348546072,15489.2377150094
-12464.7346683699,-14388.0838247764,-12386.4211630086,2001.66266176778,-14256.1190871935,410.050205054826,-1513.29895135163,488.363710416153,-1381.33421376881,14876.4475351925
-11943.2479239681,-13839.5419280256,-11974.5654951142,1864.97643291146,-13987.9277943138,543.279231523618,-1353.01477253397,511.961660377486,-1501.40063882214,14351.5035884031
-11548.2192604433,-13428.8969926995,-11754.0911584685,1674.805834231,-13912.9351345882,765.358307686151,-1115.31942457003,559.486409660969,-1599.35756645867,13988.3834023605
-11333.0683890627,-13214.0004986233,-11679.2093111705,1534.79118745274,-13980.3696654382,979.692577464963,-901.239532095608,633.551655357136,-1667.60869891058,13847.5521539804
-11317.220175434,-13217.2877008371,-11768.5244320973,1448.76326873982,-14201.6723494112,1181.49360009551,-718.573925307506,730.189343432312,-1702.95857388161,13947.4770442694
-11514.8248061655,-13455.5895067865,-12017.6049396401,1437.9845671464,-14559.0744757174,1340.2103127033,-600.554387917768,837.430179228625,-1704.0393568487,14293.0196860151
-11929.4120258981,-13935.7776089401,-12523.7050907306,1412.07251820954,-15143.7831369954,1543.95363181232,-462.411951229733,949.660566979806,-1670.41747928495,14885.43817592
-12485.4189408702,-14584.4730560711,-13158.2700840914,1426.20297197973,-15832.9995993341,1735.85600403162,-363.198111169243,1063.00486081048,-1611.72465443227,15647.4779168816
-13031.3498583195,-15250.1469996372,-13750.0471745896,1500.09982504762,-16462.1772891841,1881.13838756851,-337.658753749163,1162.44107129845,-1549.68904329604,16412.5880709356
-13594.7276356448,-15959.0104250845,-14323.8996321826,1635.11079290185,-17048.7400442938,1972.26418170936,-392.018607730331,1243.09218517151,-1481.7482269397,17202.102610256
-14197.1081543824,-16731.0261889269,-14931.4040659205,1799.6221230065,-17635.3935504387,2032.2823942208,-501.635640323788,1297.98648268271,-1406.00300183553,18029.0126716097
-14882.7846586699,-17600.091869173,-15644.3088499641,1955.78301920883,-18277.4447047981,2075.28737745781,-642.019833045248,1313.76318616358,-1319.3726686704,18913.8550553365
-15686.4480441472,-18597.9138800613,-16516.2151585959,2081.69872146537,-19011.4617726721,2107.0525546798,-804.413281234261,1277.28544023111,-1217.96117384504,19875.1993202924
-16527.5257589949,-19633.8551696528,-17495.9051224792,2137.95004717352,-19792.0811991017,2149.92563099334,-956.403779664504,1181.54626750901,-1114.62980911346,20815.4014371618
-17428.0084226397,-20718.097523277,-18534.059164358,2184.03835891897,-20571.4283337387,2134.87974817777,-1155.20935245952,1028.82900645945,-1008.54016292123,21746.9265297365
-18411.1501911619,-21867.6723319101,-19687.7576097637,2179.91472214646,-21413.6112466581,2105.14077880676,-1351.38136194147,828.533360204988,-897.320276689442,22696.2056921151
-19485.3999095005,-23080.0914631389,-20930.5364099805,2149.55505315848,-22296.633909281,2029.91232717132,-1564.77922646712,584.775826691353,-781.321672609136,23664.8672898303
-20645.8133546496,-24346.3018532983,-22238.5721645808,2107.72968871743,-23215.60746644,1908.00716543814,-1792.48133321057,315.248355506861,-661.786946352287,24661.5502088051
-21871.5506872917,-25639.9219050057,-23523.7011130972,2116.22079190854,-24092.5885642936,1679.33086695082,-2089.04035076317,27.1804411453595,-541.70701005105,25667.1023461511
-23126.0884570348,-26919.8619811066,-24793.2243358335,2126.63764527308,-24944.7444069571,1392.95166507533,-2400.82185899645,-274.184213723373,-425.704284847012,26645.6777673832
-24426.0094087203,-28201.3616331728,-26114.1759082438,2087.18572492902,-25840.3757309345,1103.71327981529,-2671.63894463723,-584.453219708219,-310.653042398897,27616.9084134646
-25759.1610635039,-29475.1560181904,-27407.7085707065,2067.44744748388,-26710.8960137013,754.702218546163,-2961.29273614036,-893.845288656477,-197.032731651285,28581.3107295339
-27094.5070135372,-30710.4065075491,-28671.7443549243,2038.66215262482,-27572.3949409086,389.78321052662,-3226.11628348525,-1187.45413086044,-88.1047168447165,29522.9523766887
-28333.4795440133,-31812.5388008145,-29846.8781690298,1965.6606317848,-28388.1311776236,58.9868350254229,-3420.07242177584,-1454.41178999104,4.33520141514009,30358.1270108235
-29441.010122009,-32748.9538218831,-30878.8703529131,1870.08346897006,-29125.270975019,-239.768922685545,-3547.71262255969,-1677.62915358963,75.9702243044069,31071.3246682935
-30398.7388555633,-33507.1172239517,-31710.5439381901,1796.57328576165,-29729.5143425737,-543.869093538619,-3652.24746192708,-1855.67417616543,125.355419450895,31651.4430477863
-31163.8757383036,-34052.0432160159,-32309.3031394691,1742.74007654684,-30178.5923972148,-836.953790367009,-3725.12126807927,-1982.38119153243,148.329550721891,32069.6620244835
-31729.7820752863,-34388.1119669641,-32681.2907955968,1706.82117136728,-30479.2513695143,-1105.7148562838,-3764.04474796164,-2057.22357659436,144.815849488169,32330.8883903697
-32088.970597697,-34515.8538272064,-32873.8949698386,1641.95885736773,-30684.0117558509,-1290.07245288243,-3716.95568239177,-2074.99682502404,114.886388963744,32440.8570021823
-32272.8384356549,-34475.2280938825,-32832.7661876411,1642.4619062414,-30725.1461720135,-1484.54617851878,-3686.93583674633,-2044.47393050493,63.1460851226819,32430.7541633776
-32311.4730518615,-34305.6575462901,-32635.8684214675,1669.7891248226,-30665.9136174852,-1650.89299886853,-3645.07749329706,-1975.28836847447,-5.33356449218876,32330.3691778156
-32226.769789379,-34033.3360906051,-32336.1220873515,1697.21400325357,-30539.9710703979,-1774.49334499728,-3581.0596462234,-1883.84564296983,-87.6946260161527,32149.4904476353
-32056.7042812865,-33699.784472894,-31957.7048863634,1742.07958653068,-30371.4104336969,-1863.32035624932,-3506.40054785688,-1764.3209613262,-178.026508659767,31935.4635115678
-31827.8566571155,-33333.4263278888,-31519.7336840314,1813.6926438574,-30167.290048146,-1933.19786435326,-3438.7675351266,-1625.0748912692,-272.63125538374,31708.3514366196
-31605.222869721,-32997.3220272507,-31154.6357374838,1842.68628976691,-30033.1290550797,-1936.13566070341,-3328.23481823313,-1485.54852846622,-364.04184606205,31511.7734987845
-31436.4809992061,-32734.8068614376,-30874.1384007367,1860.66846070097,-29967.0076411743,-1915.967536822,-3214.29339905353,-1353.62493835256,-446.494178790172,31381.1819230851
-31354.4292816519,-32572.2440963666,-30754.2060376473,1818.03805871931,-30028.2538253621,-1841.80698985989,-3059.62180457459,-1241.58374585529,-515.631533570124,31330.6603505113
-31392.9199068805,-32534.947065651,-30724.1874206762,1810.75964497471,-30144.9872679789,-1815.50544305768,-2957.53260182814,-1146.77295685343,-567.572804156069,31388.1741087975
-31562.9862590477,-32633.4672203445,-30827.6790957597,1805.78812458476,-30366.2295805822,-1796.93062749602,-2867.41158879278,-1061.62346420801,-600.17394903052,31571.8437561365
-31886.4821050445,-32887.842994859,-31044.8368390432,1843.00615581572,-30666.4223916104,-1831.0729456497,-2832.43383546421,-989.427679648478,-611.013232215675,31898.4153152105
-32371.5895699219,-33302.2144562676,-31448.0478391176,1854.16661714999,-31103.0246309503,-1867.77931177112,-2798.40419811682,-944.237580966824,-599.21437279947,32357.9768753008
-32973.8902170433,-33826.2989164419,-32043.8236927928,1782.47522364918,-31689.3811670657,-1855.21746112014,-2707.62616051875,-925.150936869564,-570.708411142538,32901.1479795724
-33703.6022239821,-34469.404029439,-32766.4554795238,1702.94854991522,-32362.8315309258,-1864.56382288476,-2630.36562834173,-927.4170784265,-523.793129828523,33541.9869510125
-34515.2183807591,-35181.79966855,-33526.7888517527,1655.01081679728,-33043.8890766186,-1935.60322328614,-2602.18451107703,-947.173694279753,-464.273919145666,34234.6259742702
-35377.0793212164,-35932.2730088572,-34326.6909937865,1605.58201507078,-33745.2659784794,-2027.15765814633,-2582.35134578715,-976.769330716362,-395.344315409309,34955.5036781409
-36253.8797521212,-36683.8239544274,-35232.2030547812,1451.62089964618,-34540.3585684128,-2034.73268398755,-2464.67688629379,-1013.0559866476,-321.211500279199,35670.7679677798
-37091.1245531511,-37386.3146362287,-36126.6749809052,1259.63965532355,-35328.3641530253,-2010.67104308172,-2305.86112615933,-1046.22147083579,-247.910642955878,36340.093165393
-37867.3706025955,-38016.0827138107,-36957.5850237469,1058.49769006381,-36054.3444441985,-1991.37284592076,-2140.08495713597,-1081.58726707216,-178.346687523751,36934.4954467386
-38536.9139773011,-38534.1777652615,-37672.6053071234,861.572458138155,-36684.3868120523,-1969.9910343295,-1967.25482228992,-1105.68236415176,-117.463869080705,37428.4954011098
-39068.3720878521,-38916.5782372952,-38249.2024752747,667.375762020601,-37198.7039201298,-1939.2050121172,-1787.4111615603,-1120.0353995397,-69.5368443948806,37796.5428377555
-39427.9359576245,-39135.6710947045,-38649.0804271521,486.59066755245,-37561.5582978705,-1904.9831187017,-1612.71825578176,-1126.12758822931,-38.6054589477126,38009.5435064752
-39619.8915589154,-39193.461444288,-38927.5064848153,265.954959472794,-37825.5859119198,-1819.27636815588,-1392.84625352856,-1126.89129405576,-24.9707211602847,38066.5701502323
-39643.3058524907,-39094.4907907817,-39032.9593941861,61.5313965956272,-37936.3490939855,-1735.15699235007,-1186.34193064115,-1124.81053404553,-28.200233844888,37969.6802567362
-39533.5530498977,-38870.3519723815,-39047.2289095752,-176.876937193712,-37969.8847017087,-1608.65976724839,-945.458689732209,-1122.33562692592,-44.9914190593911,37748.0163454556
-39283.9570784669,-38517.2710645582,-38973.9659760702,-456.694911511973,-37938.4227001505,-1421.44775515394,-654.761741245232,-1111.45665275721,-75.9133768374999,37405.814411801
-38889.3742261594,-38024.4954426433,-38785.9016938031,-761.406251159774,-37820.9914125412,-1190.58751461188,-325.708731095841,-1087.11498225562,-122.204700993793,36937.3804603877
-38400.376879365,-37444.1959253753,-38502.4461549543,-1058.25022957908,-37622.5340068707,-954.641141396899,1.53981259284021,-1056.71041698624,-176.798268902579,36387.485508389
-37881.9786904419,-36841.5634339227,-38138.2174515676,-1296.65401764493,-37346.2284692405,-767.19957496417,273.215681555094,-1023.43833608983,-231.449353762738,35818.1250978328
-37334.4971697921,-36215.9645943834,-37716.17809923,-1500.2135048466,-37020.3857075957,-601.063256994766,517.469318414003,-982.744186432594,-286.951794798373,35233.2204079508
-36750.4949080121,-35557.187831054,-37296.9792893818,-1739.79145832777,-36707.9006031795,-387.822312835707,805.484764122428,-934.306694205337,-345.228008003088,34622.8811368486
-36145.4831922387,-34882.9061200781,-36832.8319074287,-1949.92578735061,-36355.2127200738,-194.983420376182,1067.59365178439,-882.332135566216,-404.712948211374,34000.5739845119
-35517.888952513,-34192.476552833,-36259.3191587543,-2066.84260592127,-35904.1983907749,-78.8317904299871,1246.58060924991,-820.261996671356,-465.141228691925,33372.2145561617
-34865.8366653303,-33488.8271604511,-35614.3826540649,-2125.55549361385,-35387.1749705146,-4.43510598521788,1372.57439889396,-752.981094719884,-525.773411169565,32735.8460657312
-34222.8624406995,-32799.7639924936,-34942.9567324804,-2143.19273998676,-34846.1144614508,39.5355642561785,1462.63401246214,-680.558727524624,-583.716456495067,32119.2052649689
-33579.4959880657,-32111.9797872963,-34191.2014756342,-2079.22168833793,-34222.3290550899,1.67158939818371,1469.18779016765,-610.033898170281,-641.161477625969,31501.945889126
-32942.1068616708,-31429.6935193641,-33435.4107617198,-2005.71724235569,-33586.6015938434,-52.8287957796593,1459.5845465271,-546.132695828585,-697.323527952254,30883.5608235355
-32324.8731897864,-30760.5027563404,-32685.8645648338,-1925.36180849342,-32945.6824720119,-130.016837442884,1434.35359600314,-491.00821249027,-750.826119668345,30269.4945438501
-31715.2836632252,-30092.4839828724,-31923.895458146,-1831.41147527353,-32287.1156348111,-230.95423685629,1391.84544349644,-439.566031777098,-802.786208442249,29652.9179510954
-31125.7537764626,-29434.6606916216,-31149.0543790928,-1714.39368747124,-31612.6536529119,-365.010847181085,1326.08223765989,-388.311449811351,-851.910723630401,29046.3492418102
-30566.5008419485,-28801.1494427156,-30343.4062178338,-1542.25677511824,-30900.7178126847,-562.114506769236,1203.2368924637,-339.019882654545,-896.331477505421,28462.1295600611
-30004.9665800596,-28162.1197058726,-29591.555745172,-1429.43603929934,-30242.0727755757,-703.471458333078,1139.37541585392,-290.060623445431,-940.577653849198,27872.0590824272
-29439.0058181589,-27516.2997951459,-28875.7013773505,-1359.40158220464,-29630.0299987902,-793.310418494104,1129.39560451895,-230.005977685698,-984.334599125414,27286.2938174602
-28873.2906948477,-26874.1756611145,-28253.5859461587,-1379.41028504416,-29134.3548563269,-765.635454314646,1233.47957941859,-145.930705625575,-1026.69961579385,26728.2449554889
-28327.1282482128,-26255.8772094254,-27668.3323321858,-1412.45512276039,-28685.2336190721,-707.654191118613,1363.59684766884,-48.8582750915525,-1065.75956197783,26207.0189343338
-27817.9243621533,-25674.0716037422,-27086.5627148652,-1412.491111123,-28249.8745837643,-667.698854264415,1476.15390414662,63.6627930236222,-1099.64907587547,25737.7343967659
-27351.8908408169,-25142.3459628515,-26584.8923537632,-1442.54639091171,-27902.7838678357,-574.937272685657,1634.60760527972,192.061214368012,-1125.83029970451,25334.4071772195
-26929.550995704,-24661.8800322073,-26083.2301950582,-1421.35016285085,-27572.3341122392,-501.536653040439,1766.13431045621,344.784147605357,-1144.31976957572,25006.6641798127
-26556.4272155727,-24242.2782660135,-25604.1847153152,-1361.90644930167,-27281.4369481719,-428.534881973044,1885.61406758615,523.707618284483,-1153.5446145723,24765.9858842979
-26202.44441857,-23863.389206325,-25177.3532573302,-1313.96405100521,-27060.5238828784,-298.686181032485,2040.36903121245,726.404980207244,-1156.76564534088,24589.7941865323
-25864.2873233023,-23527.8049252653,-24854.6154236393,-1326.81049837402,-26951.3491620989,-66.5987092773923,2269.88368875955,943.073190385524,-1153.66054807398,24470.8781156508
-25552.99504624,-23251.6895802325,-24618.511997276,-1366.82241704345,-26935.0487648068,239.632439865793,2540.93790587328,1174.11548882984,-1142.42127870105,24425.8050690623
-25220.1987098616,-22984.2923281139,-24382.4248040959,-1398.132475982,-26923.4512916358,572.765445548806,2808.67182729653,1410.53935131453,-1130.48713622537,24394.8316794284
-24872.5089365276,-22736.1807371607,-24165.5159370377,-1429.335199877,-26929.6046106107,940.37015441911,3076.69835378601,1647.36315390902,-1116.72551966395,24383.5438910697
-24517.9631353156,-22517.1818434673,-24029.0453123963,-1511.863468929,-27006.8628246686,1388.43154920833,3389.21284105653,1877.34937212753,-1100.46814014472,24394.5312155949
-24176.7572624982,-22346.1461159212,-23947.403272521,-1601.2571565998,-27111.589555208,1854.98925438168,3685.60040095868,2084.34324435888,-1079.84303832817,24430.48936028
-23850.7430535338,-22223.9668299446,-23890.342937348,-1666.37610740339,-27207.3253864991,2301.50967458385,3928.285898173,2261.90979076961,-1055.07265838147,24485.8766207142
-23526.0680611417,-22129.9495173467,-23846.0516850445,-1716.1021676978,-27271.5212292701,2716.05860967948,4112.17715347445,2396.07498577666,-1029.39455844897,24526.0245031233
-23220.4407918172,-22076.958581923,-23872.2135800935,-1795.25499817051,-27362.4273568491,3139.76677865384,4283.24898854803,2487.99399037752,-1002.21978637805,24564.9525723005
-22978.1116153571,-22105.8606578389,-23904.3461893721,-1798.48553153319,-27406.1191454997,3459.79537345181,4332.04633096995,2533.56079943677,-968.212156690856,24639.4214572757
-22766.1971457957,-22174.8850530453,-23946.5427963683,-1771.657743323,-27400.2932888537,3700.37025753983,4291.68235029022,2520.02460696722,-933.725885518208,24694.9096600125
-22604.4249320123,-22297.9075520727,-24008.3394844041,-1710.43193233134,-27356.928099747,3854.30597332284,4160.82335326243,2450.3914209311,-898.197194411864,24748.2989730038
-22510.7382092568,-22488.703549344,-24208.5538175959,-1719.85026825185,-27383.9066811743,4012.81192652991,4034.84658644263,2314.99631819078,-860.356545387617,24803.6998675348
-22493.2408780794,-22744.6572701855,-24433.6889271563,-1689.03165697079,-27372.6821092511,4058.53998066923,3807.12358856309,2118.0919315923,-820.901250502502,24862.7492017779
-22566.4260583234,-23074.5473488919,-24733.5441427761,-1658.99679388422,-27381.3109119199,4036.83153262106,3528.71024205258,1869.71344816837,-778.05332097541,24944.2607970602
-22720.2153553695,-23458.7140230489,-25091.4171083583,-1632.70308530939,-27394.676546356,3940.47229042573,3201.9736227464,1569.27053743702,-733.988900560698,25027.9845604859
-22943.9347076925,-23882.1828231518,-25525.5929567627,-1643.41013361089,-27438.5333500325,3803.33575936382,2865.08764390455,1221.67751029366,-691.262882976155,25103.8603334455
-23254.2636506511,-24352.0602413825,-26023.9197117605,-1671.85947037808,-27501.3507884914,3599.1563757313,2501.35978499993,829.500314621842,-647.930762108996,25181.5605560043
-23649.2113880568,-24852.1152119788,-26529.4200123737,-1677.30480039487,-27555.696809312,3302.28765062137,2099.38382669934,422.079026304465,-604.197770633814,25274.1942382833
-24120.7411821586,-25371.5821477648,-27074.915921534,-1703.33377376923,-27643.1990980193,2962.10061897734,1711.2596533711,7.9258796018761,-560.357296883372,25379.5080273667
-24653.6487796044,-25895.2414876887,-27694.9804060977,-1799.73891840901,-27805.2277841902,2634.69562703929,1393.10291895502,-406.635999453993,-516.883377546555,25488.6054882347
-25244.4035634952,-26417.613312954,-28336.876878902,-1919.26356594797,-28000.1155593663,2282.60029744562,1109.39054798684,-809.873017961132,-473.111698425451,25607.7402949928
-25874.6462690882,-26917.6070662615,-28935.069836373,-2017.46277011154,-28178.4124114455,1873.37759022212,830.41679304881,-1187.04597706273,-430.388552135123,25730.5610891988
-26533.3929299882,-27385.7571463761,-29501.4547709907,-2115.6976246146,-28357.2621090402,1434.95499541305,582.590779025163,-1533.10684558943,-388.914183639008,25852.6503007866
-27197.7568112819,-27803.9304105812,-29980.8736247663,-2176.94321418509,-28484.0800266591,937.04807466017,330.874475360867,-1846.06873882422,-349.275140717001,25957.861671757
-27835.4650333344,-28141.1546320132,-30396.8500889265,-2255.6954569133,-28594.3024949503,444.270739593537,138.581140914793,-2117.11431599851,-314.566722022312,26024.0403160147
-28448.5392374918,-28402.756054347,-30760.936229425,-2358.18017507796,-28711.321398158,-20.2030562929894,25.5801268517575,-2332.60004822621,-282.985216959137,26070.1560061209
-29018.0300526319,-28579.0092416311,-30959.2294126392,-2380.22017100813,-28734.9599365175,-537.739854739945,-98.7190437390916,-2478.93921474722,-254.669738625515,26100.0700268839
-29502.6505947636,-28645.5026005695,-31048.7806452384,-2403.27804466891,-28724.5422699993,-1009.01693908949,-151.868944895426,-2555.14698956434,-230.908614325257,26090.3556110051
-29868.033768065,-28581.9598727747,-31000.7662796478,-2418.80640687306,-28650.0361800616,-1433.13130314487,-147.057407854595,-2565.86381472765,-215.133715141452,26016.0960580471
-30141.1674781203,-28430.4913078722,-30843.1937130043,-2412.70240513209,-28534.6629050352,-1807.73010659643,-97.0539363482849,-2509.75634148038,-201.225533511321,25920.7349663918
-30307.0059907141,-28189.7997012005,-30589.1034841082,-2399.30378290776,-28385.1247799283,-2112.16080724094,5.04548227267595,-2394.25830063508,-190.279596455177,25795.5414005654
-30343.2060445523,-27848.8700363266,-30227.1955187845,-2378.32548245788,-28185.2440943961,-2343.02102790695,151.314980318699,-2227.01050213919,-185.059077750764,25621.8595341874
-30283.5667380343,-27452.7399650515,-29807.3942578984,-2354.6542928469,-27966.8795682891,-2498.04255392363,332.784219059141,-2021.87007378776,-181.35538417844,25430.8698912638
-30110.6240011101,-26984.5765578482,-29287.3495728936,-2302.77301504534,-27678.5671278994,-2614.49268368455,511.554759577309,-1791.21825546804,-182.435810473815,25193.3583023802
-29819.2706409008,-26442.4751481852,-28692.4934903138,-2250.01834212858,-27345.0540355709,-2663.74744088715,713.048051828397,-1536.97029030018,-189.530835557311,24905.5048578851
-29413.2956022455,-25826.5642870337,-28041.968211565,-2215.40392453129,-26975.8346350605,-2641.95861455438,944.772700657456,-1270.63122387382,-204.497647369339,24555.9330631599
-28928.4820837548,-25173.733707106,-27410.3233167777,-2236.58960967168,-26630.7249848176,-2520.77319725836,1233.97517939039,-1002.61443028129,-223.016098321195,24171.1192768248
-28364.624121038,-24483.8475312727,-26663.5020043633,-2179.65447309064,-26176.4721925399,-2433.93971106388,1446.83687870144,-732.817594389205,-245.787782565812,23751.0299368835
-27733.2717505025,-23765.1612203928,-25893.8961080353,-2128.73488764249,-25696.5336549493,-2308.88461143874,1659.22591867098,-469.508968971514,-272.146515885542,23295.6522514213
-27032.7420693524,-23015.4838424567,-25120.3396824114,-2104.85583995464,-25215.7924005829,-2120.27742902443,1896.98079787126,-207.875042083394,-303.327760254995,22807.6088003733
-26299.5473529235,-22268.5755038249,-24428.6800967703,-2160.10459294538,-24806.5896736542,-1828.46738445767,2202.50446464091,42.3998716955432,-335.509705188388,22310.9753755204
-25533.6579744271,-21525.147248737,-23742.1856144383,-2217.03836570127,-24395.9150064534,-1506.71633812397,2501.79438756609,284.756021864823,-368.97337015032,21809.9032706018
-24736.5602730668,-20785.4049764358,-23070.130509882,-2284.72553344622,-23997.8484196661,-1143.10416664448,2808.05112998655,523.325596540334,-404.392313243699,21308.7305729762
-23917.1967220584,-20059.5429389493,-22355.6767508241,-2296.13381187479,-23541.9806618205,-815.693773834592,3041.96000927446,745.826197399673,-440.477713596733,20805.369136349
-23082.340642015,-19347.7574131356,-21723.9993593543,-2376.24194621866,-23151.7597409184,-407.524892343186,3327.05833653617,950.816390317512,-476.943991246657,20298.5738034531
-22229.2248412861,-18648.9469227905,-21055.5463606369,-2406.59943784644,-22708.712114362,-34.8662229463932,3545.41169554916,1138.81225770273,-514.35349602237,19787.7591804932
-21363.0363706164,-17967.7097861091,-20381.283455008,-2413.57366889888,-22254.2343333726,338.672544878986,3733.99912938626,1320.42546048737,-552.525417877235,19288.1352465965
-20486.9965718931,-17303.6858105956,-19760.8729594474,-2457.18714885172,-21840.4136613783,762.394541618582,3945.70530291605,1488.51815406433,-591.022547866593,18792.20396466
-19613.3767831429,-16663.4405697,-19134.060208115,-2470.61963841491,-21407.5805585402,1164.53896228973,4114.47517573253,1643.85553731763,-629.664813107607,18307.2961070177
-18741.672667414,-16048.1773191122,-18496.9637151725,-2448.78639606037,-20956.6782127943,1546.68809136384,4240.18343966565,1791.39704360528,-668.317454016479,17839.5743627174
-17911.6693046723,-15495.6930068363,-17938.0168357843,-2442.32382894803,-20566.2981314948,1952.06117688142,4368.03747471745,1925.71364576942,-702.567649940998,17421.4066526057
-17097.0640383751,-14974.0963855008,-17359.3858536489,-2385.28946814811,-20140.8757945661,2307.1232170562,4430.09086993049,2044.80140178238,-736.688539134777,17018.8977872832
-16295.8680298944,-14484.1830196033,-16764.869500665,-2280.68648106167,-19688.9816804121,2622.61520436679,4434.30021465782,2153.61373359615,-770.498446150888,16637.7967531995
-15515.062097442,-14038.4517242855,-16213.8277030391,-2175.37597875362,-19266.3831603917,2948.65517229856,4425.26554545501,2249.88956670139,-802.665890651195,16288.3412909869
-14752.7950402827,-13641.5306079479,-15707.7872407416,-2066.25663279365,-18863.8460886307,3277.83598765079,4389.10041998557,2322.84378719192,-833.215060697162,15964.3743951399
-14016.950895542,-13296.0328003024,-15311.0893564458,-2015.05655614344,-18522.9778306924,3642.80757511374,4363.72567035331,2348.66911420987,-863.21936003666,15644.7019145123
-13329.675683163,-13015.2694843511,-14973.1583259997,-1957.88884164864,-18189.7715284271,3968.03518017723,4282.44137898919,2324.55253734054,-892.060665086854,15339.8220216916
-12700.7496237537,-12805.9405613742,-14648.6884882598,-1842.74792688565,-17819.8560526754,4199.74476326994,4094.55382564944,2251.8058987638,-919.361665651801,15057.746460138
-12149.3403322868,-12678.5834025792,-14408.6944878233,-1730.11108524409,-17481.0587882243,4387.41504945924,3858.17197916678,2128.06089392269,-944.303406478343,14806.6442965019
-11720.2604494683,-12666.3481352201,-14288.188724321,-1621.84058910091,-17208.8614464083,4525.66347110861,3579.5757853568,1957.73519625589,-962.93752583133,14624.083331476
-11401.1298387359,-12746.2357189852,-14144.4218762955,-1398.18615731032,-16867.3537436617,4488.24898914487,3143.14310889562,1744.9569515853,-977.974915780928,14491.1926705705
-11234.5937702215,-12952.1422090655,-14094.4405507946,-1142.29834172916,-16570.0742510401,4350.60404781414,2633.05560897019,1490.75726724104,-984.876433004353,14442.8994763065
-11180.5497225069,-13235.4882726158,-14183.4865813046,-947.998308688745,-16376.8736053779,4207.02455701626,2152.08600690739,1204.08769821864,-989.299325854699,14439.5759708345
-11265.1486168744,-13610.3620853689,-14345.2871107713,-734.925025402358,-16213.4222926596,3958.61918611242,1613.40571761784,878.480692215479,-989.654489672794,14488.8427775844
-11489.0033272305,-14068.2472262027,-14544.6827297399,-476.435503537166,-16066.1112207856,3591.26217551886,1012.01827654668,535.582773009508,-985.845718036202,14603.8299992122
-11862.5951916899,-14612.5165762121,-14775.7597190759,-163.24314286375,-15922.2964517474,3083.26460828705,333.343223764843,170.100080901095,-976.436651770403,14782.6166571132
-12348.2118752881,-15197.4734811319,-15081.9436753462,115.529805785704,-15836.0942185323,2522.30238876477,-326.959217079044,-211.429411293338,-965.579954479398,14986.0440698386
-12980.2155014294,-15853.3662868065,-15587.866898164,265.499388642501,-15932.7988133799,2005.07015076692,-868.080634610257,-602.581245967756,-947.513161183626,15250.7850408388
-13729.3716259947,-16559.4537584842,-16146.2637114688,413.190047015355,-16086.6106187547,1434.21035962865,-1395.8717728609,-982.681725845545,-923.028633131372,15576.7720326387
-14551.9844680883,-17274.2886632051,-16769.9509834599,504.337679745238,-16323.6348692377,875.450603179275,-1846.85359193762,-1342.51591219238,-896.19979797018,15931.7727510128
-15420.9599897337,-17974.6363709507,-17448.3001237915,526.336247159216,-16647.8773002842,358.659095019357,-2195.01728619767,-1668.68103903846,-868.258215531176,16305.9553319123
-16305.594974035,-18636.6346952016,-18154.7739192192,481.860775982398,-17032.4709245586,-114.353095961478,-2445.39281712807,-1963.53204114567,-841.229046485029,16673.1026540559
-17168.5546729046,-19236.2344572169,-18797.4663795703,438.76807764667,-17390.286888855,-595.026351074097,-2662.70613538646,-2223.93805773979,-816.758567024516,17012.2963994771
-18007.018479323,-19774.3715805245,-19417.0472675051,357.324313019365,-17758.9357253795,-1041.67437629911,-2809.02747750059,-2451.70316448122,-793.591622355608,17322.6684160433
-18764.7769008186,-20205.4169646678,-19930.4603031209,274.956661546872,-18082.862243077,-1458.3006669734,-2898.94073082263,-2623.98406927576,-776.386009231803,17581.4328953921
-19408.4266434125,-20505.1308941513,-20271.9693913869,233.161502764465,-18301.0411478986,-1875.92735414078,-2972.63160487965,-2739.47010211519,-768.541858626943,17765.6607920361
-19947.5158686398,-20694.2530210496,-20508.0895880826,186.163432967076,-18472.6523964615,-2241.44471122292,-2988.1818636327,-2802.01843066563,-766.581239044598,17892.234590384
-20375.5055550598,-20775.6913982674,-20649.5210985157,126.170299751624,-18598.251458362,-2547.44994626276,-2947.63578947029,-2821.46548971866,-770.195849564946,17954.2259085487
-20723.7945985796,-20785.6271211102,-20696.5916055901,89.035515520154,-18668.9377802645,-2828.86108194995,-2890.69360448055,-2801.6580889604,-774.004263634775,17983.9690321498
-20979.4045435799,-20719.6268977099,-20705.0598519715,14.567045738344,-18742.5679730849,-3015.4819490546,-2755.70430318453,-2741.13725744619,-778.64537855956,17978.4896402637
-21136.3031532324,-20574.2379396412,-20632.2659165917,-58.0279769505758,-18776.7944965889,-3145.30726006121,-2583.24204646995,-2641.27002342054,-785.798603417722,17932.9679162206
-21198.855579186,-20357.2259905548,-20454.1183148623,-96.8923243074022,-18746.9920346735,-3247.062742515,-2405.43315388387,-2502.32547819128,-795.199198002539,17854.9005123636
-21158.9986084986,-20061.4688657942,-20238.3637294639,-176.89486366967,-18715.9186817762,-3251.43070155988,-2153.90095885549,-2330.79582252517,-808.350774837496,17730.673043269
-21034.8698729112,-19706.9250886595,-20001.9915405009,-295.066451841407,-18687.0194440172,-3171.09145595526,-1843.14667170355,-2138.21312354495,-823.241027061269,17568.7119651145
-20834.8351104601,-19302.4833682683,-19713.9510931473,-411.46772487897,-18618.7395611261,-3056.09843317232,-1523.74669098055,-1935.21441585952,-840.002883838316,17367.2689524088
-20572.0579865564,-18855.2481934081,-19389.4401775036,-534.191984095442,-18524.4409057833,-2905.473963998,-1188.66417084975,-1722.85615494519,-857.856883224875,17132.3920384629
-20251.4318469604,-18365.0797552778,-19047.0187984499,-681.939043172153,-18436.8505675433,-2691.50159457871,-805.149502896077,-1487.08854606823,-876.920315161621,16877.9912092095
-19884.9708380523,-17836.7538920917,-18645.293868124,-808.539976032226,-18303.1057411306,-2479.4862592464,-431.269313285886,-1239.80928931811,-897.621162324745,16596.9446027736
-19471.9552102153,-17270.9798611575,-18192.635863187,-921.65600202951,-18133.04750887,-2258.97214491518,-57.9967958573451,-979.652797886851,-920.064443569876,16291.3270632706
-19016.0399417751,-16668.392027554,-17650.3578831173,-981.965855563359,-17891.5031732494,-2069.25065887705,278.39725534405,-703.56860021931,-944.713890351379,15964.8234273347
-18511.5775339972,-16028.3840626955,-16992.7340302646,-964.349967569128,-17569.7742182009,-1913.04113524987,570.152336051896,-394.197631517237,-971.237819453516,15634.1864311782
-17971.3766446936,-15370.3105294175,-16306.2784180452,-935.967888627704,-17229.337163886,-1739.66510260381,861.401012672336,-74.566875955366,-997.625621796226,15295.7436534621
-17411.6892634188,-14709.222442214,-15639.5785314419,-930.356089227893,-16905.766403768,-1527.90975223028,1174.55706897454,244.200979746654,-1021.98689257949,14953.4234219606
-16832.3070794293,-14053.096282878,-14956.149864994,-903.053582115977,-16569.3866123814,-1306.51152630062,1472.69927025065,569.645688134676,-1043.59105925272,14622.7419710127
-16238.4209808905,-13411.734823448,-14228.5341777437,-816.799354295681,-16194.5786283751,-1105.05906956585,1721.62708787667,904.82773358099,-1061.2167170504,14316.562557029
-15657.8135703574,-12817.1301445593,-13547.3331146864,-730.20297012706,-15857.5943797398,-871.925586561941,1968.75783923612,1238.55486910906,-1071.70639594434,14055.6850136684
-15082.4884343819,-12266.3312837229,-12940.3860829715,-674.054799248572,-15569.6878468001,-589.938388352904,2226.21876230607,1552.1639630575,-1077.13780077116,13818.4952467804
-14536.1323687553,-11783.9935560497,-12438.0588543793,-654.065298329585,-15351.3647738346,-260.141779768296,2491.99703293732,1837.93173460774,-1075.3741848476,13621.9252906574
-14022.2670241355,-11368.1646551177,-12110.2573026043,-742.092647486552,-15269.8950001591,180.817873980126,2834.92024299793,2092.82759551137,-1066.8101020435,13460.9922506291
-13510.5296566409,-10993.0672152368,-11790.7013123958,-797.634097159052,-15164.5246745656,598.12984384695,3115.59228525107,2317.95818809201,-1055.86517407777,13311.0254033288
-13038.1021377687,-10694.218702089,-11543.0940724918,-848.875370402724,-15091.3921923937,1013.97946734025,3357.8629030199,2508.98753261718,-1039.31058728478,13203.2062347062
-12594.2351690955,-10463.9927914721,-11443.0321355075,-979.039344035409,-15121.7278139916,1507.84064937843,3638.08302700186,2659.04368296646,-1019.65199551764,13123.0364744386
-12187.00932246,-10306.7151346606,-11422.8674151096,-1116.15228044898,-15175.3567440196,1991.97046511805,3872.26465291746,2756.11237246847,-996.376956441532,13062.8275071291
-11801.5373359859,-10204.75489176,-11466.4525769358,-1261.69768517585,-15239.9832961793,2466.01481731254,4062.79726153849,2801.09957636264,-972.431142880901,13005.8544681226
-11445.8408077827,-10162.0827974783,-11575.5786522891,-1413.49585481082,-15313.4753335105,2919.05691696481,4202.81492726917,2789.31907245835,-948.57760876303,12951.4018699367
-11141.1261258779,-10191.9841606562,-11766.3294978571,-1574.34533720093,-15397.8452705519,3332.4115750186,4281.55354024036,2707.20820303943,-924.307569655348,12899.1923636956
-10873.6331306279,-10265.4349654289,-12022.7958525752,-1757.36088714632,-15481.4162503755,3703.38134155719,4311.57950675627,2554.21861960996,-904.40177819034,12819.6535850388
-10653.8768802089,-10384.2800534324,-12238.4820591129,-1854.20200568048,-15478.0790559641,3935.46589491479,4205.06272169123,2350.86071601075,-888.736280840455,12735.1407694432
-10478.9469106873,-10534.9741798269,-12455.4835080798,-1920.50932825287,-15444.2391020226,4086.62365470151,4030.59638556192,2110.08705730905,-878.668536633799,12645.061237136
-10356.8158109525,-10717.588230954,-12695.4751421514,-1977.88691119735,-15407.4526037324,4177.09702011958,3816.32460011799,1838.43768892063,-873.539772660369,12556.0259198747
-10288.0299277407,-10927.4037773535,-12986.3266069034,-2058.92282954981,-15400.3962863004,4239.0045215201,3599.63067190721,1540.70784235739,-873.361837039624,12468.1116197109
-10284.136263749,-11171.6934688475,-13356.4123811751,-2184.71891232758,-15461.8384621534,4300.44438263728,3412.88717753876,1228.16826521117,-877.257815767056,12399.8617340587
-10341.1227619994,-11438.6472090736,-13697.7710726496,-2259.12386357599,-15492.5327702953,4265.65221218743,3168.12776511325,909.003901537252,-885.757796108438,12347.6511106109
-10455.900512316,-11719.7596700279,-13973.4116791693,-2253.65200914141,-15465.6813606527,4110.92659354451,2847.06743583254,593.415426691137,-898.854254792189,12313.1750967191
-10640.9751386831,-12023.1619410615,-14220.0203705267,-2196.85842946516,-15414.4750179856,3859.29394759125,2477.10714521282,280.248715747658,-914.20593171127,12303.4106568092
-10893.9134857941,-12341.3987809945,-14473.9660229657,-2132.56724197115,-15390.7300213119,3565.43713085205,2117.9518356516,-14.6154063195554,-931.379404665753,12326.783374675
-11207.3223989692,-12662.1435431834,-14678.723530424,-2016.57998724057,-15340.6603953216,3182.59465310544,1727.77350889125,-288.80647834933,-950.74334324695,12373.3370648341
-11584.9397846695,-12990.5778956233,-14833.8912655095,-1843.31336988614,-15266.7843472449,2711.93360301985,1306.29549206599,-537.017877820156,-969.910959555593,12453.5600178032
-12035.3352654717,-13333.8097126973,-15031.0894328242,-1697.27972012687,-15252.6527719093,2231.32190038439,932.84745315881,-764.432266968058,-985.995606053182,12569.3774457292
-12537.6071106296,-13670.9181176367,-15191.3630966115,-1520.44497897478,-15233.1862277767,1696.08367452433,562.772667517225,-957.672311457556,-999.495442622827,12713.2458061791
-13069.6634948617,-13985.1967360108,-15320.9373183324,-1335.74058232164,-15228.6748594266,1148.160208991,232.626967841872,-1103.11361447976,-1010.85115557387,12882.083121531
-13615.2697688215,-14270.8953387691,-15357.9032261127,-1087.00788734357,-15189.9411158516,555.158949238391,-100.46662070919,-1187.47450805276,-1019.51239779163,13083.4208307164
-14138.2149489476,-14503.7505641253,-15359.6859217178,-855.935357592495,-15173.0726587203,7.16070958902728,-358.374905588649,-1214.31026318115,-1027.69700018363,13289.4403009441
-14652.6669337234,-14709.218917671,-15353.1415021743,-643.922584503313,-15198.2643379142,-485.258388862164,-541.810372809788,-1185.73295731311,-1030.85579305301,13523.4859603579
-15145.202195937,-14888.2423597987,-15391.1594180683,-502.917058269585,-15314.4473644673,-858.306514082872,-601.346677944525,-1104.26373621412,-1027.55168261318,13783.9786235846
-15583.0402326719,-15014.2444312704,-15376.4680037755,-362.223572505162,-15436.0292062547,-1167.54396582484,-598.74816442334,-960.971736928503,-1020.53293940766,14053.2726943419
-15970.8028366395,-15107.8587357558,-15335.9248256403,-228.066089884516,-15571.9740407144,-1407.10366185252,-544.159560968866,-772.225650853381,-1008.27486592747,14335.6330849024
-16283.4008259826,-15157.1342000373,-15294.1026048814,-136.968404843997,-15745.9680707124,-1529.56659631568,-403.299970370487,-540.268375214487,-992.133841045498,14616.8658248229
-16493.1969486861,-15139.5388210654,-15225.4534779357,-85.9146568702527,-15919.4635427683,-1550.43289070674,-196.774763086019,-282.689419956271,-976.699484788841,14856.8494011091
-16611.4234422032,-15071.3784662637,-15153.1036829677,-81.7252167040682,-16100.7857920972,-1471.62165963428,68.4233163052028,-13.3019003988655,-960.984009528326,15058.0765658648
-16636.6618875961,-14957.9752669107,-15056.9231416916,-98.9478747809344,-16279.1216056463,-1302.47646348178,376.210157203604,277.262282422669,-944.936181531976,15235.2375493333
-16567.7660835942,-14808.916770364,-14950.5165532313,-141.599782867352,-16449.4949049758,-1047.2997585776,711.549554652652,569.949771785305,-929.028579959149,15378.8665421493
-16419.9610709865,-14642.3758785135,-14826.8551511021,-184.479272588682,-16591.4096475201,-742.090708148766,1035.49448432422,851.015211735538,-913.539284682402,15493.391090249
-16208.796108137,-14477.0866764962,-14763.3068586928,-286.220182196591,-16773.8984434825,-333.524878442467,1398.18455319827,1111.96437100168,-898.627213787989,15589.0510474979
-15965.0997802021,-14332.0766061091,-14740.7447331509,-408.668127041815,-16964.1915636704,115.435827894404,1748.4590019874,1339.79087494558,-883.655955573917,15671.8674810547
-15699.8123762964,-14213.5624211479,-14669.8327496673,-456.270328519309,-17061.3386347073,492.34055490912,1978.59051005753,1522.32018153823,-869.185703501821,15735.8826026862
-15445.8103000962,-14135.7355738324,-14665.9949025154,-530.259328683039,-17171.2344184253,870.294091564721,2180.36881782854,1650.1094891455,-855.130026764381,15785.8450629779
-15218.230682874,-14099.2307001736,-14686.2371727504,-587.006472576804,-17253.18925461,1193.03945771598,2312.03944041636,1725.03296783956,-841.919114019995,15824.2636680132
-15046.7108809365,-14111.3399298837,-14758.5856427214,-647.24571283767,-17327.3937845569,1451.77460923334,2387.14556028609,1739.89984744842,-828.90829438711,15851.2397773322
-14952.7852197168,-14175.0898768434,-14887.2341615139,-712.144284670585,-17393.8405208135,1624.88441094298,2402.57975381642,1690.43546914584,-816.170890153754,15865.5253459892
-14951.8937188222,-14291.1925843674,-15095.1415017223,-803.948917354923,-17473.4913654308,1718.48810444474,2379.18923889959,1575.24032154467,-803.109542163824,15866.432905912
-15033.0787140154,-14436.1449826089,-15274.4965234456,-838.351540836732,-17480.2258626614,1656.86462100477,2253.79835241128,1415.44681157455,-790.282527641287,15851.5917941834
-15193.7781287545,-14596.9926967324,-15394.4006776112,-797.407980878704,-17401.8819237711,1430.84890795751,2027.63433997955,1230.22635910085,-777.254887059105,15827.2190558333
-15412.1237533014,-14748.1688574153,-15575.6961038553,-827.527246439984,-17382.9422204696,1206.06735469684,1870.02225058287,1042.49500414289,-764.751112471424,15790.6638615582
-15660.4608848266,-14864.2831356783,-15776.8468427423,-912.563707064046,-17389.6872540393,975.356046217532,1771.53379536589,858.970088301841,-753.870322995131,15723.2532239801
-15921.2247558831,-14938.7129819032,-15928.5591099913,-989.846128088056,-17362.8469864871,698.154500069127,1680.66627404907,690.820145961015,-743.467730534865,15629.5331278642
-16144.197454802,-14935.2568338493,-16003.78491497,-1068.52808112076,-17284.6168201125,404.224291003484,1613.1649119562,544.63683083544,-736.195074307054,15479.8936646847
-16336.0245569114,-14873.9525263625,-16068.7242038628,-1194.77167750031,-17231.1227391042,166.20298098625,1628.27501153516,433.503334034848,-728.895201206537,15307.4558603974
-16462.0155540511,-14735.227866474,-16077.3249864473,-1342.09711997321,-17168.6506992439,-17.3371662256723,1709.45052135139,367.353401378181,-723.972311418455,15102.5812678522
-16509.3789967988,-14516.9816151119,-16089.4250907792,-1572.44347566738,-17135.5329210737,-95.9038923555672,1896.49348933139,324.050013664012,-722.057816630477,14841.0316287759
-16472.4349762681,-14218.9376264921,-16008.0111350531,-1789.07350856096,-17039.6906497527,-155.51234220425,2097.9850075717,308.911499010738,-722.768015688912,14527.8491255028
-16361.1148308901,-13866.3243475746,-15859.1999394655,-1992.87559189094,-16907.3520255761,-178.329414689474,2316.46106862604,323.585476735108,-724.566609375468,14189.9098243097
-16153.7827047198,-13449.2598680025,-15630.6078023659,-2181.34793436335,-16728.8899935537,-154.093857564794,2550.42897915246,369.081044789113,-729.201146398741,13818.3409127916
-15845.6234271697,-12978.0429287544,-15341.8341058735,-2363.7911771191,-16505.9783414234,-74.9505939945638,2792.6299044207,428.83872730159,-735.305508248316,13406.881656056
-15429.9787529195,-12449.7140055576,-14935.5798928201,-2485.8658872625,-16192.0664974998,19.1663445901638,2999.4310919521,513.565204689605,-742.921399990122,12963.2792102472
-14915.8846280645,-11878.4976500253,-14444.6215652868,-2566.12391526152,-15813.9567228311,146.309865006531,3183.69684304574,617.572927784219,-751.762229760066,12496.0705778095
-14330.039935596,-11295.1850939141,-13905.5910018435,-2610.40590792938,-15391.4069299416,301.05826657476,3335.91310825662,725.507200327245,-760.308727770842,12020.6922942414
-13695.4274777817,-10715.8780039379,-13309.5207150638,-2593.64271112589,-14896.7200377782,433.18144467654,3412.73091852035,819.088207394458,-768.111115319934,11534.9662113324
-13009.7526280764,-10133.1810054237,-12767.8366818136,-2634.65567638986,-14443.407112305,656.103862879901,3532.67548553254,898.019809142685,-777.550621348771,11031.2008145664
-12300.8739577552,-9572.23806644727,-12160.2253629772,-2587.98729652995,-13907.1117346341,818.48058974448,3547.11648105236,959.129184522405,-787.75718713442,10531.3672509697
-11585.993858034,-9041.1014355107,-11529.103939399,-2488.00250388829,-13327.7223900029,942.865450467573,3487.75787299086,999.755369102569,-798.863081501375,10040.8568046133
-10881.1305433164,-8549.12859996207,-10944.0164333578,-2394.88783339572,-12777.1792513287,1085.31647563151,3417.31841898582,1022.4305855901,-810.732232380861,9571.55918555217
-10210.8435563375,-8108.20003771483,-10329.1834828305,-2220.98344511569,-12175.6537078829,1142.00082885658,3244.64434747923,1023.66090236353,-822.809322688843,9131.86094007838
-9571.41009541097,-7714.3880419118,-9765.09048631793,-2050.70244440612,-11616.4217107518,1210.2367907887,3067.25884428787,1016.55639988174,-834.774824552111,8730.94444179354
-8964.70668630331,-7358.4829378606,-9156.13653651708,-1797.65359865646,-11009.8922640652,1197.98134217239,2804.20509061508,1006.55149195862,-847.204235589508,8365.03442981924
-8398.13744182923,-7045.1630551708,-8542.80859181217,-1497.64553664137,-10400.5110474859,1142.65513695556,2495.62952361398,997.983986972611,-859.718468701133,8043.14704214343
-7874.96933699104,-6770.53537170645,-8019.42073240938,-1248.8853607029,-9885.27920184255,1137.26629123686,2241.70025652145,992.814895818542,-873.043573614664,7763.35026752499
-7406.1734598313,-6542.33065483253,-7537.26394138533,-994.93328655279,-9420.50627544982,1128.38354288078,1992.22634787954,997.293061326748,-885.949272737749,7539.62371615929
-6989.0198278576,-6360.96502696263,-7186.51235244731,-825.547325484671,-9088.1676925934,1200.01319676297,1828.06799765793,1002.52067217326,-899.134667972849,7363.4856991359
-6620.99727143217,-6221.43081677851,-6958.81719243821,-737.386375659681,-8880.47043897392,1346.62376000439,1746.19021465804,1008.80383899835,-912.849407537362,7230.23465577687
-6306.4540453999,-6124.34361799534,-6788.42197585135,-664.078357856011,-8720.83527875369,1487.21366563829,1669.32409304287,1005.24573518685,-927.167567715495,7129.58935318219
-6049.5151650606,-6076.83318387372,-6671.32698254986,-594.493798676121,-8607.46952201451,1617.65039605995,1590.33237724682,995.838578570686,-940.303960893969,7072.67176244443
-5844.28759367439,-6069.84743250175,-6575.04770874364,-505.200276241881,-8501.90190272978,1703.78134433279,1478.22150550545,973.021229263555,-953.832964722592,7042.86866176531
-5692.63172143308,-6098.72351883738,-6527.133649494,-428.410130656619,-8425.18233364197,1764.31916773053,1358.22737032623,929.81723966961,-968.231444478347,7028.54075850701
-5590.25469773303,-6162.63508651238,-6501.01229539247,-338.377208880078,-8344.12794865503,1771.20545035999,1198.82506158064,860.447852700555,-982.667800562014,7023.08293921293
-5537.64387514297,-6254.14726399522,-6516.43543679333,-262.288172798098,-8283.30360733677,1748.38584089889,1031.88245204663,769.594279248525,-997.273891294905,7023.74154324375
-5535.71546545447,-6366.47742673586,-6552.56249463912,-186.085067903252,-8230.77855333036,1684.10739324071,853.345431959335,667.260364056081,-1010.95569463517,7033.73779079193
-5571.55935538624,-6478.15758977684,-6585.10838992641,-106.950800149558,-8179.95926452582,1583.74288830079,677.144653910179,570.193853760614,-1024.65702083879,7048.35144353747
-5636.98039775048,-6588.41779334028,-6660.32703587876,-71.9092425384818,-8180.7407184698,1507.30917354487,555.871777955102,483.962535416612,-1036.45114717443,7072.38032875689
-5724.21584715789,-6691.05535676659,-6760.74170074675,-69.6863439801594,-8217.99687553067,1447.09082050301,480.251310894323,410.564966914157,-1046.69020786975,7101.62032368076
-5825.67065423332,-6787.07819857104,-6864.33308157892,-77.2548830078768,-8266.034928659,1385.44661881734,424.039074479619,346.784191471747,-1054.91765560833,7133.86239004279
-5920.80836769684,-6864.14057675609,-6866.72848399036,-2.58790723426676,-8230.95982648461,1248.32836236388,304.996153304643,302.40824607037,-1061.82309642387,7166.54882282646
-6018.97789729594,-6941.816446278,-6905.01700773146,36.7994385465327,-8237.63468147218,1153.23144754242,230.392898560357,267.192337106891,-1065.42533663382,7209.00878338489
-6104.11382640999,-7010.46291722175,-7002.34017534583,8.12274187592838,-8311.9697249849,1139.74914051645,233.400049704688,241.522791580611,-1068.10675805847,7251.98570880238
-6181.10701964808,-7081.88936896685,-7095.85858379611,-13.9692148292524,-8382.44246378233,1131.46478803206,230.682438713307,216.713223884054,-1069.87065610217,7298.60259285092
-6273.85440116333,-7175.45531592496,-7163.61087077752,11.8444451474484,-8408.1742015184,1064.6035422005,163.002627438876,174.847072586324,-1069.71625815456,7350.3023885113
-6400.75412966649,-7305.57334733871,-7312.56915213807,-6.99580479937898,-8495.68399286492,1028.8527586885,124.033541016308,117.037736216922,-1066.07710450993,7422.61108355561
-6568.86048967283,-7484.49442432858,-7494.01056039163,-9.51613606307241,-8605.58143750552,978.964861433244,63.3309267775071,53.814790714431,-1057.75608639943,7538.30921504302
-6735.80421790259,-7670.66684082446,-7652.77801821357,17.8888226109053,-8684.33915008894,898.712462427296,-36.1501604945745,-18.2613378836648,-1049.82246975905,7652.40550294081
-6905.26745223237,-7859.63157304356,-7785.22602268582,74.4055503577359,-8722.80096429798,774.830591152367,-179.533529658819,-105.127979301081,-1042.70292091324,7754.50359374247
-7094.38893983507,-8064.30500861347,-7925.34707439238,138.957934221092,-8755.32363715978,626.915908036246,-343.000160742142,-204.042226521047,-1034.01878928846,7860.26278209241
-7282.71372560578,-8260.01601904188,-8052.3959463323,207.62007270957,-8759.85387236967,449.600986669304,-527.701306766795,-320.081234057223,-1027.53916009458,7939.93478498466
-7490.26775355095,-8464.53663389374,-8154.49976100525,310.036872888492,-8731.57088753402,220.476282933308,-753.792597409474,-443.755724520979,-1020.82685104976,8020.78090937276
-7692.98006357779,-8656.6035234261,-8224.00936421081,432.594159215278,-8664.61350891906,-45.9212672588844,-1009.54472710718,-576.950567891903,-1017.55471260016,8079.65295553419
-7914.30324201958,-8860.84678306681,-8275.10062547474,585.746157592077,-8567.64435305815,-361.314310070077,-1307.85785111731,-722.111693525231,-1014.65542110865,8138.73508954158
-8139.95417571978,-9070.51263422497,-8331.75000360778,738.762630617178,-8475.51724540496,-676.605313575272,-1607.16377208045,-868.401141463266,-1012.16838326044,8202.1114927617
-8358.31224617005,-9286.27537765887,-8420.39463417937,865.880743479506,-8425.50300986576,-942.140262727504,-1870.10339421633,-1004.22265073682,-1009.33102642321,8282.05272692206
-8571.8757771618,-9514.76974263516,-8540.88987702434,973.879865610804,-8407.19296050309,-1171.28475483497,-2114.17872030832,-1140.29885469752,-1006.60193817627,8374.47088793763
-8778.54227064802,-9748.21865021011,-8720.27856630934,1027.94008390079,-8444.74773380203,-1339.07829433934,-2308.75467390144,-1280.81459000064,-1005.28375749336,8467.40406020948
-8993.28699096549,-9994.32485009301,-8979.79090326157,1014.53394683144,-8548.35698011787,-1449.44242982935,-2450.48028895686,-1435.94634212542,-1004.51241898171,8558.3785079676
-9217.12322221851,-10248.209419936,-9173.37981149452,1074.82960844145,-8568.39157197037,-1654.12849967647,-2685.21469739394,-1610.38508895248,-1005.39684942834,8637.82433098347
-9467.92669584716,-10511.7282984966,-9341.5232769146,1170.20502158205,-8542.72940886197,-1933.49634668491,-2977.29794933439,-1807.09292775234,-1008.29905969973,8704.63537074429
-9734.74163835576,-10759.9085474165,-9492.63204698715,1267.27650042937,-8490.70571517658,-2259.47180304705,-3284.63871210782,-2017.36221167844,-1015.43587986789,8742.54633573808
-10049.0834506399,-11015.1325101282,-9673.39000080157,1341.74250932664,-8462.1551369977,-2609.4819714895,-3575.53103097786,-2233.78852165121,-1022.55365784735,8781.34398847699
-10404.4237299859,-11268.6437876302,-9855.97529713458,1412.66849049559,-8432.05992558586,-3001.82723549896,-3866.04729314328,-2453.37880264768,-1029.46343109897,8815.2649849825
-10782.4008161127,-11498.8975113743,-10058.3909643873,1440.50654698693,-8439.08484202555,-3379.43363016313,-4095.93032542466,-2655.42377843773,-1036.11765607595,8843.47373293654
-11169.7234418769,-11692.3476146131,-10236.7201998503,1455.62741476287,-8458.03395256664,-3754.20484234307,-4276.82901507927,-2821.2016003164,-1042.51535303279,8871.14601429673
-11553.3022935907,-11843.0570846374,-10419.1081607873,1423.94892385016,-8517.76998191504,-4083.87833223333,-4373.63312328006,-2949.6841994299,-1048.34602055769,8893.37288520753
-11925.7526162656,-11944.3893747866,-10635.9059718971,1308.48340288954,-8652.54989101558,-4326.42275677597,-4345.05951529704,-3036.57611240749,-1053.22003152601,8907.8132623791
-12263.3356743328,-11985.6223898687,-10860.401302167,1125.22108770168,-8848.69252041505,-4472.5428465299,-4194.82956206578,-3069.6084743641,-1057.89969261217,8916.01391550455
-12546.9523263958,-11958.3700245232,-11045.1410940159,913.228930507219,-9071.07623069889,-4539.28920311706,-3950.70690124438,-3037.47797073717,-1063.41310742013,8920.89205378598
-12781.2408122693,-11881.2804229822,-11153.2269900386,728.053432943577,-9278.14481891979,-4571.13615575493,-3671.1757664678,-2943.12233352422,-1068.04016240543,8938.15808945794
-12949.0687784659,-11759.4448383211,-11266.6289698009,492.815868520215,-9541.11328200374,-4480.0373414437,-3290.41340129897,-2797.59753277876,-1072.08184498157,8961.84730554238
-13037.8136438069,-11587.6335987338,-11252.6504439543,334.983154779457,-9723.44262818008,-4391.01044854209,-2940.830403469,-2605.84724868955,-1076.63943291531,8981.78635004423
-13041.7434278272,-11368.0592641018,-11170.0816017408,197.977662361027,-9892.88659022325,-4230.4788140217,-2556.79465029633,-2358.81698793531,-1081.6219764178,9009.24227616648
-12962.535773844,-11109.0122369062,-11021.8026957648,87.2095411414437,-10045.4342000001,-4003.39855686687,-2149.8750199291,-2062.66547878765,-1086.296983023,9046.34675811855
-12795.6794125002,-10813.8255932896,-10844.097935348,-30.272342058349,-10206.9343689896,-3679.24955873084,-1697.39573952027,-1727.66808157862,-1090.50451522024,9086.15751171102
-12542.2354942342,-10481.9684338882,-10590.0428078609,-108.074373972706,-10331.9047878101,-3304.73657083254,-1244.46951048655,-1352.54388445926,-1094.4058644084,9129.42454942896
-12201.6383950043,-10118.0630415448,-10335.9574024549,-217.89436091011,-10482.8993760359,-2815.9747759923,-732.399422532756,-950.293783442867,-1097.23575702388,9167.76925810195
-11787.2862201285,-9733.23673921955,-10020.8633616146,-287.626622395069,-10585.7562740585,-2300.08723742065,-246.037756511754,-533.664378906822,-1098.55729135072,9199.57236031275
-11293.9194522433,-9321.26727122202,-9630.03117866216,-308.76390744012,-10620.8310345189,-1773.79762076482,198.854560256408,-109.909347183713,-1100.70920304042,9211.35792403832
-10738.5928933119,-8900.26446752333,-9174.80729221848,-274.542824695142,-10589.248618423,-1251.28635496218,587.042070826426,312.499246131281,-1101.94208007321,9212.76371365464
-10131.9519383022,-8478.29677695699,-8747.90823395526,-269.611456998266,-10574.6029487127,-659.391501325729,994.263660019517,724.652203021254,-1102.0425117362,9202.94897997824
-9491.30788783789,-8075.66840756979,-8234.57040914626,-158.902001576464,-10456.005735208,-135.409689201254,1280.22979106686,1121.32778949039,-1100.10753657137,9196.99619706018
-8811.79967318901,-7688.3443426734,-7765.18863025425,-76.8442875808402,-10363.5580503777,454.829845295709,1578.28517581132,1501.44088823048,-1096.928531893,9189.78523090387
-8101.05294314503,-7327.00046835481,-7357.34684688589,-30.3463785310748,-10300.6317385287,1107.03145336426,1881.08392815447,1850.73754962339,-1092.54734201937,9177.73801797821
-7368.60767251844,-6995.23724284741,-7001.12867286542,-5.89143001801246,-10250.3717033112,1794.80536201594,2168.17579168698,2162.28436166897,-1086.95866877683,9157.52160451637
-6630.40298713449,-6703.33834739623,-6691.99374684827,11.3446005479696,-10202.8951958206,2493.10698689913,2420.17162663739,2431.51622718535,-1079.38522178698,9134.85457458159
-5905.06475622819,-6462.23635265331,-6406.4154558472,55.8208968061023,-10116.0936725304,3140.60533261328,2583.43373618817,2639.25463299427,-1070.42358368891,9101.49098564756
-5191.72176188115,-6268.06510789729,-6156.88409477456,111.181013122745,-9997.97849262245,3744.51534189097,2668.17199587484,2779.35300899759,-1061.7413888503,9047.41811689489
-4486.56109649083,-6126.67807823706,-6070.34901325371,56.3290649833686,-9982.34363724178,4443.63454576982,2803.51756402357,2859.84662900694,-1052.14799498114,8986.52470724399
-3778.78231210437,-6027.73676287805,-6087.15915652227,-59.4223936442075,-10015.309358307,5193.20211928095,2944.24766850725,2884.82527486305,-1043.32492692169,8912.56203774111
-3077.01208241905,-5982.46877305336,-6089.398713271,-106.929940217631,-9965.69672983656,5853.45236593962,2947.99567530531,2841.06573508768,-1035.23228147788,8823.53450814105
-2412.05868823783,-6009.07701985552,-6151.46213596814,-142.385116112595,-9887.37321134754,6447.12958838516,2850.11125676748,2707.72614065489,-1028.18493472453,8716.80316051042
-1808.90015248079,-6110.01360367882,-6282.81670429276,-172.803100613952,-9783.58927655802,6952.78446009851,2651.6710089005,2478.86790828655,-1021.90466397873,8588.88151196535
-1280.04175605414,-6279.08633543368,-6510.85831293824,-231.771977504554,-9689.31020439499,7392.21416957055,2393.16959019101,2161.39761268645,-1017.0542787703,8440.48394812015
-852.924204308013,-6523.45499942261,-6787.53867210919,-264.083672686577,-9561.77487050758,7696.34837792471,2025.81758281012,1761.73391012355,-1012.50228827485,8285.18890954615
-544.855123455694,-6847.06029395204,-7122.12525453703,-275.064960584992,-9408.5364507925,7855.43203427837,1553.22686378205,1278.16190319706,-1008.24929305842,8125.22219714909
-389.310970085308,-7263.85643755451,-7555.41655687849,-291.560119323986,-9254.39265867819,7860.71477118152,986.169303712321,694.60918438834,-1004.36691741135,7958.46562194284
-389.45409028361,-7770.4591158363,-8101.37110054971,-330.91198471342,-9128.45560158232,7738.41093847244,357.405912919762,26.4939282063446,-1000.59057282626,7796.95304404264
-558.247511081132,-8366.86036436102,-8698.72288616337,-331.862521802343,-8965.78217149504,7410.44569528731,-398.167157992572,-730.02967979491,-997.088965126592,7636.83068456613
-917.119700407688,-9055.74500349292,-9462.12545698228,-406.380453489376,-8887.1459410873,6976.29044479558,-1162.33485828964,-1568.71531177901,-993.735795884035,7487.0296917139
-1480.36743369795,-9833.94451233956,-10350.6706946395,-516.726182299996,-8853.89042299979,6383.55861331241,-1970.01846532918,-2486.74464762917,-989.964375989412,7347.19986471037
-2244.88466353858,-10683.2513849845,-11315.1320385933,-631.880653608847,-8836.85646349512,5605.55330094841,-2832.81342049748,-3464.69407410633,-986.418499008116,7218.55731087816
-3212.93423199388,-11589.645008835,-12321.5902826149,-731.945273779918,-8821.97891809719,4626.02494969557,-3750.68582714553,-4482.63110092545,-983.019736407746,7107.01390790952
-4380.97592782953,-12538.9185993019,-13323.0651347014,-784.1465353995,-8785.77476612967,3425.34686147169,-4732.59581000071,-5516.74234540021,-979.451976828443,7022.17625390173
-5712.73460503218,-13486.4077348616,-14343.8122355256,-857.404500664043,-8777.95255312957,2087.72919801598,-5685.94393181342,-6543.34843247747,-977.48875008142,6943.05930238412
-7195.39740218588,-14414.1065235519,-15365.3524038192,-951.245880267318,-8801.74529189276,631.286159899895,-6587.42296146614,-7538.66884173346,-975.061729806976,6875.43768181847
-8768.28632362956,-15265.0510997198,-16263.7714616321,-998.720361912274,-8767.51257522408,-976.927637736892,-7473.69241382711,-8472.41277573939,-976.1538893314,6792.6383239804
-10409.8740872031,-16018.4236286147,-17063.1686346168,-1044.745006002,-8720.56564644043,-2668.88579722634,-8277.43533863798,-9322.18034463998,-979.57735646366,6696.24328397477
-12074.5127823877,-16645.8541901196,-17749.9888650315,-1104.1346749119,-8670.67067478148,-4390.11009856467,-8961.45150629656,-10065.5861812085,-986.267990958453,6580.26800891114
-13730.7998026394,-17136.9535625042,-18278.1998134058,-1141.24625090163,-8585.54844479939,-6140.37490448548,-9546.52866435031,-10687.7749152519,-995.123546645492,6449.17864725227
-15336.3996266119,-17473.7671250847,-18692.5760887357,-1218.80896365097,-8527.94481786592,-7814.64115570051,-9952.00865417332,-11170.8176178243,-1006.18634695451,6302.94950726044
-16866.9155233368,-17654.3017018941,-18980.1708448271,-1325.86914293295,-8486.4750275399,-9398.17505757779,-10185.5612361352,-11511.4303790681,-1017.7345617809,6142.87132282604
-18296.1385226415,-17678.2460700524,-19177.2345987554,-1498.98852870306,-8502.40589635384,-10822.3915010368,-10204.4990484476,-11703.4875771506,-1028.65887474907,5974.75849290173
-19609.9463917123,-17550.443027401,-19212.6226525129,-1662.17962511193,-8501.55951400326,-12145.1682191588,-10085.6648548476,-11747.8444799595,-1036.78134144985,5802.59854744149
-20767.299762632,-17251.1475589809,-19070.0332516327,-1818.88569265183,-8467.89804767276,-13344.2095549678,-9828.05735131666,-11646.9430439685,-1044.80784000856,5604.20451501239
-21761.2130878657,-16795.6253366369,-18766.7317963328,-1971.10645969591,-8435.060547588,-14376.3979160914,-9410.81016486255,-11381.9166245585,-1050.24537581362,5413.70871207849
-22575.5654011938,-16191.2928172385,-18283.0206880877,-2091.72787084927,-8374.33010122177,-15254.2217286711,-8869.94914471583,-10961.6770155651,-1052.98642869914,5229.61580167338
-23177.9593192552,-15429.0183262469,-17653.2635733977,-2224.24524715077,-8322.44925482337,-15911.2064555521,-8162.26546254384,-10386.5107096946,-1055.69639112024,5042.50761655236
-23568.6403664959,-14536.7747615352,-16870.3596849617,-2333.58492342651,-8256.19728201984,-16368.0259844661,-7336.16037950537,-9669.74530293187,-1055.58289999002,4867.0294586033
-23729.5088617562,-13514.4766296787,-15891.9856863071,-2377.50905662843,-8119.56229358789,-16664.3529442651,-6449.3207121875,-8826.82976881594,-1054.40637609674,4687.64686086273
-23658.6711108748,-12389.3503861845,-14837.8633290361,-2448.51294285159,-8007.58253857875,-16702.2190851014,-5432.89836041105,-7881.41130326264,-1051.13051280527,4507.93908292188
-23367.0235881878,-11188.7686406402,-13694.691287068,-2505.92264642783,-7897.80563335631,-16513.4612190176,-4335.20627146999,-6841.12891789783,-1044.24326418612,4347.63972274236
-22876.6724254022,-9939.80704697908,-12470.2996547481,-2530.49260776903,-7771.24125754458,-16139.5477873565,-3202.68240893336,-5733.17501670239,-1034.11661949888,4206.63203027668
-22193.0251345809,-8648.29821105124,-11195.6933714599,-2547.39516040865,-7635.45479327192,-15580.2095550998,-2035.48263157013,-4582.87779197878,-1022.63921379082,4065.42041907247
-21348.5279275849,-7342.59977464472,-9946.43129619468,-2603.83152154997,-7541.57373010174,-14816.2046902453,-810.276537305106,-3414.10805885508,-1009.25049276214,3928.49171578965
-20358.3895225913,-6018.54005923252,-8728.13333131374,-2709.5932720812,-7479.0314115308,-13876.6849065905,463.164556768259,-2246.42871531295,-997.326795529998,3772.11134391959
-19253.9509379978,-4697.78209797139,-7490.20991276892,-2792.42781479753,-7381.64957137544,-12857.9791520118,1698.18968801462,-1094.23812678291,-985.677785389429,3603.54397118849
-18055.4517632749,-3386.11356270284,-6309.0174873288,-2922.90392462597,-7318.14870529656,-11711.6678322957,2957.67036827631,34.7664436503459,-974.364774317404,3420.88000635319
-16758.778347079,-2075.76974465932,-5173.25905601472,-3097.4893113554,-7264.926091854,-10458.6640343995,4224.34456802023,1126.85525666483,-964.811779174459,3202.62500132415
-15349.4236866757,-758.331463484667,-3973.87547056484,-3215.54400708016,-7115.87980918437,-9192.15976458252,5398.93245860855,2183.38845152838,-958.615887091158,2941.71991501304
-13830.732946551,553.944163010697,-2784.56916297598,-3338.51332598667,-6938.31823547112,-7846.73873405824,6537.93837550344,3199.42504951677,-954.324022978373,2645.4808865061
-12199.4864679987,1850.95465826634,-1681.3666833223,-3532.32134158864,-6793.04101217448,-6359.03400054153,7691.4071257235,4159.08578413486,-952.58854471732,2308.13112586852
-10502.1186537844,3111.12516074575,-584.748278157936,-3695.87343890369,-6583.18954941865,-4870.82595130946,8742.41786322067,5046.54442431699,-951.896846943712,1935.41926357125
-8740.973318388,4346.34524190021,452.461931198104,-3893.8833107021,-6378.17441676598,-3315.69951653775,9771.61904375045,5877.73573304835,-952.900614915723,1531.39049114815
-6931.30353427611,5553.33400342542,1491.30889549194,-4062.02510793347,-6117.72794178212,-1769.28623648451,10715.351301217,6653.32619328352,-955.710643990539,1099.99218985812
-5075.27774866629,6737.24830304731,2530.25801150715,-4206.99029154014,-5788.18628056532,-248.888074350722,11563.6379773629,7356.64768582271,-961.796606249753,619.399382775412
-3211.91781066683,7877.11337434895,3555.44230233143,-4321.67107201753,-5398.03900261427,1216.17771975576,12305.2089047715,7983.53783275402,-969.943472191696,106.424458405048
-1362.64955582719,8959.82501855012,4461.00455157663,-4498.8204669735,-5048.28441957211,2706.89229871677,13029.3668730941,8530.54640612058,-978.74256502815,-429.278612429546
489.889182560264,9995.6460235848,5255.47755186331,-4740.16847172149,-4727.13626302481,4226.35474340375,13732.1115844283,8991.94311270679,-990.670702181323,-1003.702910878
2319.11698350804,10965.2931865779,6087.02476046799,-4878.26842610991,-4286.9104178228,5603.41343163549,14249.5896347054,9371.32120859544,-1002.61396969535,-1593.97197798247
4105.11123682183,11865.7503892791,6903.93216362436,-4961.81822565478,-3783.51495910972,6875.47736807225,14636.1165205296,9674.29829487479,-1013.14882785931,-2191.45209440436
5858.3163460715,12706.3825441137,7631.21259054682,-5075.16995356689,-3305.08056855942,8140.55188395751,14988.6180819997,9913.44812843281,-1022.84503067343,-2792.93441568089
7567.859933373,13476.921779619,8341.01245898154,-5135.90932063745,-2779.26404633297,9315.56210095135,15224.6239471973,10088.7146265599,-1031.5618787546,-3388.20715305909
9228.88169682121,14164.4074578023,9059.73893571723,-5104.66852208508,-2173.17731656372,10364.5330915272,15300.0588525083,10195.3903304232,-1037.52592185773,-3969.01712737909
10844.3163721269,14783.7745928426,9728.56349444293,-5055.21109839964,-1553.86153593156,11356.9991087947,15296.4573295104,10241.2462311108,-1041.17879926375,-4542.52836173182
12415.0819341926,15332.7027733761,10245.4795879676,-5087.22318540848,-1044.8734859803,12418.5030676254,15336.123906809,10248.9007214005,-1041.45235254744,-5083.80205197562
13951.2412158984,15823.3212078705,10701.339629654,-5121.98157821651,-560.951812477496,13472.6361338424,15344.7161258145,10222.734547598,-1039.55689453352,-5600.58666027252
15442.096414481,16253.3256191728,11147.4983839287,-5105.82723524412,-40.8353277577469,14446.5629047092,15257.792109401,10151.9648741569,-1036.36883752953,-6101.36074501593
16866.1873734996,16601.0707218112,11475.5637210674,-5125.50700074381,417.929345224469,15419.4947102562,15154.3780585678,10028.871057824,-1028.76331801892,-6572.19966398719
18235.2993193069,16875.2804685108,11659.6887973523,-5215.59167115848,811.747967860918,16403.1481806739,15043.1293298778,9827.53765871932,-1020.40317077207,-7047.74280979147
19518.4979616165,17052.4965088897,11722.0655054994,-5330.43100339029,1200.17140464008,17307.0680841891,14841.0666314623,9510.63562807203,-1011.25847278732,-7541.86088081767
20662.3500488535,17111.0917753428,11692.9458791535,-5418.14589618926,1629.79852329819,18031.2415951878,14479.9833216771,9061.83742548788,-1001.30993036744,-8049.25434985487
21619.1315402283,17041.9884514562,11559.3597229965,-5482.62872845972,2097.99385220215,18530.9496297422,13953.8065409701,8471.1778125104,-990.188058283949,-8570.81063894581
22373.560876828,16860.8570361258,11320.2921468226,-5540.56488930315,2600.03846890245,18794.6451825652,13281.9413418629,7741.37645255977,-978.877225360401,-9119.480583566
22910.2060305693,16581.5417883978,10966.6624282305,-5614.87936016725,3110.48657688308,18831.5981665763,12502.9339244047,6888.05456423749,-968.121287109961,-9693.48722416029
23214.6800577215,16218.0362867397,10462.0275670419,-5756.0087196978,3582.42013370054,18674.5865141107,11677.9427431289,5921.93402343114,-957.673409910259,-10296.1022633086
23308.7073303586,15800.789408033,9867.90112204618,-5932.8882859868,4058.09311991443,18302.7146850685,10794.7967627428,4861.90847675605,-947.899525375712,-10938.8809312769
23205.1753771007,15354.687886992,9293.096078147,-6061.591808845,4619.21570643848,17647.5012307986,9797.01374068982,3735.42193184482,-938.458439863708,-11619.2659551472
22917.0731529612,14904.1354072564,8672.35262000786,-6231.78278724853,5169.02461580345,16819.0150370071,8806.07729130222,2574.29450405369,-929.033500150715,-12329.8409032027
22478.4416053026,14490.0503020819,8054.16183178367,-6435.88847029823,5727.75438707364,15829.2927626794,7840.90145945873,1405.0129891605,-921.394455549531,-13085.0373129214
21891.9973419193,14110.4377110878,7542.83996502803,-6567.59774605975,6376.98362106896,14602.1564645241,6820.59683369251,252.999087632767,-912.857256326292,-13857.438623455
21222.3128077375,13812.0306412362,7148.2886188162,-6663.74202242003,7093.93926331349,13223.1485837774,5812.86641727611,-850.875605143917,-905.224960646615,-14662.9062463801
20497.3382586446,13598.7134060372,6811.31872912096,-6787.39467691626,7802.49862357997,11796.7476417981,4898.12278919078,-1889.27188772549,-898.091993266476,-15487.9852937627
19751.4021619382,13482.754425524,6612.04362566221,-6870.71079986181,8570.45973562802,10288.9723155185,4020.3245791044,-2850.38622075742,-891.970110791599,-16333.1406462814
19018.5940843131,13470.5386359458,6620.25495144918,-6850.28368449665,9459.31461908726,8672.04718621121,3123.99173784389,-3726.29194665276,-887.232279014669,-17196.8305825986
18339.6405542322,13580.2943750301,6762.17951113546,-6818.11486389468,10380.0085856776,7074.91591089549,2315.56973169343,-4502.54513220125,-884.716057659075,-18082.8395072314
17722.2107269532,13788.8527180963,7027.66005214555,-6761.19266595074,11337.6726308737,5500.94149179867,1567.58348294181,-5193.60918300894,-883.596604280796,-18982.4619011052
17174.2444461934,14082.9005871101,7399.0437405957,-6683.85684651435,12320.8969677098,3969.7117416856,878.367882602224,-5805.48896391212,-883.63573679806,-19888.3895510222
16681.8381889996,14433.2815431892,7879.44408290873,-6553.83746028041,13359.4474435483,2437.59227669773,189.035630887316,-6364.8018293931,-884.79846875357,-20798.0833725822
16231.5048460799,14825.5548037828,8439.40089817147,-6386.1539056113,14428.4491645859,916.463848103819,-489.486194193281,-6875.64009980458,-886.591833390158,-21701.1949035873
15817.6210134277,15256.4965127471,9027.80324260196,-6228.69327014516,15480.6398045269,-552.350853256975,-1113.47535393761,-7342.16862408277,-889.33206215783,-22598.6651368299
15427.8655307844,15712.9222376488,9652.6945726958,-6060.227664953,16535.5426305599,-2000.90351660264,-1715.84680973825,-7776.07447469126,-893.226416827158,-23488.9967123401
15024.8083675441,16170.4555274578,10337.4518154167,-5833.00371204113,17638.960679488,-3511.66008952811,-2366.01292961436,-8199.01664165549,-897.507777584228,-24369.4721691133
14602.1237970541,16640.307340377,10968.3368424701,-5671.97049790694,18667.7978325973,-4969.22263065401,-2931.03908733107,-8603.00958523801,-903.54859511072,-25243.316925615
14178.1656245971,17135.9244684528,11613.7471726344,-5522.17729581842,19671.2981287574,-6402.96654182252,-3445.2076979668,-8967.38499378522,-909.834037662161,-26103.309462238
13730.0222120521,17635.2756123063,12313.0923222973,-5322.18329000898,20716.6294154593,-7903.2042715792,-3997.95087132504,-9320.13416133403,-916.597068172041,-26955.4097736403
13249.9908743466,18147.1135981431,12994.4789982831,-5152.63459986003,21731.9418078715,-9406.05643203236,-4508.9337082358,-9661.56830809584,-924.105498507392,-27808.681906239
12740.5574161303,18679.3884599188,13678.3576566181,-5001.03080330062,22721.1288065081,-10911.4580302671,-4972.62698647863,-9973.65778977925,-930.886639889331,-28653.046249698
12243.9426436192,19263.49749828,14439.1330482221,-4824.3644500579,23728.0751241462,-12421.9795045974,-5402.4246499366,-10226.7890999945,-937.847024070399,-29490.2865982745
11804.9401468119,19922.7789716943,15258.0835258342,-4664.6954458601,24706.883279063,-13846.027957741,-5728.18913285862,-10392.8845787187,-944.084825489904,-30315.663550413
11402.2499900643,20644.5508713302,16114.2495471434,-4530.30132418678,25642.8628421842,-15188.7211846806,-5946.42030341472,-10476.7216276015,-948.10833256074,-31121.2724989317
11029.6511171698,21433.5460348502,17045.7564377237,-4387.78959712652,26565.8479338723,-16486.269128089,-6082.37421040861,-10470.1638075351,-950.072311386557,-31903.7098423854
10701.0624694894,22311.3841079984,18081.9022708809,-4229.48183711745,27490.9088690846,-17741.4179037192,-6131.09626521023,-10360.5781023277,-951.571504124019,-32671.962210326
10397.6256407021,23282.4796946596,19214.7480500869,-4067.73164457259,28400.8276018261,-18955.9227773946,-6071.06872343713,-10138.8003680097,-952.720816270531,-33421.2800626693
10141.9675883227,24349.9567379576,20468.8414846298,-3881.11525332778,29306.7277985993,-20117.3522313871,-5909.36308175218,-9790.47833507996,-952.59202111052,-34140.4350730376
9980.35961696095,25538.7406715952,21883.8010635694,-3654.93960802584,30222.7916424572,-21193.9695649396,-5635.58851030532,-9290.52811833116,-951.537539443368,-34829.2687899264
9965.94839061664,26876.0344435231,23421.8087018496,-3454.22574167353,31082.3367631185,-22065.8473979307,-5155.76134502426,-8609.9870866978,-949.45902542888,-35486.0215302209
10167.2453490362,28370.9021671792,25108.9716073604,-3261.93055981886,31902.7917492728,-22683.1922359691,-4479.5354178261,-7741.46597764497,-947.64583573256,-36112.3681448242
10611.8622854368,30009.4919522257,26919.1883432078,-3090.30360901786,32653.2631873426,-22986.9658022916,-3589.3361355027,-6679.63974452057,-945.564900385804,-36689.1316967462
11316.8124899753,31764.5138188107,28853.8389042298,-2910.67491458091,33353.7516411848,-22980.987662595,-2533.28633375957,-5443.96124834048,-944.048511385416,-37208.4750671512
12283.7625875529,33616.5382505639,30880.5606214797,-2735.97762908427,33995.791528004,-22655.3074606412,-1322.53179763013,-4058.50942671441,-943.2785201901,-37675.0476772783
13494.2220601592,35520.3112953497,32919.7882818158,-2600.52301353386,34517.0560875861,-21963.0735663316,63.01566885895,-2537.50734467491,-940.239538904575,-38057.8186400246
14950.5421915981,37461.0390277896,35013.3125660049,-2447.72646178464,34968.0634507262,-20954.4424434948,1556.05439269671,-891.672069087932,-936.92118436662,-38352.7110968775
16636.1660050258,39416.2767607717,37089.0225851419,-2327.25417562977,35293.3385086225,-19591.105594235,3189.00516151083,861.750985881064,-933.933090638338,-38554.5257748906
18533.5640166485,41358.9266259924,39179.537954994,-2179.38867099839,35562.9140516465,-17960.9754853451,4864.38712399876,2684.99845300037,-931.625450347126,-38673.9281729921
20618.7236879429,43256.8815442754,41222.5620809896,-2034.31946328581,35755.2762678286,-16065.9916124978,6572.16624383473,4537.84678054892,-929.439032612058,-38719.0347637265
22876.6976384627,45092.9959699593,43230.2460404855,-1862.74992947373,35904.2920048015,-13954.8907713919,8261.40756010466,6398.65763063093,-927.296405053161,-38694.3383393283
25312.9529025926,46858.7642964708,45216.31304143,-1642.45125504079,36034.9268761129,-11647.3883983256,9898.42299555264,8255.97174051185,-925.414424805305,-38602.792555959
27924.8737430643,48553.871303768,47112.054927448,-1441.81637632002,36098.2105730903,-9096.274058854,11532.7235018498,10090.9071255298,-922.937228827945,-38462.9641782383
30699.4261289028,50163.7752137502,48888.2330109833,-1275.54220276681,36076.2648042639,-6295.4291689898,13168.9199158575,11893.3777130907,-918.590493628738,-38270.3975006594
33722.6207173312,51746.0187830603,50667.6177529745,-1078.40103008577,36078.3993559262,-3271.28964539623,14752.1084203329,13673.7073902471,-915.511006801265,-38072.3113928132
36959.0679674297,53266.4017696129,52243.84206386,-1022.55970575291,35947.6944588654,100.162294075762,16407.496096259,15384.9363905061,-911.21121448845,-37881.4653791068
40419.8780020827,54732.3709830218,53752.8743907423,-979.496592279519,35841.4714911035,3671.34256124135,17983.8355421805,17004.338949901,-907.063949737823,-37728.0320331208
44037.3274348789,56085.3786811173,55057.1468397449,-1028.23184137232,35695.0057707697,7439.46109709298,19487.5123433313,18459.280501959,-902.860567016269,-37626.0981791582
47745.7542858717,57279.6008091827,56131.7623860262,-1147.83842315644,35557.8075878745,11287.561011351,20821.407534662,19673.5691115055,-900.385686646158,-37606.0316976771
51435.0071618057,58267.7805069169,56856.1364536351,-1411.64405328179,35366.5810767053,15170.0797043217,22002.8530494329,20591.2089961511,-898.346380778689,-37676.5715107657
55004.1265782699,59001.0684803587,57434.1480634765,-1566.9204168822,35354.3505907371,18754.4075492476,22751.3494513364,21184.4290344542,-895.368438285256,-37816.6394459045
58385.5704114828,59458.4358474573,57913.8955568258,-1544.54029063148,35572.8831320875,21918.2557593008,22991.1211952753,21446.5809046438,-894.431520094429,-38011.8549428135
61496.0718815562,59607.043482482,58168.6972729895,-1438.34620949249,35875.1280232734,24726.7447868057,22837.7163877315,21399.370178239,-894.199071477147,-38207.673304243
64286.2021834787,59449.0482208456,58157.3807700315,-1291.6674508141,36185.232871355,27205.2184387986,22368.0644761655,21076.3970253514,-895.750873325096,-38372.6511954942
66769.6144015441,58991.5559335343,57866.3084797866,-1125.24745374777,36476.2436697208,29394.5809806541,21616.5225126444,20491.2750588966,-898.789751169179,-38500.2808746377
68915.7765396581,58228.8183128291,57278.6528571013,-950.165455727852,36716.9254488455,31295.6974566564,20608.7392298274,19658.5737740995,-903.153634156259,-38570.2445387296
70708.3130411016,57156.8104989831,56283.8095123503,-873.000986632818,36796.9974205583,33001.3840169481,19449.8814748296,18576.8804881968,-909.931603595249,-38579.9300107863
72071.973928184,55753.5885833019,54849.5153026291,-904.073280672843,36689.6723257532,34464.0871813326,18145.7018364505,17241.6285557777,-918.214421098196,-38511.9600275243
72968.1882503681,54023.0414657311,53023.3883222589,-999.653143472224,36458.8446741965,35580.8895402628,16635.7427556259,15636.0896121537,-928.454035908742,-38386.9518535775
73375.9109300744,51983.2636938351,50857.4206885541,-1125.84300528108,36145.6090847298,36289.9964162842,14897.349180045,13771.5061747639,-940.305429060428,-38211.7575190713
73251.7803329757,49637.0176079455,48346.0089540065,-1291.00865393896,35763.4822456939,36535.1129382587,12920.3502132284,11629.3415592894,-953.185149023198,-38007.676048656
72553.4348326608,46996.488078178,45520.1592762488,-1476.32880192921,35295.3343097096,36291.5870850454,10734.6403305627,9258.3115286335,-966.513437905712,-37738.1765495445
71253.6910557778,44076.1106025317,42746.2554105127,-1329.85519201901,35067.3205128103,35207.5699580935,8029.98950484747,6700.13431282846,-978.800584873948,-37375.9762897033
69367.3007579324,40917.4212291793,39995.8121591266,-921.609070052677,34989.7636688803,33387.5494896028,4937.66996084968,4016.060890797,-989.987599449283,-36901.3603383823
66910.7685444613,37565.3971466602,37357.7896363095,-207.607510350728,35091.7688447342,30819.4166298124,1474.04523201132,1266.43772166059,-999.583069914681,-36298.9594249996
63928.5290561684,34083.7350078764,34683.8979983017,600.162990425258,35153.5590788696,27766.3601906649,-2078.43385762708,-1478.27086720183,-1008.60978663388,-35562.0058750783
60478.0201986285,30524.5360976086,31926.6183707652,1402.08227315656,35084.9999340135,24375.6373290434,-5577.84677197641,-4175.76449881986,-1017.38293557153,-34700.3005964285
56600.2846304643,26929.5008514005,29121.090111245,2191.58925984452,34897.5847044061,20678.0377999029,-8992.74597916085,-6801.15671931632,-1024.66212615521,-33730.6575707169
52343.7058954945,23353.1195477965,26190.7251428085,2837.60559501195,34488.317847623,16825.5129328445,-12165.0734148534,-9327.46781984149,-1029.87511502696,-32680.587367638
47768.6056285607,19846.1060572124,23185.7989639709,3339.69290675846,33878.3716959899,12857.1789650435,-15065.3206063048,-11725.6276995463,-1033.05496752725,-31571.7337567587
42965.571099727,16473.915983469,20338.5289442987,3864.61296082968,33266.121843508,8663.07711940249,-17828.5779968555,-13963.9650360258,-1036.37213681657,-30437.8810194948
38008.5554049775,13286.6746849178,17690.4534432468,4403.77875832901,32646.1770249291,4323.53849249164,-20398.3422275681,-15994.5634692391,-1038.83988755672,-29281.2381541569
32976.9200027502,10338.2989672597,15226.0328941173,4887.73392685761,31964.22617314,-27.5153150075252,-22666.136350498,-17778.4024236404,-1040.20914461773,-28116.7013909001
27932.3408382255,7653.1420160531,12925.0601902031,5271.91817414997,31187.5386634011,-4295.1608108656,-24574.3596330381,-19302.4414588881,-1039.96298569006,-26955.5834749412
22957.8852620832,5264.1903538725,10905.7680683877,5641.57771451523,30412.1386650283,-8492.82798637863,-26186.5228945893,-20544.9451800741,-1038.57458343349,-25809.1355339466
18134.2901279748,3205.28083312577,9160.57514149588,5955.2943083701,29623.1140968143,-12525.528172805,-27454.537467654,-21499.2431592839,-1036.70420396553,-24704.5239924097
13515.2666378869,1489.71936190554,7695.12136709062,6205.40200518509,28804.9054467671,-16322.2959887148,-28347.8432646961,-22142.441259511,-1032.65717983453,-23632.1606214166
9151.03666043018,125.359883347602,6509.65733055563,6384.29744720802,27974.5228599508,-19851.1743977029,-28876.8511747854,-22492.5537275774,-1027.68819818228,-22617.913610925
5104.65934989673,-862.690862073806,5590.42208144006,6453.11294351386,27111.3371143857,-23029.7838400883,-28997.1340520588,-22544.0211085449,-1023.10607559931,-21681.3302464711
1406.18202723874,-1485.14075536822,4966.16555308764,6451.30630845587,26256.5523698085,-25868.9060083267,-28760.2287909337,-22308.9224824778,-1018.53566575694,-20823.7817271096
-1917.40637189766,-1754.15180293841,4633.00496873836,6387.15677167675,25409.6008728823,-28341.0674881561,-28177.8129191968,-21790.6561475201,-1014.06024337614,-20036.5043445817
-4826.61880189102,-1678.50614175116,4562.05400543675,6240.5601471879,24572.2550242647,-30409.0489266427,-27260.9362665028,-21020.3761193149,-1010.175100487,-19341.8699775638
-7307.38536705386,-1278.46528575753,4716.33703049362,5994.80231625116,23741.4187371827,-32055.7638760747,-26026.8437947784,-20032.0414785272,-1006.9597718381,-18753.5761927697
-9365.08134869269,-581.733836074323,5181.02168620829,5762.75552228259,23026.5502079012,-33395.7392934198,-24612.3917808014,-18849.6362585188,-1004.10773682589,-18267.9024224445
-10965.0145195798,398.525676240665,5837.60104099897,5439.07536475829,22319.9047195388,-34286.4038083813,-22922.8636125609,-17483.7882478026,-1001.48456926274,-17882.3139240433
-12084.5014467308,1649.81135460326,6661.36863996188,5011.5572853586,21624.2718364653,-34708.114562794,-20973.8017614599,-15962.2444761013,-999.341279597897,-17612.0558307046
-12747.0486874219,3131.54215859597,7663.64384797294,4532.10168937697,20998.4278472191,-34742.9244948304,-18864.3336488126,-14332.2319594356,-997.447960189481,-17463.7741180316
-12975.6267692685,4808.43052062616,8812.19768799863,4003.76716737246,20445.1564772615,-34416.0539978409,-16631.9967079462,-12628.2295405737,-995.270751310864,-17436.6600611999
-12776.0914535716,6658.80393228448,10065.9752071938,3407.1712749093,19956.0372331347,-33725.4035631569,-14290.5081773008,-10883.3369023915,-993.274876450617,-17542.140834676
-12193.9986503876,8645.92223308319,11370.3464923115,2724.42425922832,19506.8847843031,-32692.2490515524,-11852.3281680816,-9127.90390885325,-991.365616861699,-17773.8261419365
-11271.8476843184,10745.2582515067,12764.3664550197,2019.10820351306,19159.7760057134,-31420.4520738978,-9403.34613807277,-7384.2379345597,-988.828383866086,-18129.4961860664
-10037.8797005384,12942.0876459817,14218.8456372532,1276.75799127148,18895.7735849214,-29919.7998977103,-6939.83255119019,-5663.07455991871,-986.146612250516,-18605.1622059004
-8520.24592620105,15219.992991233,15790.2475017579,570.254510524876,18773.8632652082,-28276.9723514677,-4536.73343403359,-3966.47892350871,-982.86316005843,-19186.4719147417
-6750.69564439982,17573.1070085744,17427.6508100928,-145.456198481608,18732.1073497948,-26462.7285399381,-2138.92588696391,-2284.38208544551,-979.925545743469,-19857.4890940199
-4760.0442683453,19988.9907441277,19064.1982239408,-924.792520187005,18704.1688615013,-24441.6811682107,307.353844262301,-617.438675924699,-977.468038364124,-20606.4294200525
-2533.18819185119,22476.2816781431,20764.4258490811,-1711.85582906193,18739.440841055,-22248.0706060553,2761.39926393893,1049.543434877,-975.441573149109,-21426.7382432661
-81.3950242107685,25027.427822819,22586.9330264011,-2440.49479641791,18898.8228975118,-19952.7498905411,5156.07295648878,2715.57816007086,-972.531968818523,-22311.8496627482
2604.36630491149,27644.7698963856,24492.4262850226,-3152.34361136294,19139.4661871404,-17503.778712254,7536.62487922006,4384.28126785713,-968.678830025082,-23260.4886285284
5545.78218195797,30330.1229022864,26477.3453392342,-3852.77756305223,19475.835469391,-14894.7952999833,9889.54542034518,6036.76785729295,-964.742012550287,-24293.3550449935
8725.15226285432,33063.0647427844,28590.924127976,-4472.1406148084,19960.542989684,-12196.2585942963,12141.6538856338,7669.51327082542,-960.867867466557,-25393.5514719589
12137.0606278337,35827.5008845903,30768.0456625141,-5059.45522207617,20538.159825747,-9359.00980675953,14331.4304499971,9271.97522792089,-957.910608846265,-26555.5256566694
15754.0712123928,38585.7087498539,32950.4730904415,-5635.23565941242,21175.5576321244,-6374.99786502715,16456.639672434,10821.4040130216,-953.511445295543,-27764.3047368323
19590.2478048865,41332.1844694917,35101.1745066029,-6231.0099628888,21855.783601019,-3215.32628765413,18526.6103769511,12295.6004140623,-949.790491521704,-29036.5840554294
23596.9355581101,44018.9546511583,37239.5251810018,-6779.42947015642,22631.9653434456,20.3706374037624,20442.3897304519,13662.9602602955,-944.599577260735,-30355.9943908627
27746.5351107466,46621.0548222642,39299.8658295588,-7321.18899270531,23467.9282446725,3339.71652593238,22214.2362374499,14893.0472447446,-938.890340141741,-31728.0075775195
31986.8719510344,49098.4434431553,41336.6565942805,-7761.78684887485,24457.8319651244,6595.71632657875,23707.2878186997,15945.5009698248,-933.323659331169,-33152.9424733305
36265.1163015841,51421.1539798083,43309.1371935198,-8112.01678628845,25576.0087016243,9761.44040839945,24917.4780866236,16805.4613003351,-927.667191560335,-34615.6926794731
40511.0748653088,53546.4837751256,45038.9928609196,-8507.49091420597,26684.8857309894,12904.8638217532,25940.27273157,17432.7818173641,-921.325312566182,-36113.7019577615
44646.012562701,55443.3094211483,46597.5024228544,-8845.80699829395,27870.3344714191,15861.4500146574,26658.7468731047,17812.9398748108,-914.228076624428,-37630.3695463375
48612.9919997711,57109.6901482647,47999.7008426608,-9109.98930560395,29150.8352288291,18554.7275756943,27051.4257241879,17941.436418584,-907.42919524772,-39168.2537296807
52364.1270723792,58542.2044541208,49215.9772138086,-9326.22724031223,30481.9237105063,20981.451863775,27159.5292455166,17833.3020052044,-900.751498097915,-40708.9024489164
55849.009310228,59741.8553701651,50298.3588775917,-9443.4964925734,31908.9148401724,23044.9051196034,26937.7511795405,17494.2546869671,-895.189350452196,-42247.600683198
59030.0533640479,60706.6691994102,51167.4624114332,-9539.20678797707,33327.9479738915,24811.6590361072,26488.2748714695,16949.0680834925,-890.446354049156,-43757.6011159177
61906.933590669,61461.8348907735,51930.5033226596,-9531.33156811395,34828.1091219888,26191.1323723888,25746.0336724934,16214.7021043794,-887.692096291445,-45247.1327863941
64442.8401890124,61998.6399572968,52548.9941070397,-9449.64585025715,36358.5297206105,27198.5475186262,24754.3472869106,15304.7014366535,-885.7629497757,-46693.9385206434
66627.9095375493,62333.8274137257,52994.9395221089,-9338.88789161684,37870.2107862245,27872.8558133725,23578.773689549,14239.8857979322,-884.842937952262,-48093.9416157936
68448.1436001714,62472.9005889669,53354.7683453248,-9118.13224364207,39439.5777673921,28124.8290138263,22149.5860026217,13031.4537589797,-883.736818953068,-49441.4468299872
69921.3776609876,62443.7775104064,53612.8365800173,-8830.94093038912,41016.176986202,28022.0322010367,20544.4320504556,11713.4911200665,-883.168473748808,-50730.28639034
71063.5612380826,62274.2262699008,53839.9823843253,-8434.2438855756,42644.2851978593,27535.8105050245,18746.4755368427,10312.2316512671,-883.465535198835,-51961.9946186338
71890.4061519574,61984.4269926354,53994.5830124556,-7989.84398017982,44234.9083340414,26771.2269847182,16865.2478253962,8875.40384521639,-884.27083319784,-53109.023147419
72446.147711848,61601.9955694037,54218.6312597159,-7383.36430968787,45894.9200467066,25665.7295535122,14821.577411068,7438.21310138009,-885.498111629142,-54163.7824680237
72762.5240431576,61144.797102801,54483.5658210516,-6661.23128174941,47577.7098127922,24296.9980215557,12679.2710811991,6018.03979944972,-887.816208809699,-55126.7573033513
72847.9143647949,60609.0368548768,54601.5528876114,-6007.48396726539,49096.7634790956,22860.9124497625,10622.0349398443,4614.55097257894,-890.238435936889,-55994.4858822978
72720.7774910379,59998.0552324508,54617.7100672528,-5380.34516519798,50489.4810839109,21338.9688252093,8616.24656662223,3235.90140142425,-892.327581917665,-56762.1538310265
72384.8060592712,59309.9516738097,54677.1301969979,-4632.8214768118,51907.037832566,19583.3137268644,6508.45934140287,1875.63786459108,-894.454499840833,-57434.3138092187
71860.9570165987,58555.5390889026,54623.4705012722,-3932.0685876305,53189.4978194972,17774.1264143467,4468.70848665075,536.639899020255,-897.33278275466,-58018.8991898824
71142.9839189435,57726.5512406605,54492.6013494628,-3233.94989119767,54374.4213198553,15869.0912657987,2452.65858751564,-781.291303682035,-899.471333289556,-58507.8425443425
70247.2856827671,56830.8492563515,54196.1448836369,-2634.70437271456,55375.834851145,13969.9530203059,553.516593890283,-2081.18777882428,-901.497811316277,-58912.0370351758
69180.0836714722,55869.3798828471,53767.5370974711,-2101.842785376,56218.6666668248,12058.4524000525,-1252.25138857255,-3354.09417394855,-902.964604594845,-59223.4740567957
67945.2248266753,54857.2071517689,53219.6079477004,-1637.59920406848,56920.0825697117,10120.270778933,-2967.7468959734,-4605.34610004188,-904.871478030591,-59462.5532518108
66532.0375400851,53791.1450301512,52620.8049160196,-1170.34011413156,57538.3747392044,8088.07742505765,-4652.8150848763,-5823.15519900786,-905.58537582309,-59614.300229159
64931.4868374792,52681.0047568931,52002.536039785,-678.468717108013,58098.8952051969,5927.39244332069,-6323.08963726546,-7001.55835437347,-905.199188961581,-59682.5631112665
63170.4409684062,51551.9077089933,51298.2678301108,-253.63987888248,58508.218458563,3758.03687512372,-7860.49638428919,-8114.13626317167,-904.185634719512,-59666.043972165
61266.0155923642,50421.9228584993,50527.0347251104,105.11186661113,58771.3881876354,1592.69907212438,-9251.39366174057,-9146.28179512944,-901.928332604401,-59568.2046536287
59248.2636895823,49321.6485112214,49711.6159338248,389.967422603378,58889.7571871641,-540.01852308137,-10466.6337014422,-10076.6662788388,-898.525025499512,-59398.3147900603
57167.8908469898,48291.749954964,48895.5704474863,603.820492522301,58879.1087208458,-2606.74391860077,-11482.8848106265,-10879.0643181043,-895.526044744734,-59170.8142730683
55053.6018547025,47347.330934942,48123.5391308638,776.208195921795,58770.0439286281,-4609.5707982584,-12315.8417180188,-11539.633522097,-893.128724332757,-58886.9644570391
52934.8570931867,46517.576978659,47428.4226961915,910.845717532471,58573.7754917207,-6530.37775411475,-12947.6578686424,-12036.8121511099,-891.459355580701,-58554.389129769
50885.9050844188,45866.6318076857,46858.4155709943,991.783763308654,58302.9439803029,-8310.75629421661,-13330.0295709497,-12338.245807641,-893.717398332489,-58204.8776153267
48898.8028907449,45370.8391383626,46388.7355753063,1017.89643694374,57940.2038863336,-9936.80924883915,-13464.7730012215,-12446.8765642778,-895.408253250461,-57817.7157026403
47016.781145302,45051.6449020724,46043.546296717,991.901394644554,57494.9490209172,-11374.6686966769,-13339.8049399065,-12347.903545262,-896.500821061729,-57399.5484473344
45287.3555598486,44930.8115926039,45847.775588794,916.963996190127,56987.4147411914,-12596.1415791571,-12952.6855464017,-12035.7215502116,-896.08239781423,-56966.5331428155
43732.2511701815,44994.3725899689,45802.5730630827,808.200473113734,56429.9533975903,-13589.1629415446,-12327.0415217571,-11518.8410486434,-891.4607141358,-56513.2136386123
42401.4244480952,45250.1665100966,45889.467096897,639.300586800417,55813.4397647673,-14297.2390290831,-11448.4969670817,-10809.1963802813,-885.223712410955,-56059.3628903779
41344.9786266704,45711.7851819912,46182.2101090635,470.424927072257,55225.9617801206,-14760.5760377733,-10393.7694824524,-9923.3445553802,-879.59288432309,-55635.1297373714
40565.3965393245,46349.7883577374,46669.9414449999,320.153087262493,54692.6855913767,-15001.5835882941,-9217.19176988111,-8897.03868261862,-874.294536241863,-55246.8270403561
40064.9725969542,47136.873454759,47257.7197913126,120.84633655365,54142.983808486,-14947.9674571528,-7876.06659934799,-7755.22026279434,-869.956245620986,-54892.0937175533
39826.8496383228,48030.8750531897,47960.2423285924,-70.6327245973387,53638.0421939922,-14677.0200182401,-6472.99460337316,-6543.62732797051,-865.827462570672,-54574.5023811603
39856.9266560612,49009.0920515469,48769.3501053902,-239.741946156679,53212.7649030629,-14218.6161507197,-5066.45075523401,-5306.19270139069,-862.777903718006,-54315.2847529376
40101.4496930781,50015.853545507,49552.6604447293,-463.19310077767,52789.5007216531,-13547.0381867722,-3632.63433434326,-4095.82743512093,-858.987158197136,-54111.6809806279
40532.4112823594,51022.5670596045,50314.9116294433,-707.655430161259,52407.100835916,-12730.6798708391,-2240.5240935939,-2948.17952375516,-855.990317282463,-53970.7465833597
41090.7225680002,51981.3653247295,50987.5130144733,-993.852310256128,52037.0006932152,-11798.3077444696,-907.664987740358,-1901.51729799649,-852.029619254652,-53882.882622726
41734.4879634846,52873.8577957498,51695.6218277649,-1178.23596798494,51830.698615357,-10945.9412067983,193.428625466984,-984.807342517957,-849.730554925862,-53858.6651382678
42438.7481945894,53689.8139483856,52358.1634881213,-1331.65046026435,51716.4119877952,-10128.1443659826,1122.92138781358,-208.72907245078,-850.480572776915,-53898.5430208364
43148.7279187575,54399.4596893348,52797.5655472574,-1601.89414207739,51545.456882356,-9247.98799178799,2002.74377878937,400.849636711978,-851.25902818947,-53998.6100526228
43817.4465425964,55000.0900625081,53124.2011145397,-1875.88894796844,51427.7967721931,-8462.15144032166,2720.49207959007,844.603131621631,-851.801210724992,-54155.4869308865
44415.0460608367,55502.6144427116,53396.9498958486,-2105.66454686299,51400.6195987684,-7837.21119841796,3250.35718345695,1144.69263659395,-851.637660486302,-54357.9218061177
44935.8062188532,55924.1718949882,53620.4851887727,-2303.68670621547,51448.5236851647,-7363.39260990771,3624.97306622731,1321.28636001184,-850.675143596187,-54602.8855349764
45400.1655110443,56311.9023324232,53815.5132416504,-2496.3890907728,51566.6527546616,-7017.68643546492,3894.05038591402,1397.66129514121,-851.199191847578,-54914.241037282
45806.3759175479,56686.573093932,53986.4352156743,-2700.13787825777,51717.028943834,-6761.9622033289,4118.23497305521,1418.09709479744,-851.309177042875,-55268.4759991346
46191.3012299591,57089.3972270556,54145.9553431522,-2943.44188390333,51864.7292215238,-6524.40504564351,4373.690951453,1430.24906754967,-850.977054078745,-55659.1481595059
46601.1861326075,57552.0333143986,54390.6606415344,-3161.37267286414,52085.1563111382,-6334.16876503287,4616.67841675821,1455.30574389407,-850.198586502153,-56096.7275705045
47089.6363793688,58108.0456209349,54787.7113310294,-3320.33428990555,52400.2925075529,-6159.45477593841,4858.95446562766,1538.62017572211,-848.79864775437,-56569.4254452128
47704.6531003801,58777.5914317241,55301.9843028919,-3475.60712883221,52753.1696789309,-5895.40107270642,5177.53725863752,1701.93012980531,-846.884494155612,-57075.6613019188
48510.0164248098,59583.0100524724,55987.7363926021,-3595.27365987034,53165.0744960483,-5499.37231073583,5573.62131692681,1978.34765705647,-844.314239497336,-57604.662395416
49533.7981532261,60517.1563209198,56817.6265302052,-3699.52979071459,53615.7771198629,-4923.80305856309,6059.55510913066,2360.02531841607,-841.824091926266,-58157.1310025038
50776.0908439557,61550.3806378613,57811.9343736662,-3738.4462641952,54149.7150074087,-4212.18351090563,6562.10628300003,2823.66001880483,-838.559347452632,-58726.7206190565
52237.8922175894,62660.8250864412,58912.5699143861,-3748.25517205518,54720.7375633615,-3317.7077259126,7105.22514293925,3356.96997088407,-834.862380140542,-59303.8551155572
53897.8943908369,63803.9580457127,60102.7935636525,-3701.1644820602,55344.8143245326,-2277.76951526236,7628.29413961339,3927.1296575532,-830.84958156668,-59876.8283881595
55712.377078155,64942.1956004253,61341.1521129753,-3601.04348744995,56013.2732067868,-1127.71495920729,8102.10356306294,4501.06007561299,-826.818830575522,-60441.1355248123
57622.3132426271,66033.5978553552,62525.3042337988,-3508.29362155649,56662.2926017779,137.390740024317,8548.67535275242,5040.38173119594,-822.629900824901,-60993.2161241593
59564.8071981893,67033.6608726123,63634.3310481759,-3399.32982443642,57301.2480596782,1445.67237736163,8914.52605178457,5515.19622734815,-817.886761149458,-61518.4646452641
61460.2536327591,67892.5811953882,64611.3764444666,-3281.20475092171,57913.096187234,2734.77634289253,9167.10390552165,5885.89915459995,-812.381102632629,-62006.6820407883
63234.5931006212,68579.5943964056,65519.3297701767,-3060.26462622881,58577.713394354,3850.82776098184,9195.82905676622,6135.5644305374,-806.051945285343,-62444.0299658681
64855.5653403398,69095.8580076574,66317.4442306733,-2778.41377698409,59262.6476991463,4791.50233986696,9031.7950071845,6253.38123020041,-801.415301326604,-62842.476777457
66272.6311121039,69420.9695603614,66918.7949090346,-2502.17465132684,59883.2687601503,5591.68093193406,8740.01938019165,6237.8447288648,-797.681420019546,-63183.1248314967
67427.3497513449,69545.4139056067,67420.2422663404,-2125.17163926631,60537.7294072539,6095.17775405709,8213.24190831894,6088.07026905263,-794.442590033845,-63457.3436365541
68298.0128032947,69484.794259877,67830.3123016443,-1654.48195823278,61215.2259579468,6290.45950663541,7477.2409632177,5822.75900498492,-792.327338712487,-63662.0352548921
68867.7770168913,69246.6295105809,68131.3547384348,-1115.27477214609,61876.8700214863,6200.07798481688,6578.93047850649,5463.65570636039,-790.829010588122,-63782.9738042205
69147.0381406616,68859.9679689872,68263.5804836243,-596.387485362912,62442.295213073,5914.4975498573,5627.42737818295,5031.03989282003,-790.24537773127,-63828.9280761672
69174.0804720132,68377.9687883399,68378.5829748158,0.614186475966651,63035.3813752305,5345.70708788116,4549.59540420785,4550.20959068382,-792.992008901483,-63827.7591976561
68959.0634045772,67819.718415654,68372.4908035858,552.772387931838,63515.1095086712,4647.36633663946,3508.02134771626,4060.7937356481,-796.587559266506,-63758.9246800059
68563.2395704845,67237.6153615655,68273.9484639704,1036.33310240493,63864.2980071031,3897.72706941254,2572.1028604935,3608.43596289844,-801.214493968876,-63629.1793986671
68031.8177534078,66660.1642059235,68255.8349194128,1595.67071348933,64224.0520574992,3001.70392270222,1630.05037521795,3225.72108870729,-806.061773206319,-63434.4431172162
67435.85084621,66138.736638578,68259.7269598201,2120.99032124211,64497.0790320319,2127.30081530022,830.186607668238,2951.17692891035,-811.470998877818,-63187.5597096676
66835.2851251113,65706.621972238,68297.6212533723,2590.99928113429,64668.8483494235,1349.07096463234,220.407811759113,2811.4070928934,-817.365811055461,-62895.2148793446
66289.3099438968,65380.2618561386,68428.6037891171,3048.34193297854,64788.3215588136,677.69333264325,-231.35475511494,2816.9871778636,-823.295052439877,-62563.274678275
65859.6170558631,65184.5684967689,68699.8714536894,3515.30295692049,64893.8721332923,135.662566251867,-539.385992842334,2975.91696407816,-830.082356318888,-62208.6515326907
65571.5555543563,65108.9412498854,68981.4736932581,3872.53244337279,64860.154282433,-124.131933111926,-586.746237582861,3285.78620578993,-835.533205035219,-61823.1550440954
65470.0153780783,65157.5624402886,69284.3692415894,4126.80680130087,64728.2371993862,-99.4758402522566,-411.92877804201,3714.87802325886,-841.254018944391,-61442.6844170297
65557.795201309,65300.4762298092,69644.3509951089,4343.87476529969,64556.5468885841,155.074941473387,-102.244030026335,4241.63073527335,-846.173371251469,-61058.8454945359
65846.4800218979,65525.498750214,69973.4122013755,4447.91345116153,64268.6946171585,727.32864418621,406.347372502374,4854.2608236639,-850.456760553107,-60671.2379265501
66337.0405700352,65806.533497085,70300.7156298351,4494.18213275004,63911.2803966333,1571.75644931825,1041.24937636807,5535.43150911811,-854.003724083718,-60271.1019879669
67017.0260300701,66115.703430914,70616.9889536349,4501.28552272084,63507.5318536799,2653.11219699628,1751.78959784024,6253.07512056108,-856.381979393914,-59862.6283103529
67861.0356723406,66404.9471567385,70826.0961805218,4421.14902378329,63007.9036284317,3995.46479135929,2539.37627575725,6960.52529954055,-857.667252549603,-59444.421857198
68851.8271079477,66651.7459667843,70912.3258699481,4260.57990316388,62416.4757233878,5577.26234128114,3377.18120011775,7637.76110328163,-858.089043278692,-59013.9848635026
69946.4161852417,66808.6805157334,70880.4339161644,4071.75340043105,61791.2844579026,7297.8476784943,4160.11200898599,8231.86540941705,-857.284048844751,-58576.8151063163
71100.1054073953,66834.7519811501,70646.0906606034,3811.33867945334,61094.2692749158,9149.95058477147,4884.59715852629,8695.93583797962,-855.885547708025,-58138.8161431705
72269.547392848,66702.1286416549,70160.7219262281,3458.59328457316,60313.8045982095,11101.3837733225,5533.96502212939,8992.55830670255,-854.359021316053,-57709.5703349524
73404.5106862102,66394.1252705453,69440.7132461158,3046.58797557055,59482.9552338908,13068.7722690846,6058.3868534197,9104.97482899024,-852.783183234811,-57289.150441555
74467.3359591212,65899.5678668893,68538.5937588127,2639.0258919234,58683.1335290527,14932.149798539,6364.38170630711,9003.40759823051,-852.052631529525,-56896.1602686588
75394.3637362545,65191.6120364902,67490.1379927641,2298.52595627384,57986.8276009023,16555.5199108814,6352.76821111724,8651.29416739108,-852.016224470711,-56540.3178690992
76138.0195013549,64265.2248601673,66138.2661205777,1873.04126041048,57254.2304323703,18031.5514067663,6158.75676557866,8031.79802598914,-852.237662218247,-56233.4268341781
76657.8488474981,63127.7291015949,64483.5631749712,1355.83407337629,56467.2681283886,19338.3030299204,5808.18328401719,7164.01735739349,-852.277689189081,-55963.7117442014
76887.1552754997,61753.5280877758,62751.1746584438,997.646570667986,55863.9708542416,20171.6206130141,5037.99342529027,6035.63999595826,-851.563808243937,-55717.8880918176
76775.2605451027,60140.6383141412,60910.1088602896,769.470546148375,55417.3846829815,20508.8659343486,3874.24370338715,4643.71424953552,-849.00992777251,-55496.9240646057
76297.6368872296,58317.3225636144,58857.60125323,540.278689615574,55006.2746304953,20445.9515889603,2465.63726534507,3005.91595496065,-845.410667774045,-55311.4066086538
75442.1391638919,56323.9739175315,56747.5937276116,423.619810080074,54734.7647334891,19865.9564266966,747.791180336137,1171.41099041621,-841.41800370627,-55152.5629271153
74203.9966204414,54195.1859249744,54652.8583369968,457.672412022454,54629.5768525397,18736.2867891418,-1272.52390632526,-814.851494302814,-838.132978759967,-55010.0374192772
72612.1319905515,51985.8555313327,52583.0786059805,597.223074647868,54650.1422807209,17126.4909132035,-3499.78554601534,-2902.56247136748,-835.498796627141,-54888.4180027001
70691.2231738169,49738.0061702092,50513.4297082378,775.423538028653,54729.2995492616,15128.676740248,-5824.54026335968,-5049.11672533102,-833.246884307268,-54787.1228955402
68447.6046509987,47467.2988620669,48501.4624880916,1034.16362602465,54873.9439758209,12745.5715499712,-8234.73423896061,-7200.57061293595,-828.089125206579,-54667.8694750029
65952.471950545,45253.3889560278,46553.3133617836,1299.92440575579,55020.6838092719,10107.5083850394,-10591.5746094779,-9291.65020372207,-824.27975623378,-54545.0391597498
63251.740807802,43132.2327982958,44650.263807017,1518.03100872115,55110.0608202155,7322.34568032611,-12797.1623291801,-11279.1313204589,-819.334307260412,-54411.3641187548
60437.3230793293,41169.0293611796,42981.564313558,1812.53495237832,55276.3025933923,4345.79742776386,-14922.4962903858,-13109.9613380075,-815.223058173149,-54278.9906991871
57604.5796075094,39420.3255095192,41420.2341382867,1999.90862876747,55349.913826707,1439.80696239376,-16744.4471355965,-14744.538506829,-814.858818408626,-54164.8640163482
54789.239695898,37895.5299397717,39978.3187469925,2082.78880722084,55327.4375757533,-1353.60680577548,-18247.3165619018,-16164.527754681,-815.408925920216,-54060.0576944526
52051.5751782844,36618.6405700842,38744.9291117043,2126.28854162003,55281.1700780675,-4047.18936073898,-19480.1239689391,-17353.8354273191,-817.594460955881,-53972.4759974033
49414.8873784964,35583.697230579,37738.4198485749,2154.72261799586,55227.3962169356,-6633.45655410939,-20464.6467020268,-18309.9240840309,-820.947715670161,-53893.6213146099
46926.1493221393,34797.2080055179,36942.8457111112,2145.6377055933,55156.8507123846,-9056.71129825466,-21185.6526148761,-19040.0149092828,-826.009908009349,-53837.2229148007
44618.7477009707,34270.7124854591,36399.8951632656,2129.1826778065,55087.4365978274,-11300.4902603331,-21648.5254758446,-19519.3427980381,-831.801363476362,-53790.0552834973
42484.3105643789,33974.268472665,36112.4391871025,2138.17071443744,55031.1952708195,-13383.5876904511,-21893.629782165,-19755.4590677276,-836.702984010545,-53729.7275403926
40541.487893466,33904.1015744916,36105.3670001131,2201.2654256215,55017.3155474822,-15317.9128542957,-21955.2991732701,-19754.0337476486,-842.085200279443,-53658.1353221402
38799.5328203341,34052.6371564386,36320.2659115125,2267.62875507379,54991.5704057647,-17039.8847654152,-21786.7804293107,-19519.1516742369,-847.847179984596,-53571.7888306755
37286.776331074,34426.1189037304,36754.9158068954,2328.79690316494,54964.9283828253,-18534.6009079719,-21395.2583353154,-19066.4614321505,-856.448856220574,-53492.5803358809
35996.8250834107,34994.5143642485,37408.4750395409,2413.96067529233,54946.4035322149,-19815.2822410082,-20817.5929601703,-18403.6322848779,-865.703792203875,-53398.1466491265
34925.4363823237,35732.4002524674,38303.6314462675,2571.23119380011,54970.7356357563,-20919.6548768976,-20112.6910067539,-17541.4598129538,-874.355623464916,-53273.8600654212
34086.9528320433,36626.6772450381,39347.0477526838,2720.37050764571,54957.9967953559,-21752.7626336954,-19213.0382207005,-16492.6677130548,-881.718670382742,-53119.344958093
33473.2543871586,37648.8006731765,40420.4876960399,2771.68702286339,54815.4141615615,-22229.0519802029,-18053.505694185,-15281.8186713216,-886.892205799952,-52930.6193444981
33096.8761802001,38782.0935725131,41611.6001204005,2829.50654788738,54646.1944286515,-22440.7893420648,-16755.5719497518,-13926.0654018644,-891.471093613378,-52708.1589743775
32947.4619305593,39990.5657075727,42753.8124835151,2763.24677594237,54323.0208940948,-22271.1663673596,-15228.0625903462,-12464.8158144038,-895.607403824171,-52455.3815219766
33015.7358381741,41253.1584599295,43910.3411266536,2657.18266672409,53934.5891288258,-21817.5883646875,-13580.1657429321,-10922.9830762081,-898.735074035827,-52176.1415361376
33288.2182548969,42545.0853652718,45127.5417446229,2582.45637935115,53558.7386385571,-21172.3678497869,-11915.500739412,-9333.04436006085,-901.847466126657,-51878.1297253326
33761.0829432204,43857.7702179418,46311.0741263364,2453.30390839455,53117.8726755569,-20262.2807180348,-10165.5934433134,-7712.28953491888,-905.490985698371,-51570.0597528607
34400.8061398017,45153.4443492641,47429.1885140222,2275.74416475806,52632.5702116587,-19140.5306927386,-8387.89248327614,-6112.14831851808,-908.766620881602,-51265.5926677822
35199.5081902037,46427.0711119342,48558.6668329938,2131.59572105953,52184.5035284198,-17896.3512985915,-6668.78837686089,-4537.19265580136,-911.355960375372,-50964.2637677356
36151.9498496028,47671.7893507667,49625.6201246944,1953.83077392766,51708.1916800914,-16470.5496713816,-4950.71017021771,-2996.87939629005,-914.307840892976,-50668.6687470568
37232.8851075126,48871.4627456011,50601.5073761031,1730.04463050195,51191.3449570505,-14875.7699072175,-3237.19226912899,-1507.14763862703,-917.310057679542,-50378.6103842281
38407.4191287241,50004.5631256757,51521.5837249054,1517.02059922962,50699.7105169216,-13213.2175266758,-1616.07352972418,-99.0529304945573,-920.926138478323,-50103.6160561703
39632.7388501104,51050.7125133739,52388.3252397885,1337.6127264146,50253.0433710286,-11544.2842337303,-126.310570466789,1211.30215594781,-923.979712812133,-49839.4103574261
40887.8079664707,52001.0489818512,53141.6792528108,1140.63027095964,49806.1377007137,-9845.59506056415,1267.64595481632,2408.27622577597,-927.265326321184,-49592.7727560752
42137.5506105151,52847.1039391094,53772.3848291003,925.280889990848,49345.8223876935,-8138.9170278126,2570.63630078177,3495.91719077261,-930.645250634165,-49351.1867483368
43362.4409028787,53588.6789868541,54322.6599129952,733.980926141066,48909.4935138609,-6480.16965283334,3746.06843114207,4480.04935728313,-933.117041851175,-49108.629629571
44556.5438227826,54241.5809585238,54768.0188157983,526.437857274536,48457.3035060532,-4835.79488305208,4849.24225268909,5375.68010996363,-935.035199781504,-48865.9008485601
45724.7865982822,54822.2160431019,55134.7487159268,312.532672824898,48017.1485597382,-3228.73225628783,5868.69718853186,6181.22986135676,-936.370294831852,-48640.9861817452
46868.2821611088,55343.6260607953,55448.764325477,105.13826468171,47617.3575211646,-1686.1530240909,6789.19087559561,6894.32914027732,-937.077664035151,-48449.296920518
47985.6414353597,55812.6427670027,55703.2021234952,-109.440643507563,47247.6488627962,-198.946457598258,7628.05487404479,7518.61423053723,-936.93903016177,-48294.0285364655
49083.9427812324,56241.6313872813,55957.5794800497,-284.05190723169,46942.8049989682,1205.21949462595,8362.90810067484,8078.85619344315,-935.918287638327,-48162.7751938382
50162.9138535757,56637.0144100157,56317.7720824564,-319.242327559364,46789.9432285978,2438.78949248977,8912.89004892984,8593.64772137048,-934.181132488155,-48043.3666886453
51222.437738984,57004.2335153223,56720.0075484121,-284.225966910152,46727.2696677956,3563.18572661346,9344.9815029517,9060.75553604155,-931.98234457494,-47943.4779792807
52261.2692627144,57334.750699884,57126.0505188327,-208.700181051229,46705.386479458,4627.43242350629,9700.91386067591,9492.21367962468,-928.450359750078,-47842.5370202593
53276.3739343996,57623.4308078796,57568.4173484905,-55.0134593890627,46752.0043927698,5599.24447177875,9946.30134525874,9891.28788586968,-925.125069851043,-47732.1429220099
54242.2342406661,57845.2107255252,58026.5265601586,181.315834633458,46858.9178647415,6461.31413712913,10064.2906219882,10245.6064566216,-922.002238795477,-47599.6042689035
55130.8184385957,57980.7933546029,58436.2381146144,455.444760011473,46975.4748183964,7236.52463375917,10086.4995497664,10541.9443097778,-918.818986440143,-47438.849044825
55936.8044645496,58023.0031805678,58754.6709971841,731.667816616274,47060.3774308478,7960.52985143087,10046.7285674491,10778.3963840654,-915.897182270977,-47244.6067965025
56640.6658168653,57949.1995529732,59008.2693707421,1059.06981776891,47149.5860407912,8579.09944834281,9887.63318445071,10946.7030022196,-911.980327731234,-47002.4965507536
57227.2473402186,57747.3299757021,59164.5519182609,1417.22194255881,47228.5193273968,9091.33311815516,9611.41575363865,11028.6376961974,-907.394894666589,-46718.6922795046
57667.4625738058,57403.5834321847,59158.8777465345,1755.29431434978,47242.7037098771,9522.23806305632,9258.35892143522,11013.653235785,-902.52080087238,-46389.9301963997
57962.4796021028,56920.1250428244,58982.6840331507,2062.55899032628,47173.5220331767,9891.85101974117,8849.49646046277,10912.0554507891,-897.106549184888,-46008.0695920353
58117.3779710648,56298.4268011543,58635.2986518224,2336.87185066807,47018.0262208624,10208.5788440576,8389.6276741471,10726.4995248152,-890.772906144817,-45571.9272763392
58126.0240721235,55542.4251217634,58147.3787155245,2604.95359376113,46829.7474741695,10410.6717985312,7827.07284817116,10432.0264419323,-885.604799422784,-45110.3986798311
58000.7469872395,54673.315754297,57515.6843805185,2842.36862622147,46598.5982586275,10519.0242713605,7191.59303841804,10033.9616646395,-883.124457251408,-44639.3540896575
57754.3097033983,53701.0580827625,56743.5067538708,3042.44867110819,46314.4046312804,10556.8910085511,6503.63938791531,9546.08805902351,-883.014063566829,-44154.970023739
57392.0609432907,52633.0250855924,55818.5188445645,3185.49375897212,45964.0661157276,10543.7285660137,5784.69270831538,8970.1864672875,-884.266261549352,-43662.8386183049
56903.8973774431,51476.067072842,54720.3547744631,3244.28770162109,45538.9898582164,10477.9782664013,5050.14796180017,8294.43566342126,-886.92925282538,-43181.6314094207
56311.2296104271,50248.7033727971,53539.1752451646,3290.47187236754,45125.185799127,10295.4095357748,4232.88329814469,7523.35517051223,-890.634275525413,-42725.3482022848
55631.3351541559,48964.7362900854,52234.0806117956,3269.34432171021,44669.3598386824,10066.7434332901,3400.1445692196,6669.48889092981,-895.231882183376,-42295.2473991556
54865.0847055736,47639.1551122222,50934.2559215164,3295.10080929418,44283.4850551351,9681.0712869017,2455.14169355028,5750.24250284446,-900.528363536735,-41888.9126093777
54017.9893761651,46293.7531691093,49603.1931643146,3309.43999520541,43893.6106868293,9218.87696891293,1494.64076185709,4804.0807570625,-905.501720422812,-41489.6724120467
53112.8136301647,44958.6008837723,48240.1653893616,3281.56450558927,43482.5257207501,8718.26138000476,564.048633612417,3845.61313920169,-912.026529409735,-41112.9877445706
52145.7672757097,43633.7877332703,46865.6723103065,3231.88457703622,43063.5114808545,8163.64429174837,-348.335250690989,2883.54932634523,-918.611503106749,-40750.2384069251
51094.5908495645,42321.9323813109,45461.1065143175,3139.17413300663,42609.4335579425,7560.87416174223,-1211.78430651141,1927.38982649523,-924.283129879732,-40394.5425548156
49965.9038049912,41054.500679006,44080.5103725947,3026.00969358865,42144.6542425044,6891.82070785813,-2019.58241812708,1006.42727546157,-929.428854628704,-40048.0734035445
48758.9518474511,39842.7834268577,42632.4697532399,2789.68632638218,41560.5188754217,6264.7631238613,-2651.4052967321,138.281029650078,-933.669848168132,-39704.5023972076
47466.8559853093,38685.6639884044,41310.2704879238,2624.6064995193,41052.8909232993,5476.59339730819,-3304.59859959662,-679.992100077314,-937.37166470181,-39365.6560884818
46070.2882785378,37581.5635403538,40062.1094915677,2480.54595121391,40567.6012726583,4561.91538636805,-3926.80935181595,-1446.26340060204,-940.771619511478,-39027.8269409558
44596.7217229737,36561.532193095,38916.609023284,2355.07683018899,40095.5055272407,3557.39206518157,-4477.7974646971,-2122.72063450811,-943.824130551391,-38684.2528276031
43040.9731555904,35615.866916664,37814.7510952899,2198.88417862592,39583.9380314562,2512.25185251526,-4912.85438641115,-2713.97020778524,-944.783271618982,-38329.8371244493
41436.8437372465,34764.0769054048,36708.267251034,1944.19034562923,38985.4028295079,1505.80514321176,-5166.96168862996,-3222.77134300073,-945.635764526806,-37986.8482484055
39809.648960682,34022.443819428,35734.8214130057,1712.37759357768,38419.4317557113,444.1998549196,-5343.00528633447,-3630.62769275679,-946.017350051185,-37653.0715121848
38216.263607261,33407.2914928704,34881.2827587424,1473.991265872,37853.8730123124,-584.586017129327,-5393.55813151993,-3919.56686564793,-946.976612077924,-37326.8583585183
36675.1153174825,32911.5403585463,34179.0676723111,1267.52731376479,37316.7460504732,-1589.00617395702,-5352.58113289321,-4085.05381912843,-947.375440966315,-36996.5941776747
35211.7367445998,32524.966637544,33572.6525171884,1047.68587964432,36767.917755721,-2503.43313687157,-5190.20324392736,-4142.51736428304,-947.252125750369,-36667.4840018271
33837.4623908987,32236.2046746006,33080.3033648907,844.098690290074,36235.1350295612,-3343.7613516037,-4945.0190679018,-4100.92037761173,-946.088712941289,-36337.1250522124
32588.8488782265,32053.0904508601,32747.5634375518,694.472986691722,35767.3316373173,-4123.62600864999,-4659.38443601642,-3964.9114493247,-945.143249559243,-36018.0019001848
31468.3523694895,31961.7584741591,32472.3569404967,510.598466337644,35281.2451110486,-4757.00288218691,-4263.59677751737,-3752.99831117973,-944.11014062783,-35714.7567853388
30481.9286199801,31941.6549400763,32194.668628907,253.013688830737,34749.9596772995,-5211.22948265698,-3751.50316256078,-3498.48947373004,-943.198425337576,-35440.1444138063
29642.5592679472,31987.4794538491,31958.8234541423,-28.6559997068454,34223.1268507864,-5522.27253633038,-3177.35235042848,-3206.00835013533,-941.704953491215,-35193.4878039844
28966.0782766415,32091.0053824216,31790.0073480302,-300.998034391397,33744.1006035691,-5718.09133788884,-2593.16423210876,-2894.16226650016,-940.06901096131,-34985.1676489218
28447.8778761226,32244.4983893201,31690.115504989,-554.382884331104,33327.0378651911,-5817.58324054601,-2020.96272734844,-2575.34561167954,-938.423251477423,-34819.8440009997
28093.1616770279,32441.654005962,31579.5763308829,-862.077675079068,32908.9899984027,-5752.68762150481,-1404.19529257069,-2266.27296764976,-936.85930012994,-34707.9269736118
27907.0550396008,32675.9052249389,31485.3676129507,-1190.53761198819,32521.2097533416,-5549.78105826381,-780.930872925716,-1971.4684849139,-935.626344522972,-34647.3737098528
27872.5402837096,32928.4098545613,31432.3584311872,-1496.05142337411,32222.8446197786,-5285.02930208811,-229.159731236408,-1725.21115461052,-934.724966019127,-34653.6210091718
27972.7706019521,33200.2863997694,31380.7612004269,-1819.5251993425,31956.9245553077,-4917.96495625824,309.550841559035,-1509.97435778346,-933.811002902733,-34710.2607575529
28204.1055645389,33488.0443980813,31294.617534185,-2193.42686389629,31687.7342274265,-4417.3631011819,866.575732360493,-1326.8511315358,-933.734438294347,-34814.8955296171
28553.6916827964,33785.7018982352,31173.4907320001,-2612.21116623514,31429.0225496709,-3809.90828896854,1422.10192647031,-1190.10923976484,-934.577422093971,-34975.811138
28988.8009701203,34077.8164445485,31161.5410052034,-2916.27543934509,31336.6902594039,-3283.84918923187,1805.16628519631,-1111.1091541488,-935.959899948199,-35188.9255986972
29498.8994237178,34375.4874687203,31114.3400356063,-3261.14743311403,31248.6802826686,-2688.58229538356,2188.00574961894,-1073.14168349509,-938.80143643281,-35448.6291522154
30068.1534110632,34674.8409138527,31130.0820858688,-3544.75882798395,31252.98030092,-2127.2993423668,2479.38816042276,-1065.37066756119,-942.472452509961,-35740.2115814139
30654.930932445,34968.6143263632,31177.9582076069,-3790.6561187563,31328.329469501,-1619.31094670085,2694.37244721737,-1096.28367153893,-945.912409644774,-36064.8979979021
31267.2823103383,35293.7160121511,31257.2690573964,-4036.44695475477,31452.1246026328,-1137.16153425063,2889.27216756222,-1147.17478719255,-952.319241956116,-36440.8907993437
31870.8539253828,35632.5730528453,31393.7930742695,-4238.77997857585,31633.9868473486,-720.88796337412,3040.83116408839,-1197.94881448746,-957.755041408271,-36830.5218673328
32473.6555522801,35989.0701364472,31599.2178572678,-4389.85227917941,31873.7507064133,-361.98231286874,3153.4322712983,-1236.42000788111,-961.887158735569,-37225.4901443283
33079.067337756,36356.048400423,31750.059757049,-4605.98864337402,32062.389861612,52.7714531597835,3329.75251582676,-1276.23612754726,-963.906022984293,-37632.2845279703
33692.1839391056,36745.4505263207,31904.9421762734,-4840.50835004738,32275.5318586468,451.809864229925,3505.07645144509,-1335.43189860229,-964.842216228829,-38080.882424923
34301.4508884204,37159.6382269786,32012.032926117,-5147.60530086163,32494.1132674118,840.962194024974,3699.14953258314,-1448.45576827849,-966.375426983682,-38608.0939952571
34879.4905003382,37585.3611764717,31979.0220601841,-5606.33911628753,32644.1300831104,1267.33435431757,3973.205030451,-1633.13408583653,-968.026062910319,-39218.4952623082
35382.5481625266,38009.6193840457,31911.4266011054,-6098.19278294032,32837.2440292582,1575.36604931926,4202.4372708383,-1895.75551210201,-969.938083949204,-39905.3748961477
35766.8544616377,38401.5218502049,31848.3483239434,-6553.1735262615,33110.6535690467,1686.43485580424,4321.1022443715,-2232.07128189,-969.766036786741,-40633.5931320949
36008.9355405953,38769.5618258828,31965.6944129308,-6803.86741295201,33617.0429570657,1421.70353165781,4182.32981694535,-2621.53759600666,-970.189051871805,-41391.0994218895
36083.4772813368,39104.607968266,32312.2021797168,-6792.40578854918,34378.5679749385,734.124110824162,3755.25479775329,-3037.15099079588,-970.785195574154,-42141.7589590619
35975.5337219971,39404.7573097032,32869.1548808674,-6535.60242883581,35338.3054032083,-332.292286192672,3096.93130151345,-3438.67112732236,-969.520604981458,-42843.4284370256
35712.6421676888,39685.0792584154,33607.0018048892,-6078.07745352628,36428.7007234667,-1684.00273738405,2288.43435334257,-3789.6431001837,-967.944181606196,-43474.7223585991
35342.239708476,39978.2342133015,34635.8690461058,-5342.36516719573,37715.826953186,-3341.89585561258,1294.09864921293,-4048.26651798279,-968.308610902511,-44026.5007312843
34895.7115789823,40275.0886955876,35894.4296310998,-4380.65906448772,39096.5563063781,-5168.5330695451,210.844047060124,-4169.81501742759,-967.688342149348,-44444.9037130151
34444.8924951872,40603.2291983718,37359.1609793202,-3244.06821905161,40523.1511669334,-7044.88958913055,-886.552885945883,-4130.62110499749,-966.630917384285,-44733.8503033693
34051.8813284175,40975.5310590838,38862.8323407337,-2112.6987183502,41814.1748019498,-8727.24802249225,-1803.5982918259,-3916.29701017609,-964.954548959952,-44891.8280692599
33749.4665346283,41397.7462513104,40401.2455553224,-996.500695988011,42953.67604263,-10167.174920547,-2518.89520386489,-3515.3958998529,-962.965412545286,-44913.1421511633
33575.0330514202,41881.068691281,42030.4247359431,149.356044662074,43992.5391997038,-11379.0329958004,-3072.99735593963,-2923.64131127755,-961.526847516758,-44804.7100025585
33574.1321851648,42439.4579488033,43682.4457301072,1242.98778130394,44859.2898591787,-12245.4023226803,-3380.07655904184,-2137.08877773789,-960.24464866644,-44576.5467265412
33779.4711382118,43078.3037630859,45299.1018417883,2220.7980787024,45515.4324514511,-12696.5486550005,-3397.71603012642,-1176.91795142402,-960.587341761226,-44255.2217145099
34193.6162097312,43778.7022114892,46798.6236891639,3019.92147767478,45916.9758749496,-12685.3796911301,-3100.2936893721,-80.3722116973141,-962.020025911621,-43859.0744231865
34831.0673135624,44538.84557572,48070.962323286,3532.116747566,45982.9567119272,-12115.3331455102,-2407.5548833526,1124.5618642134,-963.443747145403,-43414.2837115066
35711.6707903342,45358.8327629508,49081.3902375892,3722.55747463834,45714.7840905065,-10968.5643336886,-1321.40236107188,2401.15511356646,-965.451033516164,-42957.6776493844
36832.0769010424,46232.4682787726,49884.8164401146,3652.34816134193,45213.6563573977,-9350.03008457692,50.3612931533088,3702.70945449523,-968.450628221639,-42529.7588242774
38165.8743352699,47143.5786177341,50501.5060783817,3357.92746064757,44554.249505749,-7361.24363293629,1616.46064952795,4974.38811017551,-972.868462457154,-42169.1905075586
39693.7058141555,48074.5241999146,50903.1687358494,2828.64453593474,43733.9808084792,-5017.1739385285,3363.64444723064,6192.28898316539,-976.898944204762,-41882.2352167492
41404.1143114374,49011.4179658485,51139.5849956529,2128.16702980443,42845.3076414074,-2421.11489093387,5186.1887634772,7314.35579328163,-979.921560963847,-41697.0621725668
43251.0074266061,49931.2262681471,51220.3883414648,1289.16207331764,41941.6113321981,327.040644127614,7007.25948566867,8296.42155898631,-982.355450280427,-41634.8047091608
45175.738745094,50807.4884970037,51201.6326674963,394.144170492538,41100.6337970405,3091.47257356442,8723.22232547416,9117.3664959667,-983.632374489043,-41690.122001037
47136.9156659189,51620.4960406999,51149.4450358984,-471.051004801511,40417.5724111421,5734.59144971728,10218.1718244983,9747.12081969675,-984.751805059533,-41873.3752210031
49075.6714571598,52341.2725172699,51006.2539102109,-1335.01860705896,39857.027830086,8231.81953648394,11497.420596594,10162.401989535,-986.824090589856,-42178.8705277348
50915.5449251529,52939.2602449983,50714.2809148233,-2224.97933017498,39363.569007122,10564.3439560636,12588.059275909,10363.0799457341,-987.63196196727,-42576.1802992642
52606.2201856001,53403.0337231159,50460.7361839767,-2942.29753913923,39111.2881660552,12506.7348117506,13303.5483492664,10361.2508101271,-988.197207794262,-43041.7829129887
54114.2703243158,53714.6708746525,50301.5688061695,-3413.10206848309,39144.4020649916,13981.6434939077,13582.0440442444,10168.9419757613,-988.22476541652,-43545.7288988912
55402.452595625,53853.291522034,50144.3108146991,-3708.98070733498,39346.3982505618,15069.9077326756,13520.7466590846,9811.76595174966,-986.146612387629,-44041.5255702844
56442.0282745916,53817.6617823137,50034.7306912958,-3782.93109101794,39745.4173930069,15714.2879436498,13089.921451372,9306.99036035406,-982.322937934856,-44510.6714219597
57247.6163388585,53627.1024204972,49990.872095471,-3636.23032502626,40311.7304421567,15958.2044383125,12337.6905199512,8701.46019492494,-977.68145838926,-44925.6422255723
57827.1529953773,53294.7258083517,49970.4360139568,-3324.2897943949,40960.7911938447,15893.4992182935,11361.0720312679,8036.78223687298,-972.862583239144,-45257.9435714787
58174.9025040026,52826.5556520052,49975.3535956434,-2851.20205636185,41678.9768282237,15528.098857285,10179.7520052877,7328.5499489258,-967.826818493911,-45498.0057030794
58290.1509404099,52232.989558341,49992.8203962914,-2240.16916204963,42437.0612777766,14890.3562417195,8833.19485965062,6593.02569760099,-962.733420913793,-45639.96386074
58193.9313299431,51536.9050447813,50029.4005080857,-1507.50453669567,43198.8975074525,14036.934361227,7379.90807606524,5872.40353936957,-958.099461263626,-45664.5015054118
57922.4321457662,50757.9940735942,50091.4174398724,-666.576633721794,43942.4311485385,13024.8483528528,5860.41028068085,5193.83364695905,-955.152644374855,-45564.1604266352
57483.2415306191,49906.1706724269,50076.0843423382,169.913669911238,44576.6717068034,11952.7614742214,4375.69061602917,4545.60428594041,-953.808349594362,-45360.5663864865
56887.800521079,48989.3245276591,49923.9803576986,934.65583003951,45040.6759767133,10895.8434182677,2997.36742484782,3932.02325488733,-951.281126097942,-45057.3012727717
56200.1243589013,48056.2510118883,49651.1271148973,1594.87610300896,45327.0457379202,9923.79019007886,1779.91684306587,3374.79294607483,-949.288430902277,-44681.4580658135
55474.0015878967,47127.4679218051,49237.1809587297,2109.71303692454,45425.8614323403,9099.85712561312,753.323459521572,2863.03649644611,-948.283029943225,-44264.431425359
54735.1765319917,46219.7944418615,48689.3529511812,2469.55850931969,45349.5574280825,8437.64731203336,-77.7347780967859,2391.82373122291,-947.971791875841,-43827.9707106386
53991.7433446802,45326.7570617903,47985.1997521001,2658.44269030987,45100.5795200856,7945.60623129161,-719.380051598319,1939.06263871155,-945.557593303006,-43387.6944230787
53283.3470089257,44475.9129003569,47013.9846982256,2538.0717978687,44587.5542887502,7751.4008004574,-1056.03330811145,1482.03848975724,-944.391919718063,-42993.8744105996
52620.6005949569,43656.9670137877,45885.6923093488,2228.72529556103,43953.6169178603,7722.48036425915,-1241.15321690999,987.572078651039,-944.503312837395,-42669.3949351367
52010.1158233605,42878.0380968459,44651.869357368,1773.83126052205,43272.1201451854,7791.57734289221,-1340.50038362233,433.330876899719,-946.418335282864,-42444.7072199462
51407.2937005394,42111.4699078629,43286.852118353,1175.38221049016,42542.2158625649,7917.17038102397,-1378.65341165254,-203.271201162383,-947.907456950513,-42314.7411090253
50808.0220077819,41375.9528715834,41860.8355226655,484.882651082054,41836.3605553979,8021.19274295946,-1410.87639323906,-925.993742157011,-950.468709424579,-42301.9466137404
50176.0103101666,40644.1991590219,40322.5418410196,-321.657318002273,41135.7426481907,8086.37783841879,-1445.43331272589,-1767.09063072817,-953.889823557116,-42411.2897897501
49456.5832473613,39878.3848226861,38780.1274821234,-1098.25734056269,40584.051287924,7914.82975999198,-1663.36866468324,-2761.62600524593,-957.702199445324,-42640.010827932
48603.9890386841,39065.3390750686,37201.2229309466,-1864.11614412202,40157.4945197602,7484.17453759954,-2054.475426016,-3918.59157013802,-962.319981324445,-42983.9306452066
47552.8192253724,38182.1979872545,35656.0002028323,-2526.19778442213,39920.4985345476,6665.60408452494,-2705.017153593,-5231.21493801512,-966.716606299802,-43413.4129252696
46259.9591258322,37227.4224219695,34115.5267970365,-3111.89562493307,39829.3674043643,5460.36771532388,-3572.16898853879,-6684.06461347187,-970.224006144023,-43911.4870354414
44714.2830716515,36235.8824007328,32722.0084353818,-3513.87396535103,39976.4790745005,3765.11545054687,-4713.28522037181,-8227.15918572284,-972.688546604085,-44463.0415864557
42919.1847446098,35244.5831678461,31533.4079898345,-3711.17517801166,40347.2189720214,1597.8861284691,-6076.71544829458,-9787.89062630624,-974.079644119275,-45032.4737941524
40919.1631109405,34302.255079944,30514.9398864044,-3787.31519353964,40823.7802336958,-879.48395429088,-7496.39198528736,-11283.707178827,-974.866831535558,-45585.962258771
38781.424410744,33467.3659088875,29680.2640137773,-3787.10189511011,41348.1310380003,-3542.23373610401,-8856.29223796059,-12643.3941330707,-975.527108847788,-46110.7600419581
36552.9836239325,32774.5487101091,29248.3750771756,-3526.17363293351,42092.1598462412,-6516.19135608231,-10294.6262699058,-13820.7999028393,-977.015133773619,-46595.3486129484
34271.9526588909,32238.3542331227,29136.0218401337,-3102.33239298896,42925.8892958635,-9631.48808659544,-11665.0865123637,-14767.4189053526,-977.551449622846,-47005.7731384753
32015.3385985051,31885.623638462,29267.1964745806,-2618.4271638813,43744.8707458261,-12707.1999426817,-12836.9149027248,-15455.3420666061,-977.66779536058,-47340.965705068
29867.7662762815,31743.9896112994,29644.7869798955,-2099.20263140386,44519.5957432045,-15629.2964185716,-13753.0730835538,-15852.2757149577,-977.46695164869,-47596.265326257
27891.2346503373,31834.4511995687,30207.4721172883,-1626.97908228032,45168.008133636,-18254.0270393856,-14310.8104901543,-15937.7895724346,-977.253556086967,-47772.2407720033
26114.4512326183,32166.2780871391,30995.0731719554,-1171.20491518366,45722.0837170645,-20584.5833786597,-14532.7565241389,-15703.9614393226,-976.950894213448,-47870.2395264616
24628.4895732691,32772.3361379945,31986.5275431384,-785.808594856102,46140.8712670515,-22488.2308921844,-14344.3843274589,-15130.192922315,-975.849198401935,-47902.5290603095
23495.4194565025,33666.2330358766,33163.7570888525,-502.475947024111,46425.6887144929,-23905.8171216829,-13735.0035423087,-14237.4794893328,-975.547863692426,-47903.7125252094
22743.5935209264,34833.0088628647,34435.3992088538,-397.609654010849,46538.3318328469,-24770.7424466509,-12681.3271047127,-13078.9367587235,-976.004134730399,-47911.9456215882
22359.1391695487,36242.6950311592,35961.8575370986,-280.837494060577,46681.9499520178,-25299.0394616958,-11415.4836000854,-11696.3210941459,-976.228679226793,-47939.0161253052
22360.9366115612,37877.9243326823,37596.8362070651,-281.088125617187,46754.5664344512,-25369.9352591806,-9852.94753805949,-10134.0356636767,-976.305436290534,-48011.959996359
22766.3869273235,39722.1531956008,39239.1430201183,-483.010175482528,46701.9931843479,-24912.385032872,-7956.6187645947,-8439.62894007723,-976.778775847675,-48161.7821356781
23543.6058914701,41743.6700514886,40947.422327059,-796.247724429594,46637.4310921524,-24071.0369713252,-5870.97281130663,-6667.22053573622,-977.211770642852,-48410.8905872248
24707.8197025039,43937.5727536203,42776.671138974,-1160.90161464626,46627.0528599395,-22896.145203345,-3666.39215222862,-4827.29376687488,-976.912045909418,-48764.8665204951
26286.5953849996,46300.6201020443,44665.0512439648,-1635.56885807954,46615.8541242499,-21305.6336853934,-1291.60896834864,-2927.17782642819,-976.374946143069,-49227.7979284725
28258.4034998693,48795.8227338062,46611.9535907936,-2183.86914301263,46634.0729200582,-19351.0100107768,1186.40922316007,-997.459919852558,-975.340590587918,-49793.2826536588
30570.7234056377,51379.4057077048,48684.7415452293,-2694.66416247554,46779.7510008321,-17182.8221889373,3625.86011312974,931.195950654204,-973.794593742984,-50448.2097570506
33198.5498014389,54008.3896817654,50818.3633531072,-3190.02632865821,47011.3305769768,-14785.2477876884,6024.59209263809,2834.56576397989,-972.467012150557,-51173.8239177855
36110.7496501767,56651.4035982121,52969.3073121952,-3682.09628601689,47291.7782754786,-12151.9674447574,8388.68650327796,4706.59021726107,-970.938819455543,-51944.813380951
39277.505691377,59264.1162970363,55195.3109208289,-4068.80537620736,47710.3245234066,-9402.38929397647,10584.2213116828,6515.41593547542,-969.570461946914,-52748.7003615609
42648.1114859243,61806.822684432,57461.6269880331,-4345.19569639894,48275.7682838407,-6596.62135528562,12562.0898432222,8216.89414682324,-968.964557369161,-53589.9285376088
46185.0210729741,64237.0811510182,59672.0907605035,-4564.99039051474,48927.3757951819,-3710.54254868758,14341.5175293566,9776.52713884184,-968.187826479725,-54460.5540121764
49831.2506561739,66519.1285014597,61739.7783850176,-4779.3501164421,49618.7102810931,-756.347180184191,15931.5306651016,11152.1805486595,-968.887555265015,-55366.9479528002
53539.5759586978,68626.273914368,63557.317929139,-5068.955985229,50259.2528013934,2309.08923020682,17395.7871858771,12326.831200648,-971.233927097607,-56299.44271372
57216.4451538733,70531.3874078416,65209.5721487686,-5321.81525907306,50943.1552651393,5299.95594259471,18614.898196563,13293.08293749,-973.333946139286,-57238.3044703516
60805.2289055236,72220.1700737128,66685.0180489002,-5535.15202481262,51675.6347708283,8154.24536410954,19569.1865322987,14034.0345074861,-975.348770585746,-58186.1355662267
64271.3184944649,73671.7209577988,67897.5950059489,-5774.12595184987,52390.2307905069,10903.1842012443,20303.5866645782,14529.4607127283,-977.903502713708,-59142.2602450705
67577.4634805125,74874.4846808457,68776.0213789928,-6098.4633018529,53018.7086552832,13578.3648205041,20875.3860208373,14776.9227189844,-980.390004725273,-60097.5619618613
70693.6937566566,75845.955616315,69458.458129452,-6387.49748686304,53677.2154928167,16033.2369310135,21185.4987906719,14798.0013038088,-983.241332826447,-61047.9543125062
73578.2555261021,76558.6045888508,69916.011107455,-6642.5934813959,54356.9152626721,18235.3510175041,21215.7000802529,14573.106598857,-985.98924592588,-61985.4979899938
76163.9983971458,76970.9515108242,70132.7682873285,-6838.18322349566,55070.3044157428,20105.2576889861,20912.2108026646,14074.0275791689,-988.436292416822,-62896.9239316553
78426.3310161785,77114.0894262702,70163.2660765253,-6950.82334974491,55841.0690468389,21594.4670072266,20282.2254173183,13331.4020675734,-990.794962113004,-63782.6873586968
80342.7248919579,76999.2429929716,69982.5139172373,-7016.72907573439,56620.0811762366,22729.6752444453,19386.193345459,12369.4642697247,-992.968471276001,-64629.778723247
81876.8321759741,76626.5135876279,69595.495270935,-7031.01831669284,57405.8825181608,23475.767072215,18225.4484838688,11194.4301671759,-995.182585598268,-65432.0834204519
83039.217922651,76023.5088511022,69040.0107570486,-6983.49809405359,58202.0152310308,23840.3125639873,16824.6034924385,9841.10539838489,-996.890127632866,-66182.4034527173
83827.4386184809,75231.1923259665,68388.1340407745,-6843.05828519206,59045.7826520055,23783.8335176919,15187.5872251775,8344.52893998546,-997.822448783503,-66886.6633859811
84259.2804403098,74286.3613906582,67625.212255021,-6661.14913563717,59896.311963843,23363.9741848484,13391.0551351968,6729.90599955961,-998.994291618353,-67556.4553910986
84311.3140895156,73186.2825353938,66764.9543932942,-6421.32814209956,60777.4437759207,22534.0218235924,11408.9902694706,4987.66212737099,-999.84849000251,-68198.6204080228
84014.8431952551,71973.2900859067,65820.5720637608,-6152.71802214591,61670.4838227795,21342.7598890718,9301.20677972331,3148.4887575774,-1001.59948340384,-68824.8013283293
83387.4303578764,70682.6279399737,64845.3441692405,-5837.2837707331,62592.9405667085,19791.5334904114,7086.73107250869,1249.44730177558,-1002.95630075642,-69433.1806381981
82431.3497858633,69332.7287564179,63801.4111981655,-5531.31755825242,63493.4004949268,17933.8896233237,4835.26859387838,-696.048964374044,-1004.05966761273,-70028.777720792
81145.1998735343,67938.4069480395,62751.6359529802,-5186.77099505934,64405.477994024,15734.764859673,2527.97193417825,-2658.7990608811,-1004.95701983727,-70597.2060089206
79576.6554658936,66544.5901218159,61703.6663826388,-4840.92373917706,65294.7263367926,13277.0671810828,245.001837005001,-4595.92190217207,-1004.86194801822,-71140.5120239879
77729.0463223342,65180.2035923689,60624.0291385676,-4556.17445380135,66101.6711333715,10623.1551667155,-1925.6875632498,-6481.86201705115,-1004.22002224719,-71662.0656094201
75617.6871154472,63854.6106422323,59587.7212738283,-4266.88936840395,66886.5295203877,7728.87516616439,-4034.20130705056,-8301.09067545451,-1002.28242889514,-72155.7013176868
73278.8292141287,62598.6006010853,58640.8405655654,-3957.76003551983,67666.8417963994,4611.94163858198,-6068.2869744615,-10026.0470099813,-1000.04577914739,-72624.6476110666
70782.3628913381,61473.5536415154,57881.1103147874,-3592.44332672802,68473.0876183149,1311.49110711186,-7997.31814271086,-11589.7614694389,-997.784165911293,-73063.3151109542
68209.9530280732,60529.6563632077,57298.2811358055,-3231.37522740227,69252.3038955883,-2037.18089784681,-9717.47756271229,-12948.8527901146,-994.830030331718,-73478.5091533223
65656.5712203092,59808.8008235133,56906.8884753796,-2901.91234813373,70001.909184171,-5337.46490952966,-11185.2353063256,-14087.1476544593,-992.126945667861,-73895.9484779726
63191.3718422517,59332.7517722901,56742.9186334904,-2589.83313879971,70739.0211058378,-8536.86115549141,-12395.481225453,-14985.3143642528,-989.211891905331,-74318.0661365429
60856.2487591864,59103.3328835438,56818.2447341372,-2285.08814940662,71452.6880102947,-11581.2373220861,-13334.1531977287,-15619.2413471353,-984.798070977795,-74722.5742306791
58696.0590298324,59125.8675053741,57176.6097404289,-1949.25776494517,72173.8245986203,-14457.5531304203,-14027.7446548787,-15977.0024198238,-979.787561632519,-75102.8699251979
56721.6577669509,59395.6448114242,57792.2360506048,-1603.40876081946,72869.7508612395,-17121.4609128954,-14447.473868422,-16050.8826292415,-973.367818606825,-75446.5274406658
54951.1543631886,59896.2735080866,58694.3007385206,-1201.97276956606,73580.435721837,-19594.7645158738,-14649.6453709757,-15851.6181405418,-965.483157225386,-75747.8916486284
53416.6980558384,60635.3596460646,59790.5213543666,-844.838291698003,74188.6201861449,-21729.5820983589,-14510.9205081327,-15355.7587998307,-957.659968052415,-75991.1184458953
52160.2568538447,61613.0447241542,61118.0087422944,-495.035981859816,74704.3309859946,-23493.1426745725,-14040.3548042629,-14535.3907861227,-949.068542422495,-76148.4355102769
51223.9184584779,62825.6124720907,62678.8310022032,-146.781469887467,75138.0931123641,-24854.0158892681,-13252.3218756553,-13399.1033455427,-939.841235381811,-76224.7158176334
50673.0114506286,64263.8735156176,64501.043730661,237.170215043404,75545.3121034956,-25802.553656432,-12211.691591443,-11974.5213763996,-930.253003565022,-76238.3948920172
50499.3996677882,65891.3249999163,66541.457968658,650.132968741757,75939.1912288495,-26360.187951962,-10968.2626198338,-10318.1296510921,-920.396390900595,-76209.4546510084
50723.4621837888,67705.7707080648,68645.2733152517,939.502607186926,76201.9034697709,-26388.7574329517,-9406.44890867563,-8466.94630148871,-910.316146969584,-76172.7170095535
51325.8441036762,69672.0496965233,70842.8844936627,1170.8347971394,76414.6895098487,-25988.1829860621,-7641.97739321504,-6471.14259607564,-899.337579889572,-76143.1922925989
52302.8166425781,71751.5106083478,72707.4935058726,955.982897524832,76234.2588871128,-24819.5142554351,-5370.82028966538,-4414.83739214055,-888.07201090038,-76166.3480004883
53619.4397934305,73916.359446194,74342.57018364,426.210737446007,75800.1885392714,-23056.926564869,-2760.00691210552,-2333.79617465951,-876.177819028147,-76250.1556208535
55260.6332159731,76165.6265774928,75848.4303432748,-317.196234218017,75230.8534037401,-20835.8629018647,69.1304596550141,-248.065774562999,-865.64271409763,-76413.6923520558
57200.3904532501,78464.8707195349,77304.5613818385,-1160.3093376964,74636.7403337789,-18292.1010418798,2972.37922440496,1812.06988670856,-855.751161351075,-76652.8008328263
59418.8635875953,80769.9314485707,78671.8004450584,-2098.1310035123,74015.7884980697,-15444.0011187272,5907.06674224816,3808.93573873586,-847.076208252774,-76960.9957098348
61890.6694938268,83056.7742665344,80066.5513015453,-2990.22296498904,73496.8363101327,-12445.5047857382,8720.59998696939,5730.37702198036,-839.337969432292,-77326.397244554
64572.1630034587,85314.839062399,81598.7193498256,-3716.11971257338,73192.7651959789,-9453.20715515395,11289.4689037864,7573.34919121304,-832.604962633736,-77741.489871186
67424.3852987613,87508.5440667231,83175.7010813639,-4332.84298535917,73047.2217420914,-6449.81332392079,13634.345444041,9301.50245868184,-826.976880590691,-78207.0416080413
70411.2814636544,89603.0738531937,84626.9618641003,-4976.11198909337,72925.8511048827,-3337.73529286453,15854.0570966748,10877.9451075814,-823.165651636236,-78725.1287456123
73538.1436150268,91597.1896365671,85886.070686644,-5711.11894992306,72777.9436120585,-60.6662952973249,17998.3797262429,12287.2607763198,-820.866298265618,-79309.9288602472
76750.6226193353,93459.2927742695,87024.1455507199,-6435.14722354968,72696.2518302699,3235.26774686727,19943.9379018015,13508.7906782518,-819.103042198195,-79950.5020960177
79997.0854987868,95165.434777466,88051.2525121434,-7114.18226532257,72689.6657982087,6489.16064399295,21657.5099226722,14543.3276573496,-818.259056585105,-80622.1071201164
83229.2531397478,96693.7688595298,88922.8329896902,-7770.93586983957,72722.0643067138,9688.38636568162,23152.9020854635,15381.966215624,-818.802467352397,-81311.8026439058
86423.1792096491,98033.9066239445,89659.4442145445,-8374.46240939996,72822.9843222354,12780.892208726,24391.6196230214,16017.1572136215,-819.30267868759,-82016.749410323
89527.4276222066,99163.0701020924,90296.7940053811,-8866.27609671127,73054.3019589949,15652.2301509643,25287.8726308501,16421.5965341388,-820.895512247406,-82741.4735679536
92487.699995494,100046.70478794,90744.1602050147,-9302.54458292545,73350.1878503108,18313.9426161637,25872.9474086099,16570.4028256844,-823.569529019571,-83476.3019622558
95278.6486607726,100695.526874196,91051.0888041134,-9644.43807008288,73752.5871084972,20697.9346671426,26114.8128805663,16470.3748104834,-828.126885132703,-84225.1520637128
97847.0921370132,101093.77969328,91202.8886416617,-9890.89105161843,74250.7686291188,22762.9458342093,26009.6333904763,16118.7423388578,-833.377673685095,-84975.0373544223
100154.73598706,101242.21457328,91233.5372054277,-10008.6773678524,74882.0213957483,24433.1078330377,25520.5864192577,15511.9090514053,-839.606758274064,-85730.3055218748
102174.514858634,101143.13990585,91150.9776013754,-9992.16230447418,75625.402481905,25702.4597735906,24671.0848208066,14678.9225163324,-846.652603138061,-86464.2173895172
103879.847705926,100795.540675325,91031.8497217819,-9763.69095354307,76523.8565778968,26501.9384473508,23417.6314167499,13653.9404632068,-854.052680678283,-87141.6002121181
105256.68908085,100214.420524298,90906.584246859,-9307.83627743941,77566.4761245222,26830.1424042758,21787.8738477247,12480.0375702853,-860.070552051485,-87734.3829540131
106286.579700849,99420.458224057,90753.783225643,-8666.67499841401,78720.2709899537,26699.1687536962,19833.0472769039,11166.3722784899,-867.139957199409,-88254.0859455671
106957.93893323,98412.3911846896,90488.3841100682,-7924.00707462141,79904.1104913019,26179.3532928305,17633.8055442904,9709.79846966895,-874.475149097354,-88702.5927150207
107300.001989608,97213.359194245,90036.08022537,-7177.27896887505,81019.380765043,25399.5321183615,15312.8893229987,8135.61035412365,-881.089106203346,-89077.7488401214
107296.515126783,95832.351360705,89440.6079379779,-6391.7434227271,82094.5322979775,24314.7721107328,12850.6083446548,6458.86492192766,-887.210718072795,-89373.4864387773
106965.055980708,94322.1847864419,88802.5421108918,-5519.64267555011,83174.1273548957,22894.5460003631,10251.674806097,4732.03213054694,-896.382625449189,-89590.152655895
106300.580856,92682.6632259679,88258.130045276,-4424.53318069183,84360.8067616226,21034.1446342252,7416.22700419308,2991.69382350125,-905.629460152201,-89690.9694024666
105344.479282599,90942.2076947488,87713.082874212,-3229.12482053673,85533.0998037597,18896.3922899728,4494.12070212254,1264.99588158582,-914.987188866485,-89677.2118131629
104113.822430557,89125.14630299,87210.4033798161,-1914.74292317393,86724.6722126271,16465.0175149841,1476.34138741713,-438.401535756802,-924.13270294578,-89563.5478387468
102622.23637213,87258.2418903297,86577.7078659603,-680.534024369469,87744.0202643566,13946.9678860622,-1417.0265957382,-2097.56062010766,-931.248221711283,-89355.8025104374
100901.597804344,85377.6728972839,85838.0788610644,460.405963780465,88581.6118084995,11383.0573919682,-4140.86751509158,-3680.46155131112,-936.928603875972,-89058.134448595
98993.8274482246,83514.708048126,85055.0376998603,1540.32965173432,89274.0574435947,8777.98285061898,-6701.13654947966,-5160.80689774534,-941.787154010916,-88675.5149458714
96903.9411397416,81671.3197273815,84224.0757597517,2552.75603237011,89804.287963719,6154.41939792737,-9078.20201443277,-6525.44598206266,-945.233778095333,-88196.7657094442
94676.7835862101,79883.6842071724,83414.206786011,3530.52257883856,90204.1185533769,3524.21242100207,-11268.8869580357,-7738.3643791971,-948.452611831085,-87622.0485863695
92366.4706464851,78173.4225293679,82673.1333630536,4499.71083368571,90514.7080428611,901.656279755321,-13291.3918373619,-8791.68100367615,-950.106323868679,-86965.103533044
89990.1818513394,76525.1524597061,82045.4512445431,5520.29878483697,90807.6369060938,-1767.58436375711,-15232.6137553904,-9712.31497055342,-950.129309002691,-86237.4674302595
87550.1242495084,74937.0359327421,81318.4384473176,6381.40251457555,90874.7160187617,-4273.42928870936,-16886.5176054757,-10505.1150909001,-948.837519456011,-85442.1510236422
85074.0049796439,73439.0471273914,80565.806490289,7126.75936289766,90764.6548885236,-6637.76183809317,-18272.7196903457,-11145.9603274481,-947.1119292135,-84585.0074548394
82604.8272404029,72035.1958979741,79856.2263909266,7821.0304929526,90535.6697012105,-8875.91340672377,-19445.5447491526,-11624.5142562,-945.070945916146,-83659.7101541741
80185.3243994892,70723.0488639698,79351.350514354,8628.30165038417,90343.9198460857,-11100.6845711414,-20562.9601066608,-11934.6584562766,-942.089124544909,-82657.7073202464
77840.0958875824,69525.1872752802,78956.0435282797,9430.85625299952,90094.3187102598,-13192.8400596338,-21507.748671936,-12076.8924189365,-938.617236956404,-81602.0796942167
75567.59007071,68436.9996750976,78565.9354572188,10128.9357821212,89713.7880476785,-15079.6540857439,-22210.2444813563,-12081.3086992351,-933.4561087754,-80518.3083743327
73403.3932557973,67469.2357951878,78116.2397657729,10647.0039705851,89142.6950239594,-16666.1443173109,-22600.3017779204,-11953.2978073353,-926.842549148805,-79422.5336025232
71384.8104225933,66624.6705840334,77540.7601554485,10916.0895714151,88316.1712320962,-17851.1962449092,-22611.3360834692,-11695.2465120541,-919.835435406437,-78319.9170960875
69474.6343616398,65870.9919841797,76953.7316147025,11082.7396305228,87388.8658646179,-18826.1904099884,-22429.8327874486,-11347.0931569258,-911.958907010286,-77218.0851411054
67633.4030620393,65194.5353986869,76459.6466760531,11265.1112773662,86496.4484159055,-19767.4258522374,-22206.2935155897,-10941.1822382236,-904.38049837114,-76135.7176369105
65896.9690187844,64619.9979516276,75978.6832802651,11358.6853286375,85540.4889034559,-20541.109989894,-21818.0810570508,-10459.3957284132,-897.590105222481,-75079.3936800409
64305.7672164829,64152.3047603068,75476.0598100458,11323.755049739,84491.6055322182,-21077.166119053,-21230.628575229,-9906.87352549001,-891.327803317674,-74059.1782857969
62847.2458793948,63785.7475202929,74941.3130849822,11155.5655646892,83366.4175231155,-21403.7972066141,-20465.295565716,-9309.73000102678,-884.625562893488,-73095.4775213197
61521.8106357799,63537.0789040052,74545.8698340426,11008.7909300374,82336.3512990819,-21693.4471564447,-19678.1788882194,-8669.387958182,-878.90649314274,-72206.4668621872
60361.841418697,63425.936428185,74107.0212409226,10681.0848127375,81191.2680532325,-21702.7412605373,-18638.6462510492,-7957.56143831168,-873.31462600172,-71383.4978664967
59419.4736475942,63460.8098156093,73726.1036134061,10265.2937977969,80011.9238378506,-21460.167368271,-17418.8312002559,-7153.53740245906,-867.717178014563,-70614.3472180683
58680.162787533,63630.27643709,73512.4116327174,9882.13519562738,78922.1202510401,-21104.7317724044,-16154.6181228474,-6272.48292722004,-862.774308897385,-69902.7593643101
58141.666023318,63925.9253627189,73393.7913471565,9467.86598443761,77847.4440975626,-20563.5941660203,-14779.3348266194,-5311.46884218182,-857.816091775764,-69237.3942049007
57840.6713698227,64345.9590803954,73331.1201321106,8985.16105171523,76744.1144621806,-19756.2514154125,-13250.9637048398,-4265.80265312456,-852.80832305456,-68611.7617335199
57804.0838173321,64870.5692424663,73257.6128572133,8387.04361474705,75583.6427133888,-18629.1122869758,-11562.6268618416,-3175.58324709454,-849.553390919113,-68046.1524895608
57975.2208940722,65443.3046355483,73250.431094343,7807.12645879476,74505.615884831,-17376.6213842045,-9908.5376427284,-2101.41118393363,-846.226393445682,-67544.7158194819
58360.5005358301,66073.3105902141,73283.68621097,7210.37562075586,73483.78620475,-15967.6843747114,-8254.87432032734,-1044.49869957148,-844.398705791425,-67117.8092897856
58959.2947261517,66744.0458047602,73282.0549018002,6538.00909703998,72441.955362453,-14325.9812703842,-6541.2301917757,-3.22109473571887,-843.320634082829,-66747.2668994959
59735.3797093528,67415.6352157855,73262.6463264134,5847.01111062789,71448.8903474967,-12556.8362038954,-4876.58069746267,970.430413165218,-843.325565751545,-66445.2048026203
60629.7424422363,68056.7394538894,73122.3336785218,5065.59422463244,70431.9715963927,-10646.9940024784,-3219.99699082538,1845.59723380706,-844.764848322033,-66211.1422200823
61614.2903208717,68674.8791390451,72951.5721457226,4276.69300667746,69462.4971835028,-8695.92122530784,-1635.33240713448,2641.36059954299,-847.714362676818,-66033.5185395021
62677.8003354231,69269.6779260776,72826.3359420578,3556.6580159802,68592.6219668044,-6766.65068685822,-174.773096203669,3381.88491977653,-851.829055476857,-65887.7930063011
63783.1878995873,69814.8445279246,72729.7688121099,2914.92428418532,67820.357392081,-4894.22230100172,1137.43432733549,4052.3586115208,-857.052808508084,-65762.4859164037
64904.1236691122,70302.367736023,72657.6271973198,2355.2594612968,67155.3319997026,-3114.85511825283,2283.38894865794,4638.64840995474,-863.646787662507,-65663.7193260683
66014.1495732431,70737.3686240155,72513.8770219287,1776.50839791316,66483.2564697887,-1339.58108953255,3383.63796123986,5160.14635915302,-870.474192986991,-65577.2222648625
67104.6726008696,71118.381530639,72268.3172877239,1149.93575708489,65777.4610506801,448.62909255823,4462.33802232769,5612.27377941259,-878.582457631256,-65506.1077512264
68131.959527509,71412.6025872452,71961.3625225033,548.759935258125,65089.0096158842,2155.97098233975,5436.61404207592,5985.37397733405,-886.978929285072,-65427.2286099112
69101.2414094753,71638.921024241,71607.5426445011,-31.378379739855,64422.1856640526,3783.47809830247,6321.15771306823,6289.77933332838,-895.577647120142,-65349.1416909126
70045.4766162027,71835.2163417153,71297.4388805801,-537.7774611352,63840.2127639872,5300.02289804779,7089.76262356044,6551.98516242524,-905.240954167709,-65283.2311792901
70957.8391879092,71968.3036906238,71004.2400017295,-964.063688894314,63330.0132842683,6713.87892790375,7724.34343061835,6760.27974172404,-913.946975737218,-65208.0239488998
71822.2480228812,72004.6067605315,70670.4999411316,-1334.10681939992,62860.52547435,8040.0204826063,8222.37922025668,6888.27240085675,-921.702065924897,-65116.3343596748
72615.7780426748,71933.538774047,70307.76708832,-1625.77168572709,62461.7159015626,9225.41729200068,8543.17802337291,6917.40633764583,-928.644849111522,-65016.1324364012
73314.0447295006,71749.959852807,70007.4570199605,-1742.5028328465,62221.204496067,10157.8218981736,8593.73702148005,6851.23418863356,-935.018335259984,-64898.7256641735
73885.2550444581,71440.8676615195,69655.9949864448,-1784.87267507473,62027.9762986417,10917.2415217853,8472.85413884671,6687.98146377199,-940.037224031111,-64752.8861977475
74293.9045447484,70991.139393664,69152.2080221476,-1838.93137151633,61789.9379992225,11560.6038550646,8257.83870398016,6418.90733246383,-943.362690461313,-64572.2320612001
74542.3748516782,70423.4704366921,68629.1476832193,-1794.32275347289,61637.0334230073,11959.527579664,7840.62316467791,6046.30041120502,-945.813849006914,-64377.1700254871
74635.7993817788,69753.845329218,68139.1472356851,-1614.69809353291,61611.6188079706,12076.8714572703,7194.91740470946,5580.21931117655,-947.309116537976,-64173.6260180414
74551.0405488501,68967.2684353712,67496.2963728405,-1470.9720625307,61534.4386847725,12068.3889060382,6484.61679255931,5013.64473002861,-948.212958039418,-63953.6237053426
74281.1717106577,68068.004560761,66762.6929352369,-1305.31162552406,61456.1545674415,11878.4007504602,5665.23360056341,4359.92197503935,-946.616392756079,-63708.0825857216
73842.1984850094,67093.7517351096,66075.4176900395,-1018.33404507014,61510.3167051654,11387.3605749631,4638.91382506332,3620.57977999317,-944.521204880949,-63473.1719551164
73221.9001772288,66056.6313243928,65459.0309669392,-597.600357453606,61706.1170823084,10572.87243362,3407.603580784,2810.0032233304,-942.910661300406,-63246.6281010624
72433.8443547744,64984.3097447529,64780.7064958798,-203.603248873065,61884.4147650117,9606.64701255124,2157.11240252975,1953.50915365669,-942.782577211405,-63030.8005910962
71515.9414990776,63913.3968597536,63994.1277607471,80.7309009935044,61948.5473345428,8624.38636848274,1021.84172915871,1102.57263015222,-943.007796052021,-62810.8242296013
70497.0856564792,62874.3113236519,63318.3281737858,444.016850133922,62095.0431593302,7459.09928643783,-163.675046389557,280.341803744364,-942.943210711159,-62593.9695199075
69415.9356705244,61903.9982041026,62731.9950733413,827.996869238712,62273.6831389302,6199.1131452627,-1312.8243211591,-484.827451920384,-943.139386331547,-62388.825656023
68297.1876467299,61004.8630868425,62082.6095786931,1077.74649185057,62322.0574132974,5032.04229700765,-2260.28226287975,-1182.53577102918,-943.087936424874,-62187.3988578717
67171.7478190923,60182.1152632633,61482.8207236226,1300.70546035926,62337.9137982197,3891.63362024116,-3097.99893558783,-1797.29347522856,-942.200400631372,-61979.4087384919
66056.1008445387,59436.6697431031,61064.9993322756,1628.32958917249,62458.9977551256,2656.47881339814,-3962.95228803744,-2334.62269886496,-940.62427601488,-61771.292441968
64961.9516396415,58765.9724993564,60764.3698260108,1998.3973266543,62623.4608790358,1400.26127088135,-4795.71786940369,-2797.32054274938,-938.229489724357,-61563.2930421058
63890.1412519952,58156.7927269633,60322.3923603687,2165.59963340539,62597.5150575953,356.459884647005,-5376.88864038488,-3211.28900697949,-936.166309752918,-61368.0817339428
62825.5937162807,57588.9017941865,59834.6448255568,2245.74303137035,62496.9569183171,-605.211473668429,-5841.90339576266,-3596.1603643923,-933.848271631994,-61185.0621585788
61780.9524194482,57073.6374441497,59362.3633613979,2288.72591724821,62362.8685306136,-1513.6041998159,-6220.91917511445,-3932.19325786623,-931.688088650575,-61005.8307020159
60741.5037992072,56604.9643345478,58881.1492435341,2276.18490898618,62155.4361663433,-2342.08604419597,-6478.62550885532,-4202.44059986913,-928.153677059889,-60807.404934417
59715.674437941,56198.5031169202,58530.7189553009,2332.2158383807,61987.9302622624,-3196.59832013667,-6713.76964115752,-4381.55380277682,-924.342495815328,-60580.056919697
58733.0727468405,55871.2605113104,58288.0375129359,2416.77700162549,61821.2738791866,-4008.57414410281,-6870.38637963288,-4453.6093780074,-920.373011756671,-60324.8698893178
57825.0752450076,55633.9070491016,58149.4189068773,2515.51185777569,61647.3247704698,-4739.39814210063,-6930.56633800669,-4415.05448023099,-917.148616638425,-60048.9615293326
57022.0926445433,55487.0251690595,58152.517866479,2665.49269741947,61502.1317952393,-5394.44765912994,-6929.51513461371,-4264.02243719424,-914.408508434001,-59751.0476062538
56337.027882525,55415.639846164,58107.120092136,2691.48024597205,61203.7896461237,-5777.77446690335,-6699.16250326438,-4007.68225729232,-911.012703304618,-59423.3221034563
55768.1877469449,55405.29000897,58140.9485438734,2735.65853490344,60910.0147352318,-6050.64625896059,-6413.54399693553,-3677.88546203209,-908.819270673698,-59083.175471002
55323.5976576767,55437.2553354871,58275.7692057314,2838.51387024429,60673.7980986247,-6257.9654514795,-6144.30777366912,-3305.79390342483,-907.765010531536,-58743.0492389119
55003.6134204122,55496.7575646054,58462.5831160716,2965.82555146621,60461.3192638811,-6365.02074399174,-5871.87659979853,-2906.05104833232,-907.314900522815,-58402.8086129377
54797.2964844597,55571.179943141,58669.6698652999,3098.48992215895,60263.5088679229,-6373.47040506941,-5599.58694638808,-2501.09702422913,-907.258021606237,-58072.2769673701
54698.8064726566,55668.9731415342,58913.9517368328,3244.9785952986,60104.6054030134,-6314.51149654319,-5344.34482766555,-2099.36623236695,-908.712566186337,-57768.3393739012
54659.3454954283,55763.5298034288,59098.5323016274,3335.00249819857,59900.5410727974,-6151.28195530429,-5047.09764730375,-1712.09514910519,-910.086377935154,-57475.624952534
54702.7479125209,55868.761684167,59243.053853583,3374.29216941598,59663.6489781901,-5872.66466454569,-4706.6508928996,-1332.35872348363,-911.763598876516,-57201.1204076506
54860.5891605085,55996.3464057941,59372.4459520748,3376.09954628069,59420.3847450153,-5473.83383740635,-4338.07659212079,-961.977045840095,-914.038252899552,-56958.3234516342
55085.3714800169,56116.9458721559,59547.7656466899,3430.81977453398,59250.8317707361,-5081.86327791038,-4050.28888577138,-619.46911123739,-916.402987191184,-56736.4149833933
55337.033090412,56224.8518801509,59683.411358681,3458.55947853009,59066.9249806963,-4649.2875789537,-3761.46878921484,-302.909310684749,-919.395688669381,-56527.7611908356
55606.8554820644,56320.8902319647,59810.9471053207,3490.05687335595,58893.0567566847,-4209.4611294135,-3495.42637951317,-5.36950615722509,-923.259854793225,-56326.2597381219
55873.1922400397,56380.6619501743,59829.5168990525,3448.85494887826,58657.2982935146,-3711.09550854816,-3203.6257984136,245.229150464661,-926.989455073266,-56135.4327997096
56107.2598229712,56376.268405101,59709.0993120867,3332.8309069857,58364.6284247379,-3187.89257918857,-2918.88399705876,413.946909926941,-930.523977421855,-55962.3214951741
56255.8927989012,56295.8350987908,59352.1311533448,3056.29605455404,57922.5412102041,-2598.64977416732,-2558.70747427772,497.588580276326,-932.001362864377,-55798.2465185144
56333.5176629362,56189.4148463397,58788.1646031408,2598.74975680107,57313.9420981894,-1913.66739342415,-2057.77021002069,540.979546780373,-933.242958171057,-55648.4352995593
56370.8061118666,56090.2749885952,58143.1806064948,2052.90561789953,56633.4162382843,-1196.46183295863,-1476.99295622992,575.912661669604,-933.851706540907,-55514.3623269256
56392.6266339319,56000.1701252092,57471.8830393384,1471.7129141292,55948.9134840494,-491.533055861808,-883.989564584464,587.723349544734,-935.246205744317,-55412.4467756645
56398.7982658696,55900.2578194862,56854.2773425398,954.019523053632,55356.5111299527,105.663236267886,-392.877210115483,561.142312938156,-936.623899649035,-55339.1155065481
56393.2627411043,55788.1985094418,56337.4990080951,549.300498653234,54896.9521402302,557.840489238501,-47.2237424239307,502.076756229302,-938.470111635569,-55286.1217532125
56367.706569027,55656.7069101118,55880.4253769989,223.71846688712,54534.3598745013,892.583198596217,181.583539680955,405.302006568075,-940.763495929563,-55251.4049035437
56310.3920291888,55499.7864236957,55383.8304643842,-115.955959311461,54185.4310804317,1182.31977279656,371.714167303394,255.75820799193,-942.641175960554,-55244.0282157037
56203.4946820858,55319.7894390071,54796.5625117543,-523.226927252812,53811.5404201479,1446.93164587733,563.226402798695,39.9994755458828,-945.022616060528,-55279.7899634612
56017.4588491968,55105.7065975309,54128.5968948318,-977.109702699075,53421.3280889144,1649.88738659978,738.135134933883,-238.9745677652,-946.243373682678,-55344.6811652961
55772.0286284125,54880.2215760502,53407.316542586,-1472.90503346414,53015.5908606408,1809.30575896617,917.498706603821,-555.406326860326,-947.132008805538,-55435.6279029105
55470.9207063038,54662.0375884414,52782.5715435196,-1879.46604492183,52719.5774836515,1804.01889306217,995.135775199766,-884.330269722071,-947.324329590148,-55546.3678581635
55117.390964312,54457.8581914085,52253.6083722854,-2204.24981912303,52518.370496228,1651.41729071484,991.88451781131,-1212.36530131173,-947.603177369225,-55670.2234927202
54709.7532070282,54265.8554674529,51856.1921327792,-2409.66333467374,52435.2499701374,1326.16199033224,882.26425075695,-1527.39908391679,-948.341246558566,-55793.2545513697
54280.9686292686,54106.6082336135,51628.2792890845,-2478.32894452901,52481.7328644641,849.988321407859,675.627925752763,-1802.70101877625,-949.247443396684,-55909.3092523898
53865.5853652016,54008.2582985556,51533.921291337,-2474.33700721856,52595.2241705103,319.535293548465,462.208226902376,-2012.12878031618,-950.825901142903,-56020.3870788717
53468.8516196832,53981.0779654962,51508.592067855,-2472.48589764123,52714.4199353387,-198.074019545034,314.152326267998,-2158.33357137324,-952.505703889533,-56139.4115368694
53090.7145080593,54024.214188504,51523.2303639101,-2500.98382459393,52813.7689778602,-677.574971970912,255.924708473744,-2245.05911612019,-954.520502170077,-56269.2733046242
52765.2913442191,54156.8683695406,51633.327584611,-2523.54078492954,52938.2471599993,-1129.39977637204,262.177248949397,-2261.36353598014,-956.44396059183,-56418.2319055207
52531.7731985738,54407.1751485712,51860.6985960338,-2546.47655253738,53093.1173970563,-1519.80910090204,355.592849095309,-2190.88370344208,-958.464902419609,-56598.0588520133
52388.0082096581,54770.012901503,52239.5795929204,-2530.43330858257,53309.0934877314,-1880.76005845999,501.244633384926,-2029.18867519765,-959.674780386727,-56799.2015767007
52337.4443107979,55237.8662014682,52740.4787187242,-2497.387482744,53556.507161242,-2179.18656254077,721.235328129468,-1776.15215461454,-960.123712096698,-57014.0183560827
52435.7767609237,55820.5100019941,53323.455223089,-2497.05477890515,53790.6299051563,-2315.28721094458,1069.4460301259,-1427.60874877925,-960.434066711986,-57248.1187507734
52713.9717179107,56503.2163384915,54099.6574660625,-2403.55887242908,54125.8273791204,-2371.22327325284,1418.02134732797,-985.537525101106,-959.367612043197,-57488.7538635927
53187.0998543738,57279.0111151742,55101.8127174371,-2177.19839773719,54593.1152724507,-2362.98633763266,1728.92492316774,-448.273474569449,-956.970919555763,-57727.2845897437
53833.6421504997,58116.7341272159,56278.4387242016,-1838.29540301432,55174.8811036606,-2295.60148617003,1987.49049054615,149.195087531832,-954.362533009103,-57967.5390396841
54608.7380417755,58956.2631704291,57563.5323688802,-1392.73080154888,55853.2801415638,-2192.78827948489,2154.73684916867,762.006047619792,-948.246179696591,-58194.2571228093
55524.034063806,59776.0600994748,58716.509901679,-1059.55019779583,56413.3539114672,-1828.23104334895,2423.79499231988,1364.24479452404,-938.911195687777,-58411.8153049508
56591.1852853639,60585.4637277695,59840.0725095929,-745.391218176541,56967.5359687981,-1305.65648598303,2688.62195642248,1943.23073824595,-929.305802548914,-58642.2329895235
57761.1214059983,61365.9738752172,60793.967297421,-572.006577796286,57390.7468869485,-547.543393989913,3057.30907522903,2485.30249743275,-917.91791303976,-58880.6713777845
58989.1089795959,62095.5383834208,61660.8639385637,-434.674444857148,57775.4302448256,307.373922134656,3413.80332595958,2979.12888110243,-906.304812635658,-59116.4095023184
60246.109148443,62750.5494224129,62416.4121156306,-334.137306782296,58120.2091789748,1229.04369182185,3733.4839657918,3399.34665900951,-896.856277646262,-59351.2027634034
61485.6347221327,63291.2218219575,63074.5035685248,-216.718253432739,58457.4504339139,2140.23428515717,3945.82138498199,3729.10313154925,-887.950003061646,-59562.1186904082
62680.8394743322,63708.7996013453,63635.5850542984,-73.2145470469363,58803.7056666939,2995.6708262459,4023.63095325902,3950.41640621209,-881.462981392382,-59758.3831951333
63774.4686492452,63979.9688255018,64061.3979070259,81.4290815241801,59144.1322061786,3753.81323889343,3959.31341515004,4040.74249667422,-876.523204173108,-59939.2263288275
64719.6337024227,64106.5420067147,64245.9375605855,139.395553870791,59389.5991087408,4455.15003400343,3842.05833829542,3981.45389216622,-874.884559678496,-60125.0881145485
65470.8492131766,64096.4843687178,64165.2262935233,68.741924805459,59516.0207639427,5078.32332382112,3703.95847936227,3772.70040416773,-876.505125412872,-60323.7839645501
66020.3874595889,63963.3690070508,63860.9404475812,-102.428559469563,59528.9648897701,5612.87130323217,3555.8528506941,3453.42429122454,-878.551266586606,-60509.9447158263
66365.0640796868,63716.3901866023,63362.8395624372,-353.550624165036,59440.805396676,6044.25057239752,3395.57667931309,3042.02605514805,-880.008110613229,-60674.3641314543
66518.2135766241,63372.5835271666,62865.9859496188,-506.597577547845,59430.0337744416,6208.49468330423,3062.86463384675,2556.26705629891,-879.685118878275,-60816.3164708677
66489.0005864817,62957.8662493402,62369.5071246901,-588.359124650151,59480.5467191884,6129.45096282667,2598.31662568519,2009.95750103504,-879.002904466592,-60947.9087483052
66282.8619830709,62493.8279924794,61829.427245384,-664.400747095462,59517.4176111253,5887.27341942073,2098.23942882927,1433.83868173381,-878.170952524808,-61059.9893107456
65928.3053243058,62021.7825640837,61183.7366198592,-838.04594422455,59430.8543951668,5618.76068623988,1712.23792601783,874.191981793284,-878.69024289913,-61147.5905822905
65455.9569278082,61542.2423880349,60647.2656677176,-894.97672031737,59430.3228467481,5146.60428605855,1232.88974628529,337.913025967924,-879.029795001545,-61204.329362067
64907.0880544044,61072.6050763074,60220.6838348085,-851.921241498879,59511.709584838,4517.37828583045,682.895307733364,-169.025933765517,-878.000183735949,-61241.6310100729
64315.5938855986,60640.5255285146,59880.8049636167,-759.720564897814,59626.3134718556,3814.37099428438,139.302637200344,-620.417927697472,-874.90941945855,-61260.943456212
63735.3081599857,60285.0223348486,59476.2370205017,-808.785314346874,59605.2720463998,3257.98860837123,-192.297216765876,-1001.08253111275,-872.047505214628,-61286.1048659613
63211.1251511725,60022.7789559672,59050.6164918639,-972.162464103287,59487.1603940046,2853.6965437553,-334.649651450036,-1306.81211555332,-870.268213412587,-61329.5910715205
62751.3155625219,59829.5057318964,58674.1839846249,-1155.32174727144,59340.3078203548,2544.33169542216,-377.478135203389,-1532.79988247483,-866.676046744952,-61362.3056143712
62369.1984661821,59694.6166205133,58505.9381582968,-1188.67846221651,59324.1475573485,2183.75827967412,-490.823565994601,-1679.50202821111,-861.292629159471,-61374.1186487245
62115.3815163178,59653.4245527541,58434.6195231358,-1218.80502961831,59335.1897001311,1921.17873542602,-540.778228137612,-1759.58325775592,-859.013080760636,-61413.00781051
61968.6902085524,59683.1437441351,58435.9221089184,-1247.22163521676,59384.212628385,1724.58159521725,-560.96486920002,-1808.18650441678,-859.895984950114,-61491.3302485519
61904.5063363925,59755.0646505218,58420.633772279,-1334.43087824275,59425.1003356084,1615.81032516274,-533.631360707978,-1868.06223895073,-863.595675621362,-61623.1268894725
61888.5922047505,59847.6863920485,58416.3601905161,-1431.32620153241,59507.9130824244,1511.97183369019,-528.933979011806,-1960.26018054421,-868.707288635956,-61807.9465725927
61901.6847633854,59971.8663233856,58485.7672745517,-1486.09904883391,59688.9542209415,1336.90101383279,-592.917426166965,-2079.01647500088,-875.829528611167,-62050.8827983865
61910.0710879418,60133.7889945019,58533.757676207,-1600.03131829492,59853.7042537288,1172.15100486935,-604.131088570588,-2204.16240686551,-884.21582934371,-62337.9514013674
61881.1421327758,60315.4163540169,58747.7822269108,-1567.63412710608,60175.2073556534,814.973220745919,-750.752558012932,-2318.38668511901,-890.961556376465,-62633.8030391359
61824.4936315279,60536.5613781291,59202.2103450934,-1334.35103303573,60706.9702273385,219.956861920704,-1067.9753914781,-2402.32642451384,-897.566542268744,-62938.8878026429
61785.5671516261,60829.5577275641,59783.3808770209,-1046.17685054319,61292.9284292167,-411.741517053532,-1367.75094111549,-2413.92779165869,-904.380239462962,-63243.4855192228
61784.3544304803,61204.5264834236,60479.2635840687,-725.262899354912,61906.2641415737,-1033.23183913954,-1613.05978619631,-2338.32268555122,-911.322128046176,-63542.8491689748
61839.8603787419,61647.8497437703,61276.6544363235,-371.195307446808,62537.4629371528,-1614.81136103328,-1806.82199600482,-2178.01730345163,-917.208802622399,-63825.867047222
62009.7917813657,62186.4764234846,62218.8574297915,32.3810063068618,63224.6979560107,-2138.22819887482,-1961.5435567559,-1929.16255044903,-923.32202422984,-64115.6389739337
62300.2530795165,62804.3294130778,63179.1783994386,374.848986360821,63849.609027372,-2477.62226997776,-1973.54593641651,-1598.69695005569,-928.266322122328,-64403.0263631335
62726.7489956224,63497.8985128298,64161.0043247142,663.105811884432,64426.9057107673,-2633.32635793851,-1862.17684073108,-1199.07102884665,-933.169642793547,-64696.9695416764
63285.7464329338,64241.7754747314,65111.8883446129,870.112869881452,64931.0409623714,-2582.35641588086,-1626.32737408334,-756.214504201886,-937.061886443334,-64997.9899789333
63965.6945877792,65009.8932305578,66138.9254818766,1129.03225131876,65495.1122575302,-2468.57698938887,-1424.37834661022,-295.346095291455,-939.159319637846,-65305.2393258493
64739.4727782968,65773.8638804954,67112.8271975496,1338.9633170543,66013.5450765672,-2213.34780919804,-1178.95670699947,160.006610054821,-939.275510927599,-65613.8572704405
65597.6964408956,66525.4682372348,68098.5575735674,1573.0893363326,66560.3399120648,-1901.25613061573,-973.484334276555,599.605002056038,-938.612659446655,-65925.8632351788
66521.8454964128,67241.0074622969,69169.2270645629,1928.21960226594,67220.9660139511,-1635.90951483428,-916.74754895019,1011.47205331575,-936.788997296015,-66229.5354089812
67482.3266337056,67891.5317660507,70220.7272081086,2329.19544205792,67914.264815906,-1365.30937849631,-956.104246151262,1373.09119590666,-933.371196295948,-66518.440570144
68445.2214922622,68455.9187485357,71139.588808925,2683.67006038933,68540.1061752333,-1024.27756805473,-1013.58031178123,1670.08974860809,-929.392885083605,-66785.8289999276
69387.9135452969,68927.7601449263,71911.0285311148,2983.26838618851,69070.218675203,-607.296254477497,-1067.44965484806,1915.81873134044,-924.991124571416,-67011.9414135859
70297.4769393492,69310.5596558279,72643.3610108402,3332.80135501235,69600.706279149,-223.221553862413,-1210.13883738378,2122.66251762858,-919.992214062644,-67187.8971381993
71155.936242662,69591.9527785985,73284.1979959672,3692.24521736867,70109.6564099009,132.035836172231,-1431.94762789126,2260.29758947741,-914.243996588857,-67331.6551891211
71941.2293524006,69756.8232800218,73660.2452638074,3903.42198378554,70437.2543709727,597.004513799248,-1587.40155857953,2316.020425206,-906.9704676287,-67440.8028548158
72634.8568671261,69800.8908554748,73730.9111248146,3930.02026933977,70549.6324112844,1185.75149384423,-1648.21451780706,2281.8057515327,-899.47296199752,-67519.0851039421
73201.5769963044,69711.5790851346,73650.5691854893,3938.99010035476,70585.3060084174,1725.34236381025,-1764.6555473596,2174.33455299516,-890.928624076775,-67537.2445321394
73629.6330566502,69484.4585561037,73453.7380430272,3969.27948692351,70583.3151560714,2163.37360477833,-1981.80089576819,1987.47859115532,-882.944295800478,-67496.9799649484
73886.6288704449,69109.425825467,73052.9776087089,3943.55178324187,70480.2859340341,2530.99268576146,-2246.21035921646,1697.34142402541,-875.350250649373,-67412.0844014416
73941.6024756118,68580.8122589366,72468.2011653513,3887.38890641464,70325.7835663045,2747.53511108421,-2613.25510559093,1274.13380082371,-868.283798223063,-67306.678458113
73790.0637905543,67924.198895389,71559.7508836787,3635.55198828962,69958.4195870653,2969.06763458948,-2896.79726057579,738.754727713828,-862.576568899539,-67185.4441676752
73413.3601969268,67150.4956281927,70460.3102968455,3309.81466865276,69471.1464873923,3085.56895349244,-3177.29561524168,132.519053411093,-856.644756042154,-67017.9765747816
72827.7605453521,66289.0785586815,69221.7941706204,2932.71561193889,68873.4456305232,3103.97130603339,-3434.71068063719,-501.995068698301,-850.343608795569,-66791.0736273798
72053.1730158187,65367.5445494931,68001.8382325699,2634.29368307685,68305.5758338888,2903.67048474938,-3781.95798157624,-1147.66429849939,-843.926697180559,-66515.2088479925
71131.0879209463,64423.397448919,66839.0058555953,2415.60840667627,67780.1001732195,2512.85630770195,-4194.83416432537,-1779.22575764909,-838.13144002485,-66202.6232065681
70081.2841907676,63483.3720763103,65778.8708064612,2295.49873015086,67331.3018061311,1917.53379224218,-4680.37832221512,-2384.87959206426,-832.44859239433,-65868.2516683746
68932.2549403659,62571.9129375077,64756.807617363,2184.89467985528,66893.1184694144,1212.28842183483,-5148.05358102338,-2963.1589011681,-826.8480491167,-65535.0718386758
67697.3883951828,61705.6511564389,63743.1000326956,2037.44887625673,66429.7391605269,447.049485169592,-5544.68775357432,-3507.2388773176,-820.599749486293,-65212.8900337565
66410.8574673221,60911.8289864495,62764.903640847,1853.0746543975,65958.1388492703,-362.958808154354,-5861.9872890269,-4008.9126346294,-815.677426206101,-64920.7416210789
65097.7441645372,60207.6151290564,61922.1219333154,1714.50680425906,65571.4828501166,-1285.92090538271,-6176.04994086356,-4461.5431366045,-812.182219803325,-64669.1582656609
63805.9734475653,59626.9789463127,61227.5862751162,1600.60732880353,65263.3703583649,-2269.05827679105,-6448.05277804369,-4847.44544924015,-811.661365991518,-64474.4243955529
62584.5133175579,59195.0132252246,60729.138942824,1534.1257175994,65051.3349835293,-3280.05769137824,-6669.55778371157,-5135.43206611216,-813.236025406817,-64330.4452913367
61455.3362844486,58901.9858493236,60472.3895593632,1570.40371003961,64962.6258683008,-4321.82958478789,-6875.18001991295,-5304.77630987334,-814.540000935753,-64206.7621591969
60473.5569243288,58783.0601342959,60510.6405570809,1727.58042278502,65032.5902989144,-5377.28604679301,-7067.78283682597,-5340.20241404095,-818.252672207392,-64123.2625483368
59662.4355151031,58823.5073741139,60777.224243265,1953.71686915109,65181.8322702596,-6340.95623279614,-7179.88437378536,-5226.16750463427,-821.559477639723,-64049.6748787482
59075.5142701778,59031.6407647208,61199.3271740025,2167.68640928169,65331.5039885278,-7082.64923734361,-7126.52274280065,-4958.83633351896,-826.659518993586,-63990.4770982397
58722.6354274176,59384.0978883114,61757.5416895641,2373.44380125271,65482.623486005,-7593.31958337822,-6931.85712248439,-4558.41332123168,-833.331524790772,-63942.5112095431
58586.7443046848,59843.1457116999,62365.2217948091,2522.07608310919,65576.3701332044,-7829.28412990907,-6572.88272289401,-4050.80663978483,-839.658301389553,-63893.9523514847
58672.8122112362,60398.7229770748,63089.5388707253,2690.81589365051,65705.9181792357,-7881.03884756312,-6155.12808172446,-3464.31218807395,-847.932879563563,-63863.0351651488
58951.8294677416,61004.1617831299,63762.972553906,2758.8107707761,65740.5252424488,-7645.2555347179,-5592.92321932956,-2834.11244855346,-856.559760010728,-63838.2742316834
59406.6544609947,61639.490991124,64363.6557203736,2724.1647292496,65695.532496113,-7155.80612047616,-4922.96959034682,-2198.80486109722,-866.928085357861,-63838.2958522212
59969.2997032345,62260.2976744678,64852.0579097114,2591.76023524356,65571.7932300429,-6481.16197465799,-4190.16400342469,-1598.40376818113,-878.668447849551,-63858.7014426489
60577.5987670059,62831.9007991899,65249.8196149055,2417.91881571563,65403.4623972247,-5716.76818423046,-3462.46615204652,-1044.54733633089,-890.904554011715,-63876.4481355208
61178.628951279,63326.7599246582,65546.3025757504,2219.54265109225,65176.4025582938,-4900.7835674833,-2752.65259410415,-533.109943011901,-903.009960468555,-63859.8698676701
61752.4597916106,63737.9307030096,65742.1630478978,2004.23234488817,64892.7256171197,-4056.54172754544,-2071.07081614641,-66.8384712582411,-916.275902036339,-63804.7691742678
62274.5289274748,64048.1412172815,65940.6215836501,1892.48036636858,64668.2864442167,-3323.73949273918,-1550.12720293248,342.353163436095,-929.981975997247,-63705.7880538454
62734.5870543424,64258.7772648451,66124.6271895517,1865.84992470664,64471.0768908953,-2680.35043244059,-1156.16022193797,709.68970276867,-943.860595887725,-63549.0875620764
63136.2297588813,64370.0482847641,66327.7889787161,1957.74069395195,64322.9811030735,-2144.45930086833,-910.64077498557,1047.09991896637,-957.707956676208,-63322.9483657977
63493.0327471374,64380.2216570623,66450.9114293145,2070.68977225225,64131.9786606479,-1610.63959222245,-723.450682297533,1347.23908995472,-971.693678711951,-63032.9825671076
63817.8790505448,64295.5031433357,66596.3974767627,2300.89433342697,63997.9402056841,-1165.01622123682,-687.392128445966,1613.50220498101,-984.955066097559,-62682.0009383547
64112.0563401262,64114.4045390486,66599.1912325434,2484.78669349478,63771.4367768878,-656.856229240964,-654.508030318562,1830.27866317622,-997.475792479443,-62284.1258758724
64366.7342804268,63821.6115760466,66481.7439002647,2660.13232421807,63492.776985259,-134.577897669824,-679.700602049964,1980.43172216811,-1008.53519283764,-61841.1798538785
64568.3228390671,63401.5668117055,66190.9452204136,2789.37840870814,63127.9501019475,422.811563417052,-743.94446394454,2045.4339447636,-1017.56117370257,-61356.1328669419
64686.3055017153,62839.4277182701,65743.276318963,2903.84860069288,62729.9833668138,931.508960315363,-915.36882312981,1988.47977756307,-1024.81317458617,-60850.9479407071
64697.6245645886,62129.7229385061,65169.5633360171,3039.84039751104,62350.9188363614,1316.00550874312,-1251.89611733945,1787.94428017158,-1030.70021948413,-60341.7786583345
64547.8012604929,61256.4585114162,64334.4697745242,3078.01126310802,61867.1016542962,1645.25674356725,-1646.08600550943,1431.9252575986,-1035.44286262946,-59824.5332538176
64154.5551977145,60189.9140159536,63210.8752564165,3020.96124046282,61264.8397511553,1852.74842271641,-2111.89275904447,909.068481418346,-1036.96702384284,-59280.8455345353
63489.9456974757,58953.6459817535,61841.0940607052,2887.44807895173,60580.1475866408,1872.79272548589,-2663.50699023634,223.941088715389,-1037.00538534904,-58729.7048930381
62518.6662216757,57570.6275611511,60265.1268502228,2694.49928907169,59831.8154823796,1651.42500151213,-3296.61365901242,-602.114369940727,-1035.42573778391,-58172.7419310919
61236.6196269752,56075.4059884065,58615.7523878179,2540.3463994114,59113.4106666789,1090.90951705301,-4070.30412151569,-1529.95772210429,-1032.29944324337,-57605.3637105108
59659.1647116752,54521.2859283324,57030.5278853672,2509.24195703474,58501.4610124431,129.213232799846,-5008.66555054293,-2499.42359350819,-1028.49046643229,-57020.7095218406
57807.9868936971,52948.7715668174,55483.1439415621,2534.37237474472,57925.4765438631,-1140.49207133306,-5999.70739821278,-3465.33502346807,-1023.00242116704,-56414.1065902855
55752.4918351104,51420.5197463463,54043.625407324,2623.10566097768,57398.4697117586,-2662.15789307563,-6994.12998183971,-4371.02432086203,-1016.18001642738,-55791.5440672083
53576.8683283277,49996.0570776721,52780.3282832108,2784.27120553866,56938.9927273636,-4370.95206540383,-7951.7633160594,-5167.49211052075,-1008.82766636796,-55163.5491881929
51361.1214527087,48722.9173327161,51766.2929663868,3043.37563367075,56561.986929676,-6200.39648577379,-8838.6006057664,-5795.22497209565,-999.531008806464,-54518.1423048117
49220.9241167981,47678.0003137628,50979.3369994584,3301.33668569567,56180.7065038725,-7950.69063294591,-9493.61443598129,-6192.27775028562,-990.908245871569,-53870.2780640484
47244.618799349,46898.8451769696,50483.0534812319,3584.20830426225,55822.9204235696,-9560.36286445807,-9906.13648683746,-6321.92818257521,-982.061240237506,-53220.7733595448
45530.1328539224,46412.3387388674,50324.0965554252,3911.75781655787,55518.9900543493,-10961.499127583,-10079.2932426381,-6167.53542608021,-972.641927156127,-52579.8741649476
44158.8823892809,46227.9268875591,50510.0344809183,4282.10759335918,55270.3067964944,-12074.4890601953,-10005.4445619172,-5723.33696855797,-963.064652981815,-51951.263856117
43191.6717952244,46346.4102360823,50881.337714329,4534.92747824671,54925.4903249849,-12688.597436103,-9533.85899524524,-4998.93151699853,-954.778906342566,-51345.3417530808
42634.9017752969,46729.7647374867,51458.164304471,4728.39956698427,54547.6583359465,-12859.1808337729,-8764.31787158309,-4035.91830459882,-946.42427312336,-50765.6830420855
42497.5990294518,47346.4658878455,52245.1695678105,4898.70367996497,54188.7322356102,-12629.3157807886,-7780.44892239492,-2881.74524242994,-938.182574630245,-50228.2111302755
42757.7423452258,48144.9587051098,53114.6359627368,4969.67725762697,53767.4156552085,-11939.4208038719,-6552.20444398782,-1582.52718636086,-929.747493889184,-49727.4858914707
43370.9691817143,49065.9783266148,53970.543848586,4904.56552197116,53253.7280667552,-10804.4920015642,-5109.48285666376,-204.917334692588,-921.733116523342,-49270.8956613074
44290.25968701,50060.0756135345,54772.0110059729,4711.93539243845,52663.0318082308,-9287.98324076276,-3518.16731423828,1193.76807820018,-915.211119541938,-48866.3075353343
45431.5982178217,51065.4442783658,55520.2441721522,4454.79989378648,52049.5002697697,-7526.67545823025,-1892.82939768624,2561.97049610024,-908.77340628231,-48503.4737822655
46729.3044498707,52026.9375938129,56184.9325642087,4157.99497039574,51427.7170022998,-5600.87048531012,-303.237341367916,3854.75762902783,-902.457932880983,-48172.1799647851
48112.5220446033,52903.1627147939,56891.1126287025,3987.94991390857,50952.0221467978,-3736.05829555937,1054.58237463124,5042.53228853981,-896.55819336492,-47860.6304262541
49501.5381654821,53652.3166099377,57547.7209258065,3895.40431586884,50542.6242297818,-1932.44297891275,2218.33546554279,6113.73978141164,-891.356914613113,-47538.576828526
50862.5355007821,54274.0293835404,58121.7693560262,3847.73997248578,50150.3492837287,-175.516965605056,3235.9769171532,7083.71688963898,-887.703182658498,-47190.3124939014
52179.7854042132,54757.41694273,58613.9016153879,3856.48467265787,49766.8757376227,1527.49790022224,4105.129438739,7961.61411139688,-885.411766368307,-46795.8028313331
53424.9092199441,55077.6926892305,59086.5646094159,4008.87192018537,49455.0791954676,3085.24489429176,4738.02836357814,8746.90028376351,-884.585130184827,-46330.792405467
54583.833873506,55219.062491515,59517.229693249,4298.16720173398,49190.6227176597,4509.72399246566,5144.95261047467,9443.11981220865,-883.48716338069,-45775.9426793064
55673.2242165591,55192.5122059636,59804.8181328053,4612.30592684167,48876.5488298695,5912.05074106994,5431.33873047452,10043.6446573162,-884.624645619657,-45148.8675486475
56678.3104387244,54975.3326149824,59914.6890521588,4939.35643717642,48506.7864714785,7284.5059448049,5581.52812106289,10520.8845582393,-887.018022440957,-44454.4480567431
57582.8815084478,54552.6566100176,59849.6196961193,5296.96308610169,48114.2453577804,8578.88075603823,5548.655857608,10845.6189437097,-889.755394629264,-43707.0376663079
58366.2217525546,53911.4594217261,59530.5953615504,5619.13593982436,47660.6756572088,9812.48913132689,5357.72680049836,10976.8627403227,-893.056964018909,-42934.5966814033
59027.7906518251,53050.4148138448,58920.694311275,5870.27949743019,47118.6828587379,11011.9206768548,5034.54483887448,10904.8243363047,-897.187116232469,-42145.5904775402
59537.5333203955,51963.7591274128,57942.8094272602,5979.05029984742,46435.3136798374,12200.9109007987,4627.13670781595,10606.1870076634,-901.308739759433,-41357.5721197494
59840.4639823193,50636.6308015098,56665.5233149371,6028.89251342736,45708.8251709009,13225.6890286773,4021.85584786775,10050.7483612951,-905.949782741068,-40585.8824402146
59881.503699399,49056.93926182,55083.0169869382,6026.07772511819,44945.9899815748,14025.7896575575,3201.22521997851,9227.3029450967,-909.7240602667,-39829.6363167233
59596.6424111697,47231.8354329407,53082.1231786503,5850.28774570958,44040.8564660086,14642.51263926,2277.70566103095,8127.99340674053,-913.273305901123,-39103.8420262002
58943.1046214543,45177.8531312171,50839.8709899575,5662.01785874046,43137.3967521724,14890.5678953371,1125.31640509983,6787.33426384029,-915.139973944855,-38390.5188673768
57900.9793483541,42941.7366647271,48414.9407348411,5473.20407011399,42246.2516895994,14738.694719647,-220.547963979952,5252.65610613404,-916.032939107619,-37689.0805585931
56440.8809359385,40548.1243683812,45881.9300707103,5333.80570232909,41413.6114389447,14112.0572064019,-1780.69936115543,3553.10634117367,-915.212290591895,-36995.0180272075
54569.1040752216,38053.3906420555,43284.6028405231,5231.21219846761,40632.6855761432,13022.2843229016,-3493.42911026455,1737.78308820306,-914.13417617681,-36315.6075538524
52305.9459951748,35507.4384470031,40657.9904559974,5150.55200899436,39875.7960523402,11518.0434992859,-5280.46404888585,-129.912039891489,-912.106443548709,-35637.3504868946
49696.9855976817,32974.6807077588,38110.8029189216,5136.12221116279,39191.2296848722,9595.53902728714,-7126.76586263574,-1990.64365147295,-910.216885522328,-34965.3243592318
46794.5112495269,30515.5958314905,35639.9418077015,5124.34597621098,38511.0331326982,7374.95649750924,-8903.9589205272,-3779.61294431622,-908.521619319517,-34295.2087758067
43651.7691964294,28184.3616984864,33305.5872788239,5121.22558033751,37834.2528361992,4911.57154980977,-10555.8359481333,-5434.61036779577,-905.944810420481,-33618.9720662822
40352.8629909804,26042.2427746416,31198.4973133413,5156.25453869969,37202.1099053368,2247.07938563538,-12063.5408307034,-6907.28629200375,-903.673700008242,-32949.5290666454
37007.3619979021,24159.6864631403,29343.5642686729,5183.8778055326,36583.4396292679,-477.854797220049,-13325.5303319819,-8141.65252644932,-901.777165854258,-32301.3389895896
33726.1741164126,22586.452679562,27762.2250541879,5175.77237462586,35965.5266466198,-3139.63800124682,-14279.3594380975,-9103.58706347159,-900.285471039652,-31690.0397430336
30615.0663387138,21359.5898766328,26407.4864205414,5047.8965439086,35285.9415575926,-5570.10338535837,-14825.5798474394,-9777.68330353079,-899.228166479576,-31137.2731801636
27751.7201275321,20496.4723611186,25297.7119892997,4801.23962818111,34577.1185532642,-7724.1758899696,-14979.4236563831,-10178.184028202,-898.777464237496,-30674.6563893206
25199.8696004429,19995.888968775,24476.8923765576,4481.00340778258,33891.5571826391,-9591.06093483564,-14795.0415665035,-10314.0381587209,-899.37335263944,-30309.927127496
23009.0613165278,19849.1001217575,23906.3073086142,4057.20718685674,33220.5525186577,-11113.2320547868,-14273.193249557,-10215.9860627003,-901.740852656874,-30065.0861844578
21211.1407588805,20035.4764126892,23674.4002760268,3638.92386333758,32671.706593747,-12365.3695228066,-13541.0338689979,-9902.11000566032,-904.803687940138,-29937.5864183495
19808.6709476897,20519.4115852588,23662.3501162905,3142.93853103166,32145.2869619669,-13244.1365025015,-12533.3958649324,-9390.45733390077,-907.520488224362,-29909.8689191596
18821.3957331143,21277.1796812071,23848.7022032546,2571.52252204751,31653.4344316314,-13744.005934469,-11288.2219863762,-8716.69946432867,-911.967235951872,-29993.8791455358
18229.0177582866,22267.9876875098,24171.1051385431,1903.11745103333,31188.0342830091,-13876.6465059918,-9837.67657676863,-7934.55912573529,-917.629981269331,-30202.5468132451
18007.9900067195,23457.1255785363,24716.5912990208,1259.46572048455,30864.9001781792,-13780.5473430757,-8331.41177125895,-7071.9460507744,-923.63717161602,-30529.0716293107
18121.0138597546,24801.5817698718,25512.398630654,710.816860782151,30725.8270472497,-13534.4757140341,-6853.90780391694,-6143.09094313479,-929.66252653911,-30944.6727130066
18516.602137845,26250.8691095009,26397.1137248323,146.244615331407,30639.2283347838,-13057.7691967536,-5323.50222509779,-5177.25760976638,-935.14299981489,-31428.1267192672
19142.8597850679,27765.83907005,27486.9373700006,-278.901700049392,30736.5155597291,-12533.4246274264,-3910.44534244438,-4189.34704249378,-939.768852765289,-31955.1861125437
19957.7186529373,29316.9688989932,28657.6920706124,-659.276828380816,30911.2773181114,-11897.6051791839,-2538.35493312799,-3197.6317615088,-944.046514009798,-32514.600660502
20946.7108517701,30892.8677633062,29979.2486409713,-913.619122334891,31228.5614523555,-11229.6972958715,-1283.54038433549,-2197.15950667038,-947.846695286155,-33090.0272699765
22097.728916184,32489.5722592908,31367.6381157904,-1121.93414350036,31597.4386301956,-10450.7817372227,-58.9383941158952,-1180.87253761626,-951.07202321111,-33670.4447969071
23425.0791212609,34118.4870981723,32817.3987928814,-1301.08830529086,31997.2632457256,-9526.37499062508,1167.03298628625,-134.05531900461,-954.190866160486,-34252.5424171769
24938.2479364259,35789.8959100496,34404.9207792902,-1384.97513075941,32482.8780269816,-8502.78288718185,2348.86508644184,963.889955682426,-958.152796626149,-34826.0059543672
26641.2196874444,37507.911456522,36102.6079038531,-1405.30355266887,33003.7973131167,-7323.54252512396,3543.14924395362,2137.84569128475,-960.964899451699,-35370.0657652372
28558.0390378597,39286.3048184735,37897.4889115231,-1388.81590695037,33541.6693493729,-5947.04450229951,4781.22127831424,3392.40537136387,-963.414190786326,-35893.8994471096
30695.7340980757,41119.1348471084,39720.7917934744,-1398.34305363399,34026.7419054568,-4296.49921731249,6126.90153172012,4728.55847808613,-965.491409931442,-36390.5763690222
33048.6465576012,42984.0530125381,41585.8896942371,-1398.16331830102,34496.678655832,-2415.85384298497,7519.55261195191,6121.38929365089,-967.821744754267,-36862.6637188872
35599.9679271831,44847.10006469,43366.2347429007,-1480.86532178932,34855.9113091857,-225.911417546053,9021.22071996088,7540.35539817156,-969.968035543426,-37306.7446665185
38307.3414855298,46660.5759046654,45004.846285039,-1655.72961962634,35111.0611400491,2223.74213437903,10576.9765535146,8921.24693388827,-972.538211101701,-37739.3289707771
41123.536468791,48375.648843113,46548.5736587803,-1827.07518433266,35349.6004594862,4799.13317912729,12051.2455534493,10224.1703691166,-974.802830177471,-38151.4784739964
43998.1296025596,49946.5248545288,47936.7508368674,-2009.77401766141,35564.6509352342,7456.35197679526,13404.7472287644,11394.973211103,-977.126690530141,-38551.5516434258
46860.8678278834,51312.0054737473,49066.7157132007,-2245.28976054661,35723.0124761882,10159.0116317211,14610.149277585,12364.8595170384,-978.843719974076,-38947.1459567089
49659.3845033353,52445.3858601116,50010.4494815737,-2434.93637853789,35951.1474546162,12725.6574335693,15511.6587903457,13076.7224118078,-982.579615149758,-39368.6634483039
52298.1189847071,53278.3085941448,50542.7178389622,-2735.59075518257,36072.0278913125,15241.2409996369,16221.4306090746,13485.8398538921,-984.850093757675,-39792.4687402527
54711.8208159257,53787.5027113668,50748.6970714115,-3038.80563995535,36203.6169972889,17521.3778371848,16597.0597326259,13558.2540926706,-986.825981452104,-40229.2486186963
56833.6210465674,53955.496106259,50603.2851478756,-3352.21095838345,36360.1050859904,19485.0854467128,16606.9605064044,13254.7495480209,-988.430513864269,-40700.7465582381
58598.0440246981,53777.1746335711,50086.2516810445,-3690.92295252659,36526.4065757678,21082.5032237944,16261.6338326675,12570.7108801409,-989.134225135872,-41206.4637534303
59952.6032456564,53260.1585435716,49368.072250421,-3892.08629315068,36852.0613395709,22111.8565518971,15419.4118498123,11527.3255566616,-988.685354188495,-41732.83298691
60857.4703624826,52433.7206169312,48435.2736587556,-3998.44695817561,37302.786212684,22565.9118489945,14142.1621034431,10143.7151452675,-988.772300804111,-42290.0054716637
61258.9620215847,51309.616674569,47312.2789761042,-3997.33769846483,37850.9385438721,22420.9046830383,12471.5593360226,8474.22163755776,-987.118794674308,-42835.3950370112
61160.5556848524,49943.0695888518,46114.3958979496,-3828.67369090222,38550.6337499086,21624.5837923521,10407.0976963515,6578.42400544923,-985.338142591729,-43364.6455834026
60567.1421252783,48382.4020870948,44856.8352573199,-3525.56682977487,39348.9380366966,20235.7815316528,8051.04149346934,4525.47466369447,-982.422556928905,-43856.9274234004
59493.2542912496,46674.4503972905,43533.1452218339,-3141.30517545665,40174.7792971231,18340.0082941679,5521.20440020887,2379.89922475222,-978.46669995853,-44294.5511725383
57978.8432369122,44882.2278169255,42193.5518077616,-2688.67600916388,40994.9770510099,16009.7451122661,2913.12969227935,224.453683115476,-974.121073636248,-44657.77413381
56112.3755546656,43078.1702018188,40985.7525108372,-2092.4176909816,41863.4654520196,13279.4342918446,245.22893899774,-1847.18875198386,-969.475810801436,-44925.3589538027
53987.0527543319,41334.1172965321,39950.9061513687,-1383.21114516337,42748.6829380224,10274.5454425739,-2378.39001522597,-3761.60116038934,-963.824373735648,-45095.7184569214
51706.8003329646,39725.1674724953,39143.9830597666,-581.184412728707,43628.050194947,7120.50882007485,-4861.12404039442,-5442.30845312313,-958.24131794272,-45167.4759256184
49377.4463106063,38305.5489095923,38449.146832425,143.597922832661,44326.924470323,4099.15476481296,-6972.74263620103,-6829.14471336837,-951.367075470323,-45134.6936229607
47122.5168395672,37120.9850325138,38031.4250719369,910.440039423062,44985.5833947365,1192.31123108769,-8809.22057596568,-7898.78053654262,-944.622213742973,-45019.7655690564
45031.4481045113,36178.920809517,37811.568126905,1632.64731738799,45501.6787030655,-1406.32874614261,-10258.8560411368,-8626.20872374885,-936.098147588413,-44805.1295332659
43196.7462829222,35491.2515237765,37855.643986787,2364.39246301042,45950.4503323533,-3681.50610610246,-11387.0008652481,-9022.60840223769,-927.802056671327,-44513.8599260142
41683.5137552065,35042.2376253232,38075.9323116988,3033.69468637558,46260.1555812675,-5496.82993396131,-12138.1060638445,-9104.41137746896,-920.18810790031,-44146.6490027922
40522.6298838837,34790.6717515611,38350.2218576013,3559.55010604026,46354.5213685855,-6745.92486831946,-12477.8830006421,-8918.3328946018,-914.03338361765,-43709.0046461628
39712.4010142472,34678.060384107,38799.1308007193,4121.07041661233,46412.2224757708,-7608.1685474808,-12642.5091776211,-8521.43876100872,-908.34708595728,-43199.4991451157
39216.5354869183,34629.988957429,39237.2327599478,4607.24380251879,46314.7625852185,-8000.66416750707,-12587.2106969964,-7979.9668944776,-902.437069206947,-42609.9558519066
38979.6978037854,34584.8317281643,39714.1877515863,5129.35602342201,46161.4301467496,-8079.06155061603,-12473.9276262372,-7344.57160281514,-897.32920765179,-41929.4033309794
38916.9234126794,34467.38731077,40189.8088465351,5722.42153576515,45979.4266747106,-7954.71168153902,-12404.2477834485,-6681.82624768331,-892.208419507806,-41149.2135584533
38936.0141850058,34212.5238761871,40587.3613047051,6374.83742851797,45737.3049680274,-7688.7186803404,-12412.2089891591,-6037.37156064113,-887.42789731877,-40249.8954368283
38936.1450027643,33765.1290951275,40832.3857409083,7067.25664578072,45404.3202436337,-7350.259597613,-12521.2755052498,-5454.01885946906,-882.084356743587,-39219.1479545966
38818.6296627047,33084.6817909069,40843.0103712847,7758.3285803778,44929.9804236467,-6988.60869075772,-12722.5565625555,-4964.22798217771,-877.257929815736,-38048.9097730846
38478.3717687776,32133.4750926454,40622.7813927014,8489.30630005601,44338.5565096842,-6731.71182414483,-13076.608500277,-4587.30220022102,-871.527083238244,-36720.7772928664
37843.8289089347,30904.8617537152,40232.5989214439,9327.7371677287,43691.6591353341,-6713.85368915955,-13652.820844379,-4325.08367665032,-866.023462760165,-35229.9454303655
36857.198580912,29410.0125212233,39726.1151631811,10316.1026419578,43022.0060038428,-7026.11259722185,-14473.2986569106,-4157.19601495278,-861.305174291047,-33567.208536176
35490.7636471138,27676.3074678124,38905.0085259831,11228.7010581708,42111.0500513111,-7478.57158692988,-15293.0277662313,-4064.32670806057,-858.285182732617,-31740.6341758729
33755.4347997464,25743.3456783453,37875.7183784797,12132.3727001344,41023.8049162465,-8124.50355274273,-16136.5926741439,-4004.21997400953,-856.133436242709,-29747.5656523548
31684.6497064857,23665.7138256247,36670.222309028,13004.5084834032,39755.8070788487,-8926.28074380862,-16945.2166246696,-3940.70814126639,-855.12337144569,-27606.4219668911
29324.1745924586,21489.9916812569,35244.1653175609,13754.173636304,38243.7840332322,-9774.59302249033,-17608.775933692,-3854.60229738801,-854.983581716746,-25344.5939786449
26744.3656854096,19270.9130246601,33621.5053815561,14350.592356896,36494.664873497,-10605.8759065402,-18079.3285672897,-3728.73621039369,-855.576718452804,-22999.6492350538
24037.5753989319,17072.0846489025,31971.9290920418,14899.8444431393,34645.0344846832,-11464.7838425703,-18430.2745925996,-3530.43014946035,-857.324756818892,-20602.5147983628
21303.658509222,14949.0177977223,30332.6264881252,15383.6086904029,32711.1719764499,-12267.9063245386,-18622.5470360383,-3238.93834563536,-860.392857310661,-18187.9561433577
18635.2919742319,12943.6328459597,28721.6918564964,15778.0590105368,30698.371003409,-12926.1799002378,-18617.8390285101,-2839.78001797334,-863.100871060754,-15783.412863933
16134.5570639145,11105.561100882,27080.4340116251,15974.8729107431,28550.704440383,-13283.0820418678,-18312.0780049003,-2337.20509415718,-866.934665399323,-13442.7661950392
13860.6640100593,9454.75197545615,25477.3457795108,16022.5938040547,26345.9420413061,-13355.983711552,-17761.8957461552,-1739.30194210048,-870.705680305166,-11194.0539175566
11879.1603289317,8010.78376897661,23914.0105122137,15903.2267432371,24083.1031109645,-13078.4868676891,-16946.8634276442,-1043.63668440707,-874.5440856563,-9054.42045338366
10220.0056014912,6766.3157417315,22326.1487429446,15559.8330012131,21729.2221127641,-12386.9183393994,-15840.6081991591,-280.77519794596,-877.701828126452,-7047.09093967745
8873.46992579774,5704.07051652456,20730.9015155176,15026.830998993,19343.6039241351,-11349.7412842132,-14519.1406934864,507.690305506575,-879.607285875878,-5196.38021101797
7821.41616684066,4813.69714289089,19156.3313911061,14342.6342482152,16995.5167460464,-10054.8505775054,-13062.5696014552,1280.06464676,-880.749998299663,-3533.6324961309
7037.18799461729,4071.68182353179,17621.1084569651,13549.4266334333,14723.881515809,-8567.68155323789,-11533.1877243234,2016.23890910991,-880.988032046191,-2055.44291442188
6476.92361939149,3469.02629583634,16091.7431386857,12622.7168428494,12490.838035232,-6895.01213604661,-9902.90945960178,2719.8073832476,-881.097720206124,-749.218912588725
6088.17787334835,2980.25466109315,14634.2356492434,11653.9809881502,10388.9403561268,-5182.09495261676,-8290.01816487199,3363.96282327825,-881.332469838384,383.708162185097
5809.36076699977,2578.33074009364,13379.0274091918,10800.6966690981,8575.23024221961,-3648.09670244909,-6879.12672935523,3921.56993974289,-882.22722722927,1343.23919964924
5568.50765481104,2226.92760079288,12164.5010197761,9937.57341898323,6896.12789317297,-2209.73111446019,-5551.31116847835,4386.26225050488,-882.110876098263,2159.334649712
5317.46106777554,1907.76635462613,11043.3957253408,9135.6293707147,5408.70082540031,-973.833547549686,-4383.52826069911,4752.10111001559,-882.593789924921,2844.33475538946
4991.20186259753,1581.90930640871,10036.5968712068,8454.68756479813,4143.8803452382,-35.008064679606,-3444.30062086843,5010.3869439297,-882.329582038954,3428.47763752099
4555.7804286433,1244.16666289157,9100.03998013617,7855.87331724459,3040.78050579231,633.563634631175,-2678.05013112055,5177.82318612404,-881.436288219823,3933.65652323245
3996.15432942786,914.649151175232,8262.06552509453,7347.41637391928,2085.49378615817,1030.96741265521,-2050.53776559742,5296.87860832186,-879.693130614507,4382.22945714661
3350.69482647112,629.257414500062,7589.3911200422,6960.13370554212,1288.56240407444,1183.54471535803,-1537.89269661303,5422.24100892909,-878.587707038679,4792.98359442901
2673.50470969777,415.090140200805,7060.39747379468,6645.30733359386,587.801432776358,1209.15484860029,-1049.25972089669,5596.04761269718,-876.54842832114,5180.95747249636
2061.33231858026,326.841216145728,6787.41120403541,6460.56998788966,29.9892346286953,1154.97748240023,-579.513620034307,5881.05636785536,-876.365601551359,5554.21515170962
1598.17140327196,380.313152141035,6866.94465605442,6486.63150391339,-316.303435364961,1037.79104709644,-180.0672040345,6306.56429987889,-876.683791540503,5926.25114773785
1337.49883460743,565.242431427749,7119.95034311143,6554.70791168367,-623.841016730683,1084.63700338903,312.380600209344,6867.08851189301,-876.70284794912,6301.84608046524
1334.19474015244,873.420680696375,7517.98346199015,6644.56278129377,-899.903520883531,1359.85702443813,899.082964982056,7543.64574627582,-874.24123659785,6670.22506557944
1621.1202431211,1285.1963574149,7879.65066670219,6594.45430928728,-1274.14531153682,2024.77448053468,1688.85059482847,8283.30490411574,-870.49107412326,6998.10854670082
2228.77935984656,1786.50091157898,8123.70128716919,6337.2003755902,-1756.71714233048,3115.95584270259,2673.67739443499,9010.87777002519,-869.540659474481,7224.3768584462
3092.3125341499,2291.39406043241,8025.40076341728,5734.00670298486,-2478.65345150385,4703.64594484153,3902.72747112403,9636.73417410889,-867.32004081224,7345.34011367647
4150.46081069003,2752.31837062493,7584.08982291171,4831.77145228679,-3342.74292802457,6625.74975202616,5227.60731196105,10059.3787642478,-867.453986688458,7307.06039362291
5301.89746587991,3095.17222655459,6752.34174076256,3657.16951420797,-4322.97905685743,8757.21433754868,6550.48909822334,10207.6586124313,-867.662185188678,7112.48638587672
6416.72010851913,3238.84614193189,5701.80971033993,2462.96356840803,-5196.97536115256,10747.3119788607,7569.43801227343,10032.4015806815,-866.383490811013,6793.55543874958
7394.48684705078,3148.74350459088,4357.17040885576,1208.42690426489,-6022.2611358494,12554.6619801098,8308.91863764983,9517.34554191472,-862.086002790431,6368.60203732385
8159.82211191933,2822.07191583478,2883.17249481689,61.1005789821131,-6662.15159198423,13965.2338501761,8627.48365409152,8688.58423307363,-856.739853727492,5866.51231723885
8626.4454942628,2245.82848214497,1307.20906657794,-938.619415567035,-7114.45240003509,14889.9920682567,8509.37505613889,7570.75564057186,-850.905826041169,5324.92715842689
8747.22946070824,1434.56252394973,-279.679585391663,-1714.24210934141,-7345.41804331955,15248.5332763217,7935.86633956321,6221.6242302218,-844.114227706067,4787.06170627207
8546.9404240878,457.024511983881,-1756.75718882925,-2213.78170081313,-7310.81455732967,15017.7466068842,6927.8306947803,4714.04899396716,-840.008374533254,4257.02448198328
8039.16126989317,-644.068082981237,-3168.86177870031,-2524.79369571908,-7134.01626499863,14335.0965770113,5651.86722413686,3127.07352841779,-838.080957880514,3771.14161139903
7255.8836971465,-1816.8364166872,-4546.34820878654,-2729.51179209934,-6894.43264579551,13312.0358076684,4239.31569383469,1509.80390173534,-838.280535273619,3326.64031842254
6242.58933390706,-2999.67814866282,-5866.20301026766,-2866.52486160484,-6629.05261755296,12030.658868754,2788.39138618413,-78.133475420704,-840.983082705991,2921.54467324211
5043.52057349148,-4153.17685647391,-7086.20516351771,-2933.02830704382,-6335.65911492786,10535.1995746652,1338.50214469977,-1594.52616234406,-843.980113754203,2558.65069412984
3715.09341905344,-5215.92179963214,-8317.61067966362,-3101.68888003147,-6149.64962617281,9016.77982836292,85.7646096773228,-3015.92427035415,-847.963216863326,2199.99752927801
2324.21403148148,-6132.6081005215,-9557.41735816706,-3424.80925764556,-6091.99261576576,7563.31596272598,-893.506169277001,-4318.31542692257,-852.890684521261,1814.29267359893
937.088586063248,-6863.49350598769,-10788.6508198461,-3925.15731385844,-6167.98897723684,6246.65326961782,-1553.92882243312,-5479.08613629156,-858.42429368227,1384.40736969613
-415.508442544482,-7399.1094285339,-11864.0091005412,-4464.89967200729,-6221.89339514311,4941.38584895595,-2042.21513703346,-6507.11480904076,-864.99910364267,891.994619493136
-1681.98783750347,-7718.2895101461,-12687.8593362458,-4969.56982609972,-6171.41505899173,3617.75201942433,-2418.54965321832,-7388.11947931803,-871.675202063934,330.170030828075
-2819.75657516377,-7804.78598476623,-13239.3718328866,-5434.58584812039,-6014.85055509081,2317.29181320193,-2667.73759640053,-8102.32344452093,-877.802166725087,-297.537459754686
-3807.76816657986,-7661.32924065804,-13383.4851536402,-5722.15591298219,-5619.69610433742,927.922965914403,-2925.63810816378,-8647.79402114596,-884.004971843148,-986.464780487938
-4639.50251501254,-7301.17459854321,-13120.334760076,-5819.16016153278,-5007.30272638521,-521.958217928725,-3183.6303014594,-9002.79046299218,-889.758429301405,-1701.61586444898
-5297.25994402175,-6738.16728490079,-12468.9762520282,-5730.80896712741,-4205.20584659986,-1986.98798998937,-3427.89533086841,-9158.70429799582,-894.93389256746,-2420.53701309502
-5767.62157775355,-5991.53596670118,-11506.5179939358,-5514.98202723464,-3294.58477726236,-3372.23360930698,-3596.14799825462,-9111.13002548927,-899.196808815789,-3119.59405878809
-6045.13096614271,-5098.73176916684,-10147.6993283222,-5048.96755915539,-2172.65034145958,-4776.15839648483,-3829.75919950897,-8878.72675866435,-903.677771801685,-3779.9949894975
-6149.19901393748,-4118.50050158172,-8490.90911845004,-4372.40861686832,-909.513903697022,-6148.14567119957,-4117.44715884381,-8489.85577571213,-908.460560959094,-4371.35527413041
-6116.17185313596,-3115.18723088109,-6720.87309340948,-3605.68586252838,344.779893100388,-7372.96447958794,-4371.97985733308,-7977.66571986146,-912.012733351577,-4862.47848898035
-5952.07617980017,-2106.05840291795,-4907.03361313492,-2800.97521021696,1542.2987808714,-8409.77712520995,-4563.75934832775,-7364.73455854471,-915.402164538371,-5258.67615562675
-5697.95371798624,-1140.83935087158,-3166.58186562059,-2025.74251474899,2606.01776711598,-9222.50630469735,-4665.39193758271,-6691.1344523317,-918.534819595122,-5550.29510146009
-5428.70548430671,-285.978679804023,-1689.47729645396,-1403.49861664994,3417.89794592449,-9766.00491252756,-4623.27810802487,-6026.77672467482,-919.401482296357,-5740.79804487079
-5193.49179257733,437.721818668342,-510.762685249182,-948.484503917511,3986.65557236381,-10099.8836473701,-4468.67003612439,-5417.15454004191,-919.736282428908,-5854.87635871022
-5034.65834158655,1018.66312123773,302.380967760468,-716.282153477245,4276.36444390206,-10230.7025611674,-4177.38109834308,-4893.66325182033,-919.679775678723,-5912.32637305804
-5009.47890892746,1442.00962461572,630.820547401764,-811.189077213938,4209.93569095701,-10138.8523975584,-3687.36386401523,-4498.55294122917,-919.437797673924,-5940.56256584487
-5188.79318970394,1711.55475094173,530.469071121401,-1181.08567982033,3863.90490885277,-9971.12889960589,-3070.78095896022,-4251.86663878056,-918.430801049182,-5963.42138972228
-5589.96987751596,1873.47681791278,-23.6762013778749,-1897.15301929064,3223.09694632621,-9730.6548239237,-2267.20812849498,-4164.36114778562,-917.588000081542,-6037.8379656984
-6191.56082853712,1998.71771814239,-1019.80263103473,-3018.52034917711,2272.58380340036,-9382.01943510345,-1191.74088842397,-4210.26123760108,-917.874803166,-6208.97895574347
-6952.40813773359,2173.92662178388,-2219.78173451789,-4393.70835630176,1194.59076266196,-9065.07985569723,61.2549038202476,-4332.45345248152,-918.080955301664,-6506.3800742654
-7816.76038542604,2493.15918934704,-3497.2164980692,-5990.37568741621,51.656046503867,-8787.48359467261,1522.43598010045,-4467.93970731576,-919.067162742693,-6961.09889666277
-8701.45447028055,3059.93683637046,-4680.56150912257,-7740.49834549302,-1066.85611519232,-8555.37078189899,3206.02052475201,-4534.477820741,-920.772426810768,-7594.41465711146
-9508.38520161323,3967.53134545034,-5544.05359952862,-9511.58494497896,-2025.91750229728,-8404.6823837684,5071.23416329518,-4440.35078168378,-922.214684452456,-8407.88212713412
-10113.3060969896,5316.89283147602,-5963.27045593334,-11280.1632874094,-2801.67046291155,-8234.31734108254,7195.88158738311,-4084.28170002625,-922.681707004464,-9401.17453150229
-10393.8992222303,7176.65827585309,-5717.08273154276,-12893.7410073959,-3248.35710282468,-8067.76500811177,9502.7924899716,-3390.94851742426,-922.222888706186,-10567.6067932773
-10201.2920956151,9608.37667736563,-4740.16925621111,-14348.5459335767,-3382.66905824644,-7739.48128361108,12070.1874893696,-2278.35844420711,-920.858246242452,-11886.7351215727
-9388.04556289984,12647.0102941204,-2901.72547858042,-15548.7357727008,-3122.45286277525,-7184.73594905706,14850.3199079632,-698.415864737644,-919.143248932484,-13345.4261588581
-7811.77936474388,16313.6126919611,-103.345203036944,-16416.957894998,-2453.1150759408,-6274.23093514837,17851.1611215565,1434.20322655855,-915.566646345315,-14879.4094654025
-5344.94350197938,20578.9943277497,3636.61442080579,-16942.3799069439,-1402.62570776936,-4852.68578314231,21071.2520465867,4128.87213964286,-910.367988932306,-16450.1221881068
-1906.12223500133,25374.2808156414,8437.05404749201,-16937.2267681493,173.604381866134,-2983.39627361471,24297.006777028,7359.78000887864,-903.669656747254,-18014.5008067627
2543.52768891261,30587.8364042874,14023.5003259762,-16564.3360783112,2058.70013481473,-409.481301571705,27634.8274138031,11070.4913354919,-894.308855669605,-19517.3450687955
8066.70574079115,36115.5118385089,20189.4683077023,-15926.0435308067,4140.50216381131,3042.39412013219,31091.20021785,15165.1566870433,-883.809456847679,-20950.3551514656
14638.0999870027,41794.6565959818,26758.9251144862,-15035.7314814956,6399.20124283941,7365.96945842019,34522.5260673993,19486.7945859038,-872.929285743071,-22307.8620100781
22135.1258187894,47411.0080214674,33464.2689810932,-13946.7390403741,8763.37188163774,12511.001503671,37786.8837063489,23840.1446659748,-860.752433480711,-23570.8633554926
30361.758636088,52733.3932083081,40053.8602349257,-12679.5329733823,11195.0024008725,18318.7898266192,40690.4243988392,28010.8914254568,-847.966408596415,-24722.5017828512
39105.0698182692,57546.1768945723,46146.2041369268,-11399.9727576455,13527.8107360624,24740.8010728395,43181.9081491425,31781.935391497,-836.458009367348,-25764.2415030752
48095.2610864001,61625.5697823995,51504.6224994031,-10120.9472829964,15745.4319471419,31524.1987647903,45054.5074607897,34933.5601777933,-825.630374467897,-26692.0096046062
56997.7725113373,64767.3184554769,55815.1670838999,-8952.15137157691,17758.8501746196,38422.2399643684,46191.785908508,37239.6345369311,-816.682372349221,-27527.6839185457
65445.370044616,66777.7176906557,58913.5594368883,-7864.1582537674,19594.8450360211,45040.6117367725,46372.9593828122,38508.8011290448,-809.913271822398,-28268.9165616109
73087.0708565105,67525.3968947668,60698.2077401669,-6827.18915459996,21282.3593822969,51000.0538114477,45438.3798497039,38611.190695104,-804.657662765973,-28914.2061996628
79652.0233811911,66973.5400286943,61000.1795954834,-5973.36043321094,22709.9119656456,56140.0683278974,43461.5849754006,37488.2245421897,-802.043087648158,-29485.3154865047
84880.0720302277,65122.4999543919,59870.4341907046,-5252.06576368727,23955.4770458929,60122.9541888887,40365.3821130528,35113.3163493655,-801.64079544613,-30009.1836050263
88541.9514528249,62027.1534003538,57496.2418169269,-4530.91158342685,25151.833019092,62588.4613283069,36073.6632758358,31542.7516924089,-801.657105425937,-30484.4017079448
90496.8760863898,57813.4237441294,54038.2753385496,-3775.1484055798,26334.3040995848,63359.4397906751,30675.9874484147,26900.8390428349,-803.132196129861,-30912.5847012945
90683.3258995869,52667.9642482538,49542.5420908691,-3125.42215738472,27362.3995710266,62514.0916953872,24498.7300440541,21373.3078866694,-806.834633173136,-31294.6563615844
89101.7344527157,46802.2254648362,44399.3570852704,-2402.86837956584,28392.0931270822,59898.4513556788,17598.9423677993,15196.0739882334,-811.189969954724,-31606.1514766028
85827.2203122275,40444.4100318041,38858.0840749873,-1586.32595681679,29430.4560951165,55581.2953295119,10198.4850490886,8612.15909227179,-815.468887599035,-31832.2509395323
81026.6861084715,33841.1676130457,33095.4036248868,-745.763988158887,30402.7523880231,49805.1989632676,2619.6804678418,1873.91647968291,-818.734757180815,-31967.2511333628
74941.8645976638,27265.3503256774,27297.2485853227,31.8982596452974,31229.1889234212,42891.4371122314,-4785.07715975501,-4753.17890010971,-821.238562011214,-32018.5292257871
67835.1411036285,20968.4110084534,21900.9439921458,932.532983692489,32075.8423956477,34935.2330782751,-11931.4970169001,-10998.9640332076,-824.065629705756,-31967.3750416609
60011.8187811463,15167.7298999335,17067.6187150257,1899.88881509214,32880.6732533821,26303.0535299906,-18541.0353512222,-16641.14653613,-828.091997773588,-31808.8764360636
51780.7688151441,10034.5049099186,13087.584765198,3053.07985527943,33739.6905413615,17208.9313463585,-24537.332558867,-21484.2527035876,-832.146927424102,-31518.7576135062
43463.4060134141,5718.87230198605,10010.2960509801,4291.42374899411,34547.385064376,8078.60958658443,-29665.9241248437,-25374.5003758496,-837.411362453755,-31093.3726778356
35323.3123896916,2291.54963449069,7930.60531453314,5639.05568004245,35307.8601274503,-827.236129916264,-33858.9988851171,-28219.9432050747,-842.688392157501,-30511.4928395654
27632.1978900056,-204.067143595702,6912.58432198448,7116.65146558019,36037.3607817934,-9253.31259561813,-37089.5776292195,-29972.9261636393,-848.149703830413,-29768.8590200436
20620.6436489117,-1780.74223910331,6744.97528350454,8525.71752260784,36516.2953453819,-16749.5722944598,-39150.9581824748,-30625.240659867,-853.920597989656,-28844.4984207637
14466.7676901145,-2502.12355204528,7490.48174199236,9992.60529403765,36853.6810794308,-23245.9646650602,-40214.8559072199,-30222.2506131823,-859.051275743801,-27720.127061137
9312.68411513122,-2452.84885559133,9019.87089840181,11472.7197539932,37012.457855054,-28564.2574187194,-40329.7903894419,-28857.0706354488,-864.483678796573,-26404.2217798574
5251.01629363611,-1739.13103569837,11244.5001912291,12983.6312269275,37020.6970614079,-32639.9804770026,-39630.1278063371,-26646.4965794096,-870.299709230775,-24907.3655437112
2304.11696960824,-507.667594276598,13832.5551193419,14340.2227136185,36721.9025514316,-35294.3896659011,-38106.174229786,-23765.9515161674,-876.604084077722,-23258.2839218909
432.273747359965,1064.91815105838,16617.1009536245,15552.1828025662,36157.1537076764,-36606.4976041932,-35973.8532004948,-20421.6703979286,-881.617643876728,-21486.588548987
-419.220392799894,2838.46401748278,19282.3226155689,16443.8585980861,35220.0963717047,-36526.7389660548,-33269.0545557722,-16825.1959576861,-887.422201550271,-19663.6599751688
-384.648756663996,4661.18067379851,21743.0524478549,17081.8717740564,34013.0768090487,-35290.99182123,-30245.1623907675,-13163.2906167111,-893.266255517325,-17824.4712905096
344.390814701503,6365.8106944469,23725.0653716182,17359.2546771713,32466.5223373547,-33019.9623127194,-26998.542432974,-9639.28775580274,-897.830790066239,-16005.0984502496
1578.22074762018,7824.78694927363,25193.6937970962,17368.9068478226,30734.2072422564,-30058.4106613266,-23811.8444596732,-6442.93761185058,-902.424166690417,-14267.7245611242
3113.14469510287,8945.65211326362,25851.5647415525,16905.9126282889,28662.126388581,-26455.7974274984,-20623.2900093377,-3717.37738104875,-906.815734020249,-12663.0294943124
4753.24107585489,9686.23456195046,25621.3102642369,15935.0757022864,26280.7714624802,-22438.6401160076,-17505.6466299121,-1570.57092762565,-911.109729382281,-11256.8054895761
6304.32584172144,10020.0885559917,24473.7554118863,14453.6668558946,23629.9351039707,-18240.8440564674,-14525.0813421971,-71.4144863025078,-915.234794218117,-10091.5030422942
7588.75853450143,9941.38789538407,22406.6458414458,12465.2579460618,20749.6209813251,-14078.4964431271,-11725.8670822444,739.39086381735,-917.633996303347,-9201.99703156671
8472.9730818955,9486.80122648528,19582.2478828501,10095.4466563648,17772.4968331861,-10216.5838853076,-9202.75574071782,892.69091564697,-917.060134017006,-8594.1103108383
8889.79834339219,8750.34392937326,16284.8225261091,7534.47859673588,14913.1935134717,-6939.14196412238,-7078.59637814131,455.882218594563,-915.746794042828,-8294.46171077869
8807.31972470962,7832.74376935747,12704.2399020309,4871.49613267343,12261.9114285547,-4368.7241611055,-5343.30011645767,-471.803983784245,-914.132457260384,-8304.54775314171
8238.51404574877,6852.83956770741,8989.2220773499,2136.38250964251,9829.67247266723,-2503.34013044231,-3889.01460848368,-1752.63209884119,-912.181703523851,-8605.47166654857
7217.03362992754,5931.06301784362,5447.05798509138,-484.005032752228,7768.40417280318,-1460.87736308352,-2746.84797516744,-3230.85300791968,-909.50682020787,-9161.91602576328
5869.36623649475,5232.17162259351,2438.60199655853,-2793.56962603496,6240.89069578335,-1278.73336656666,-1915.92798046791,-4709.49760650287,-907.208907278065,-9941.66922909636
4360.98142595759,4900.45832218349,8.9879986422627,-4891.47032354122,5105.75569825556,-1648.50759920726,-1109.03070298137,-6000.50102652259,-903.733326909303,-10900.9593487061
2884.96857469924,5052.04584354375,-1719.00252161372,-6771.04836515747,4333.73451198098,-2348.04410671463,-180.966837870129,-6952.0152030276,-899.278169432899,-12004.0610465713
1640.80462676266,5773.54934433894,-2618.47563928503,-8392.02498362397,3950.536398322,-3202.9796481521,929.765069424193,-7462.25991419978,-893.247876592753,-13235.8092585387
815.142510784099,7114.73827189511,-2464.97637385533,-9579.71464575043,4116.45005249271,-4189.13505514035,2110.46070597063,-7469.25393977979,-887.82751343176,-14583.9922116749
554.156171636399,9061.85681801399,-1395.94121004808,-10457.7980280621,4668.51452028037,-4995.4348987086,3512.26574766898,-6945.53228039309,-881.076550064637,-16007.3890984071
972.695036607264,11561.7830026739,434.759663945994,-11127.0233387279,5491.6004460357,-5393.38449505739,5195.70347100919,-5931.31986771867,-874.479085628974,-17493.1028703925
2122.38428372932,14513.3086847904,2932.18616125516,-11581.1225235353,6590.73481628934,-5336.14744057247,7054.77696048862,-4526.34556304663,-867.796908012455,-19039.6542478371
3997.05918831633,17787.2031159172,6034.00590709965,-11753.1972088175,8033.12530503844,-4897.12156927053,8893.02235833034,-2860.17485048721,-861.05545254844,-20647.3779664044
6508.08943129877,21226.2042853712,9443.92388681245,-11782.2803985587,9648.05202625769,-3994.44681173807,10723.6680423343,-1058.61235622439,-854.484216779149,-22284.8166415955
9518.02052986256,24662.6488911378,13092.5256753966,-11570.1232157413,11482.6149266207,-2812.48765128702,12332.1407099882,762.01749424696,-847.893254528911,-23900.6313968909
12886.9209364409,27950.4744463124,16837.5689930792,-11112.9054532332,13490.9008640968,-1444.78521336233,13618.7682965092,2505.86284327595,-840.805285706397,-25444.6116030365
16433.8539753199,30943.9516122024,20733.3492150952,-10210.6023971072,15823.7376689655,-223.662035035653,14286.4356018469,4075.83320473973,-833.77834138998,-26868.1184074627
19974.0046239766,33511.5705072512,24557.5719957424,-8953.99851150875,18337.2864322034,811.045125318654,14348.6110085932,5394.61249708442,-825.673066454573,-28116.9580101667
23329.1948408302,35564.4233402767,28123.5410110582,-7440.88232921855,20895.8633211997,1616.27206341073,13851.5005628573,6410.61823363872,-817.059456219763,-29153.805106638
26381.4295415718,37058.4691728833,31392.5490545379,-5665.92011834542,23480.3818894723,2092.13589258644,12769.1755238979,7103.25540555249,-808.91175951305,-29955.2137673308
29020.4810366628,37960.2651423788,34122.9887838019,-3837.27635857697,25865.1208595881,2354.32290743165,11294.1070131477,7456.83065457072,-801.037269643024,-30503.4344878081
31170.9307363616,38282.7183906117,36281.9210528625,-2000.79733774917,28007.8493869144,2368.57280825488,9480.36046250501,7479.56312475584,-794.508541192327,-30803.1552658559
32807.2134063888,38082.9924894181,37752.6348287587,-330.357660659393,29752.1399618796,2264.18936081543,7539.96844384473,7209.61078318534,-790.88408369373,-30873.3817062328
33913.384442739,37411.1887387402,38569.1394882029,1157.95074946275,31096.5318420798,2027.37745049225,5525.18174649343,6683.13249595619,-789.475150166878,-30728.056242784
34491.4741547794,36337.8915153119,38696.8002062813,2358.90869096943,31964.7033206068,1737.03085732905,3583.44821786149,5942.35690883092,-789.739976843573,-30395.534606481
34580.3397445653,34955.0668428095,38220.8270644177,3265.76022160823,32383.0548824039,1405.44719909759,1780.17429734172,5045.93451894995,-791.837663063823,-29909.1323238595
34234.8071319069,33359.2521750706,37277.4867083148,3918.23453324416,32430.6367734115,1006.3636372276,130.808680391224,4049.04321363539,-797.806721267855,-29310.2089614352
33506.9126333069,31639.338752225,35930.131797219,4290.79304499403,32114.7932268507,585.590523451903,-1281.98335762999,3008.80968736404,-806.528883004269,-28630.529064861
32462.0011028832,29878.2991217922,34239.9992671144,4361.70014532227,31447.6814774975,198.868253988283,-2384.83372710284,1976.86641821943,-815.451371397434,-27901.4327035727
31174.5074887055,28160.5303325045,32350.4819060905,4189.95157358595,30523.7588859416,-173.74674990391,-3187.72390610485,1002.2276674811,-824.495352667838,-27158.3026650234
29751.7749291762,26579.8389748678,30359.2329264185,3779.3939515508,29390.8923643428,-473.51278104683,-3645.44873535528,133.945216195519,-834.395345880213,-26445.8937586722
28247.3904758284,25177.6192181528,28357.6026775198,3179.98345936699,28110.9144163134,-706.110761628626,-3775.88201930425,-595.898559937259,-842.586821143651,-25773.51777809
26738.5706825787,24012.088276831,26515.3901500194,2503.30187318838,26822.8910011032,-933.771818272955,-3660.25422402063,-1156.95235083224,-849.451499748441,-25169.0406276633
25271.490748091,23105.7125304177,24804.2071198547,1698.49458943697,25490.9127426115,-1071.67618740143,-3237.45440507471,-1538.95981563774,-852.254192880948,-24644.6723460554
23923.9537803369,22506.2290877624,23298.423497649,792.19440988661,24176.7132085713,-1106.47940424754,-2524.204096822,-1732.00968693538,-853.719976013091,-24238.2387746978
22763.4104503807,22247.1391022501,22135.1972087838,-111.941893466234,22990.7136791782,-1082.15638935168,-1598.42773748225,-1710.36963094849,-854.853160554131,-23957.5087331986
21839.5101396465,22324.1356820467,21552.8825916441,-771.253090402567,22163.7928604631,-1179.61230999506,-694.986767594891,-1466.23985799745,-855.329589178532,-23790.3755400442
21186.121350326,22717.146614646,21480.1559705066,-1236.99064413939,21621.4802908257,-1290.41817025817,240.607094061868,-996.383550077524,-855.059229758413,-23713.5301647235
20840.5761792943,23398.2091194952,21846.1625942338,-1552.04652526142,21299.4005146703,-1313.31787092229,1244.31506927867,-307.731455982745,-854.493535546259,-23705.940575478
20811.5482376112,24319.0633569021,22702.8792238602,-1616.1841330419,21268.5434372049,-1310.698529635,2196.81658965588,580.632456613981,-853.70333004131,-23738.4309002881
21111.8991711814,25426.8151814432,23919.5041767869,-1507.31100465624,21426.8579549665,-1167.97385145236,3146.94215880947,1639.63115415323,-853.015067667273,-23787.18402729
21734.6150608958,26656.6894056943,25506.39680481,-1150.29260088431,21833.3286925075,-950.6439708653,3971.43037393316,2821.13777304885,-851.930339253677,-23835.5516326454
22696.1752674458,27974.4365219433,27287.1828439156,-687.253678027767,22352.2648063145,-508.163267321992,4770.0979871755,4082.84430914773,-852.07372845334,-23891.5922127956
23980.2890299438,29334.3509972301,29166.4030697398,-167.947927490216,22929.2388851397,197.758093168637,5551.82006045486,5383.87213296464,-853.292051635473,-23950.4788642654
25555.007590839,30684.6140363053,31042.3753539119,357.761317606666,23502.0145194227,1198.71956551315,6328.32601097941,6686.08732858608,-854.273505903179,-23998.5267077192
27398.3702683672,31972.0456924689,32792.262616958,820.216924489143,24001.9756506133,2542.16497188505,7115.84039598673,7936.05732047588,-854.229645868837,-24035.988371993
29448.9657485323,33129.6634047641,34309.7068983687,1180.04349360459,24389.5426497499,4206.26094476793,7886.95860099976,9067.00209460435,-853.162154014469,-24062.6613101598
31633.0320735875,34093.7648611751,35535.1288516573,1441.36399048218,24694.831785679,6085.95295875879,8546.68574634643,9988.04973682861,-852.24732914964,-24105.7151243465
33851.5150130945,34795.5876294899,36331.5238750654,1535.93624557556,24852.3717731745,8148.31851564561,9092.39113204098,10628.3273776165,-850.824724274368,-24167.2602518734
36011.9308299466,35201.5686226623,36645.8181017496,1444.24947908728,24866.0148947003,10295.6099477681,9485.24774048379,10929.4972195711,-850.305987478228,-24272.0714030912
37978.77519933,35260.4006246789,36455.7985719302,1195.39794725135,24772.9214481077,12356.4966090776,9638.12203442652,10833.5199816779,-849.357142144685,-24426.880643001
39642.3372760223,34956.725696222,35752.6812832932,795.955587071146,24608.5035329445,14185.1511061662,9499.53952636586,10295.495113437,-848.682636911674,-24661.230582785
40897.2640645743,34292.7504504854,34452.6420311005,159.891580615158,24288.7005191654,15760.7394977901,9156.22588370118,9316.11746431633,-847.824047618806,-24976.632986169
41691.3974441161,33320.3964175725,32698.4162340056,-621.980183566904,23897.4866062801,16946.1249522854,8575.12392574183,7953.14374217493,-847.78588555062,-25367.2526753976
41966.436539328,32075.0511173399,30632.9028319067,-1442.14828543322,23496.4865455487,17623.671879407,7732.28645741894,6290.13817198572,-846.278114372305,-25784.9129453542
41704.5334555728,30620.2413871627,28466.3433748669,-2153.89801229573,23196.9186863566,17663.3642786049,6579.07221019484,4425.17419789911,-844.25049061125,-26195.0671892636
40924.2273412403,29019.163285976,26457.5316593008,-2561.63162667519,23145.0666553579,16937.9236261688,5032.85957090454,2471.22794422935,-841.23705971354,-26547.9353417466
39692.9759404482,27359.5380230481,24662.0394314587,-2697.49859158943,23258.2500388797,15597.4130979882,3263.97518058804,566.476588998611,-837.312803580408,-26793.0614340495
38116.7496998332,25727.9939380746,23117.5418962175,-2610.4520418571,23464.8606023777,13818.7259526775,1429.97019091884,-1180.48185093826,-833.163144778036,-26908.4757890128
36301.1040823091,24194.9442496155,21942.1465698414,-2252.79767977411,23791.3711978575,11680.9349265878,-425.224906105777,-2678.02258587988,-828.797957863774,-26872.9668354954
34364.764089417,22817.1949283008,21064.466285352,-1752.72864294872,24106.2988280124,9433.81751536628,-2113.75164575001,-3866.48028869873,-824.647746038395,-26683.6752169995
32416.7608312168,21624.0962669145,20429.5704453863,-1194.52582152813,24334.569585946,7261.25934307657,-3531.40522122576,-4725.93104275388,-820.931902194223,-26350.0273096684
30553.6246580572,20632.0825981458,19986.7635359877,-645.319062158057,24438.1537224938,5296.94538956034,-4624.59667035112,-5269.91573250918,-818.525546003104,-25901.998330655
28843.9655453325,19828.2940709565,19664.0724414976,-164.22162945892,24397.4758216014,3628.95583403546,-5386.71564034056,-5550.93726979947,-817.533889695658,-25379.231340756
27333.1220711538,19191.8780185283,19413.9858628089,222.107844280623,24217.1143176419,2297.41130707411,-5843.83274555137,-5621.72490127075,-818.596446437798,-24813.602919799
26035.553369995,18691.0922891977,19132.4055916245,441.31330242676,23871.5345490722,1343.8222692066,-6000.63881159072,-5559.32550916396,-820.196551716216,-24250.4177983616
24942.1027100816,18281.3149880837,18832.1779023656,550.862914281873,23443.6848322122,675.644273974565,-5985.14344802333,-5434.28053374145,-822.773603894831,-23715.5955218252
24023.3765509582,17926.0205545707,18581.9229625526,655.902407981854,23061.9106078279,135.822380707702,-5961.53361567978,-5305.63120769793,-825.643562422614,-23231.6517622686
23227.4787688843,17583.5851727942,18332.7485628691,749.163390074939,22738.6993358066,-338.223841970225,-5982.11743806042,-5232.95404798549,-827.003275048037,-22816.5392207796
22517.2340636849,17231.213624833,17952.1371383238,720.923513490841,22383.8396915128,-695.431373447416,-5981.45181229935,-5260.52829880851,-828.825745619589,-22491.7419236415
21850.9518707007,16848.9809138526,17398.6885731957,549.70765934313,21973.2125260821,-954.154468204305,-5956.12542505243,-5406.41776570931,-831.893812822942,-22255.3986795619
21177.4103058912,16415.3828188745,16961.9715265757,546.58870770121,21786.2699209131,-1444.3352596735,-6206.36274669024,-5659.77403898902,-835.475644651608,-22075.1568578635
20464.9860811432,15929.0114881007,16672.3004310329,743.288942932208,21841.0675438985,-2215.65503339278,-6751.62962643527,-6008.34068350307,-839.573570637557,-21937.3521716038
19692.3907681535,15403.8125015557,16425.7934429303,1021.98094137462,22012.4572331047,-3163.61307285257,-7452.19133945033,-6430.21039807572,-843.546607901319,-21834.0228996314
18855.4865538309,14865.1780942163,16193.3193384051,1328.14124418877,22240.9757517897,-4233.54124279886,-8223.84970241342,-6895.70845822465,-848.052044840027,-21760.886552441
17953.7611131004,14335.3707292506,16041.4457241068,1706.07499485622,22556.0151676987,-5454.68392993285,-9073.07431378264,-7366.99931892643,-852.429875334524,-21702.3700481771
16991.3745402424,13836.960780842,15888.9954340977,2052.03465325569,22847.2509348747,-6712.26887520835,-9866.68263460872,-7814.64798135304,-856.392480575974,-21651.608762195
15969.8961633758,13390.5857188038,15764.6911290327,2374.10541022886,23117.7630409655,-8007.26125885911,-10586.5717034311,-8212.46629320226,-859.394381269476,-21603.0520120061
14911.6633416338,13027.5564534003,15753.8352423108,2726.27878891053,23407.6101931339,-9358.3006250268,-11242.4075132603,-8516.12872434973,-862.353773526704,-21543.68517775
13836.195349168,12779.7789387517,15883.7684006004,3103.98946184863,23699.9853060707,-10729.2186397445,-11785.6350501608,-8681.64558831213,-865.428682841804,-21461.4245270639
12782.2675170062,12681.8533378941,16111.255639547,3429.40230165292,23922.3811016034,-12008.8654905554,-12109.2796696675,-8679.87736801455,-868.75190595825,-21361.7307059087
11795.8589853964,12765.5442797968,16434.0112146078,3668.46693481092,24042.3573230094,-13118.8312495341,-12149.1459551337,-8480.67902032273,-872.332911921124,-21246.2233001196
10935.6359682609,13055.1507304379,16856.8439103415,3801.69317990367,24047.8070788929,-13988.95787295,-11869.443110773,-8067.7499308693,-876.786762317954,-21122.9006613072
10247.8779823068,13556.8204374686,17433.6216880277,3876.80125055914,23989.4575717003,-14623.8913380675,-11314.9488829057,-7438.14763234654,-882.311748673904,-20994.9680698151
9784.58282532626,14262.1086355449,18084.3336115824,3822.2249760375,23806.0662943796,-14909.7707842291,-10432.2449740105,-6610.01999797302,-888.287315175797,-20872.1286335179
9572.20617516658,15155.6049542312,18926.5980324323,3770.99307820107,23643.5672499723,-14965.6686364179,-9382.2698573533,-5611.27677915224,-894.307561612242,-20766.8817333834
9641.09747662209,16227.0786805553,20023.0092803081,3795.93059975287,23570.1995026129,-14830.356645868,-8244.37544193484,-4448.44484218197,-901.254619877185,-20675.5235227372
10007.953557112,17448.4731786752,21273.6571460281,3825.18396735295,23500.7430716076,-14400.7289868108,-6960.20936524759,-3135.02539789464,-907.939472315139,-20583.4985765698
10672.3663323881,18790.979561722,22639.5388168863,3848.55925516427,23428.643580197,-13668.9686962796,-5550.35546694569,-1701.79621178142,-912.691448470715,-20492.7757735035
11640.3758370383,20230.6498716829,24133.1876134509,3902.53774176808,23407.6111027036,-12684.4011009971,-4094.12706635254,-191.589324584465,-917.16583533175,-20422.2391962673
12910.0478395343,21730.3152586428,25607.9549109057,3877.63965226294,23323.1793569475,-11334.4374520712,-2514.17003296272,1363.46961930022,-921.305934657965,-20366.8456393425
14463.7702598725,23254.4864532599,27127.697285528,3873.21083226816,23268.2844592501,-9730.3115339075,-939.595340520136,2933.61549174802,-925.797334529858,-20320.8709615118
16283.2073659622,24764.8743117167,28609.6408189097,3844.76650719307,23195.6176108691,-7842.98509065849,638.681855095956,4483.44836228903,-930.574845751586,-20281.4259494276
18322.9336668274,26209.7401588807,29877.7194076784,3667.97924879766,22995.5788338465,-5608.1001096007,2278.70638245262,5946.68563125028,-935.454942581546,-20263.0545276304
20510.1589117288,27512.0388868996,30972.8775432187,3460.83865631914,22785.5038333857,-3214.56641893668,3787.31355623404,7248.15221255318,-939.221497279872,-20263.8866743464
22770.0869956404,28637.6359765627,31814.8041306421,3177.1681540794,22527.7918331611,-700.392297567588,5167.15668335468,8344.32483743407,-942.687460046908,-20293.3111391286
25014.2288007679,29550.2734531885,32322.1286212406,2771.85516805213,22186.481342024,1882.37387249633,6418.41852491691,9190.27369296903,-945.373586247569,-20359.9997602194
27160.7498791581,30216.9626301534,32381.9237946992,2164.9611645458,21683.1001293163,4530.31198828453,7586.52473927978,9751.48590382559,-947.33776155729,-20465.4767263278
29105.5148791673,30604.0791038569,32185.2260951485,1581.14699129159,21232.97811804,6924.16005746905,8422.7242821586,10003.8712734502,-948.376703658276,-20600.2078304067
30793.8530131691,30717.952744682,31603.0115791569,885.058834474896,20684.6677398799,9160.31231186954,9084.41204338248,9969.47087785738,-948.87296141964,-20748.4818668246
32186.7006092396,30562.3389183964,30673.0860838744,110.747165477956,20075.0810273795,11163.2126860462,9538.85099520305,9649.598160681,-948.406895813847,-20912.7407577154
33234.7902259687,30140.2646784376,29442.8911882985,-697.373490139101,19443.0720667634,12846.3494757532,9751.82392822209,9054.45043808299,-945.36868345213,-21085.8142403546
33903.8610934379,29473.0483096066,27881.4676201728,-1591.5806894338,18743.3218392494,14219.4163795398,9788.60359570846,8197.02290627466,-941.122874648718,-21276.0254033319
34196.6533561254,28598.7539888096,26133.3985522557,-2465.35543655389,18077.699357441,15182.4457338778,9584.54636656194,7119.19093000805,-936.508264806669,-21479.5630588015
34118.778486306,27551.7045940339,24260.8264273793,-3290.87816665453,17466.9319603343,15720.8503082885,9153.7764160164,5862.89824936186,-930.996217683169,-21688.806344672
33706.4237981817,26376.7181652039,22362.0365073849,-4014.68165781895,16956.4619879725,15825.811311779,8496.10567880122,4481.42402098226,-924.150498430163,-21895.2941442216
33003.104583556,25137.0292528985,20530.6611040603,-4606.3681488382,16578.2964395405,15508.022798213,7641.94746755553,3035.57931871733,-916.785345802475,-22101.4499341812
32063.5427299305,23879.0674151267,18863.9606084748,-5015.10680665187,16370.5744942054,14784.3079540602,6599.83263925639,1584.72583260453,-908.660281664807,-22294.3415825221
30941.4177557712,22640.948068128,17581.0275116162,-5059.92055651176,16493.8392167085,13547.8603717212,5247.39068407804,187.47012756629,-899.718167341409,-22453.4779405617
29691.7230850257,21451.4436836517,16620.4491252332,-4830.99455841843,16859.2374779735,11942.5906304738,3702.31122909979,-1128.68332931864,-889.894976578407,-22580.1270129703
28337.0561496892,20322.8663299937,16015.8916175785,-4306.97471241518,17473.428350584,9984.64717326889,1970.45735357332,-2336.51735884187,-878.980625836388,-22659.3836888355
26918.7253843267,19272.5338470147,15761.67263033,-3510.86121668461,18285.6795373003,7765.42589610934,119.234358797299,-3391.62685788732,-867.619950917031,-22664.160704902
25487.533676712,18320.0616576239,15860.3335402431,-2459.72811738077,19266.4702391216,5363.95807078143,-1803.51394830671,-4263.24206568748,-857.105366808978,-22583.3037233113
24086.3900641834,17489.2861321755,16214.2999668045,-1274.98616537105,20334.6126463017,2901.85659689169,-3695.24733511624,-4970.23350048729,-849.920820990017,-22459.5196326628
22712.6044174336,16756.4488651786,16800.8980161291,44.4491509504712,21461.9129121536,408.163918727204,-5547.99163352779,-5503.54248257732,-842.527586552757,-22259.9913477559
21383.5498096157,16107.2382338789,17668.3914993581,1561.15326547927,22694.1848646068,-2146.20621326892,-7422.51778900574,-5861.36452352648,-835.571158277787,-21968.6027574053
20102.1435192268,15524.1918238865,18635.9465312476,3111.7547073611,23867.1481035974,-4593.39294204258,-9171.34463738293,-6059.58993002182,-828.388357671991,-21583.7817539083
18862.4112370108,15000.2128418537,19549.5771791565,4549.36433730274,24854.8093350207,-6813.9070579076,-10676.1054530647,-6126.74111576194,-821.508959897646,-21126.9539576156
17662.1054722614,14520.6135425154,20413.0221839951,5892.40864147966,25671.6245963376,-8823.97306604788,-11965.4649957939,-6073.05635431424,-814.453941971703,-20593.6698968297
16499.5867846434,14072.1964620769,21352.5343537037,7280.33789162687,26434.5212542435,-10742.4282924123,-13169.8186149789,-5889.48072335199,-807.493822812169,-19961.6771854288
15348.3706070623,13638.4601542472,22044.8515406829,8406.39138643572,26820.2528139304,-12270.2839663865,-13980.1944192016,-5573.80303276588,-798.401759518374,-19212.263187013
14253.074425524,13258.3230789783,22475.0968099657,9216.77373098733,26807.2848768424,-13343.9215508731,-14338.6728974188,-5121.89916643142,-789.711099554629,-18380.2222454097
13217.2589820354,12923.7431618645,22817.4317196017,9893.68855773715,26582.7953979631,-14146.6345061278,-14440.1503262986,-4546.46176856145,-781.098090200012,-17470.204930426
12247.5451647721,12624.3630079528,22902.7016608071,10278.3386528542,25990.5167950073,-14514.7800395467,-14137.9621963659,-3859.6235435117,-771.808409311419,-16483.9865514645
11378.1336981431,12381.0064626634,22572.3144269172,10191.3079642538,24894.4603893386,-14278.9507878655,-13276.0780233452,-3084.77005909144,-762.62409666997,-15465.7765217548
10655.2451447799,12218.490863415,21860.3904194583,9641.89955604336,23341.2735565097,-13439.7013607391,-11876.4556421041,-2234.55608606072,-753.672949009346,-14453.0469494757
10111.0852759205,12147.9477719942,20948.6945995927,8800.74682759845,21538.7882627004,-12173.5595811119,-10136.6970850382,-1335.95025743975,-745.856594332065,-13483.898029434
9779.59084225763,12174.4492188492,19856.1971132785,7681.74789442928,19529.1004171527,-10488.5986832269,-8093.74030663532,-411.99241220604,-739.089108331794,-12586.4416310553
9705.29057959729,12312.8970178299,18662.1915435035,6349.29452567363,17427.983196919,-8459.43566741717,-5851.8292291846,497.46529648904,-736.743050095411,-11815.4317213408
9864.60999698617,12519.4958461076,17479.1103230221,4959.61447691452,15414.2286937471,-6286.52067876305,-3631.63482964159,1327.97964727293,-736.901982002071,-11191.5161988347
10207.7571322201,12734.8233309176,16415.1695398816,3680.34620896399,13649.5275395386,-4179.02264193845,-1651.95644324099,2028.389765723,-737.252234619977,-10706.4335651946
10694.9612112073,12926.3873251043,15286.3911538565,2360.0038287523,12003.4867088295,-2045.60204955839,185.824064338535,2545.82789309082,-737.076551936188,-10380.5594320134
11308.0208782821,13091.246845315,14188.0255049462,1096.77865963123,10591.5541630222,-20.8937028203607,1762.33226421256,2859.11092384379,-737.360418080205,-10232.1359214712
12004.91291658,13202.2319776492,13199.1305263773,-3.10145127181366,9521.35395098008,1745.18364948786,2942.50271055701,2939.40125928519,-738.375316112045,-10262.830718364
12699.6028506122,13193.9870663399,12588.7824497763,-605.204616563582,9080.98841838839,2881.11533729103,3375.49955301866,2770.29493645507,-737.49909493282,-10423.6921298848
13370.3877523814,13077.8083494951,12363.9283048486,-713.880044646458,9256.13191427467,3375.97603447131,3083.39663158502,2369.51658693856,-738.279803635398,-10708.2917625565
13937.100011403,12825.86046749,12342.9335374466,-482.926930043377,9846.09607285746,3352.18075615814,2240.94121224512,1758.01428220174,-738.823182387417,-11067.8461852883
14344.1835805457,12432.7571891937,12422.9407416409,-9.81644755276237,10709.3633638631,2894.9239852496,983.497593897522,973.681146344755,-739.896231433033,-11459.0760428489
14531.8133511169,11886.5052457442,12564.4555120594,677.950266315147,11770.7928625896,2019.38149225212,-625.92661312058,52.0236531945678,-741.638996275213,-11834.4815925497
14489.144366892,11196.7643219013,12809.903942573,1613.13962067167,13014.3470678957,732.113239531682,-2560.26680545904,-947.127184787368,-742.684059464656,-12143.8915066887
14246.4647202604,10408.9615179905,13227.5214483259,2818.5599303355,14444.2479832213,-941.48831916111,-4778.99152143109,-1960.43159109559,-743.705056200287,-12369.393109086
13812.065354521,9544.77322085651,13836.7399492874,4291.96672843091,16002.0033970983,-2933.14978495523,-7200.44191861972,-2908.47519018881,-743.211742377867,-12453.2484110453
13186.6903141175,8636.3653374329,14428.554937412,5792.18959997916,17436.7145316218,-4994.51253434113,-9544.83751102569,-3752.64791104653,-744.48831683674,-12389.0132484794
12383.6301400108,7711.16116636146,14840.9401360149,7129.77896965348,18535.3338189491,-6897.40470739834,-11569.8736810477,-4440.09471139419,-745.701028460014,-12151.2558777556
11456.7771661214,6801.74491088844,14911.3456216826,8109.60071079411,19129.8214248226,-8419.50674696783,-13074.5390022008,-4964.93829140667,-746.462488266606,-11766.6832022951
10412.1541429769,5901.15831990355,14691.6075148547,8790.44919495115,19287.7028795077,-9621.86491555176,-14132.8607386251,-5342.41154367399,-746.316179020984,-11243.5698635775
9302.84696343795,5054.42157654896,14111.4910808746,9057.0695043256,18946.7097736637,-10393.0445886702,-14641.4699755592,-5584.40047123362,-749.181778444477,-10638.8220477826
8189.8005405757,4283.05104344622,13357.3039056594,9074.2528622132,18295.4157587114,-10858.4314368593,-14765.1809339888,-5690.92807177561,-752.816218723594,-9973.97911522183
7113.19432312545,3605.54314946498,12288.6310526889,8683.08790322393,17215.2468609336,-10856.7154989287,-14364.3666725892,-5681.27876936526,-754.662961120555,-9286.82191883023
6108.08103375554,3059.80348822519,11068.9270671699,8009.12357894468,15863.9065563847,-10511.6205393244,-13559.8980848548,-5550.7745059101,-755.795016695313,-8610.57799413529
5200.22090483408,2644.15787064823,9692.70527279372,7048.54740214549,14252.4322730499,-9807.57248592775,-12363.6355201136,-5315.08811796811,-755.361117711965,-7959.24598861634
4415.97456770667,2357.38883940559,8346.0903210513,5988.70148164572,12596.7505489283,-8935.36512735493,-10993.950855656,-5005.24937401028,-754.589146133249,-7362.63821341587
3780.04816346609,2199.42230979844,7147.55702063401,4948.13471083556,11039.8555325818,-8014.92353948822,-9595.54939315585,-4647.41468232029,-755.116170372522,-6846.83699211873
3285.56022888729,2148.2008880172,6127.23056139263,3979.02967337541,9611.77404368162,-7081.46674990351,-8218.82609077358,-4239.79641739817,-755.252935109169,-6387.99730541539
2953.47486388594,2196.25829178045,5514.18560214574,3317.92731036528,8522.04496588146,-6324.50691287399,-7081.72348497947,-3763.79617461419,-755.936810878455,-5960.05446639463
2846.33665374292,2380.28843978982,5341.59273389599,2961.30429410617,7777.43019849377,-5692.06534721917,-6158.11356117227,-3196.8092670661,-760.971802468316,-5577.09770685592
2955.37680017602,2664.99124189275,5450.63759851302,2785.64635662028,7202.56636523652,-5011.27983204875,-5301.66539033203,-2516.01903371175,-764.090266988247,-5181.0102756045
3285.45526345005,3012.17373005995,5915.14623256878,2902.97250250883,6882.09715027533,-4362.48086000971,-4635.76239339982,-1732.78989089098,-765.838973184429,-4744.96362095094
3803.74863446814,3365.02210887325,6794.72199626148,3429.69988738825,6896.20952655659,-3858.59399812836,-4297.32052372327,-867.620636335029,-766.133106039914,-4232.64274520827
4465.5194407778,3679.9104821052,7760.92484144657,4081.01435934137,6946.0513752074,-3246.51251516208,-4032.12147383466,48.8928855067086,-765.98058073245,-3631.01759659849
5252.21470134642,3945.48293373395,8751.23607747017,4805.75314373622,6954.28503515991,-2467.06158694648,-3773.79335455893,1031.9597891773,-764.991253132966,-2913.52314455665
6150.31024102188,4138.31057140492,10022.1357940686,5883.82522266371,7183.45983277287,-1796.86913977354,-3808.8688093905,2074.95641327321,-763.719548022541,-2063.35415813171
7125.87592649779,4209.03554844613,11403.259512913,7194.22396446688,7498.33373431905,-1135.50041360237,-4052.34079165402,3141.88317281287,-763.042605781077,-1067.15237563326
8157.39634427321,4158.99120856892,12567.2950946652,8408.30388609626,7569.37997866133,-175.052579984041,-4173.45771568834,4234.84617040793,-763.068945595908,75.854961839014
9243.85830009699,3990.25632587401,13490.6236104497,9500.36728457568,7387.39477521992,1092.48284466653,-4161.11912955645,5339.24815501924,-763.980680210535,1348.99182914522
10350.8767014677,3651.68693752724,14118.6782034268,10466.9912658996,6956.44425032832,2628.51765086129,-4070.67211307917,6396.3191528204,-765.914800278086,2744.63221529316
11433.6192414227,3139.21703227522,14344.7469130227,11205.5298807474,6215.08629138729,4447.47457174117,-3846.92763740634,7358.60224334111,-771.058378294265,4219.38521106588
12456.5798916691,2435.48274295707,14015.0137889882,11579.5310460311,5037.69060930448,6642.10845613812,-3378.98869257395,8200.54235345718,-776.780826226516,5765.05961050012
13414.8771138783,1517.49363322397,13246.9428582685,11729.4492250445,3602.31529662276,9028.90978835146,-2868.47369230285,8860.97553274167,-783.652028904054,7343.48189951769
14259.3715392228,349.522210843805,12060.0527152909,11710.530504447,2001.16610307796,11464.8020676686,-2445.04726071047,9265.48324373658,-793.403368476298,8915.96103289277
14899.1014616265,-1105.24923839696,10507.5196271475,11612.7688655445,316.837053042264,13777.9594134562,-2226.39128656721,9386.37757897729,-804.30499512797,10491.6268173743
15250.9508171357,-2869.02752898839,8620.12577871223,11489.1533077006,-1406.03855138547,15841.6419085168,-2278.33643760727,9210.81687009335,-815.34746000435,12079.8443990817
15266.8752061404,-4944.0904730293,6422.5519668035,11366.6424398328,-3130.99554639985,17571.4946497312,-2639.47102943856,8727.17141039427,-826.376102809086,13671.2618834236
14881.044317396,-7344.4006792581,3892.79579554241,11237.1964748005,-4865.7642026635,18909.57392249,-3315.87107416411,7921.32540063641,-837.234597569505,15265.7260798945
14012.6489327953,-10073.1804774435,994.334876930288,11067.5153543739,-6630.23809587107,19794.5960105463,-4291.23339969247,6776.28195468138,-848.291018119968,16849.462432125
12707.5430858411,-13056.7013656516,-2203.75193676503,10852.9494288866,-8427.60365893928,20276.6271071195,-5487.61734437331,5365.33208451331,-858.519637660922,18422.033450165
11028.1838924407,-16241.4949795153,-5533.06060154312,10708.4343779722,-10131.3515250449,20290.9187914462,-6978.76008050979,3729.67429746244,-868.616626039301,19971.1692769778
8957.84633122667,-19628.9955552075,-8872.1593147072,10756.8362405003,-11641.7622865337,19722.4255245955,-8864.41636183869,1892.41987866159,-877.183093164944,21521.4154338691
6478.63069933368,-23184.1380222116,-12188.9914463996,10995.146575812,-12964.5778993169,18558.116710717,-11104.6520108283,-109.5054350163,-885.091887933543,23074.6325871953
3644.94185750486,-26835.6780940022,-15528.7084124728,11306.9696815295,-14194.7676700627,16946.4166964406,-13534.2032550665,-2227.23357353699,-893.292831126919,24608.4445204652
539.801362992405,-30524.244552175,-18918.3755329021,11605.8690192729,-15402.8398427846,15041.1532939538,-16022.8926212137,-4417.02360194071,-901.487911823205,26107.2209502343
-2838.7991788763,-34228.0634616004,-22273.8657671505,11954.1976944499,-16566.2209995832,12819.3947491349,-18569.8695335892,-6615.67183913931,-908.027071572008,27612.3916224611
-6457.39610709321,-37896.9267157913,-25410.0076210219,12486.9190947694,-17556.1772599904,10184.245161616,-21255.2854470821,-8768.36635231265,-914.535991281217,29128.5603634786
-10202.6476013281,-41450.8462649866,-28351.9758378173,13098.8704271694,-18468.8289567883,7345.60927286898,-23902.5893907896,-10803.7189636202,-920.572082591268,30647.1273013664
-14019.9942844152,-44848.7092574004,-31226.8308614893,13621.8783959112,-19472.0118064283,4526.43559912901,-26302.2793738562,-12680.4009779451,-925.581922884111,32168.3082794554
-17900.1035472766,-48089.4303200503,-33789.9116208998,14299.5186991506,-20334.7400424992,1505.13020681873,-28684.196565955,-14384.6778668045,-929.506288403882,33704.7524532458
-21847.7427512358,-51199.5801634786,-36158.9884735824,15040.5916898963,-21173.846251913,-1605.66100888039,-30957.4984211233,-15916.906731227,-931.764509557645,35282.6734322516
-25804.9893573184,-54160.9792362215,-38364.4939407472,15796.4852954744,-22027.6147694849,-4710.63894882136,-33066.6288277245,-17270.1435322502,-933.2643609879,36890.8357039714
-29762.5264944912,-56971.9971984987,-40415.1781334817,16556.819065017,-22910.8169018676,-7785.69307927872,-34995.1637832862,-18438.3447182692,-933.983486655036,38533.6524802295
-33733.6435995909,-59642.3449278415,-42217.2228839956,17425.1220438459,-23735.0543667315,-10932.3450860778,-36841.0464143284,-19415.9243704824,-933.755853218329,40226.4205573591
-37724.038286062,-62184.6594171634,-43781.6232878169,18403.0361293465,-24505.5892905081,-14151.6537076152,-38612.2748387165,-20209.2387093701,-933.204712061219,41975.4207077933
-41709.1859596091,-64572.9020479118,-45377.8568108169,19195.0452370949,-25513.8697219942,-17126.2444733125,-39989.9605616152,-20794.9153245203,-930.928235697613,43777.9867233915
-45696.1122157587,-66793.8496229648,-47081.0101391707,19712.8394837942,-26823.2322553783,-19799.6701657917,-40897.4075729978,-21184.5680892036,-926.790205411227,45609.2815337612
-49662.732742348,-68830.5871278217,-48657.7108873784,20172.8762404433,-28209.1228351556,-22374.9711129889,-41542.8254984627,-21369.9492580194,-921.3612057966,47460.6378698023
-53585.7179579348,-70662.7125001572,-50275.9234105349,20386.7890896223,-29836.1147404092,-24663.4016541936,-41740.396196416,-21353.6071067937,-913.798436668001,49309.1053933635
-57424.1982506754,-72249.8797803461,-52220.3867180115,20029.4930623346,-31977.829696334,-26353.4150762742,-41179.0966059449,-21149.6035436104,-907.046521932871,51100.2762367357
-61158.5028182488,-73586.3152917119,-54114.6538687444,19471.6614229676,-34258.0796234938,-27800.408274571,-40228.2207480342,-20756.5593250666,-899.9850798161,52829.7559666453
-64734.8518498339,-74662.4532963982,-55643.848070424,19018.6052259742,-36379.1535068761,-29248.5120873478,-39176.1135339122,-20157.508307938,-892.813744390005,54504.9449884603
-68088.1887663129,-75477.9560238685,-56986.4722376707,18491.4837861978,-38517.8423597697,-30454.7469040006,-37844.5141615562,-19353.0303753584,-884.400497457396,56124.9256485101
-71202.3606495925,-76040.9233390555,-58537.8984831689,17503.0248558865,-41047.1688076276,-31030.8461277906,-35869.4088172535,-18366.383961367,-875.654285825648,57674.5393776885
-74038.9217099193,-76354.2848796728,-60039.0826140038,16315.202265669,-43681.4752664836,-31223.8568380001,-33539.2200077537,-17224.0177420846,-866.410394564464,59130.2671375882
-76539.2051936366,-76403.6353977911,-61153.5714921738,15250.0639056173,-46087.1897087053,-31308.9219968408,-31173.3522009954,-15923.288295378,-856.906511909604,60480.3471024131
-78699.844020656,-76189.0770129779,-61951.8383106769,14237.238702301,-48327.8944289213,-31220.4185899775,-28709.6515822994,-14472.4128799984,-848.468998242854,61716.6641329794
-80536.6659690937,-75734.0637178303,-62511.9236553544,13222.140062476,-50463.0965573,-30916.4815059138,-26113.8792546505,-12891.7391921745,-842.912094120117,62842.3245256558
-81982.1730775924,-75026.983546727,-62853.0097974424,12173.9737492846,-52522.6356522916,-30298.1020433942,-23342.9125125287,-11168.9387632441,-838.564618093291,63858.0447834829
-83011.1707248489,-74074.0091267184,-62966.235156315,11107.7739704035,-54498.1100083963,-29347.2875673445,-20410.1259692141,-9302.35199881061,-834.226850891914,64771.6571279078
-83633.0758401445,-72920.0359417478,-62806.9790122164,10113.0569295313,-56328.4689794705,-28134.9749240533,-17421.9350256565,-7308.87809612519,-830.368063379222,65611.1578456225
-83856.7422351003,-71611.5330699535,-62271.8541421718,9339.67892778174,-57895.4750762121,-26787.8958266745,-14542.6866615277,-5203.00773374599,-826.628667786268,66408.5253362076
-83635.169543774,-70160.4709232169,-61446.903398089,8713.56752512799,-59286.4289640382,-25171.765722157,-11697.0671015999,-2983.49957647192,-823.025142421161,67176.971346745
-82922.2796844218,-68567.9243010686,-60289.7033572232,8278.22094384541,-60450.2805795354,-23291.4810712166,-8937.12568786338,-658.904744017984,-819.481966330232,67909.0195570506
-81762.2790834797,-66883.3114800726,-59089.4843985407,7793.8270815319,-61612.6399609098,-20965.6059806971,-6086.63837729003,1707.18870424188,-815.966858127198,68590.5001843145
-80189.0756569736,-65157.030718562,-57836.6065537966,7320.42416476539,-62703.3893337215,-18297.7968415279,-3265.75190311625,4054.67226164914,-812.110518275718,69211.7029802111
-78199.4646480759,-63403.2622795414,-56483.9397369459,6919.32254259558,-63663.7847667097,-15343.7519092596,-547.549540725138,6371.77300187044,-808.072027893348,69775.0352814119
-75859.2853747786,-61668.8604028599,-55418.7065854991,6250.15381736077,-64805.1942242486,-11860.4049791993,2330.01999271942,8580.1738100802,-806.313828669326,70249.0342129401
-73293.0682114859,-60030.9062486527,-54596.7132227644,5434.1930258883,-66000.9635764228,-8097.50359495821,5164.65836787502,10598.8513937633,-805.398959895118,70629.757642416
-70568.3297211673,-58531.3422404129,-53919.5300100629,4611.81223034999,-67100.3425188994,-4273.86380691904,7763.12367383539,12374.9359041854,-805.876604651143,70906.2781445983
-67728.307070888,-57183.6407868033,-53557.0076932605,3626.63309354279,-68255.4813546765,-281.439409959397,10263.2268741253,13889.8599676681,-808.613693747863,71073.5007544714
-64870.4543029958,-56012.4606735553,-53396.520425565,2615.94024799033,-69331.5041893997,3647.65512011052,12505.6487495509,15121.5889975413,-813.394766293342,71134.0496710966
-62108.2692195357,-55047.7339435826,-53580.2694978841,1467.46444569844,-70411.9184528452,7483.20215073383,14543.737426687,16011.2018723854,-820.447082575618,71058.935815968
-59496.8106863011,-54291.9262080089,-53964.769999117,327.156208891961,-71335.3323819268,11008.1426823686,16213.0271606608,16540.1833695527,-830.379013257072,70832.1095775617
-57087.1082785381,-53747.5350649225,-54581.85526477,-834.320199847412,-72142.0680923206,14213.4801478045,17553.05336142,16718.7331615726,-841.479665978,70466.2682264952
-54910.6230211937,-53385.9848976725,-55423.5412434874,-2037.55634581482,-72854.8695309374,17091.2949242742,18615.9330477954,16578.3767019805,-852.951585469527,69964.3615996531
-52960.9653301063,-53176.625487766,-56345.3383081117,-3168.71282034572,-73361.2226100049,19535.4041163741,19319.7439587144,16151.0311383687,-864.853163524469,69327.6566261347
-51226.2000173435,-53104.326137442,-57168.7203103146,-4064.39417287265,-73521.7812087575,21418.0009186633,19539.8747985648,15475.4806256922,-877.580272750657,68579.8067631342
-49678.9579549861,-53149.7028570257,-57974.5839396379,-4824.88108261215,-73448.019498784,22878.5237230461,19407.7788210064,14582.8977383943,-890.537820751772,67732.6005954201
-48370.727445873,-53335.6732639654,-58790.9068470686,-5455.23358310317,-73173.0962282632,23899.6039474597,18934.6581293672,13479.4245462641,-902.76483493049,66815.0978102295
-47340.5559509697,-53684.6363781366,-59661.4349629583,-5976.79858482167,-72738.9839014698,24484.1166939663,18140.0362667994,12163.2376819777,-914.311256533813,65847.8740601143
-46614.7178014697,-54202.6942771864,-60575.9368951795,-6373.24261799309,-72151.9585551409,24611.0100250243,17023.0335493076,10649.7909313145,-926.230728646834,64852.4852085009
-46237.0777541319,-54901.048535173,-61520.8557464039,-6619.80721123083,-71419.158456475,24244.5025877649,15580.5318067239,8960.72459549303,-937.578114578114,63861.7731306661
-46204.5910234037,-55756.4563674575,-62608.0606635986,-6851.60429614108,-70674.4422932961,23521.8101979672,13969.9448539134,7118.34055777232,-948.041071925161,62874.7969252299
-46503.2892785422,-56733.5659164586,-63707.6681492619,-6974.10223280336,-69804.8757897333,22343.5532813961,12113.2766434798,5139.17441067644,-958.033229794989,61872.740327135
-47110.1587413603,-57805.0570874155,-64598.866369,-6793.8092815844,-68625.662751708,20547.3254076088,9852.42706155355,3058.61777996915,-968.178602738897,60863.6748673847
-48007.607952258,-58943.9769419912,-65238.0296676219,-6294.05272563077,-67152.3055383395,18166.8841894509,7230.51519971768,936.462474086913,-977.813396630608,59880.4394160781
-49195.0848605802,-60136.1455099243,-65853.9507680786,-5717.80525815431,-65663.6212583911,15482.0912269199,4541.03057757585,-1176.77468057846,-986.445170890999,58959.3708293458
-50643.4479175549,-61352.4413256926,-66408.7944391056,-5056.35311341293,-64163.8326379763,12525.8695242838,1816.87611614597,-3239.47699726696,-994.515196137712,58112.9643284257
-52333.8422691283,-62586.1125618615,-66800.4666272059,-4214.35406534434,-62553.0254130232,9217.4887571138,-1034.7815356194,-5249.13560096375,-1001.69438678102,57336.9769608978
-54258.5467698969,-63816.8948917647,-67114.9470629285,-3298.05217116387,-60948.3737883129,5682.07911546893,-3876.26900639882,-7174.32117756269,-1007.74790294704,56642.573714202
-56367.3035680302,-64979.5217545726,-67442.4813043811,-2462.95954980847,-59529.9726033561,2150.60632051625,-6461.61186602612,-8924.5714158346,-1012.0627148097,56054.950338738
-58584.6510415761,-66021.461239625,-67837.105980847,-1815.6447412219,-58381.8537860714,-1217.59986003649,-8654.4100580855,-10470.0547993074,-1014.80260453187,55551.4064403177
-60883.3327774557,-66942.2679369914,-68165.6843710067,-1223.41643401533,-57366.5199127051,-4531.29954823201,-10590.2347077677,-11813.651141783,-1014.48668348142,55128.6167952083
-63237.4164194654,-67748.2312521621,-68201.7711528119,-453.539900649791,-56268.0524768956,-7980.00792022603,-12490.8227529226,-12944.3626535724,-1010.64397765615,54803.8685985896
-65640.4478658376,-68438.1064470756,-67971.691114449,466.41533262663,-55136.8555372497,-11508.2704055052,-14305.9289867433,-13839.5136541166,-1004.67807691739,54598.592792959
-68021.1014375229,-68957.8656375881,-67572.7534986539,1385.11213893424,-54115.5487269483,-14903.6920098592,-15840.4562099244,-14455.3440709902,-998.139299284534,54502.521566598
-70312.6211031617,-69259.1077491542,-67244.8575399031,2014.25020925109,-53453.5916882682,-17848.9849794167,-16795.4716254091,-14781.221416158,-989.955564523151,54477.8863329962
-72483.027930586,-69339.6274292658,-67137.0791015821,2202.54832768375,-53252.3948683662,-20210.9838331521,-17067.583331832,-14865.0350041483,-980.350770932394,54474.5924251176
-74515.8641123992,-69217.794193136,-67105.3261286308,2112.46806450511,-53326.5781351389,-22159.7161922191,-16861.6462729559,-14749.1782084508,-970.430214958846,54468.6159846852
-76353.5858417281,-68864.7210611716,-67291.8531444493,1572.86791672228,-53810.638667207,-23504.8056889194,-16015.940908363,-14443.0729916407,-961.858514398379,54421.6480695309
-77928.5143735915,-68236.1283766925,-67679.3514389116,556.776937780871,-54702.93606505,-24178.8077146958,-14486.4217177968,-13929.6447800159,-953.229406154273,54306.4835966766
-79211.9593081952,-67331.2374033693,-68217.1857211725,-885.948317803228,-55933.7397356249,-24222.99284926,-12342.2709444341,-13228.2192622374,-944.773276689747,54103.0181411319
-80223.3904576492,-66182.8584755904,-68735.6523144212,-2552.7938388308,-57286.8347116485,-23873.8144244861,-9833.28244242733,-12386.0762812581,-937.258678485506,53796.7821943322
-80933.1763154189,-64796.9792531828,-69080.2135542204,-4283.23430103765,-58597.0843777546,-23267.1670277868,-7130.96996555078,-11414.2042665884,-931.07509012257,53382.7749865944
-81292.9755054936,-63170.6133308435,-69147.2277333014,-5976.61440245788,-59775.7814989124,-22442.7120542075,-4320.34987955732,-10296.9642820152,-925.518047626242,52873.6490488283
-81270.5797111623,-61303.3935401732,-68775.9911804303,-7472.59764025714,-60666.9064160747,-21524.641810985,-1557.4556399958,-9030.05328025293,-920.968515897267,52273.3402599202
-80896.9462805686,-59238.5673050895,-67940.6677455633,-8702.10044047377,-61224.7055394034,-20589.2558092294,1069.12316624961,-7632.97727422415,-917.015068064203,51605.5900308654
-80181.7267359092,-56993.6409995114,-66742.6409383622,-9748.99993885084,-61540.3331250016,-19555.6945549179,3632.39118147993,-6116.60875737091,-914.300944010255,50877.0322421405
-79109.0057558823,-54569.7129343192,-65169.0051773855,-10599.2922430663,-61596.9712723348,-18424.8751221971,6114.41769936602,-4484.87454370024,-912.840638649545,50084.838390619
-77652.9251734547,-51963.204130873,-63115.6470461703,-11152.4429152973,-61329.199140938,-17235.7722299194,8453.94881266226,-2698.49410263502,-912.046197402739,49264.710028238
-75809.652181046,-49190.6040433388,-60499.8132777221,-11309.2092343834,-60654.6080045212,-16066.7763044649,10552.2718332423,-756.937401141053,-911.732127940111,48433.6666421977
-73578.8149161796,-46283.9182839622,-57362.8524717464,-11078.9341877842,-59610.9995324718,-14878.8328640457,12416.0637681717,1337.12958038747,-911.017480337855,47621.0478643497
-70941.259103601,-43255.7779960563,-54033.8612794505,-10778.0832833942,-58512.8464670983,-13338.5632238039,14346.9178837409,3568.83460034669,-910.150587301155,46824.6125964029
-67881.3391084201,-40131.0190834499,-50432.0761895511,-10301.0571061012,-57268.0261978375,-11522.4594807074,16227.8605442628,5926.80343816163,-909.146570124779,46057.8225216115
-64436.3965498558,-36990.8151650076,-46778.5008839078,-9787.68571890017,-56027.1252862281,-9317.64775881579,18127.9336260324,8340.24790713227,-908.376495188054,45331.0630721399
-60685.2211976947,-33919.7975614108,-43457.6983883935,-9537.90082698262,-55068.2021911624,-6525.684580398,20239.7390558858,10701.8382289032,-908.665573865743,44621.6357903141
-56673.4542524688,-30953.0568890237,-40447.9912848348,-9494.93439581113,-54310.5200799513,-3272.53604387245,22447.8613195727,12952.9269237616,-909.601871354845,43905.9838127853
-52456.4040657927,-28139.9963871007,-37801.7797284321,-9661.78334133133,-53741.9836892551,375.586771083629,24691.9944497756,15030.2111084442,-909.992852378737,43170.207495545
-48108.4174487246,-25511.9346611781,-35360.0404277859,-9848.10576660775,-53142.7568313863,4121.96357750202,26718.4463650485,16870.3405984408,-912.375805159606,42382.2752596189
-43721.5433500305,-23110.7690276935,-33206.5710193252,-10095.8019916316,-52562.5867073806,7924.98904255037,28535.7633648873,18439.9613732557,-916.054314799761,41550.7304009492
-39356.7077556287,-20960.3759196568,-31501.3298219679,-10540.9539023111,-52129.9700294657,11852.695402834,30249.0272388059,19708.0733364947,-920.566871003063,40668.4492561515
-35088.8530575187,-19095.5293889238,-30213.5453863266,-11118.0159974028,-51774.5086818499,15760.3851978278,31753.7088664226,20635.6928690198,-925.270426503516,39731.2222579436
-30977.898455925,-17523.735635599,-29231.5450897671,-11707.8094541681,-51378.9701471308,19469.4063696134,32923.5691899395,21215.7597357713,-931.665321592314,38739.4953713704
-27084.6158935534,-16261.5795347183,-28347.5762880156,-12085.9967532973,-50710.0932796973,22684.3469851154,33507.3833439506,21421.3865906532,-941.130401028441,37682.9661253715
-23472.8976707393,-15321.9682788382,-27596.2811374398,-12274.3128586016,-49820.6288046009,25397.6034178247,33548.5328097258,21274.2199511242,-950.127716036816,36596.1882299624
-20170.2926540873,-14695.5729508309,-27246.4168306087,-12550.8438797778,-49013.6812829593,27886.1184325793,33360.8381358358,20809.994256058,-957.270196292706,35505.5672068888
-17175.3040607439,-14353.0581250248,-27266.9546595259,-12913.896534501,-48260.2278811409,30119.4521394385,32941.6980751576,20027.8015406566,-965.471680958434,34380.8596656814
-14559.3328775146,-14333.6080655603,-27458.636391358,-13125.0283257978,-47331.800129778,31798.8461194539,32024.5709314082,18899.5426056104,-973.621132809499,33233.1506711707
-12387.0669553762,-14644.4452501001,-27862.7639317378,-13218.3186816377,-46287.0314015687,32918.410088542,30661.0317938181,17442.7131121804,-981.554357650461,32087.1583622806
-10657.861097791,-15239.8590500989,-28375.858744899,-13135.9996948001,-45093.5474547445,33447.2243393413,28865.2263870333,15729.2266922332,-988.462017612308,30969.0857423321
-9376.18817663945,-16078.5473466525,-28845.8617581363,-12767.3144114838,-43667.1569177242,33295.8504264538,26593.4912564407,13826.1768449569,-995.118314630971,29904.7241916094
-8571.49462847901,-17162.170067686,-29099.0856203459,-11936.9155526599,-41864.233380111,32292.5375212539,23701.8620820469,11764.946529387,-1000.20123037808,28927.116597073
-8207.85335999086,-18461.8389922253,-29433.1367848876,-10971.2977926623,-40023.4304839118,30810.3977608208,20556.4121285864,9585.1143359241,-1005.17936310009,28046.9533281494
-8240.63598971243,-19936.1656723573,-29957.2326684176,-10021.0669960603,-38318.8067553096,29068.8387592207,17373.3090765758,7352.24208051548,-1009.33200637643,27288.4077528728
-8629.72237970135,-21528.9758524194,-30580.8962554931,-9051.92040307364,-36732.2926251233,27089.8038635772,14190.5503908591,5138.62998778547,-1012.76638184471,26667.6058402049
-9334.60341512477,-23192.0812060023,-31321.6659033923,-8129.58469738998,-35301.5904786653,24950.8755086868,11093.3977178093,2963.81302041928,-1016.11155485372,26155.8942264216
-10327.7294350665,-24898.0207500124,-32202.1261039241,-7304.10535391172,-34047.717844415,22700.4577796731,8130.16646472728,826.061110815559,-1019.53062967537,25724.0818608279
-11599.3818942989,-26638.8142292126,-33073.470533386,-6434.65630417348,-32839.9185876252,20217.9724619282,5178.54012701462,-1256.11617715886,-1022.564231398,25382.6980520537
-13123.72025224,-28388.3965169078,-33875.7868317777,-5487.39031486995,-31647.5451699908,17498.5216450265,2233.84538035876,-3253.54493451119,-1025.30327272432,25134.8515823966
-14869.6108859027,-30118.7356970813,-34555.1576870238,-4436.42198994248,-30442.2092136197,14543.7721686234,-705.352642555238,-5141.77463249772,-1028.82615909356,24976.9610645836
-16825.082168855,-31828.8999797536,-35110.9328624916,-3282.03288273805,-29231.2191487136,11374.4119804299,-3629.40583046868,-6911.43871320673,-1031.72499942869,24917.4612665468
-19003.1076048116,-33519.8056512317,-35619.430878871,-2099.62522763933,-28088.8945593096,8051.9730442423,-6464.72500217774,-8564.35022981708,-1033.81391025565,24955.4554214146
-21361.6501059945,-35145.4240533598,-36023.8884026673,-878.464349307483,-26994.3363396302,4597.2600400513,-9186.51390731405,-10064.9782566215,-1035.42619358442,25080.4457967383
-23863.1442584597,-36670.5605789164,-36410.8963628406,259.664216075869,-26067.3961267948,1168.46295235478,-11638.953368102,-11379.2891520261,-1035.78891598026,25291.2714268904
-26432.2997141723,-38058.5237500738,-36589.5060242398,1469.017725834,-25152.1211645733,-2315.58974354225,-13941.8137794438,-12472.7960536098,-1035.4111939433,25585.727696464
-29006.0261515948,-39271.8397011073,-36532.2945940914,2739.54510701586,-24261.9653708704,-5778.54946166713,-16044.3630111796,-13304.8179041638,-1034.48868094272,25967.0217969435
-31537.2126622417,-40289.8627755613,-36369.8169465468,3920.04582901454,-23561.3860853813,-9008.83386070826,-17761.483974028,-13841.4381450134,-1033.0072838479,26448.4246305479
-34017.4140857989,-41130.7985438647,-36120.2799392492,5010.51860461547,-23052.2819607761,-11995.6767236892,-19109.0611817551,-14098.5425771396,-1030.54459866647,27032.2559667251
-36388.6773038687,-41778.2447021659,-35860.6557645118,5917.58893765411,-22794.4974277865,-14621.8434655466,-20011.4108638438,-14093.8219261897,-1027.6635894644,27684.4227759762
-38599.9466673717,-42228.9438524452,-35696.0125153764,6532.93133706882,-22867.2325386179,-16757.5997888948,-20386.5969739683,-13853.6656368995,-1024.88566014097,28375.2782155457
-40602.3767578837,-42474.4768908644,-35549.6799236873,6924.79696717701,-23176.7781749174,-18447.2743511686,-20319.3744841493,-13394.5775169723,-1021.67576820235,29079.8993738921
-42387.1152459845,-42530.0789040234,-35192.2625651214,7337.81633890199,-23459.1221258036,-19946.3917726911,-20089.35543073,-12751.539091828,-1018.39865251015,29778.5398121954
-43933.1679442289,-42407.5153622277,-34732.5588241827,7674.95653804497,-23801.4372677123,-21147.0754384621,-19621.4228564609,-11946.4663184159,-1015.34476194546,30461.0490438118
-45199.8982558483,-42096.689645955,-34253.2416523477,7843.4479936073,-24270.4892055016,-21942.5032117716,-18839.2946018783,-10995.846608271,-1013.09416142493,31100.843037684
-46196.8195228005,-41624.5329210021,-33931.3164630871,7693.21645791507,-25002.6227177151,-22205.4519156975,-17633.1653138992,-9939.94885598413,-1011.25511061223,31684.584065018
-46927.011499212,-41001.4875405292,-33573.4734323385,7428.0141081907,-25799.3546304857,-22137.3397325017,-16211.8157738189,-8783.80166562822,-1009.6828637754,32217.685874901
-47373.3709537014,-40234.4247760657,-32870.0982911382,7364.32648492753,-26334.1644658687,-22047.6383702083,-14908.6921925727,-7544.36570764517,-1008.43188237564,32690.0590684206
-47504.9996169046,-39320.9250140187,-31903.7050431898,7417.21997082884,-26713.5467188219,-21799.0422589171,-13614.9676560311,-6197.74768520228,-1007.58936083432,33123.1773288164
-47302.4971180153,-38278.9401303269,-30869.8717010796,7409.06842924733,-27119.6896785381,-21188.6162753498,-12165.0592876615,-4755.99085841412,-1005.80883587267,33522.9492719128
-46775.3207118443,-37132.1355750216,-29949.0482088744,7183.08736614726,-27704.7564188281,-20073.3349989929,-10430.1498621703,-3247.06249602301,-1002.77070597669,33885.0730789986
-45931.5836267017,-35916.3256762081,-29065.0774432144,6851.24823299372,-28363.7100623962,-18566.079250053,-8550.82129955936,-1699.57306656564,-998.20568574749,34216.7526096424
-44781.0585931783,-34675.8291633762,-28270.9619224387,6404.86724093748,-29115.0093690487,-16659.6757716733,-6554.44634187116,-149.579100933679,-993.626547543687,34526.2500624425
-43369.6078457772,-33468.7207258539,-27549.8673672538,5918.85335860008,-29899.4011894738,-14459.0178766064,-4558.1307566831,1360.72260191698,-988.811220302942,34829.4433277709
-41732.3272887003,-32323.8300106951,-26913.6500676525,5410.17994304267,-30695.1733493907,-12020.984611087,-2612.48733308183,2797.69260996084,-983.830671777381,35121.522620656
-39918.7063632639,-31274.4101977116,-26316.095255156,4958.3149425556,-31436.1431435102,-9461.21847623629,-816.922310683905,4141.3926318717,-978.655256482548,35415.8028295833
-37988.6938639799,-30365.2260101467,-25792.1715340238,4573.05447612294,-32122.4682738193,-6839.24886516585,784.218988667285,5357.27346479022,-973.023275005306,35722.499474937
-35996.1004139053,-29616.2525167088,-25280.0662075989,4336.18630910988,-32674.3950175166,-4289.69426335371,2090.15363384275,6426.33994295263,-967.988866965055,36042.5924596615
-34025.202511454,-29080.6577309221,-24922.5699639619,4158.08776696019,-33204.7087730263,-1783.08732366304,3161.45745686894,7319.54522382913,-962.593585235259,36400.2029547512
-32151.9887401877,-28801.0763347495,-24935.9011001262,3865.17523462333,-33900.1187263552,792.060592457534,4142.97299789574,8008.14823251907,-956.069393709938,36809.2245672686
-30421.6932171435,-28776.0583557841,-25220.9370757639,3555.1212800202,-34632.4124895571,3260.71494902477,4906.34981038413,8461.47109040434,-950.004323388853,37237.5294461884
-28869.3263891336,-28980.8370387619,-25908.8282715266,3072.00876723529,-35539.3022546334,5724.92462900974,5613.41397938145,8685.42274661674,-945.051236490088,37666.2597853786
-27550.9323301024,-29411.2858012549,-26867.0754044867,2544.2103967682,-36473.2085711143,7981.30324138361,6120.94977023117,8665.16016699938,-940.972999628283,38076.4459682543
-26478.6821311666,-30037.0899816323,-27954.4211541223,2082.66882750991,-37320.5125074058,9901.51330164678,6343.10545118117,8425.77427869108,-940.317074592407,38462.8642603233
-25660.0901484799,-30833.2089062366,-29115.7112932757,1717.49761296091,-38074.060484778,11470.8755568963,6297.75679913964,8015.25441210055,-943.09477940179,38848.4633183371
-25108.2404916056,-31786.9350147124,-30238.5429654621,1548.39204925039,-38650.1642357131,12594.7991311159,5916.10460800912,7464.49665725951,-947.124612991533,39251.431671972
-24833.7153681949,-32885.0183421228,-31307.2705201865,1577.7478219363,-39040.6454516199,13254.4786227352,5203.1756488073,6780.92347074361,-952.451460689758,39665.9418128664
-24828.8151878744,-34117.2504591959,-32425.0132615678,1692.23719762811,-39380.3060292444,13593.1357042369,4304.70043291536,5996.93763054347,-958.355137133074,40114.1880897394
-25078.7268357673,-35468.4839081347,-33693.4438550487,1775.04005308598,-39775.3980698095,13730.8969784287,3341.13990606141,5116.1799591474,-965.774255613409,40584.663867282
-25561.7014731517,-36931.6663973891,-35017.8285148868,1913.83788250229,-40131.3400722174,13594.9843034444,2225.01937920704,4138.85726170933,-974.65429562132,41070.5236590984
-26274.5038484283,-38500.3354548148,-36460.8988365986,2039.43661821615,-40524.1884098201,13265.5561280161,1039.72452162962,3079.16113984577,-984.128433375716,41579.4965946606
-27205.7543901351,-40158.8331078597,-38091.4137655378,2067.41934232195,-41038.2912908535,12838.2009995527,-114.877718171944,1952.54162415001,-994.335901165747,42111.3747320097
-28389.4399260812,-41920.4417176496,-39980.2586877664,1940.18302988317,-41716.4796358699,12322.076145181,-1208.92564638731,731.257383495868,-1004.9635646076,42651.6991011454
-29835.9308124314,-43773.9123850214,-41987.1001038399,1786.81228118146,-42430.0447142231,11577.8813073955,-2360.10026519455,-573.287984013087,-1016.23259439623,43200.6244010083
-31535.2775590582,-45708.5381589624,-44057.5791608667,1650.9589980957,-43157.6398467837,10595.2750838785,-3577.9855160256,-1927.0265179299,-1027.08720384689,43781.5116410325
-33474.2869866134,-47710.5546030491,-46247.7154169372,1462.839186112,-43977.5165753739,9465.30237890911,-4770.96523752661,-3308.12605141461,-1037.9272098514,44402.4285516345
-35667.8992545464,-49774.2379970756,-48376.9529489565,1397.28504811911,-44707.3004211681,7991.46650719693,-6114.87223533226,-4717.58718721315,-1047.93465942477,45056.6508098625
-38137.2868884634,-51882.2331978399,-50366.8132316966,1515.41996614337,-45304.1689049067,6110.88412046571,-7634.06218891082,-6118.64222276745,-1055.99789597762,45763.5909750725
-40848.9375798788,-53986.3671394025,-52085.9330795669,1900.43405983567,-45717.8799563638,3806.09588678734,-9331.33367273639,-7430.89961290072,-1062.84648969758,46555.4675265018
-43773.0412619167,-56044.7283757671,-53563.6062092932,2481.12216647396,-46019.4873345909,1178.9426140223,-11092.7444998281,-8611.62233335413,-1067.50345865184,47433.106042413
-46843.5607702822,-58001.4347070254,-54926.2763684927,3075.15833853261,-46359.1212271734,-1554.15009283962,-12712.0240295828,-9636.86569105017,-1069.7105497308,48364.5690159752
-49972.3777749468,-59786.9697647788,-55993.2936166642,3793.67614811467,-46630.3410645196,-4413.01516467375,-14227.6071545059,-10433.9310063912,-1070.97845424656,49353.0387583877
-53054.0244506824,-61336.4344401738,-56627.7054457554,4708.7289944184,-46789.0536458331,-7335.87834769101,-15618.2883371824,-10909.559342764,-1070.90754284169,50426.8750974098
-55972.6641485463,-62603.7036467319,-56967.7159547355,5635.98769199638,-47015.6576402884,-10026.4001884035,-16657.4396865891,-11021.4519945928,-1069.39368014564,51582.2516521392
-58624.4127159505,-63567.1514795532,-57078.3003694632,6488.85111009002,-47363.1929012177,-12328.4062856281,-17271.1450492308,-10782.2939391408,-1067.18647089536,52784.8575404124
-60934.1549573382,-64226.8116818709,-56971.4658272057,7255.3458546652,-47841.8332245818,-14157.3179159388,-17449.9746404715,-10194.6287858063,-1064.99618318236,54032.1828960646
-62850.8823636069,-64603.455499422,-56744.2510239544,7859.20447546755,-48517.7925812751,-15395.9003820668,-17148.4735178819,-9289.26904241438,-1062.81059973501,55314.1864570076
-64363.4738611264,-64748.6359876305,-56644.6047792633,8104.03120836724,-49537.982534563,-15885.859412007,-16271.021538511,-8166.99033014377,-1060.36808544349,56581.6456574867
-65475.7588657797,-64713.5875815573,-56669.3755376803,8044.21204387702,-50824.3481577162,-15710.0681345261,-14947.8968503037,-6903.68480642665,-1058.65742646254,57809.9027751306
-66219.9597337289,-64563.4873407451,-56908.4999107411,7654.98743000395,-52379.8757357298,-14898.2789850484,-13241.8065920646,-5586.81916206065,-1058.1949870493,58976.6681786845
-66668.9453393653,-64380.0319692783,-57418.6451441946,6961.38682508367,-54159.6357123937,-13567.879276513,-11278.9659064259,-4317.57908134227,-1058.56964954137,60062.4528879361
-66897.7045915809,-64225.5262162932,-58194.5273097163,6030.99890657695,-56056.4235286929,-11900.5073661413,-9228.32899085366,-3197.3300842767,-1059.22630325329,61028.1961320165
-66990.6001628589,-64142.3085801321,-59086.6517989588,5055.65678117326,-57889.4370014644,-10161.3038197243,-7313.01223699751,-2257.35545582424,-1060.14065832985,61884.9531243078
-67062.3506951536,-64189.5354662513,-60219.5713426048,3969.96412364644,-59730.8940487295,-8392.60445615337,-5519.78922725105,-1549.82510360461,-1061.1478097293,62639.7103626467
-67169.8264900485,-64357.4358929785,-61436.737010304,2920.69888267448,-61394.6765024222,-6840.13514944249,-4027.7445523725,-1107.04566969801,-1064.98516181622,63250.3902232805
-67390.0575356598,-64662.9649914594,-62676.6090740392,1986.35591742014,-62831.8738650221,-5626.63609715036,-2899.54355294996,-913.187635529821,-1068.45242651264,63749.7773559296
-67750.2072615571,-65065.5104025239,-63842.1804081955,1223.32999432839,-64004.0606033699,-4818.71536015516,-2134.01850112194,-910.688506793557,-1072.5687019679,64154.8218957304
-68240.5213416809,-65520.0646846859,-64862.3841915452,657.680493140722,-64929.4403711747,-4387.25233949235,-1666.79568249736,-1009.11518935663,-1076.1713689861,64510.9494953293
-68794.6586791266,-65947.8836418237,-65609.9916482201,337.891993603545,-65576.6635901177,-4299.32056479409,-1452.5455274912,-1114.65353388765,-1081.32547578523,64833.230107936
-69368.1561458587,-66314.3547859593,-66024.6648103474,289.68997561191,-65939.9896362728,-4513.66437691718,-1459.86301701778,-1170.17304140587,-1085.49786733131,65144.1817445534
-69913.135819507,-66592.8777707467,-66113.2587986915,479.618972055217,-66082.4130723161,-4916.65294106022,-1596.39489229987,-1116.77592024465,-1085.93019386926,65476.101850502
-70313.6616909851,-66703.6992908855,-65976.8974996328,726.801791252703,-66167.3770234812,-5234.26235315991,-1624.29995306028,-897.498161807579,-1087.97768565602,65806.2011290779
-70544.1769262008,-66661.5770280339,-65615.0656696901,1046.51135834381,-66197.2907558874,-5432.53934645357,-1549.93944828663,-503.428089942828,-1085.6531761402,66158.148938091
-70502.7969984881,-66428.3381851521,-65060.2033226608,1368.13486249124,-66208.7106044816,-5378.00312233857,-1303.5443090025,64.5905534887451,-1083.916728332,66492.9287386408
-70170.6129162311,-66040.434560863,-64453.5158139789,1586.91874688411,-66298.8473499251,-4953.36638863158,-823.188033263535,763.730713620574,-1081.60082232563,66804.1652744836
-69540.922537393,-65518.9441234032,-63735.5512856133,1783.39283778993,-66357.7278427672,-4261.2303657022,-239.251951712448,1544.14088607749,-1078.03567107643,67063.0850094807
-68628.6801627554,-64909.8071507819,-62983.6360373013,1926.17111348063,-66410.6601771202,-3291.70747863665,427.165533336854,2353.33664681748,-1073.68749300138,67263.1437975994
-67489.8585833745,-64275.9216608176,-62413.0789626063,1862.84269821122,-66604.8988661966,-1954.18095301448,1259.75596954247,3122.59866775368,-1069.22123583661,67398.5203285712
-66208.5917186417,-63689.0675900368,-62213.7235730799,1475.34401695689,-67028.6356700222,-244.304470859251,2275.21965774564,3750.56367470254,-1064.34842223975,67439.6312647393
-64859.2920771237,-63185.2411349155,-62147.9257919533,1037.31534296229,-67398.6521758803,1478.2958474456,3152.34678965372,4189.66213261601,-1061.06425131106,67374.9032675316
-63547.4174599908,-62837.3436061474,-62205.0204775234,632.323128624025,-67672.477485532,3067.32175436866,3777.39560821207,4409.71873683609,-1057.73827117252,67247.0623429835
-62345.1273012715,-62670.2501358589,-62517.7530085871,152.497127271742,-67979.9730876945,4579.65160460424,4254.52877001689,4407.02589728863,-1055.19418181872,67077.2760331475
-61328.3363329077,-62716.804971581,-62973.1491856937,-256.344214112724,-68196.9807036535,5816.32566035895,4427.8570216857,4171.51280757298,-1052.31871038683,66888.3177791539
-60561.9962094529,-62992.3063472409,-63549.9640465259,-557.657699284988,-68316.6317940844,6704.79309608853,4274.48295830051,3716.82525901552,-1049.84248854304,66709.1316062564
-60105.493109826,-63506.5661987013,-64315.2359969915,-808.669798290178,-68409.9952939927,7258.14791236875,3857.07482349348,3048.4050252033,-1046.35427179788,66554.9712239046
-59970.4233328128,-64228.7250995562,-65169.8515573296,-941.126457773428,-68402.3317544828,7388.26460098726,3129.9628342439,2188.83637647047,-1043.64382068273,66417.5614760266
-60167.6284551822,-65122.2474395185,-66170.6850172636,-1048.43757774517,-68368.9448806198,7159.42427429526,2204.80528995904,1156.36771221387,-1041.89215114232,66278.6151517323
-60703.5604695816,-66145.9605625431,-67083.4273577234,-937.466795180335,-68140.2659196557,6395.99525124735,953.595158285922,16.1283631055837,-1040.7101988267,66162.0889256486
-61533.7663599856,-67234.1564929779,-67899.3919276998,-665.235434721952,-67780.136373856,5204.39108590528,-495.999047087046,-1161.234481809,-1041.97892796519,66072.9220111689
-62610.9820757227,-68339.4519190818,-68581.6210826045,-242.169163522746,-67322.1261344399,3666.87536565488,-2061.59447770418,-2303.76364122692,-1044.26869306235,66035.6882778548
-63889.2101946421,-69417.9661347298,-69016.8331285247,401.133006205088,-66726.0980088069,1791.72377352088,-3737.03216656682,-3335.89916036173,-1045.16404064391,66082.066974368
-65286.8079675764,-70407.85293901,-69342.6951474584,1065.15779155169,-66199.1185045252,-133.564464530587,-5254.6094359642,-4189.45164441252,-1045.87500147941,66218.4012945975
-66719.6732765681,-71255.6469262528,-69685.5052111917,1570.14171506099,-65888.5830719961,-1878.82429292876,-6414.79794261343,-4844.65622755244,-1047.73408835677,66410.9906987003
-68158.5973514019,-71963.9251665876,-70267.5143412515,1696.41082533617,-65993.0419590248,-3212.07008317337,-7017.39789835908,-5320.98707302291,-1046.5146907962,66642.9380935647
-69511.8333667112,-72467.5078159953,-71033.2137107701,1434.29410522517,-66439.2301632053,-4118.49433883388,-7074.16878811801,-5639.87468289283,-1045.89113532797,66827.6331331025
-70741.385115319,-72753.9080546379,-71818.3828268372,935.525227800685,-67034.6478509475,-4751.28707505896,-6763.81001437783,-5828.28478657715,-1044.54981068742,66925.6232680608
-71819.3937575323,-72817.1626268634,-72281.499957692,535.662669171448,-67456.5216745663,-5405.71619396591,-6403.48506329709,-5867.82239412564,-1042.844111,66949.3402327378
-72717.5410926381,-72676.0495128774,-72283.4744595634,392.575053313993,-67591.1687104035,-6167.24822629293,-6125.7566465323,-5733.18159321832,-1040.87584405834,66942.8679196591
-73361.260156983,-72335.5988678313,-72131.9280551087,203.670812722557,-67774.3126549723,-6626.25766744712,-5600.59637829538,-5396.92556557282,-1039.31016543639,66938.6733022585
-73740.927957871,-71837.8569598741,-71845.4845974275,-7.62763755329881,-67972.8478473389,-6805.92767896699,-4902.85668097015,-4910.48431852345,-1037.84756843488,66927.3726413507
-73884.8929771917,-71238.3579294299,-71364.1042654967,-125.746336066836,-68040.3660519778,-6880.89732720833,-4234.36227944655,-4360.10861551338,-1036.37040199447,66878.2493139165
-73839.1253370627,-70602.9703579708,-70727.4726608631,-124.502302892291,-67974.5165147119,-6897.75956563503,-3661.60458654315,-3786.10688943544,-1033.15074328425,66816.8634685354
-73624.7143977964,-69963.3988887375,-69997.4765140594,-34.0776253219089,-67825.3942234441,-6828.79545176346,-3167.47994270451,-3201.55756802642,-1029.47527741108,66761.8413207111
-73295.0850241045,-69367.2841263353,-69085.8451454037,281.438980931566,-67474.3976069593,-6845.3451571465,-2917.54425937724,-2636.10527844567,-1024.65774000128,66731.1788478896
-72880.3874567377,-68832.8344834539,-68011.2904749966,821.54400845729,-66944.2439155278,-6956.10843525543,-2908.55546197154,-2087.01145351425,-1019.96489404552,66745.8230299396
-72434.136143155,-68395.4602074165,-67072.0625780656,1323.397629351,-66528.6566449212,-6919.61743177915,-2880.94149604072,-1557.54386668972,-1014.13793354541,66837.9163407268
-72018.3980340791,-68094.019449354,-66518.5355161467,1575.48393320732,-66421.5709622643,-6602.56369401441,-2678.18510928934,-1102.70117608202,-1005.73662219962,66991.318273272
-71666.282874568,-67924.5762935363,-66309.9078761245,1614.66841741176,-66517.9260098597,-6145.15313404643,-2403.44655301467,-788.778135602918,-996.796269338064,67135.7981579334
-71426.7727504036,-67882.3133279766,-66372.5410284735,1509.7722995031,-66724.0757802198,-5690.27250885962,-2145.81308643257,-636.040786929466,-987.575538675809,67246.2725410471
-71352.3286803909,-67967.3982978016,-66475.937505475,1491.46079232664,-66831.3123174196,-5499.50489805521,-2114.57451546593,-623.113723139287,-978.488535083911,67344.2845746623
-71450.7138491481,-68149.5880236684,-66674.4252015547,1475.16282211372,-66930.196807489,-5489.31341531549,-2188.1875898358,-713.024767722093,-968.796373656399,67436.5632559464
-71745.4100703326,-68403.6219488705,-67108.2627698956,1295.35917897492,-67182.3028444641,-5521.44318968056,-2179.65506821849,-884.295889243572,-958.33596381202,67519.3260596269
-72186.6509823228,-68658.5717921167,-67681.6233362956,976.948455821084,-67534.0092436173,-5601.69764480802,-2073.61845460186,-1096.66999878077,-949.055906102492,67561.9017933359
-72749.4414646456,-68879.6229764075,-68480.494264067,399.128712340501,-68092.5224947634,-5597.02473241051,-1727.20624417245,-1328.07753183194,-940.105762528312,67551.5454445756
-73355.5361339992,-68990.6454926814,-69263.5921059957,-272.946613314331,-68683.8360134088,-5603.75878272516,-1238.86814140741,-1511.81475472173,-932.058662134746,67478.8307379597
-73941.4101508989,-68947.316167679,-69723.1447914114,-775.828623732412,-69068.5127933251,-5799.13774684168,-805.043763621824,-1580.87238735423,-926.240389267976,67366.4437803248
-74438.5835347294,-68741.2880318121,-69870.4570384052,-1129.16900659305,-69328.9427831059,-6029.46080618264,-332.165303265398,-1461.33430985845,-919.820054559098,67279.9537219537
-74748.0814112249,-68348.0838317817,-69618.6579361208,-1270.57410433908,-69409.2129943911,-6253.84083075661,146.156748686558,-1124.41735565252,-914.972413922777,67223.6664761292
-74795.7305308396,-67771.0566068919,-68963.4044315064,-1192.34782461449,-69306.9558777321,-6402.12114514935,622.55277879834,-569.795045816148,-913.34649204186,67201.2615610758
-74535.0377331989,-67048.4956684996,-68046.6351628982,-998.139494398543,-69173.8609359706,-6274.08944756411,1212.45261713525,214.313122736707,-912.912650335717,67262.8087912363
-73923.2657354549,-66215.2362075229,-66911.6273175702,-696.391110047373,-69006.53322378,-5831.25344346598,1876.776084466,1180.38497441863,-914.520931791167,67395.6211819415
-72933.5780651122,-65305.3652480339,-65754.4649624234,-449.099714389506,-68936.6840332691,-4915.5950460581,2712.61777102028,2263.51805663077,-918.701014214969,67568.8833046646
-71623.443035922,-64415.5125480471,-64664.4471424043,-248.934594357191,-68925.2490616016,-3622.26308256552,3585.66740530931,3336.73281095212,-924.069108245155,67752.2453589992
-70084.2039494362,-63620.8134366859,-63659.9227935195,-39.10935683365,-68919.1742533006,-2095.29331429775,4368.09719845258,4328.98784161893,-930.263618162168,67949.8012783048
-68422.1733822809,-63011.1916568269,-62803.6738357117,207.517821115193,-68897.7649096699,-460.641038363335,4950.34068709071,5157.8585082059,-936.232565752327,68169.0501650328
-66763.6383028435,-62666.5954118485,-62275.8936417735,390.701770074983,-68963.9472304482,1257.57830239948,5354.62119339451,5745.32296346949,-942.730625205301,68411.9183753179
-65257.1164487691,-62661.1521116914,-62247.5328966943,413.619214997174,-69196.3627335546,2991.00686343248,5586.9712005101,6000.59041550727,-948.239421353045,68661.7425271987
-64055.3385256699,-63034.7925777009,-62757.0530873926,277.73949030824,-69597.6741306903,4590.28345057297,5610.82939854206,5888.5688888503,-952.052154447426,68923.3614665511
-63247.0962105416,-63773.4771554672,-63634.6668225335,138.810332933656,-70006.4941643606,5803.18499781317,5276.80405288756,5415.61438582122,-956.212956005867,69189.0915412884
-62910.4789755869,-64856.1980437261,-64705.8492072271,150.348836499001,-70294.5039814866,6423.97032311668,4478.25125497748,4628.60009147648,-960.054682783045,69484.7981352025
-63071.8309992507,-66232.2930393302,-65914.5057459622,317.787293367934,-70466.3587920362,6430.41548994009,3269.95344986065,3587.74074322858,-964.112302845472,69820.0337825587
-63736.9624271447,-67843.7175685405,-67034.7376722382,808.97989630223,-70388.1153105323,5684.33378170289,1577.57864030713,2386.55853660936,-966.819101684756,70230.2761051498
-64881.262718562,-69619.6612218809,-68127.6972152889,1491.96400659198,-70234.1932243327,4384.57808973768,-353.82041358126,1138.14359301072,-968.352416032999,70757.8048148916
-66425.1623675401,-71468.629670888,-69253.0478774598,2215.58179342814,-70164.6531739179,2770.32763824059,-2273.13966510732,-57.5578716791883,-969.163168137273,71411.0717992088
-68247.258075344,-73287.0126576325,-70394.3057487863,2892.70690884621,-70234.499738951,1013.96268286728,-4025.79189942116,-1133.08499057496,-973.278980739675,72153.9276670575
-70283.3570502293,-75050.6236324116,-71655.2273443982,3395.3962880134,-70589.7694444734,-669.683687097122,-5436.9502692794,-2041.553981266,-976.096081341243,73009.0696511456
-72432.1650087471,-76701.5117044756,-73186.5855643148,3514.9261401608,-71443.0418409613,-1967.09732717855,-6236.44402290704,-2721.51788274624,-977.974159392713,73979.9938217294
-74571.3133306907,-78189.1339445294,-75039.0826292385,3150.05131529085,-72838.0509650138,-2714.4572752841,-6332.27788912279,-3182.22657383194,-981.194909607164,75006.9073706974
-76649.1813301379,-79521.6031071809,-77030.3109631061,2491.29214407483,-74528.1300268092,-3105.36015976904,-5977.78193681211,-3486.48979273728,-984.308856440436,76035.1133144436
-78632.8302048095,-80706.9319107352,-79074.8304660197,1632.10144471544,-76413.5080250011,-3205.91426530677,-5280.01597123244,-3647.914526517,-986.592085498342,77059.0173842182
-80499.118360328,-81766.4045372595,-81223.6549058047,542.749631454778,-78503.9920545892,-2981.37660866895,-4248.66278560044,-3705.91315414567,-986.250302930152,78060.4913831139
-82229.5900304916,-82706.9007809947,-83403.2360126935,-696.335231698879,-80661.4613779696,-2553.59469728913,-3030.90544779218,-3727.24067949107,-985.466044767147,78979.6601015036
-83880.4480275082,-83591.8739344367,-85521.4066971551,-1929.53276271836,-82740.4511512732,-2120.81097900207,-1832.23688593064,-3761.769648649,-980.814102767165,79830.1042857877
-85450.004073139,-84422.9642551663,-87428.3840075019,-3005.41975233554,-84571.3047628942,-1853.69840200602,-826.658584033364,-3832.0783363689,-974.999091761256,80590.8859187974
-86999.9923257167,-85229.5726712639,-89195.8988338798,-3966.32616261591,-86182.6319070337,-1785.94492393712,-15.5252694843531,-3981.85143210026,-968.584505254154,81247.7212391636
-88557.3655847568,-86002.4094041665,-90799.2758483602,-4796.86644419374,-87545.5125028545,-1973.60342380363,581.352756786694,-4215.51368740705,-961.750341901363,81786.8957167594
-90157.0918204327,-86730.6275991519,-92129.7028067948,-5399.07520764294,-88561.2245162575,-2550.82129124901,875.642930031869,-4523.43227761107,-954.953987073735,82207.1953215408
-91814.4734488746,-87381.0623285515,-93165.8614881259,-5784.79915957433,-89248.334748808,-3514.29560758819,919.115512734879,-4865.68364683944,-948.156907521557,82515.3786817121
-93495.4260282336,-87898.3525495701,-93677.6250119968,-5779.27246242662,-89451.7656257632,-4985.15673753843,611.916741125008,-5167.35572130161,-941.496335068063,82730.9968282685
-95131.6174494325,-88197.2928221354,-93554.6282944719,-5357.33547233652,-89198.6118472428,-6868.4735054922,65.8511218049597,-5291.48435053156,-935.467903302562,82905.8084716038
-96648.2472103261,-88228.6712660532,-92868.4842556894,-4639.8129896362,-88675.1132757945,-8902.33627604437,-482.760331771427,-5122.57332140764,-929.202341512751,83106.0979446455
-97929.1595384222,-87921.7277185375,-91797.7416184753,-3876.0138999378,-88120.76844647,-10732.3715205134,-724.939700628629,-4600.95360056643,-923.980428561116,83320.7741179711
-98862.8069612057,-87237.8398426078,-90525.5222236142,-3287.6823810064,-87725.4509169789,-12056.3261211776,-431.359002579592,-3719.04138358599,-918.970076950663,83518.7984590218
-99317.0734768467,-86154.0437729695,-88994.9669988212,-2840.92322585164,-87420.6810258585,-12810.5650237279,352.464680149272,-2488.45854570237,-914.172572739747,83665.5852272671
-99189.0133059135,-84670.9854412779,-87187.1391516917,-2516.15371041383,-87167.201237959,-12933.133027318,1584.89483731759,-931.258873096235,-911.320959363467,83739.7265681817
-98413.79611655,-82832.0835035018,-85298.0321510081,-2465.94864750633,-87109.8978100523,-12214.0666698444,3367.64594320382,901.697295697488,-910.168363346692,83733.7807991993
-96939.410017275,-80694.237356209,-83512.5094696128,-2818.27211340378,-87340.5271378211,-10511.5385211917,5733.63413987425,2915.36202647047,-912.655641737835,83609.5993826795
-94803.1822300576,-78372.2751656853,-81990.9298683638,-3618.65470267847,-87870.6416055709,-7849.01345241115,8581.8936119612,4963.23890928273,-916.472827924332,83335.514074968
-92095.4146138478,-75989.177196263,-80759.999971579,-4770.82277531603,-88570.2810877047,-4446.35044695608,11659.8869706287,6889.06419531269,-921.216920812959,82878.2413915757
-88946.184808404,-73665.101633512,-79848.8087489329,-6183.70711542093,-89335.2737798296,-537.459056395271,14743.6241184968,8559.91700307583,-926.548027820856,82225.0186365878
-85512.4915525041,-71530.8523416541,-79313.925970348,-7783.07362869392,-90082.4714397443,3637.68946356321,17619.3286744132,9836.25504571929,-932.29042367694,81367.1073873734
-81986.9577333098,-69709.3882702073,-79186.7439259626,-9477.3556557553,-90728.597067198,7802.65695428143,20080.2264173839,10602.8707616286,-938.982379606857,80312.2590318359
-78601.359266764,-68315.5527154467,-79468.9977714636,-11153.4450560169,-91191.1997094292,11643.8117348736,21929.6182861909,10776.1732301741,-946.028707791556,79091.7259456208
-75572.3310902657,-67430.128046646,-80021.782135602,-12591.6540889559,-91279.5579082062,14753.9228407363,22896.125884356,10304.4717954,-953.303977204181,77734.5998420461
-73082.4265871366,-67094.8875606595,-81101.471100281,-14006.5835396215,-91228.0673501606,17184.8739488795,23172.4129753566,9165.82943573512,-960.766814144543,76260.7169963946
-71316.1145600856,-67320.3318702154,-82467.4015966545,-15147.0697264391,-90850.8140243449,18567.5419058998,22563.3245957701,7416.25486933093,-967.157558359501,74736.5867395463
-70387.0758580696,-68051.7768511202,-83876.9440123517,-15825.1671612315,-90013.5335206161,18652.3495191888,20987.6485261382,5162.4813649067,-974.108143357698,73214.2582160269
-70326.9636478702,-69187.8673595465,-85252.9823481657,-16065.1149886192,-88782.521698144,17474.7978178581,18613.8941061818,2548.77911756258,-980.760232415747,71736.6464771091
-71100.5109701226,-70582.5109436246,-86451.7271397363,-15869.2161961117,-87189.4457352372,15101.2477943222,15619.2478208203,-249.968375291468,-987.68697079243,70332.5425683331
-72570.5957981222,-72052.430552968,-87346.3967760604,-15293.9662230925,-85368.2100694032,11802.1159662318,12320.281211386,-2973.68501170644,-995.498305049124,69078.7455412615
-74553.0250248322,-73428.5018807994,-87723.5594545487,-14295.0575737493,-83319.8130437074,7763.5628587451,8888.08600277788,-5406.97157097146,-1003.22516013011,68021.5303098279
-76786.7306762381,-74528.8583036954,-87635.3266633623,-13106.4683596669,-81282.8724963602,3485.4807294102,5743.35310195294,-7363.11525771397,-1010.66109071193,67165.7430459814
-79027.6392431618,-75234.1252997381,-87063.6838505676,-11829.5585508294,-79363.0827063411,-680.336247860544,3113.17769556308,-8716.38085526635,-1015.77971103991,66517.7444444718
-81028.78486148,-75440.4047622953,-85885.2973166935,-10444.8925543982,-77523.6820635232,-4525.44920812322,1062.93089106151,-9381.96166333671,-1020.3464101664,66058.4430989585
-82524.2545481932,-75085.2889903097,-84223.7337522465,-9138.44476193681,-75936.4888532172,-7611.8492296476,-172.883671764126,-9311.32843370093,-1024.08353467155,65773.9605566088
-83329.018258379,-74188.9449904735,-82227.4132030273,-8038.46821255379,-74692.2898777048,-9664.49369389664,-524.420425991059,-8562.88863854485,-1027.76531322236,65626.0563519286
-83359.5985105238,-72856.5377855338,-79933.9777939652,-7077.44000843133,-73696.6833074525,-10693.5528052543,-190.492080264406,-7267.93208869574,-1030.63760218308,65588.6056968381
-82574.7719838238,-71217.5821596552,-77373.0125634377,-6155.43040378246,-72846.0805721333,-10762.1266642837,595.063159884907,-5560.36724389756,-1033.43525259313,65657.2149157577
-81001.9616779399,-69421.8427922521,-74704.2798551645,-5282.43706291235,-72157.0813200226,-9881.28666304596,1698.83222264182,-3583.60484027054,-1036.40630512868,65838.2379519816
-78779.6134134821,-67681.4813014613,-72413.6269332468,-4732.14563178548,-71877.5324533937,-7941.34827710767,3156.78383491309,-1575.36179687239,-1039.26731701926,66106.1195045889
-76120.1652143818,-66189.5726363859,-70635.5378018903,-4445.96516550447,-71883.168624864,-5280.04284426936,4650.5497337266,204.584568222119,-1043.04625475149,66394.157204608
-73286.8036801932,-65121.6182921886,-69202.3519588211,-4080.73366663243,-71830.8555611164,-2504.0587352303,5661.12665277431,1580.39298614189,-1048.1106161535,66702.0112783305
-70566.4647476894,-64625.6426387306,-68263.2574682732,-3637.6148295425,-71756.8562001099,137.240624884585,6078.06273384333,2440.44790430082,-1053.15082753597,67066.0905430315
-68229.8232898984,-64815.6838430764,-68060.1410494474,-3244.45720637104,-71809.7392502608,2522.42860368408,5936.56805050611,2692.11084413507,-1057.4873566783,67507.7946872115
-66526.8821484437,-65721.1996828281,-68575.3788136506,-2854.17913082245,-71913.057092275,4324.98781287964,5130.67027849525,2276.49114767281,-1061.18713095159,67997.6908305009
-65660.1941315341,-67325.9928464659,-69553.2924396126,-2227.29959314674,-71870.9914831059,5146.4950616134,3480.69634668168,1253.39675353494,-1064.30228995838,68579.3896000008
-65743.4338622782,-69562.1325054368,-71023.2737998256,-1461.14129438872,-71846.2069095009,5036.14068795994,1217.44204480128,-243.699249587437,-1066.63235926277,69318.4332558494
-66838.6033300887,-72337.3418220689,-73070.3518276989,-733.010005629993,-72020.9261526153,4114.35186679766,-1384.38662518254,-2117.39663081253,-1067.97095572895,70219.9451912564
-68967.0816567642,-75517.0140403224,-75583.1694995682,-66.1554592457405,-72360.531925131,2324.52426850179,-4225.40811505639,-4291.56357430213,-1068.92599986502,71225.4504660203
-72067.3317460359,-78937.5814424552,-78160.3139160655,777.267526389686,-72601.32545471,-535.550680934588,-7405.80037735383,-6628.53285096414,-1069.54438960863,72309.048591491
-76003.116881915,-82421.3829884679,-80534.5875640986,1886.79542436927,-72679.4006633257,-4393.83457213408,-10812.100678687,-8925.30525431769,-1070.11835354478,73496.0777341501
-80610.1397470663,-85785.1619793903,-82925.0401180931,2860.12186129723,-72994.0863312232,-8685.39875638157,-13860.4209887056,-11000.2991274083,-1069.34534053842,74784.862851982
-85664.5765103668,-88814.7668731507,-85145.1330267102,3669.63384644055,-73504.9827421919,-13227.70857765,-16377.8989404339,-12708.2650939934,-1068.11480947516,76106.5017791574
-90916.2393031159,-91333.9105207382,-86950.9558090149,4382.95471172326,-74134.2425366082,-17848.3937764618,-18266.0649940841,-13883.1102823608,-1066.39700995415,77450.8002383773
-96092.8122641625,-93193.3242082663,-88383.6493983995,4809.67480986682,-75079.534762229,-22076.2362219128,-19176.7481660167,-14367.0733561499,-1062.95871997938,78826.2508521164
-100914.020247956,-94289.9222277729,-89593.4557019621,4696.46652581078,-76528.6027783244,-25444.5194506289,-18820.4214304463,-14123.9549046355,-1059.10198099775,80165.9673231374
-105127.085874002,-94551.9270279847,-90253.4856308636,4298.44139712115,-78157.3903258901,-28024.6426149379,-17449.4837689202,-13151.0423717991,-1054.9470668256,81400.8846561856
-108512.927242452,-93926.5136995883,-89935.5510271727,3990.96267241565,-79576.4282774186,-29988.7504087651,-15402.3368659015,-11411.3741934859,-1052.25144373182,82515.1395061024
-110866.675352517,-92405.066690996,-88712.8737088628,3692.19298213325,-80892.0133102044,-31024.9603781926,-12563.3517166718,-8871.15873453851,-1050.29833588017,83533.9079564575
-112055.549506511,-90055.3110308078,-86779.1430552562,3276.16797555159,-82235.0135831787,-30866.4044155318,-8866.16593982854,-5589.99796427695,-1045.86849219948,84465.3130665309
-111952.695457648,-86928.767792211,-84226.1780222182,2702.58976999276,-83580.2855118024,-29413.4095221926,-4389.48185675607,-1686.89208676331,-1040.99957634748,85241.8757054477
-110465.519203313,-83096.2827302544,-80903.9476451525,2192.33508510198,-84682.1167590101,-26820.0980113696,549.138461689018,2741.47354679101,-1036.69556706661,85837.7562770455
-107610.044892087,-78705.4529664305,-76790.6834309367,1914.76953549375,-85394.3181242716,-23248.6564693875,5655.93545626935,7570.70499176311,-1032.92970157179,86276.1579581936
-103451.06441925,-73930.4128459965,-72014.0643366766,1916.34850931983,-85710.1136025834,-18768.8860955436,10751.7654777099,12668.1139870297,-1027.93527887703,86598.5268330262
-98058.6045447932,-68912.7084752962,-66836.7926743749,2075.91580092131,-85729.3294569588,-13354.8283548993,15791.0677145977,17866.983515519,-1025.55326706493,86779.6919908151
-91617.5649577243,-63857.6857278749,-61542.3075882903,2315.37813958466,-85558.0231805517,-7083.65810239766,20676.2211274518,22991.5992670364,-1024.11632522501,86849.2849949113
-84315.2099282497,-58964.1955182767,-56522.2330651739,2441.96245310281,-85392.1632859942,51.6964408369797,25402.7108508099,27844.6733039127,-1025.25691690754,86808.8688221895
-76420.7008905384,-54450.0436928471,-52163.7933002341,2286.25039261302,-85401.0107903592,7953.86976159962,29924.5269592909,32210.7773519039,-1026.44013822126,86660.821044751
-68212.2157085241,-50507.9758651732,-48708.1369863827,1799.83887879054,-85615.2373112794,16373.5699821721,34077.8098255229,35877.6487043134,-1029.45162058324,86385.6245694867
-59996.3265832539,-47305.8147532781,-46290.0473871579,1015.76736612025,-86007.3433254883,24977.9069968634,37668.4188268392,38684.1861929595,-1033.10974537093,85990.0009462376
-52071.136615776,-44969.286617327,-44997.9211718055,-28.6345544784887,-86541.7952042119,33433.5656219779,40535.415620427,40506.7810659485,-1037.09296645795,85476.0676832755
-44724.2109154849,-43582.5283448153,-44930.5948288584,-1348.0664840431,-87226.4414328359,41461.0390965358,42602.7216672053,41254.6551831622,-1041.19142081522,84837.1835279776
-38187.9222624118,-43177.4747082665,-46223.9854302624,-3046.51072199592,-88153.9356507032,48920.3431489055,43930.7907030508,40884.2799810549,-1045.67023938591,84061.7546893214
-32702.1179145782,-43767.8599826005,-48751.4001477227,-4983.5401651222,-89169.0164431487,55416.6938178458,44350.9517498235,39367.4115847013,-1050.20471072471,83135.2715673018
-28448.4993961369,-45316.1009724281,-52518.8090357034,-7202.70806327533,-90337.715882226,60834.1957100423,43966.5941337511,36763.8860704757,-1055.02077604681,82079.9870429038
-25564.602483055,-47753.0060594893,-57426.8252860545,-9673.8192265652,-91627.7249060932,65003.0886427481,42814.6850663137,33140.8658397485,-1060.03378029011,80893.8718992378
-24151.1124176977,-50996.8350056928,-63250.8256039843,-12253.9905982915,-92876.8505212169,67661.3011627886,40815.5785747936,28561.5879765021,-1064.43694073049,79558.4229821949
-24193.5531097562,-54887.0707714548,-69589.9692501507,-14702.8984786959,-93838.2612520996,68575.3771209185,37881.8594592199,23178.960980524,-1069.3310214249,78066.0317519788
-25639.7706486943,-59263.8626203591,-76251.9196461346,-16988.0570257756,-94513.2260058488,67798.7301760371,34174.6382043724,17186.5811785968,-1074.72518111733,76450.4437989559
-28387.9047406292,-63945.7240040028,-82990.8622375073,-19045.1382335045,-94842.6859916623,65374.4690384609,29816.6497750873,10771.5115415828,-1080.31221257218,74717.2355455857
-32293.5164315417,-68753.3294893029,-89668.0424309818,-20914.7129416789,-94842.1123394353,61462.3131426999,25002.5000849386,4087.78714325976,-1086.28276519376,72841.1166325627
-37154.3025975017,-73506.8922934284,-95650.9812125833,-22144.0889191549,-94074.623467998,55827.1293351488,19474.5396392221,-2669.5492799328,-1093.19153534746,70837.3430134956
-42738.2745543014,-78066.9923319922,-100845.312825831,-22778.3204938385,-92668.756987025,48830.0464112474,13501.3286335566,-9276.99186028193,-1100.43602147622,68790.0004717103
-48852.5048990062,-82321.0390944877,-105508.055059583,-23187.0159650949,-91033.7123583147,41073.7474585869,7605.21326310553,-15581.8027019894,-1107.46000072154,66739.2363924983
-55279.1740913855,-86158.7751155179,-109649.865543765,-23491.0904282467,-89260.4164904565,32867.2036014195,1987.60257728715,-21503.4878509595,-1114.03879765147,64655.2872645583
-61831.3259349661,-89496.5087473976,-112602.732995436,-23106.2242480381,-86770.4934786114,23817.4935352252,-3847.68927720634,-26953.9135252444,-1121.6740084201,62542.5952221532
-68346.597776347,-92267.057034012,-114423.196164144,-22156.1391301315,-83754.336082732,14278.7273900399,-9641.73186762514,-31797.8709977567,-1129.01091634506,60469.1860362554
-74689.0552923422,-94411.7938167974,-115496.82385514,-21085.0300383423,-80660.7069954387,4835.33499076168,-14887.4035336935,-35972.4335720358,-1136.31671233481,58439.3602447615
-80773.4499030107,-95942.8419761838,-116055.882799631,-20113.040823447,-77668.9690898917,-4247.95957889132,-19417.3516520644,-39530.3924755114,-1143.47876577228,56412.4495006724
-86570.0491569643,-96937.1571157609,-115980.175132431,-19043.0180166703,-74600.0501735614,-13119.7145464314,-23486.8225052279,-42529.8405218982,-1149.71556302839,54407.3165938627
-92104.352885042,-97447.396295703,-115326.284565208,-17878.8882695047,-71482.7167111688,-21776.6960788386,-27119.7394894996,-44998.6277590043,-1155.05990496536,52448.7685366987
-97368.0295493425,-97524.3782950957,-114452.200795939,-16927.8225008433,-68607.1536576914,-29920.2810408277,-30076.629786581,-47004.4522874243,-1159.40514917666,50519.9260076714
-102388.155400364,-97226.2963256021,-113400.307565964,-16174.0112403618,-65922.9727874743,-37627.5521222392,-32465.693047477,-48639.7042878388,-1162.3695093493,48586.5920377633
-107247.615532039,-96630.721261424,-112343.070481793,-15712.3492203686,-63529.0735974656,-44882.2244070617,-34265.3301364465,-49977.6793568151,-1163.68247248806,46653.0419046089
-112042.376365445,-95820.7416518582,-111706.324569522,-15885.5829176633,-61749.9725511084,-51455.930637743,-35234.2959241559,-51119.8788418193,-1163.52682340608,44700.8628100389
-116862.430663166,-94860.6689183877,-111689.927141056,-16829.2582226679,-60636.0088174966,-57388.8862834046,-35387.1245386268,-52216.3827612947,-1162.46443773558,42644.286157093
-121815.704059834,-93778.9053681163,-111998.479739966,-18219.5743718494,-59797.5948107528,-63178.5883012235,-35141.7896095058,-53361.3639813552,-1160.47905214239,40417.5413867611
-126991.706925963,-92573.8056466189,-112399.989099355,-19826.1834527357,-59000.1621360632,-69150.5516402218,-34732.6503608772,-54558.8338136129,-1159.0068503216,38014.9718330059
-132533.184710933,-91251.6280739718,-113133.448479937,-21881.8204059649,-58486.8955554494,-75202.1179736177,-33920.5613366565,-55802.3817426214,-1155.82881813402,35449.2463313504
-138509.519328099,-89740.1819560796,-114129.423547093,-24389.2415910132,-58224.2088825119,-81436.8891834867,-32667.551811467,-57056.7934024802,-1151.57873789933,32683.3885535994
-144925.727770878,-87899.8220055525,-115086.745828127,-27186.9238225746,-58005.7949638489,-88067.5381633093,-31041.6323979838,-58228.5562205584,-1147.60535628023,29671.2657849941
-151759.880001361,-85606.2684110406,-115890.158316388,-30283.889905347,-57844.9251230815,-95058.407676156,-28904.7960858358,-59188.6859911829,-1143.4527978767,26417.5824198577
-158915.628369892,-82677.4903886601,-116544.614693404,-33867.1243047437,-57907.9147409732,-102146.552918057,-25908.414936825,-59775.5392415687,-1138.83928913811,22901.9511470914
-166200.594501742,-78876.7230810159,-116597.189771363,-37720.4666903473,-57923.8322699881,-109410.078506881,-22086.2070861548,-59806.6737765021,-1133.31627512705,19070.0493045137
-173316.917651693,-73906.3116431788,-115521.256328672,-41614.9446854934,-57641.4258016903,-116802.623365948,-17392.0173574345,-59006.9620429279,-1127.13151594601,14899.3496002509
-179887.426318422,-67476.0423940066,-112701.822568428,-45225.780174421,-56774.3328505511,-124232.596138277,-11821.2122138612,-57046.9923882822,-1119.50267040579,10429.0500057244
-185486.704606299,-59301.5239183151,-107673.400062919,-48371.8761446038,-55188.92984875,-131409.062875666,-5223.88218768151,-53595.7583322854,-1111.28811811642,5705.76558602973
-189567.486450871,-49097.9298618,-100245.827780845,-51147.897919045,-53030.3865484472,-137639.964173559,2829.5924155121,-48318.3055035329,-1102.8642711351,779.624358267112
-191508.553321933,-36593.6995376199,-90238.8629407278,-53645.1634031079,-50406.2222303434,-142197.014403188,12717.8393811253,-40927.3240219826,-1094.68331159824,-4333.62448436272
-190694.711213193,-21605.7077797886,-77125.1885810746,-55519.480801286,-47018.7068211805,-144764.387329515,24324.6161038898,-31194.8646973962,-1088.38293750215,-9589.15691760769
-186506.351572346,-4046.12497597549,-60790.2514936842,-56744.1265177087,-42948.6280748328,-144640.81840782,37819.4081885506,-18924.7183291581,-1083.09491030668,-14878.5933531826
-178371.467096703,16048.4402372741,-41611.8589194774,-57660.2991567515,-38597.7462430721,-140851.990645543,53567.9166884336,-4092.38246831789,-1078.26979191263,-20140.822705592
-165781.416070523,38574.5683658892,-19570.5837086941,-58145.1520745833,-33842.3907792737,-133013.260088517,71342.7243478956,13197.5722733123,-1074.23479726737,-25376.996092577
-148377.422912605,63254.2069784595,5417.366359821,-57836.8406186385,-28392.7632576166,-121055.569420545,90576.060470519,32739.2198518805,-1070.90976555713,-30514.987126579
-125919.995964478,89682.4894292105,32763.6680632074,-56918.8213660032,-22531.5025044265,-104457.947931845,111144.537461843,54225.7160958403,-1069.45447179362,-35456.7733333703
-98405.4069402208,117290.357681512,60963.9525476677,-56326.405133844,-17196.1441087359,-82278.0851984784,133417.679423254,77091.2742894101,-1068.82236699347,-40199.0833921015
-66115.8138629217,145377.619543609,89386.9867248125,-55990.6328187964,-12264.8402532292,-54920.1727147979,156573.260691733,100582.627872936,-1069.19910510544,-44794.9916706726
-29497.8029098382,173191.305065894,117746.286637144,-55445.0184287509,-7256.90695105358,-23311.1401850274,179377.967790705,123932.949361954,-1070.24422624277,-49258.3557039401
10765.381472113,199891.501895614,144810.832757394,-55080.6691382201,-2567.61073702484,12261.5774465068,201387.697870008,146307.028731788,-1071.41476263101,-53584.4731638263
53704.7161502853,224586.992540121,169033.774723435,-55553.2178166861,1275.81137122384,51355.0973685218,222237.373758358,166684.155941671,-1073.80741053973,-57902.8365984496
98076.7068194106,246345.300475909,189686.163101565,-56659.137374345,4618.07793774985,92382.224849604,240650.818506103,183991.681131758,-1076.40403205674,-62353.6193441516
142456.027881395,264354.805218213,206212.657543162,-58142.1476750508,7715.32769888292,133661.232682061,255560.010018879,197417.862343828,-1079.46750045155,-66936.9428743853
185382.178038483,277915.651518136,216728.866876984,-61186.7846411522,9433.53380982778,174866.129634417,267399.60311407,206212.818472918,-1082.51459423803,-71702.833045218
225252.722307074,286423.536544659,219871.24443898,-66552.2921056785,9335.62808332774,214831.998768856,276002.813006441,209450.520900762,-1085.09545489047,-76973.0156438967
260216.669581575,289314.943609526,217467.269782865,-71847.6738266616,10168.26061421,248962.218271628,278060.49229958,206212.818472918,-1086.19069573684,-83102.1251366085
289268.462166711,286958.482389745,212664.30255904,-74294.179830705,14160.0087777419,274022.021951499,271712.042174533,197417.862343828,-1086.43143747014,-89540.6200459171
311719.647895043,279806.754951788,205330.182033041,-74476.5729187469,20252.1456284605,290381.14699376,258468.254050505,183991.681131758,-1086.35527282267,-95815.0738200301
327197.038799786,268440.025305917,195078.42994634,-73361.5953595766,27308.3692043764,298802.764795117,240045.751301248,166684.155941671,-1085.90480029243,-101755.869364245
335659.2715646,253592.682314845,183029.075988014,-70563.6063268309,35636.860952775,298937.224308374,216870.635058619,146307.028731788,-1085.18630345115,-107285.653583057
337468.184149364,236147.255495173,169907.382752769,-66239.8727424043,44890.0410121115,291493.750758549,190172.822104359,123932.949361954,-1084.3923787026,-112214.306133218
333235.063903283,216988.383850188,155837.053456182,-61151.3303940058,54170.8556341606,277980.638320037,161733.958266942,100582.627872936,-1083.56994908548,-116405.755977252
323749.307392278,196978.631591235,141290.197960023,-55688.4336312127,63115.8753727711,259550.383721666,132779.707920623,77091.2742894101,-1083.04829784133,-119887.357301825
309919.98703331,176924.223863563,127406.356796252,-49517.8670673107,72097.7500914788,236739.346332899,103743.583163151,54225.7160958403,-1082.89060893272,-122698.507767722
292812.773128662,157556.105626643,114544.693653013,-43011.4119736307,80722.2030629063,211007.29932753,75750.6318255112,32739.2198518805,-1083.27073822589,-124816.885774763
273434.108195509,139467.501646462,102527.408956583,-36940.0926898785,88245.840848965,184104.271512238,50137.6649631908,13197.5722733123,-1083.99583430604,-126269.92937315
252811.170210077,123116.32850949,91562.1370606748,-31554.1914488151,94569.4049528429,157156.650681084,27461.8089804972,-4092.38246831789,-1085.1145761498,-127208.710977808
231849.948198325,108818.234834806,82298.7433271189,-26519.4915076869,100136.879472293,130626.486542048,7594.7731785288,-18924.7183291581,-1086.58218398368,-127742.953163964
211294.082411719,96698.7250491748,75126.7745008624,-21571.9505483125,105233.435723967,104972.44321346,-9622.91414908378,-31194.8646973962,-1088.20347429163,-127893.589746571
191766.377936501,86789.0352493009,69612.2596866393,-17176.7755626616,109449.985629047,81226.7942278795,-23750.548459321,-40927.3240219826,-1089.59807957458,-127716.359271284
173757.440238801,79018.6175942757,65727.1215672057,-13291.49602707,112954.782912673,59712.0131680629,-35026.8094764629,-48318.3055035329,-1090.64415806569,-127336.923097809
157569.642855971,73208.9175592603,63734.2233853332,-9474.69417392714,116238.658314862,40239.6611383528,-44121.0641583582,-53595.7583322854,-1091.32340275649,-126804.675891546
143327.55353295,69076.1148871401,63214.6856351657,-5861.42925197435,119169.991886227,23065.8755095024,-51185.5631363079,-57046.9923882822,-1091.68613722071,-126123.107275422
131030.274046911,66308.4693101093,63531.079248981,-2777.39006112832,121446.75609888,8492.23275500169,-56229.5719817995,-59006.9620429279,-1091.28519302857,-125315.431353037
120570.09493896,64590.2365834353,64785.9135739318,195.676990496505,123502.427583632,-4022.49241147366,-60002.3507669987,-59806.6737765022,-1090.15976680229,-124396.910359937
111728.248323008,63597.5192312388,66696.4005545736,3098.88132333473,125383.511100731,-14743.6914731345,-62874.4205649035,-59775.5392415687,-1088.42869541093,-123373.058472808
104216.658560179,63016.1074172564,69167.2662052038,6151.15878794744,127269.817228725,-24139.2936362073,-65339.8447791303,-59188.6859911829,-1086.13496766125,-122204.793408439
97738.4420209515,62591.8640845107,72021.8368345223,9429.97275001162,129167.533154465,-32511.9510341292,-67658.52897057,-58228.5562205584,-1082.85990061596,-120820.420305069
91940.7148940311,62093.5732860229,74865.0635742583,12771.4902882354,130842.731786055,-39981.1420827074,-69828.2836907156,-57056.7934024802,-1079.12519068332,-119150.366688503
86547.8460130458,61402.9352344578,77337.2093125795,15934.2740781217,132064.808524581,-46591.745042155,-71736.6558207431,-55802.3817426214,-1074.78253062039,-117205.316977079
81328.4113051615,60437.8948647325,79356.6643058265,18918.769441094,132845.431993143,-52587.0868142779,-73477.6032547069,-54558.8338136129,-1070.06612629677,-114996.728678345
76079.7065026019,59193.6488528967,80316.3551486011,21122.7062957044,132612.611899211,-57598.0126273544,-74484.0702770596,-53361.3639813552,-1065.10723074499,-112555.012834252
70674.9508940977,57747.14551354,79979.5842226139,22232.4387090739,131135.725592944,-61521.016089811,-74448.8214703687,-52216.3827612947,-1060.24139096493,-109963.528274835
65027.9224661747,56186.9033899697,78674.330394012,22487.4270040424,128738.577605403,-64766.2867696566,-73607.3058458616,-51119.8788418193,-1055.63163042788,-107306.782231789
59126.9077559463,54644.8126897842,76681.3249032773,22036.5122134932,125607.649178686,-67532.0965041461,-72014.1915703083,-49977.6793568151,-1051.35508140655,-104622.492046599
53073.2667127404,53313.2792606121,74309.1513561826,20995.8720955705,121901.341222507,-69875.588931281,-69635.5763834093,-48639.7042878388,-1047.51442151476,-101952.983548451
47001.7163925487,52376.0006842033,71612.6645620616,19236.6638778583,117573.360732838,-71615.4004569372,-66241.1161652826,-47004.4522874243,-1043.75611664836,-99380.4529716277
41122.1746732773,52026.3179973671,68813.6192523331,16787.301254966,112771.926875847,-72690.0723380601,-61785.9290139703,-44998.6277590043,-1040.32013549013,-97024.9457563714
35668.8923702057,52428.5479583061,66244.4563926698,13815.9084343637,107737.024875675,-73105.4045443623,-56345.7489562619,-42529.8405218982,-1037.27203889289,-94958.3884802043
30934.8759811256,53728.6055357911,64133.4913522091,10404.885816418,102628.902583727,-72729.0078465949,-49935.2782919294,-39530.3924755114,-1034.98124399377,-93258.9980113025
27186.3407975078,56013.6826826258,62869.9106063851,6856.22792375934,97808.4893273493,-71656.0033809131,-42828.6614957952,-35972.4335720358,-1033.85485107166,-91986.1162546616
24626.0047128179,59328.863458889,63307.4839357767,3978.62047688764,94071.4252236887,-70479.3502207154,-35776.4914746443,-31797.8709977567,-1033.92970984458,-91126.7344566456
23443.2157541688,63666.8607512346,65455.5873436141,1788.72659237953,91374.4993312347,-68966.2851146897,-28742.6401176239,-26953.9135252444,-1035.00153762385,-90620.774276479
23781.9482262768,68946.8556866369,69032.556699015,85.7010123781394,89498.8860235463,-66754.0963236977,-21589.1888633377,-21503.4878509595,-1037.15852642824,-90450.3435375964
25729.1681776789,75067.6775122005,73667.6792219243,-1399.99829027621,88208.9905764122,-63520.3137462348,-14181.8044117132,-15581.8027019894,-1040.4913475015,-90649.4802141899
29305.9565969018,81906.19996134,79487.8016440576,-2418.3983172824,87720.0626066449,-59458.8369074377,-6858.59354299952,-9276.99186028193,-1044.73089769461,-91183.1918216219
34471.4087665643,89292.4864223685,86223.0323895622,-3069.45403280629,87843.12790628,-54421.1729029307,399.904752873495,-2669.54927993279,-1049.45376321505,-91962.0357023013
41169.8066037263,97052.5449040121,93418.5844089204,-3633.96049509167,88275.9288041844,-48160.9906619343,7721.74763835144,4087.78714325977,-1054.86846147624,-92964.7577607523
49250.4816211832,104964.205521058,101017.152096868,-3947.05342419012,89185.0499511046,-40995.1589341022,14718.564965773,10771.5115415828,-1060.59060418074,-94192.6939794755
58520.354424707,112806.832166146,108792.068129485,-4014.76403666113,90539.4965355789,-33085.1325261813,21201.3452152579,17186.5811785968,-1065.99041530937,-95620.2509875494
68728.5887663903,120342.976282456,116516.571727276,-3826.40455517958,92266.6791073296,-24609.021980362,27005.3655357036,23178.960980524,-1070.93163942273,-97164.0153019319
79604.903947662,127348.650306159,123614.380668162,-3734.26963799643,93977.6527928653,-15447.8887439981,32295.8576144985,28561.5879765021,-1075.13989879476,-98787.0623296565
90812.2336588242,133620.114102528,129653.962205026,-3966.15189750255,95434.0172989202,-5700.86270645289,37107.0177372511,33140.8658397485,-1079.07906635695,-100479.24826278
102015.749622599,138990.938056219,134707.758347695,-4283.17970852417,96861.3402178481,4071.87734537935,41047.0657789999,36763.8860704757,-1082.53205937129,-102227.051985744
112890.520900598,143326.227065243,138581.736789473,-4744.49027576931,98128.3398279871,13676.1956958262,44111.9018604707,39367.4115847013,-1085.98537678492,-103958.815480541
123175.422843452,146547.808469182,141024.080858702,-5523.72761047973,99050.3798314132,23035.6219658051,46408.0075915346,40884.2799810549,-1089.42104623408,-105663.528488127
132603.430793,148597.231573038,142053.360593651,-6543.87097938742,99706.3113615703,31804.7253825108,47798.5261625496,41254.6551831622,-1092.39404891846,-107342.576389876
140942.937547228,149459.406358974,141707.298540615,-7752.10781835951,100105.928680016,39742.4200725618,48258.888884308,40506.7810659485,-1094.58879465001,-108952.625293026
148012.049692855,149168.921172874,139968.301314466,-9200.61985840826,100187.898563827,46727.9345713485,47884.8060513677,38684.1861929595,-1096.21655767956,-110484.734979915
153670.499887675,147805.49698297,137083.737868934,-10721.7591140363,100108.380732493,52464.4107230549,46599.4078183498,35877.6487043134,-1097.70843212693,-111927.848278657
157819.374563727,145463.111287036,133501.835724971,-11961.2755620654,100192.006276033,56528.3161906604,44172.0529139692,32210.7773519039,-1099.05209703395,-113252.333935132
160417.448077163,142264.940682501,129539.338212511,-12725.6024699904,100595.048278682,58722.7831685646,40570.2757739031,27844.6733039127,-1099.61662991592,-114420.267378589
161507.472852584,138399.572449311,125476.883361779,-12922.6890875321,101385.317140117,59022.1887578418,35914.2883545685,22991.5992670364,-1099.96695462501,-115407.973182274
161167.306231515,134052.983237757,121477.973160267,-12575.0100774899,102510.557334053,57556.3165867662,30441.9935930089,17866.983515519,-1100.43231069561,-116185.999722238
159529.927932802,129418.037696538,117682.714137506,-11735.323559032,103913.623429725,54515.3277823249,24403.4375460617,12668.1139870297,-1100.97672075119,-116749.923709509
156761.581922322,124675.48750954,114250.055092829,-10425.4324167114,105577.760668233,50082.2318212568,17996.1374084745,7570.70499176311,-1101.5894328326,-117104.782517777
153040.684422021,119975.079012597,111358.413425489,-8616.66558710775,107514.56283014,44423.744543323,11358.1391338988,2741.47354679101,-1102.37704855846,-117233.605465806
148572.215264332,115468.966466891,108976.443723015,-6492.5227438763,109559.687528287,37908.8794545541,4805.63065711298,-1686.89208676331,-1103.64828149134,-117155.858553654
143548.116755743,111282.020453152,107420.541595478,-3861.47885767407,111904.793249095,30537.5771959885,-1728.51910660288,-5589.99796427695,-1105.7463106598,-116872.018417429
138186.419521505,107505.167041997,106870.146406308,-635.020635689271,114632.773056024,22445.1143806588,-8236.13809884924,-8871.15873453851,-1108.53208482228,-116376.325776536
132696.841949757,104225.679545264,107005.508582408,2779.82903714325,117305.264491974,14279.9591738635,-14191.2032306291,-11411.3741934859,-1111.61828391892,-115637.05373875
127290.297751822,101509.242038211,107511.923141475,6002.68110326392,119547.813001621,6627.33223854821,-19153.723475063,-13151.0423717991,-1115.15251165317,-114660.28441001
122179.805345714,99402.5137862312,108431.428195574,9028.91440934254,121436.337449353,-375.577754495359,-23152.869313978,-14123.9549046355,-1119.04565085677,-113526.468690867
117538.938956553,97902.4450218879,109739.133629069,11836.6886071809,122982.657887257,-6567.26802866543,-26203.7619633307,-14367.0733561499,-1123.54909796191,-112269.518378038
113495.899983391,96974.9606251667,111398.269250983,14423.3086258162,124153.047684413,-11785.4795499529,-28306.418908177,-13883.1102823608,-1128.33184893079,-110858.070907528
110158.167970264,96559.8139715492,113175.81030564,16615.9963340912,124751.329041175,-15725.9074293696,-29324.2614280846,-12708.2650939934,-1132.74635845858,-109268.079065543
107578.564840158,96558.719869961,115060.647688256,18501.9278182951,124924.387491286,-18482.381975507,-29502.2269457035,-11000.2991274083,-1136.55932437874,-107559.018997369
105760.945093445,96855.2401012373,116836.532269754,19981.2921685163,124622.182462915,-20000.8924306258,-28906.5974228339,-8925.30525431769,-1139.65506115595,-105780.545355555
104654.077357534,97318.4064715989,118303.002997513,20984.5965259141,123789.722114306,-20277.4584909434,-27613.1293768783,-6628.53285096414,-1141.81373417089,-103946.939322563
104196.888516877,97828.1541653837,119128.268673441,21300.1145080571,122277.117765211,-19222.943730866,-25591.6780823593,-4291.56357430213,-1142.71448253188,-102119.717739686
104256.284991691,98249.6155323354,119561.316580531,21311.7010481958,120536.02098165,-17422.4282196529,-23429.0976790083,-2117.39663081253,-1142.69222969375,-100367.012163148
104645.302671735,98446.711846297,119573.747710727,21127.0358644295,118675.465264926,-15172.1442885789,-21370.7351140169,-243.699249587436,-1141.9816953878,-98690.4110958845
105203.250452758,98327.4437113056,119062.53898573,20735.0952744242,116668.462319402,-12605.8917794365,-19481.6985208892,1253.39675353494,-1140.67991279294,-97074.0469577706
105731.963531069,97803.6177386102,117672.205732502,19868.5879938916,114256.639178492,-9663.75105375953,-17592.0968462188,2276.49114767281,-1139.0754063366,-95527.1265909374
106021.757182797,96797.2560713743,115374.318757934,18577.0626865602,111544.826774807,-6660.45073100238,-15884.9518424251,2692.11084413507,-1137.38113899245,-94105.1452272392
105881.546483409,95281.4440587188,112424.238839692,17142.7947809735,108848.487817909,-4102.24445198258,-14702.3468766727,2440.44790430083,-1135.30311748238,-92840.996154418
105140.577875988,93268.006926063,109019.333314893,15751.3263888303,106306.022373352,-2298.36245276294,-14170.9334026884,1580.39298614189,-1132.91795539917,-91687.6139399211
103702.610526636,90819.9883441736,105146.846582525,14326.8582383511,103811.635651663,-1239.65148766656,-14122.273670129,204.584568222119,-1130.62636263934,-90615.4037759515
101527.466336781,88020.2882235578,101126.976999739,13106.6887761811,101573.880251445,-1174.8724598302,-14682.0505730535,-1575.36179687239,-1128.45854516581,-89595.6500204302
98634.0039345586,84992.6109636591,97420.2066529306,12427.5956892715,99877.3999730213,-2369.80755864259,-16011.200529542,-3583.60484027054,-1126.41152017984,-88576.2158039296
95099.8181494217,81886.6703162783,94333.2605516179,12446.5902353396,98768.6366125195,-4793.8096460937,-18006.9574792371,-5560.36724389756,-1124.9911829959,-87447.0375601758
91079.0861420038,78852.2818250156,91685.1500433302,12832.8682183147,97829.0530987517,-7873.99599002214,-20100.8003070104,-7267.93208869575,-1124.02903327428,-86120.2139137113
86783.3218876519,76041.6377078849,89308.8302289133,13267.1925210283,96748.4848545074,-11088.3969798062,-21830.0811595732,-8562.88863854485,-1123.23401295073,-84604.5263464298
82447.2610617204,73590.7758470412,87398.193190198,13807.4173431568,95586.9443474134,-14262.2605621786,-23118.7457768577,-9311.32843370094,-1122.57727648563,-82902.1042807421
78320.9309473624,71616.436838051,86115.2933974133,14498.8565593623,94375.0577470094,-17176.3241133876,-23880.818222699,-9381.96166333671,-1122.19731374067,-80998.3985013877
74659.0393558425,70188.5000226155,85265.3267218453,15076.8266992298,92859.3700079958,-19322.6682212691,-23793.2075544962,-8716.38085526635,-1122.33756911578,-78904.8808778818
71652.3513511288,69313.5609866788,84744.6685444336,15431.1075577548,90985.3690448813,-20455.4324510188,-22794.2228154687,-7363.11525771397,-1122.41475726631,-76676.6762443928
69464.8472651685,68984.1262662529,84575.6007904461,15591.4745241932,88859.4733675516,-20517.7250962491,-20998.4460951646,-5406.97157097146,-1123.09899386594,-74391.0978372244
68182.5380415685,69145.316514287,84632.356536708,15487.0400224211,86481.2591585191,-19423.503506846,-18460.7250341275,-2973.68501170644,-1124.78238989535,-72119.0015259934
67816.1697421597,69704.450150766,84600.2739346541,14895.8237838881,83722.9956082725,-17034.0725677858,-15145.7921591796,-249.96837529147,-1127.24670167303,-69954.4185260575
68310.0932811084,70546.2279101225,84160.0279716851,13613.8000615626,80481.8470140297,-13301.1555730141,-11065.0209440001,2548.77911756259,-1129.40184009285,-67997.4487925599
69528.3173557515,71524.7509738216,83296.022067425,11771.2710936035,77001.9958123483,-8605.22334676686,-6608.78972869676,5162.4813649067,-1131.54489017002,-66362.2696089149
71307.177409609,72521.298262336,82117.3576016135,9596.05933927752,73567.345302607,-3393.92532267359,-2179.80446994659,7416.25486933093,-1133.75742967561,-65105.0433930051
73449.6029305961,73418.4631368717,80541.658904271,7123.19576739933,70240.4938185194,2073.77346206011,2042.63366833579,9165.82943573512,-1135.33565001657,-64252.6337011366
75736.348594614,74115.5880231159,78664.1124752492,4548.52445213329,67224.3195918155,7376.70791476482,5755.94734326672,10304.4717954,-1135.32108803373,-63811.1162277159
77974.5116164761,74543.534769324,76606.4348665122,2062.90009718823,64696.2884557774,12144.2499801379,8713.27313298584,10776.1732301741,-1133.97318056074,-63767.3615391499
79993.5458625527,74673.8986451845,74389.918644153,-283.980001031544,62655.2853960638,16206.4979800283,10886.8507626601,10602.8707616286,-1131.76248646059,-64071.027883556
81647.4963990439,74498.5691435845,72266.3017596986,-2232.26738388587,61300.6360669072,19217.4496850646,12068.5224296052,9836.25504571929,-1129.41064707216,-64662.3140978652
82830.6139171832,74033.4863974471,70252.7338613262,-3780.75253612088,60566.2257182753,21137.7970589328,12340.6695391967,8559.91700307583,-1126.59113997512,-65473.5693943713
83483.0681299918,73319.7050308093,68364.1137797301,-4955.59125107912,60351.7764678725,22008.0185455743,11844.6554463918,6889.06419531269,-1123.27311654496,-66430.6408354966
83595.1771762362,72426.8242509607,66742.8156704475,-5684.00858051311,60659.9994512091,21815.6004150714,10647.2474897958,4963.23890928273,-1119.57730995573,-67463.585341678
83202.5127221856,71426.7487384286,65403.6449670465,-6023.10377138205,61372.9994409517,20714.2297816095,8938.46579785252,2915.36202647047,-1115.28349962433,-68511.3867119581
82394.1770608139,70427.0445279328,64532.6285845839,-5894.41594334892,62520.0508016802,18763.2457719275,6796.1132390464,901.697295697485,-1110.88048720627,-69525.3472322353
81279.4003877124,69507.7000127532,64182.7311511717,-5324.96886158141,64007.2151099265,16165.4103634444,4393.70998848518,-931.258873096232,-1106.77491434152,-70438.9588858494
79980.6721267897,68737.8691292747,64128.3124802731,-4609.55664900154,65513.6758658961,13363.9011008142,2121.09810329917,-2488.45854570237,-1103.09516007944,-71226.3276749771
78601.8153575976,68156.4967246334,64206.3600596523,-3950.1366649811,66825.3351928838,10676.4139143594,231.095281395105,-3719.04138358599,-1100.06625035442,-71875.5381082193
77257.9527520278,67802.085592142,64480.2182231181,-3321.86736902396,67983.3221794375,8176.78092834335,-1279.08623154247,-4600.95360056643,-1097.84964424697,-72403.0391927085
76045.8616902535,67692.0663923553,65047.00962811,-2645.0567642453,69073.6225464848,5876.27874073585,-2477.51655716233,-5122.57332140763,-1095.96040303287,-72814.639713763
75047.5630126363,67820.6001025071,65933.5686644512,-1887.03143805586,70130.3052328586,3822.5099976535,-3404.45291247569,-5291.48435053156,-1094.74778212424,-73112.0844530387
74294.7441027644,68150.630746135,66739.6381192857,-1410.99262684924,70812.7138218357,2387.75026217703,-3756.36309445236,-5167.35572130161,-1094.28001875163,-73317.9864674366
73803.1330534837,68649.482970783,67163.4929685384,-1485.99000224468,70935.0070556003,1773.95643810589,-3379.69364459477,-4865.68364683945,-1094.16955977745,-73515.1666176225
73550.1134118223,69269.9734337929,67330.6817953191,-1939.29163847383,70759.745312636,1695.99933889217,-2584.14063913724,-4523.43227761107,-1094.36876029414,-73793.405711404
73492.559697687,69954.036454353,67569.7452177029,-2384.29123665011,70690.2414877065,1707.30079257702,-1831.22245075694,-4215.51368740705,-1095.01741740348,-74169.5501417601
73575.1412414192,70653.238453796,68054.6441828277,-2598.59427096834,70940.0755785092,1538.6456264912,-1383.25716113193,-3981.85143210026,-1096.4200364188,-74635.0898858963
73752.5007328966,71336.5465065724,68739.578869277,-2596.96763729541,71473.4732636274,1180.84352725066,-1235.1106990735,-3832.07833636891,-1098.18394201855,-75168.6248429413
73983.6104703063,71980.5435300831,69727.0321411357,-2253.51138894745,72388.6985520017,494.808680521621,-1508.25825970154,-3761.76964864899,-1100.103237783,-75742.3131787321
74239.1025713841,72577.1627267726,70956.0558467175,-1621.10688005504,73580.7327013387,-444.193954824519,-2106.13379943602,-3727.24067949106,-1102.56382486997,-76304.4034062636
74507.4398792565,73128.8144683684,72372.0496166027,-756.764851765771,74972.0005311484,-1570.52289149183,-2949.14830237989,-3705.91315414566,-1105.96223959987,-76834.7276225141
74772.7176938701,73639.3440124264,74128.8571772402,489.513164813817,76666.7118384877,-3004.05400988707,-4137.42769133081,-3647.914526517,-1110.05986526952,-77287.2585389434
75040.1186561923,74113.2550837738,76179.608188464,2066.35310469025,78551.5560790737,-4625.97932500898,-5552.84289742752,-3486.48979273727,-1114.54190212758,-77599.744876511
75301.2122883364,74528.3955644485,78423.4417762253,3895.04621177682,80486.1592863133,-6304.4560617209,-7077.27278560876,-3182.22657383195,-1119.50906374396,-77710.6221382805
75551.9000710977,74873.1810688846,80968.829411049,6095.64834216442,82565.3715652815,-8138.44722269753,-8817.16622491066,-2721.51788274624,-1124.97572851373,-77594.6989516308
75822.0715122003,75150.8089983171,83571.3040974702,8420.49509915305,84482.260651905,-9790.78656653591,-10462.0490804191,-2041.553981266,-1130.59742683123,-77192.3629795831
76155.2443064606,75370.7097334712,85819.8011271751,10449.0913937039,85816.5513168191,-10797.6418112894,-11582.1763842788,-1133.08499057496,-1136.33480093094,-76503.7947240462
76554.8349256661,75507.9290963273,87636.1716032339,12128.2425069066,86551.3809372644,-11138.894549247,-12185.8003785858,-57.5578716791896,-1142.34853764865,-75565.4869680065
77033.1121495163,75562.6230145682,88919.5372061586,13356.9141915904,86632.8725960147,-10748.2814636316,-12218.7705985797,1138.14359301072,-1148.52101713313,-74424.4794215575
77597.6089566728,75533.8054080235,89502.7668223161,13968.9614142926,85961.9553054679,-9518.59932903397,-11582.4028776833,2386.55853660936,-1154.25298023885,-73147.2468714141
78245.5661310974,75416.3705337622,89195.8199401289,13779.4494063667,84448.6922947769,-7362.51306580295,-10191.7086631381,3587.74074322857,-1159.38690212344,-71828.6297905336
78926.7257063978,75172.8197567076,88112.814959386,12939.9952026784,82320.1196887885,-4557.48916151165,-8311.39511120189,4628.60009147648,-1164.09517912102,-70544.2196652311
79573.7692454632,74772.2124955198,86395.8851456371,11623.6726501172,79812.0081849778,-1406.50151435269,-6208.05826429602,5415.61438582122,-1168.26257483803,-69356.5981096986
80157.0897239317,74214.2919864945,84142.8616109206,9928.5696244261,77082.6369559381,1902.79700186137,-4040.00073557581,5888.5688888503,-1171.6557661322,-68325.7230976443
80621.5223201824,73506.7604800277,81524.1525708447,8017.39209081699,74349.4696094251,5097.96016484499,-2016.80167530972,6000.59041550727,-1174.09254591229,-67506.1700645204
80927.9135460983,72667.2636251471,79062.5410375363,6395.27741238919,72141.1791381995,7610.69547203141,-649.954448919704,5745.32296346949,-1176.03893586734,-66921.9406616776
81010.3229829235,71681.7847667452,76959.4553666713,5277.67059992606,70624.6024196926,9208.7261244581,-119.812091720161,5157.8585082059,-1176.99443877275,-66523.9262585393
80855.9332915706,70586.034824842,75317.213856325,4731.17903148296,69811.6961602084,9867.70727686453,-402.191189864039,4328.98784161893,-1176.52985449766,-66257.0469832231
80468.5999737825,69405.271518576,74066.1797759062,4660.90825733024,69554.2177494189,9739.15300882838,-1324.17544637812,3336.73281095212,-1175.22921553514,-66068.5387076238
79866.6609302026,68171.0831794694,73274.9707981425,5103.88761867314,69837.839952306,8855.20818869084,-2840.36956204237,2263.51805663077,-1173.61278920577,-65907.5651228386
79040.7879145573,66884.2969920952,73140.7929670752,6256.49597498,70788.6332711356,7080.37992190074,-5076.11100056138,1180.38497441862,-1171.774721521,-65703.9120176766
78046.2238067188,65594.2808419701,73629.5833766862,8035.30253471604,72245.3824769349,4630.95355276932,-7820.98941197932,214.313122736716,-1169.88777701461,-65379.9677192334
76938.9130808689,64330.6386817616,74440.816564277,10110.1778825154,73842.8133571832,1928.30147077579,-10679.9729283315,-569.795045816155,-1167.7982529099,-64900.4337275777
75771.1835000375,63123.2358972362,75328.2608962577,12205.0249990214,75286.6572095074,-681.494751872679,-13329.4423546739,-1124.41735565252,-1166.0210424028,-64247.6532528888
74576.2004055705,61963.3035193826,76050.9217283538,14087.6182089712,76347.8491845294,-2936.05563264176,-15548.9525188297,-1461.33430985845,-1164.40685368283,-63424.637829241
73394.2584978665,60862.4477414404,76634.5071216396,15772.0593801992,77052.5894676769,-4821.12101112732,-17352.9317675534,-1580.87238735423,-1162.79004131694,-62443.3201287946
72251.6229865363,59808.8917753072,76677.6489788904,16868.7572035832,77028.3348609979,-5937.84074707591,-18380.571958305,-1511.81475472174,-1161.12887261424,-61320.706530029
71151.9248954306,58788.3579707262,75933.8257652026,17145.4677944763,76102.0644185584,-6109.9784016039,-18473.5453263083,-1328.07753183194,-1159.83887847618,-60116.4355025582
70125.251670499,57832.9132961372,74458.1370874636,16625.2237913263,74396.0355636413,-5429.55541574532,-17721.8937901071,-1096.66999878078,-1158.77152260309,-58929.583294918
69172.388685568,56946.8417565342,72651.5385668985,15704.6968103643,72378.2434993227,-4363.445770574,-16588.9926996079,-884.295889243567,-1157.59095681941,-57831.1376457777
68280.8847001338,56132.1357198316,70593.6870686928,14461.5513488612,70150.5683077154,-3025.82713628114,-15174.5761165833,-713.024767722093,-1156.14352869949,-56845.1604875537
67451.2869103965,55381.7638092242,68315.4844144466,12933.7206052225,67784.1098144426,-1487.31122718949,-13556.8343283618,-623.113723139287,-1154.48832314332,-56004.8775323634
66676.6138503519,54689.6660479988,65715.2067250894,11025.5406770906,65198.7189953688,325.366338333017,-11661.5814640201,-636.04078692947,-1152.52851665002,-55325.7068349282
65935.383379485,54040.4848985733,62918.1115670749,8877.62666850158,62556.66153303,2228.49367680717,-9666.4048041045,-788.778135602919,-1150.22816964782,-54829.2630341762
65181.4730646569,53430.5764010921,60202.8741784659,6772.29777737379,60158.2620529671,3875.89771010903,-7874.99895345581,-1102.70117608202,-1147.31330158077,-54533.2775771741
64401.2022865096,52862.1421345958,57985.619601334,5123.47746673811,58398.8980102038,4858.03881848588,-6681.02133342783,-1557.54386668973,-1144.2654578199,-54419.6860012856
63632.5983210902,52371.9749583525,56381.4514788614,4009.47652050889,57327.3226342404,5164.1353887146,-6096.48797402314,-2087.01145351425,-1141.14029813527,-54458.9864118668
62877.1559628416,51955.0159486261,55293.8683357756,3338.85238714948,56791.9978599382,4947.18234862037,-5974.95766559515,-2636.10527844567,-1137.9757542831,-54591.1212270718
62116.2776056256,51591.0154732658,54508.090445123,2917.0749718572,56574.7224151128,4406.62959247624,-6118.63253988361,-3201.55756802642,-1134.92559803656,-54792.5730412922
61291.3802220197,51238.5524388553,53857.620591075,2619.06815221969,56511.1694667516,3647.65274150918,-6405.17504165513,-3786.10688943544,-1132.55801375886,-55024.6593282908
60388.9905834819,50909.8455431474,53381.5223893638,2471.67684621644,56610.6934007785,2647.35957860465,-6831.78546172983,-4360.10861551338,-1130.93760409874,-55269.9541586608
59404.5115523851,50596.8932809014,53186.3396777576,2589.44639685619,56967.1590231752,1307.68755610404,-7499.93071537964,-4910.48431852345,-1129.66497310587,-55507.3775994249
58367.9129052303,50309.6813863076,53554.0529677028,3244.37158139514,57822.0407446406,-583.065628045257,-8641.29714696796,-5396.92556557282,-1128.93778863496,-55706.6069518804
57296.7938435048,50059.831806538,54513.5239811942,4453.69217465624,59117.2988225107,-2949.91173090774,-10186.8737678746,-5733.18159321831,-1129.40675190182,-55793.0133997563
56239.4567462377,49868.5993097546,55724.4652212254,5855.86591147076,60461.8265047382,-5352.8308691133,-11723.6883055964,-5867.82239412564,-1130.4611106128,-55736.4217038803
55220.134253234,49722.8028979205,56840.3034122646,7117.50051434417,61537.0023729098,-7448.45394560776,-12945.7853009213,-5828.28478657715,-1131.58582593198,-55551.0876844976
54237.6639318364,49602.2704072945,57833.2331994983,8230.96279220378,62340.417632944,-9235.44395055477,-13870.8374750966,-5639.87468289283,-1132.69024944712,-55242.1450901873
53306.0321696696,49508.3538278904,58797.8466421651,9289.49281427473,62984.5448960037,-10812.8015455184,-14610.4798872976,-5320.98707302291,-1134.28881918436,-54829.3409009133
52461.0605106982,49445.2580734815,59909.0284183694,10463.7703448879,63617.5702412805,-12292.6241352237,-15308.4265724404,-4844.65622755243,-1136.11440464133,-54289.9143010339
51748.154036361,49430.7543217057,61086.1195916212,11655.3652699155,64137.9646446849,-13527.4171996728,-15844.816914328,-4189.45164441252,-1137.60659134881,-53620.2059661183
51175.4963900872,49451.7562569901,62094.8010205866,12643.0447635965,64291.5199623771,-14255.2037908611,-15978.9439239582,-3335.89916036173,-1139.18021857119,-52787.6554173518
50789.1474040997,49526.2824450751,62932.6525507637,13406.3701056886,64095.6975997049,-14447.2687878909,-15710.1337469155,-2303.76364122692,-1140.71859228574,-51830.046086302
50545.0785138025,49587.3755696659,63324.5055663593,13737.1299966934,63343.9063020141,-13940.6615343658,-14898.3644785024,-1161.234481809,-1141.83374615417,-50748.6100514749
50462.6216919135,49635.5363172633,63195.7368642791,13560.2005470158,62037.144341549,-12716.98680926,-13544.0721839102,16.1283631055837,-1142.46415962449,-49619.4079541577
50585.4119486335,49695.9677371485,62678.9482805164,12982.9805433679,60379.7630546667,-10937.168619669,-11826.612831154,1156.36771221388,-1142.81751363582,-48539.6000249346
50869.7426754995,49728.4770441496,61733.2181550711,12004.7411109215,58401.1678304964,-8674.6391031011,-9815.90473445101,2188.83637647047,-1143.21394810416,-47539.6406676791
51245.2211244416,49685.5915787917,60341.8853871998,10656.2938084081,56149.7642894511,-6048.25923755489,-7607.88878320484,3048.4050252033,-1143.71607254543,-46637.1865535884
51711.2325192968,49608.1593077252,58684.192051401,9076.03274367584,53823.6609194876,-3256.13427308868,-5359.20748466032,3716.82525901552,-1143.7058728979,-45891.3340487097
52251.1014472297,49507.0016006559,57055.8301240614,7548.82852340551,51741.473341051,-633.215869258734,-3377.31571583253,4171.51280757298,-1142.84397543736,-45335.4887930829
52803.0496425708,49357.6143933247,55426.8272716481,6069.21287832336,49878.6278044752,1783.24826821139,-1662.18698103474,4407.02589728863,-1141.17356988428,-44950.5884960361
53326.2284361983,49140.7227352862,53724.1931304545,4583.4703951683,48175.8216585273,4011.75404257993,-173.751658332212,4409.71873683609,-1138.65273509113,-44731.0039984501
53836.2054512726,48887.6088429277,51850.687616654,2963.07877372631,46525.6850740423,6175.17996723464,1226.5833588897,4189.66213261601,-1135.34040999571,-44697.9467103117
54325.1301246133,48619.6440605751,50035.8885010131,1416.24444043801,45153.6122140393,8039.8052983028,2334.31923426453,3750.56367470254,-1131.71261227127,-44869.0803858725
54705.3083616571,48300.2387064253,48466.3538123666,166.115105941333,44215.6079378667,9361.55321704421,2956.48356181235,3122.59866775369,-1128.14720674623,-45177.6400386716
54958.6660725255,47940.4602918876,47262.1843791318,-678.275912755801,43784.3600586369,10049.8183402112,3031.61255957329,2353.33664681748,-1124.48767367746,-45587.1236450702
55158.7406224822,47609.7453884265,46614.8545295187,-994.890858907744,43950.2569860601,10088.026979041,2539.03174498523,1544.14088607749,-1120.45665738115,-46065.604502349
55317.2618893683,47308.4521032799,46542.0094531761,-766.442650103795,44662.1181085093,9538.98314981276,1530.17336372437,763.730713620574,-1116.16063104624,-46544.7213896593
55397.4150459093,47008.0411772505,46913.6258148291,-94.415362421375,45737.4944526071,8548.37978456889,159.005915910124,64.5905534887524,-1111.54080873332,-46943.4506237618
55499.3850051355,46779.4616335847,47654.4212807873,874.959647202546,47050.9070600454,7341.53563440541,-1378.38773714538,-503.428089942835,-1106.94231068477,-47282.8897235276
55629.5565754935,46609.6301663846,48767.9906713127,2158.36050492806,48562.8368606964,5964.06774237326,-3055.85866673564,-897.498161807571,-1102.65197242379,-47507.1283281922
55711.4279386661,46411.5150610999,49934.7211140334,3523.20605293344,49952.2122586053,4659.93090438808,-4639.98197317809,-1116.77592024465,-1099.28477567271,-47528.2909813446
55778.7956861813,46188.5308801785,51013.1953482693,4824.66446809081,51086.101921968,3595.42729650612,-5994.83750949667,-1170.17304140586,-1097.2664677072,-47358.7039215844
55891.573121975,45972.2988682334,51756.1585783063,5783.85971007294,51774.7569585644,3020.76100978098,-6898.51324396059,-1114.65353388765,-1096.05515362958,-47086.952402121
55995.3768428548,45716.9925811662,52059.67844448,6342.68586331388,51973.6051657014,2926.5832090181,-7351.80105267051,-1009.11518935663,-1095.18846813525,-46726.1077705228
56048.8285412403,45385.6249540888,51784.4920818457,6398.86712775684,51600.1265567841,3353.64795260107,-7309.5556345504,-910.688506793556,-1095.0540318552,-46296.3134608824
56014.9803727461,44956.7354753173,50773.5809521633,5816.84547684592,50591.3321892772,4328.21178505297,-6730.03311237574,-913.187635529825,-1095.43639841589,-45869.9231108472
55844.4641811618,44400.8963893354,49199.7594044653,4798.86301512984,49211.1498234597,5537.65910699853,-5905.90868482785,-1107.04566969801,-1095.65525070357,-45507.9420590334
55490.4461535098,43697.1667334281,47236.3420325703,3539.17529914211,47690.6149367247,6704.27901733491,-5089.00040274673,-1549.82510360461,-1095.55219945018,-45246.9918370328
54928.1135791074,42870.4455857201,44995.8039545323,2125.35836881217,46157.6642369479,7674.9541687509,-4382.71382463642,-2257.35545582424,-1095.49517340868,-45127.8010415444
54116.9620915263,41939.8194805038,42725.4238593224,785.604378818651,44826.6292217207,8194.20814792717,-3982.93446309535,-3197.3300842767,-1096.12472187845,-45137.1495647805
53033.0444249383,40918.9514425813,40832.68962465,-86.261817931225,44053.3944309861,7882.775718946,-4231.31726341105,-4317.57908134227,-1096.87427500621,-45236.5305239235
51703.1660046359,39837.8109887944,39241.6077681476,-596.203220646761,43730.6135202479,6874.73907442768,-4990.61594141389,-5586.81916206065,-1097.81340996036,-45424.630150855
50144.5567963677,38753.0346267769,38233.4364780783,-519.598148698613,44038.2205624512,5007.43551186276,-6384.08665772803,-6903.68480642665,-1098.90072205373,-45656.7194332036
48377.9074076592,37686.9169577561,37845.0529426909,158.135984934774,44911.8466497404,2365.86413482455,-8325.12631507855,-8166.99033014378,-1100.19662309425,-45853.9072878999
46419.6111586389,36650.1980816322,38021.8438973298,1371.64581569757,46209.8097251697,-891.501781105288,-10660.9148581119,-9289.26904241438,-1101.30321457444,-45939.4671240466
44379.3131222493,35706.5571669948,38705.6925495335,2999.13538253874,47797.7950077942,-4521.00821309052,-13193.764168345,-10194.6287858063,-1102.52632754558,-45901.1859528011
42399.3138069107,34945.4066333267,39875.207043393,4929.80041006635,49553.6985509805,-8258.18717562306,-15712.0943492071,-10782.2939391408,-1103.80243155332,-45727.7005724674
40465.3028143678,34319.112820458,41337.7407434403,7018.62792298224,51254.3708296426,-11893.8899236652,-18040.079917575,-11021.4519945928,-1104.82190839043,-45340.5648150508
38588.8269844921,33795.6457030717,42869.6781716218,9074.03246855011,52673.6690319868,-15190.4105298938,-19983.5918113141,-10909.559342764,-1105.56848239898,-44705.2050458357
36935.1677406149,33473.8236869692,44335.1910422964,10861.3673553272,53662.825287777,-17833.9543080727,-21295.2983617184,-10433.9310063912,-1106.29676091059,-43907.7546933603
35597.1376162689,33397.8801984049,45495.095996922,12097.215798517,54024.8024040494,-19534.8240717033,-21734.0814895672,-9636.86569105017,-1107.15928392279,-43034.7458894551
34498.8839293375,33485.2039431905,46273.9644602397,12788.7605170493,53777.5525267775,-20386.7028642564,-21400.3828504034,-8611.62233335413,-1108.03426681636,-42096.8262765446
33670.7883447286,33723.8727268182,46635.0841900092,12911.2114631909,52956.9592200929,-20395.1954581813,-20342.1110760917,-7430.89961290071,-1109.02458281698,-41154.772339719
33201.7570370342,34167.2110577413,46641.4411920553,12474.230134314,51649.7776616803,-19558.3263777885,-18592.8723570814,-6118.64222276745,-1110.30575314237,-40285.8532805087
33056.926797273,34785.6967196725,46450.692591086,11664.9958714135,50056.8237004597,-18111.3529810262,-16382.5830586267,-4717.58718721315,-1111.45607783945,-39503.2839068856
33118.7148345349,35471.0381272203,46135.1678006407,10664.1296734203,48330.7268164031,-16324.5790175204,-13972.2557248349,-3308.12605141461,-1112.56703565213,-38779.1641786349
33434.4100346944,36229.5505426396,45742.5431592784,9512.99261663878,46555.7550949607,-14235.1596425139,-11440.0191345687,-1927.0265179299,-1113.81458224756,-38156.5770605695
34075.9619676301,37117.9960868414,45408.200330934,8290.20424409257,44866.4576952614,-11905.526347317,-8863.49222810566,-573.287984013086,-1115.03061968566,-37691.2840708545
34976.2142544434,38087.1114303564,45006.9681521045,6919.85672174814,43159.1693791663,-9299.49651416527,-6188.59933825228,731.257383495867,-1116.54138944236,-37355.8540468606
36040.3758368728,39068.9210327946,44695.4087542068,5626.48772141214,41624.8470734213,-6702.49129318392,-3673.94609726213,1952.54162415001,-1118.0200566354,-37116.3794086446
37300.4936968841,40071.9577443479,44571.4258476353,4499.4681032875,40372.9230912964,-4191.77101090544,-1420.30696344173,3079.16113984577,-1119.34161649316,-36992.7966045021
38783.3370249866,41123.0230808386,44855.6928689898,3732.66978815119,39596.6830403936,-1933.49858229384,406.187473558143,4138.85726170933,-1120.15256688683,-36984.1658191293
40395.6934908801,42149.5646643063,45338.1827246142,3188.61806030789,39101.455159787,173.690725413341,1927.56189883951,5116.1799591474,-1120.54760567977,-37033.3847051589
42069.8516748252,43103.5423292223,46035.0847497155,2931.54242049319,38917.4797679715,2031.70455565324,3065.39521005028,5996.93763054347,-1120.66735120046,-37106.6046986788
43838.2199341683,43994.5731177573,46934.2239512193,2939.65083346204,39032.8659985846,3684.91945369257,3841.27263728157,6780.92347074361,-1120.43448189108,-37213.6496470137
45710.1135075837,44836.234292322,47870.0633174046,3033.82902508264,39285.7309609414,5304.54684743854,4430.66763217687,7464.4966572595,-1119.83569920374,-37371.7376350625
47567.3047107717,45536.1810106176,48696.9868324993,3160.80582188172,39563.1665477872,6885.57229037292,4854.44859021883,8015.25441210055,-1118.56587261157,-37520.9265985171
49359.3084169945,46059.0591251943,49318.2619397471,3259.20281455278,39775.7787043984,8466.82075593846,5166.5714641383,8425.77427869108,-1116.70895665762,-37633.2848465032
51081.4948306728,46401.4141357598,49652.0693257202,3250.65518996038,39872.6553004912,10094.585671952,5414.504977039,8665.16016699938,-1114.25385822963,-37736.2539687604
52663.7155472762,46526.9633417055,49600.8894915642,3073.92614985868,39804.1027862519,11748.2488023287,5611.49659675805,8685.42274661673,-1111.36395869556,-37841.5405950888
54023.3352550724,46405.3151212705,49157.0564853323,2751.74136406184,39587.2765878024,13327.7498601444,5709.7297263425,8461.47109040434,-1108.30880712561,-37943.8440308662
55171.7214323672,46075.064985609,48371.8998251838,2296.83483957477,39258.363851932,14807.9698397024,5711.3133929443,8008.14823251907,-1105.38774073268,-38066.91675309
56118.7853629473,45568.076365833,47395.5007961687,1827.42443033569,38973.193379756,16042.8297906078,5492.12079349344,7319.54522382913,-1102.76219258357,-38248.5311420038
56835.9756689707,44892.8136149646,46374.1648794714,1481.35126450675,38847.6810182827,16888.150732452,4944.98867844588,6426.33994295263,-1100.14391823611,-38466.473672012
57237.1801767853,44022.2410896104,45360.8668793927,1338.62578978227,38906.0463468656,17233.5867621828,4018.64767500795,5357.27346479022,-1097.5470677369,-38664.9676248202
57307.8866119361,42961.2027563019,44505.2853843249,1544.08262802301,39268.8280261183,16943.993859483,2597.3100038487,4141.3926318717,-1095.06472633492,-38819.8101244302
57055.221149302,41720.8454605761,43757.3805739755,2036.53511339945,39867.1350804796,16095.5331852873,761.157496561384,2797.69260996083,-1092.55288353513,-38923.1528506153
56455.1347924779,40296.3766203261,42927.8779598268,2631.50133950066,40477.0266443819,14887.9794345681,-1270.77873758368,1360.72260191698,-1090.12871352793,-38935.6540184091
55477.5447635422,38701.0309515605,42025.9381448235,3324.90719326297,41087.1755329714,13302.027517785,-3474.48629419665,-149.579100933682,-1088.3417127858,-38850.6100524942
54125.2089776286,36968.007077514,41079.6283230164,4111.62124550242,41692.2533080527,11346.0075880465,-5811.19431206805,-1699.57306656564,-1086.94808152936,-38667.5801440796
52449.9036613825,35153.1795110695,40068.7367890573,4915.55727798783,42229.5381226238,9134.10437630218,-8162.61977401083,-3247.06249602301,-1086.26116245654,-38400.2420070925
50480.5859877515,33284.7728581898,39074.9333339606,5790.16047577084,42744.1621792193,6649.66179537673,-10546.151334185,-4755.99085841412,-1086.76201315541,-38040.7637166039
48265.7573721262,31399.9849218702,37965.9584173552,6565.97349548506,43075.6614022021,4102.05126956869,-12763.7211806873,-6197.74768520228,-1088.04470035546,-37597.7326070725
45851.3977750283,29533.1618770784,36709.156708456,7175.99483137763,43163.1926937963,1597.87535892712,-14720.3605390228,-7544.36570764517,-1090.32972230493,-37077.5275847236
43263.453864774,27699.0081132429,35204.0254280227,7505.0173147798,42894.4411641848,-724.373228876866,-16288.818980408,-8783.80166562822,-1093.38592946611,-36482.8097788711
40514.9412662012,25903.5098307403,33462.4434050805,7558.93357434021,42305.2119769391,-2887.45099486348,-17498.8824303243,-9939.94885598414,-1097.18028412557,-35843.4586867245
37644.5151367072,24187.726409308,31712.6733297036,7524.94692039561,41607.2222307579,-5064.00480126741,-18520.7935286666,-10995.846608271,-1101.29770721673,-35183.573017579
34665.878100333,22571.8039497384,29935.8178031482,7364.01385340989,40776.9858595227,-7216.40602123113,-19310.4801718258,-11946.4663184159,-1105.29826204145,-34518.2702681543
31649.3229973338,21105.3895890434,28246.7229497872,7141.3333607438,39889.247983836,-9348.93904428131,-19892.8724525718,-12751.539091828,-1109.01405777909,-33856.9286808713
28643.7433238129,19822.3213015425,26594.8087500671,6772.48744852459,38876.3898147215,-11345.6429432264,-20167.0649654969,-13394.5775169723,-1112.99645231782,-33216.8988185147
25727.993274047,18772.2189893626,25166.2960762781,6394.07708691547,37902.6008340765,-13291.9684391306,-20247.742723815,-13853.6656368995,-1117.36087910108,-32625.8846262621
22972.9965602554,17991.3599463654,24102.545084429,6111.1851380636,37074.7195337621,-15223.3704503632,-20205.0070642533,-14093.8219261897,-1121.64747685657,-32085.181872555
20442.4042566062,17504.6345918518,23389.4224883946,5884.78789654279,36362.4448162325,-17045.560808928,-19983.3304736824,-14098.5425771396,-1125.52024930166,-31603.1771689914
18195.7398067065,17329.0383218535,23272.296915649,5943.25859379548,35984.7173191206,-18917.9952539559,-19784.6967388089,-13841.4381450134,-1129.01774154178,-31170.4764668669
16279.3563654517,17464.7229193877,23678.0653669119,6213.34244752421,35850.6056508251,-20703.526905624,-19518.160351688,-13304.8179041638,-1132.2776202506,-30769.5408235515
14712.9080532923,17887.7380440479,24450.4571886019,6562.71914455407,35787.912298572,-22210.3451889194,-19035.5151981639,-12472.7960536098,-1135.34094363969,-30360.5340976577
13497.1825276333,18562.4198008761,25351.3598606741,6788.940059798,35592.4127469364,-23233.4664850669,-18168.2292118241,-11379.2891520261,-1138.23626576377,-29941.7089529022
12616.5527710399,19455.2520657323,26316.7702893436,6861.51822361135,35240.8780409378,-23765.1957749253,-16926.4964802329,-10064.9782566215,-1140.8705050274,-29520.2303223538
12077.6104403338,20533.6832934692,27410.5067854779,6876.82349200864,34831.0663322784,-23897.2465749612,-15441.1737218257,-8564.35022981708,-1143.7906830166,-29098.0335232863
11882.0825319942,21780.7058596325,28518.0075628035,6737.30170317099,34282.3018958085,-23547.363744016,-13648.7404163777,-6911.43871320673,-1147.1443802017,-28692.1445728392
12041.6417216331,23192.4991999601,29791.1045547662,6598.60535480605,33782.4192469171,-22891.2374656308,-11740.3799873038,-5141.77463249772,-1150.45994034686,-28334.2738324578
12555.2469132912,24764.8008240905,31352.3226890327,6587.52186494223,33452.0831606354,-22050.6207102527,-9841.06679945343,-3253.5449345112,-1153.78446290854,-28018.3457586017
13435.926627686,26480.5600526307,33260.4081271316,6779.84807450094,33359.3811254741,-21080.5976766044,-8035.96425165981,-1256.11617715886,-1157.14317881638,-27736.6762297895
14682.2304729348,28307.6714517942,35372.1273325119,7064.45588071772,33385.529063872,-19863.8357487616,-6238.39476990216,826.061110815561,-1160.53715782435,-27481.6103409786
16259.5633863258,30190.8137884065,37518.5487281694,7327.73493976282,33390.8484940282,-18295.1723214242,-4363.92191934355,2963.81302041928,-1163.8872137219,-27227.0007679873
18145.7151762565,32094.2382585002,39797.6398184015,7703.40155990128,33492.1694941234,-16513.2946543595,-2564.77157211581,5138.62998778547,-1166.84033649263,-26955.6082707147
20323.7874811128,34003.0537075567,42174.716715511,8171.6630079543,33652.8976715726,-14498.6871538827,-819.420927438823,7352.24208051548,-1169.57696342287,-26650.8116270412
22775.1759006876,35903.9392954085,44355.2809579691,8451.34166256055,33597.9474042321,-11994.9907213573,1133.77267336355,9585.1143359241,-1172.21921781287,-26318.8249594844
25471.119309663,37759.6358608676,46258.5633262454,8498.92746537781,33319.1463402837,-9022.49748719538,3266.01906400921,11764.946529387,-1174.47045657466,-25994.6893314806
28367.2838388234,39519.8696804473,47923.8236720471,8403.95399159976,32921.2710267585,-5730.3629882667,5422.22285335719,13826.1768449569,-1176.37580033159,-25693.6928354904
31405.2756199564,41142.9194740192,49339.9431936453,8197.02371962616,32432.8033798579,-2205.44088145569,7532.20297260705,15729.2266922332,-1177.91312155419,-25413.692781786
34556.8828621678,42608.6728066036,50342.2699386039,7733.59713200033,31720.4564991295,1657.32603574428,9709.1159801801,17442.7131121804,-1179.10032729396,-25165.9596944232
37783.5219537076,43894.611895907,50847.76605826,6953.15416235304,30768.4553228119,5835.298501058,11946.3884432574,18899.5426056104,-1179.7681298377,-24995.0692902966
41016.018791776,44952.3261738798,51031.8036239149,6079.47745003513,29824.0821807448,10012.0167085177,13948.3240906215,20027.8015406566,-1179.91990251345,-24924.5246332232
44147.9161087246,45720.7937152672,51100.6160774069,5379.82236213972,29111.3178587781,13857.2942873757,15430.1718939182,20809.994256058,-1179.30396257089,-24910.7994592092
47090.689529936,46163.0626694733,51042.1611788547,4879.09850938137,28589.6057751407,17322.7483022055,16395.1214417429,21274.2199511242,-1178.3354525898,-24888.8427183491
49799.4111626406,46289.4997986958,50720.9206382502,4431.42083955433,28122.4129771504,20499.8771150437,16989.9657510989,21421.3865906532,-1177.12107044654,-24868.1132080426
52226.8567255483,46086.5155766837,49926.5149770718,3839.99940038808,27535.4982619102,23516.1014842478,17375.7603353833,21215.7597357713,-1175.25697939029,-24870.7558409124
54286.2503910192,45524.4737032078,48836.1912839711,3311.71758076327,27027.534425859,26085.751976068,17323.9752882565,20635.6928690198,-1172.96398909226,-24888.780834188
55938.994359361,44607.9936351456,47393.0260862685,2785.03245112283,26514.35479535,28254.0416095872,16923.0408853719,19708.0733364947,-1170.59795442374,-24899.9202986509
57191.2848732103,43390.8747389525,45778.1331094274,2387.25837047487,26169.6287787884,29853.1131370385,16052.7030027808,18439.9613732557,-1168.54295738331,-24950.9133656968
58035.5513061522,41920.8768418888,44046.7054560597,2125.82861417095,26009.6288282798,30859.1864485333,14744.5119842698,16870.3405984408,-1166.7360293391,-25050.536243448
58409.7483875201,40193.8414577495,42049.1491094646,1855.30765171516,25853.34748153,31390.8103864997,13174.9034567291,15030.2111084442,-1165.59051949042,-25163.6303493053
58270.5274393876,38221.9040006878,39832.3570688395,1610.4530681517,25714.2647750347,31391.0972943097,11342.4738556099,12952.9269237616,-1165.16537004317,-25268.9770769262
57664.7823104378,36081.0110082389,37563.081232545,1482.07022430612,25695.7031193849,30803.539306796,9219.76800459711,10701.8382289032,-1165.53988425686,-25379.1727793356
56652.9439654984,33858.4022413829,35318.151753316,1459.74951193306,25811.1315363499,29675.0401193147,6880.4983951992,8340.24790713227,-1166.77230983384,-25518.1543342506
55250.7797158821,31591.1905345182,33286.7573326494,1695.56679813119,26191.109515874,27890.8258213943,4231.23664003045,5926.80343816163,-1168.84437861378,-25664.3870963566
53501.7895523742,29323.7206378148,31611.5650337268,2287.84439591195,26870.871977178,25459.059118994,1280.99020443474,3568.83460034669,-1171.85845620213,-25754.8860374682
51476.0221276772,27100.5801448209,30018.6145998674,2918.03445504649,27505.8735395614,22794.5371081972,-1580.90487465902,1337.12958038747,-1175.61147991851,-25763.4505644334
49245.2474838874,24970.1496116254,28407.2384118529,3437.0888002275,27984.0782447314,20081.0716708935,-4194.02620136855,-756.937401141048,-1180.09756826255,-25727.0870127664
46873.0586033005,22951.1332599831,26874.294489474,3923.16122949084,28387.9811676013,17300.2700111915,-6621.65533212585,-2698.49410263502,-1184.80742450765,-25649.6273626181
44385.7013828457,21032.3590080571,25463.0230095793,4430.66400152219,28758.7310969282,14437.8038295662,-8915.53854522243,-4484.87454370024,-1189.16645635138,-25517.2335517574
41805.5945745902,19212.3198812927,23814.1586459918,4601.83876469916,28737.5321346126,11874.8271712275,-10718.4475220701,-6116.60875737091,-1193.23526875009,-25328.9286386636
39149.0693234248,17495.2313338726,22009.5736350502,4514.34230117753,28445.6260454118,9506.5184141505,-12147.3195754017,-7632.97727422415,-1196.92486386253,-25128.2086080968
36462.6784416318,15913.9049263467,20345.1221821096,4431.21725576287,28174.7500440843,7087.50297926929,-13461.2705360158,-9030.05328025294,-1200.42541827816,-24943.9582065996
33718.8302888791,14446.5780916777,18798.2672759037,4351.68918422599,27891.5833860939,4623.5987309602,-14648.6534662412,-10296.9642820152,-1203.64817182494,-24743.5423736929
30888.4567612473,13081.4080827622,17225.2294632793,4143.82138051714,27433.045966082,2249.02303137957,-15558.0256471056,-11414.2042665884,-1206.38776378575,-24495.6123493506
28030.3922629792,11866.6463078995,15627.8281210179,3761.18181311842,26805.5436025571,16.487860703146,-16147.2580943765,-12386.0762812581,-1208.36079971892,-24252.7225891576
25197.3449244875,10838.5021626774,14108.668770569,3270.16660789161,26127.5470950566,-2139.54310831884,-16498.385870129,-13228.2192622374,-1209.34093774982,-24066.7214249148
22443.6331754326,10024.6542555234,12956.4660608709,2931.81180534746,25677.0023194854,-4442.47766545421,-16861.4565853634,-13929.6447800159,-1209.10852140138,-23954.2990355393
19803.39163266,9444.03511894514,12040.7822711205,2596.74715217535,25275.6146510316,-6680.46363010114,-17039.820143816,-14443.0729916407,-1208.24061172953,-23887.1081105858
17263.1183122876,9090.71450962244,11265.6060705372,2174.89156091474,24807.6918165378,-8751.66596670031,-16924.0697693655,-14749.1782084508,-1207.09246245015,-23839.8927180732
14845.9838516951,8960.91373698392,10676.2432986328,1715.32956164886,24335.406714706,-10695.294451086,-16580.3645657971,-14865.0350041483,-1205.87158807501,-23825.9487411322
12597.6958068838,9062.50458322253,10407.1035428032,1344.5989595807,23983.8536219842,-12590.6291520775,-16125.8203757387,-14781.221416158,-1204.47133697704,-23843.7259993806
10612.8745480056,9429.5105544617,10614.370140503,1184.8595860413,23867.1468984408,-14456.8396634876,-15640.2036570315,-14455.3440709902,-1202.56731305235,-23884.8546254518
8986.94160072128,10106.7003914196,11231.092420425,1124.39202900539,23870.5051948514,-16083.6644738203,-14963.905683122,-13839.5136541166,-1200.10087969016,-23946.2140455362
7744.92805255167,11080.980668257,12123.9051194473,1042.9244511903,23871.1458298241,-17323.3397204681,-13987.2871047627,-12944.3626535724,-1197.12194319562,-24025.3433218294
6895.09797812666,12317.2268841362,13199.2784292217,882.051545085558,23819.1874871975,-18117.8315928781,-12695.7026868686,-11813.651141783,-1193.74208380725,-24130.8780259192
6486.90264423701,13800.0743579869,14671.9324849972,871.858127010368,23951.8512992037,-18655.0846400676,-11341.9129263178,-10470.0547993074,-1190.13598510086,-24270.1291572942
6523.5960533223,15491.5197296349,16475.7993085917,984.279578956871,24213.7170529867,-18876.7746711041,-9908.85099479147,-8924.5714158346,-1186.65367143961,-24416.0911454695
6964.59142145841,17355.329463145,18424.0479615596,1068.71849841454,24414.947215929,-18633.7777176638,-8243.03967597723,-7174.32117756269,-1183.42192319321,-24529.6506407077
7798.91608081003,19363.83336337,20371.7907656055,1007.95740223542,24440.5113780431,-17822.0102857592,-6257.09300319916,-5249.13560096374,-1180.41498852613,-24612.9689643338
8961.78448627906,21444.3259950441,22338.0529533755,893.726958331453,24399.8975176788,-16615.7454643634,-4133.20395559841,-3239.47699726696,-1177.63243296372,-24683.802992311
10428.7751642609,23548.7912200825,24390.2672789301,841.476058847597,24392.513353074,-15138.2667952477,-2018.25073942605,-1176.77468057846,-1174.52860643453,-24725.565900661
12195.5878621614,25660.9865382942,26603.2559752516,942.269436957453,24495.4436459016,-13471.2056390032,-5.80696287053973,936.462474086909,-1171.34985526309,-24724.5240642072
14233.6033160811,27738.3952469236,28759.4307076449,1021.03546072132,24532.7940709769,-11467.2096115947,2037.58231924783,3058.61777996914,-1168.01885669882,-24679.7774669544
16499.93304273,29712.7228869137,30746.4423046314,1033.71941771763,24442.7203638209,-9107.33485122487,4105.4549929588,5139.17441067643,-1164.54753013403,-24573.5484762373
18967.7492427287,31550.7897733481,32479.4882672554,928.698493907326,24200.1902019179,-6393.39846675439,6189.642063865,7118.34055777232,-1160.95750756516,-24432.4492155757
21624.6242890184,33251.4587147686,34218.0536762898,966.594961521172,24099.9095197391,-3632.70479177837,7994.12963397186,8960.72459549303,-1157.41956105765,-24290.7341192756
24423.0934520047,34800.915349672,35963.9730592493,1163.05770957733,24160.0913767114,-891.088675930056,9486.73322173714,10649.7909313145,-1154.09075122338,-24151.1244183575
27310.7897452078,36170.2059739552,37663.2379233774,1493.03194942217,24348.9423152427,1810.78950380815,10670.2057325555,12163.2376819777,-1151.05792615698,-24006.9682919775
30228.8432774413,37341.2006031314,39262.4769554028,1921.27635227143,24634.7677989721,4445.79086830259,11558.1481939926,13479.4245462641,-1148.28461016669,-23861.7760568673
33135.6815224685,38292.0814106843,40726.5613078812,2434.47989719687,24997.7021473688,6992.01795298164,12148.4178411974,14582.8977383943,-1145.9614221181,-23709.18367229
35999.3492302694,39012.409565325,42080.9476019528,3068.5380366278,25461.2442422489,9393.88225400875,12406.9425890644,15475.4806256922,-1144.22273401173,-23536.9289396328
38803.8128457973,39499.9122049134,43180.9937830469,3681.08157813349,25887.2694532795,11773.8502011191,12469.9495602352,16151.0311383687,-1142.69319139868,-23348.8810665447
41530.6969210744,39752.1295557256,44051.8189296862,4299.68937396053,26331.8693911747,14057.2546933687,12278.68732802,16578.3767019805,-1141.57283653095,-23173.7528537451
44118.7895622399,39729.9313235464,44597.060191693,4867.12886814662,26737.5539331398,16240.4625321195,11851.604293426,16718.7331615726,-1140.77309698054,-23011.1981619737
46492.4236324262,39406.0514001863,44671.2387676395,5265.18736745317,26990.5149457859,18361.3682343395,11274.9960020996,16540.1833695527,-1140.54045230086,-22865.8680306335
48574.6617790966,38750.2478473407,44289.2267094312,5538.97886209043,27136.909258217,20296.6369420509,10472.223010295,16011.2018723854,-1141.11557882869,-22739.0459749553
50300.391004056,37751.8490131816,43547.5251325187,5795.67611933719,27283.7648298331,21874.4548690785,9325.91287820408,15121.5889975413,-1142.17130514439,-22630.2600156403
51574.6153790682,36403.7272932491,42423.4676172324,6019.74032398327,27390.2990819488,23041.0077295039,7870.11964368478,13889.8599676681,-1143.30856761554,-22513.867325581
52385.9215154189,34753.0369847457,40976.3745510618,6223.33756631609,27457.1115611448,23784.4828685425,6151.59833786931,12374.9359041854,-1144.32708573157,-22378.1010805603
52738.6618528837,32843.6272108263,39162.5180359621,6318.89082513578,27418.5398752511,24174.9952106849,4279.96056862754,10598.8513937633,-1145.12676694767,-22244.775817063
52622.8873324075,30702.7268369633,37116.1555518722,6413.42871490894,27390.5308020587,24086.9055906155,2166.74509517125,8580.1738100802,-1145.45093973335,-22122.5530268831
52033.8890800881,28375.0215404418,34992.0228087947,6617.00126835283,27474.7215202889,23413.6392731639,-245.228266482411,6371.77300187042,-1145.52828663532,-22003.2485385714
50980.9900690327,25907.7342135019,32848.505829164,6940.77161566211,27648.1968140736,22187.1565015179,-2886.09935401298,4054.67226164913,-1145.63675344124,-21853.0619518528
49521.7741336546,23376.4336623966,30525.2168556914,7148.78319329481,27672.1778296495,20703.7459822051,-5441.59448905294,1707.18870424187,-1145.85032179998,-21669.2449581547
47725.2935297712,20837.4607310202,28043.0414986503,7205.58076763004,27555.824010008,19023.3472871029,-7864.48551164802,-658.904744017986,-1146.12223266022,-21496.3654750382
45677.2041294668,18358.1996126667,25721.3335211177,7363.13390845103,27558.3122092389,16972.3710318772,-10346.633484923,-2983.49957647192,-1146.52088835073,-21341.6991891386
43430.5514995115,15974.2053827967,23371.2330443021,7397.02766150538,27427.3009650855,14856.3107214633,-12600.0353952514,-5203.007733746,-1146.93981296257,-21177.2131165427
40998.4611716021,13699.8537764884,21017.411482591,7317.55770610263,27178.8117693124,12672.1715928859,-14626.4358022278,-7308.87809612519,-1147.4778094038,-21008.7318726136
38427.7379472664,11555.2884536073,18780.8731175916,7225.58466398426,26935.3778625098,10344.5128308642,-16527.9366627949,-9302.35199881062,-1147.84725389243,-20857.6404524179
35793.8563073316,9578.24346468345,16750.4188488654,7172.17538418197,26771.6983313653,7874.49869522204,-18341.1141474261,-11168.9387632441,-1147.65928074424,-20747.1822279276
33113.7970086551,7761.27034732119,14854.7814110542,7093.51106373298,26599.1751901418,5367.27640542646,-19985.2502559075,-12891.7391921745,-1147.34541308687,-20653.0095394957
30354.3843311161,6076.74507874163,13003.575083172,6926.83000443038,26329.1279975548,2878.39636794569,-21399.2428844288,-14472.4128799984,-1146.85996561568,-20549.1579587401
27503.8219743334,4506.85048125908,11229.2550889819,6722.4046077228,26006.3343367249,351.278589973432,-22645.6929031009,-15923.288295378,-1146.20904763499,-20430.1387766371
24557.6072325034,3056.96225248575,9675.33934630471,6618.37709381896,25753.5350628451,-2341.74985588594,-23842.3948359036,-17224.0177420846,-1145.82202554423,-20280.9799945704
21559.862264603,1737.92312629392,8377.57554108929,6639.65241479537,25597.9351610001,-5184.09723785327,-25006.0363761623,-18366.383961367,-1146.02434145621,-20104.3070876609
18560.3726875725,569.150083398238,7405.706932931,6836.55684953275,25612.1024818455,-8198.36462071686,-26189.5872248911,-19353.0303753584,-1146.63482644385,-19922.1804587566
15576.7880073903,-448.242964493652,6941.22827928979,7389.47124378343,25950.8503090923,-11521.9485798375,-27546.9795517214,-20157.508307938,-1147.88627813545,-19709.2653434443
12634.1145453149,-1318.90307674549,6765.45218837579,8084.35526512127,26372.321209526,-14887.8969681275,-28840.9145901879,-20756.5593250666,-1149.69030391639,-19437.6562483211
9758.28671519736,-2043.4160327592,6721.94113753161,8765.35717029081,26719.4283474312,-18113.2579659446,-29914.9607139012,-21149.6035436104,-1152.11633371079,-19106.1875108512
6995.7615860301,-2606.31131392336,6735.23164391111,9341.54295783449,26933.5862987352,-21093.0771646747,-30695.1500646282,-21353.6071067937,-1155.25245196961,-18747.2957928703
4357.82119728167,-3014.92459293746,6913.02928723852,9927.95388017599,27124.1650121483,-23925.1573479762,-31297.9031381954,-21369.9492580194,-1158.81353310957,-18355.0246650819
1873.30334951568,-3279.49413529406,7131.58621333857,10411.0803486326,27153.5718851664,-26442.8509530265,-31595.6484378362,-21184.5680892036,-1162.58241737576,-17905.0739539095
-442.123478591263,-3397.10492402985,7376.76822371476,10773.8731477446,27005.1717508728,-28613.8070268263,-31568.7884722649,-20794.9153245203,-1166.51179736224,-17397.8104004904
-2578.47949983357,-3373.16861929536,7669.10048059025,11042.2690998856,26708.1303970511,-30456.8186897939,-31251.5078092557,-20209.2387093701,-1170.2087929092,-16836.0700900747
-4517.94546189601,-3209.07496307185,8182.77622360114,11391.851186673,26424.9724433471,-32116.6460559796,-30807.7755571554,-19415.9243704824,-1173.72815073646,-16206.8494074106
-6223.16598849449,-2899.6428946687,8867.27552370458,11766.9184183733,26128.5502783963,-33528.7862304683,-30205.2631366425,-18438.3447182692,-1177.06996357752,-15538.7018236005
-7646.1174257286,-2429.67936060335,9769.96829544224,12199.6476560456,25859.8073925449,-34686.229253421,-29469.7911882957,-17270.1435322502,-1180.30443514751,-14840.4641716468
-8770.66773628809,-1807.87683279495,10903.7650623381,12711.6418951331,25637.4010997693,-35591.3395298532,-28628.5486263601,-15916.906731227,-1183.27069379582,-14109.029898432
-9581.81322108425,-1045.036006966,12232.1806774995,13277.2166844655,25431.3540334293,-36198.6717653882,-27661.89455127,-14384.6778668045,-1185.50451087472,-13339.6418598385
-10046.1552095608,-131.204122595409,13804.4287462092,13935.6328688046,25297.6282661877,-36530.984933715,-26616.0338467497,-12680.4009779451,-1187.2014579666,-12549.1968553497
-10137.072244352,932.901711518568,15472.0575914304,14539.1558799119,25087.5870817293,-36412.8487994026,-25342.8748435321,-10803.7189636202,-1188.18947332133,-11736.6206751388
-9844.68795343208,2137.03600576464,16964.9928599998,14827.9568542351,24544.858929821,-35578.0471657445,-23596.3232065478,-8768.36635231265,-1188.50028249145,-10905.4023580773
-9183.55184091302,3452.78608204077,18320.9363928246,14868.1503107838,23748.3027802462,-34120.1600728769,-21483.8221499231,-6615.67183913931,-1188.30545171768,-10068.4579211801
-8169.5201351505,4843.21033306114,19339.7178579292,14496.5075248681,22568.7724968803,-31926.2615950205,-18913.5311268088,-4417.02360194071,-1187.96896298959,-9260.23393500187
-6841.12771078039,6262.47217152427,19989.4848656657,13727.0126941415,21028.9047848958,-29057.8461499831,-15954.2462676785,-2227.23357353699,-1187.8136543069,-8489.70574506126
-5238.78255378113,7660.47567202836,20354.4759409275,12694.0002688992,19275.9372509565,-25702.763929725,-12803.5057039155,-109.505435016301,-1188.04412498733,-7769.98110704466
-3387.7150532401,9013.84506235239,20455.3029305626,11441.4578682102,17373.7490329519,-21950.5981051412,-9549.03798954866,1892.41987866159,-1189.13401894918,-7121.4251836908
-1324.43922279413,10293.4586714518,20370.5192201898,10077.060548738,15449.5557503762,-17965.2841455215,-6347.38625127556,3729.67429746244,-1191.28917235108,-6563.78437398932
854.990344201673,11435.9333401954,20249.939282437,8814.00594224165,13690.2011658481,-14029.616853722,-3448.67385772834,5365.33208451331,-1194.4060320756,-6070.60125568205
3062.52470541154,12393.4369100215,19939.9228480831,7546.4859380616,11965.5495319144,-10101.1161879902,-770.203983380215,6776.28195468138,-1198.09136148728,-5617.1549553401
5231.1480438247,13131.7563709707,19211.1185836721,6079.36221270133,10087.7854907175,-6058.64513921096,1841.96318793508,7921.32540063641,-1202.00769231814,-5210.43097033431
7273.52526294434,13620.4999367538,18105.7768958742,4485.27695912039,8172.61856868776,-2105.08022253558,4241.89445127389,8727.17141039427,-1205.98691679216,-4893.32852635953
9114.97669841589,13852.8374353287,16740.2889277519,2887.45149242322,6319.10858271339,1585.50464075733,6323.36537767013,9210.81687009335,-1210.36347494517,-4642.02056523533
10697.6897037843,13833.6307077829,15166.7413825161,1333.11067473325,4565.31151858457,4917.32590024553,8053.26690424404,9386.37757897729,-1215.05228495424,-4447.25312880556
12006.8379556151,13600.6442412054,13301.0575788238,-299.586662381592,2815.62733786924,7971.26362052791,9565.06990611817,9265.48324373658,-1219.94699721799,-4335.16099746881
13032.5683756078,13197.188043476,11394.5443679326,-1802.6436755434,1308.74360952458,10498.9995404169,10663.6192082851,8860.97553274167,-1224.82522566639,-4336.21251073436
13757.3878830943,12652.0402861739,9445.52541922362,-3206.5148669503,15.1807618560405,12512.4048173278,11407.0572204075,8200.54235345718,-1229.8023039104,-4451.49793271674
14194.7262529276,12016.7957169925,7680.3902432872,-4336.40547370533,-912.675351669559,13872.9382529815,11695.0077170464,7358.60224334111,-1234.46335161567,-4658.19347365143
14397.6503768995,11351.0892841961,6035.12630153795,-5315.96298265819,-1599.88634981036,14758.843228182,11712.2821354786,6396.3191528204,-1238.69349852792,-4954.77013137574
14389.5888289045,10689.1616719851,4506.04398568453,-6183.11768630057,-2075.71746500362,15222.7929982392,11522.3658413198,5339.24815501923,-1242.51329566892,-5349.91351696589
14191.2456923352,10052.5551455426,3261.02241017936,-6791.53273536322,-2219.61980651615,15165.0694525637,11026.3789057712,4234.84617040793,-1245.79604628758,-5817.70897513466
13831.436540455,9453.98509002592,2231.70342409299,-7222.28166593293,-2158.8323180445,14741.6162891749,10364.1648387458,3141.88317281286,-1248.65256932464,-6312.10191721306
13364.3660631154,8920.81051350563,1317.48614135425,-7603.32437215138,-2008.47841683146,14121.8363350343,9678.28078542459,2074.9564132732,-1251.00814491251,-6845.85410023242
12846.423637377,8473.92319649347,664.851025536298,-7809.07217095717,-1619.86020334314,13213.5324010179,8841.03196013446,1031.95978917729,-1252.75143970215,-7441.96340731617
12319.6926128787,8117.96139403962,385.235687681774,-7732.72570635784,-917.520640370468,11983.3498107036,7781.61859186455,48.8928855067052,-1253.86344254555,-8069.06850853291
11825.3399072987,7853.97152336776,331.495521981015,-7522.47600138675,-54.9703112284122,10626.2237489826,6654.85536505171,-867.620636335035,-1254.08646954446,-8721.59215970278
11397.3178770962,7684.33783372095,430.96301846696,-7253.37481525398,910.486608854188,9233.56496773823,5520.58492436298,-1732.78989089099,-1253.26630050378,-9417.12772461193
11030.4261884649,7586.2426047194,998.805704702756,-6587.43690001664,2263.79796798244,7515.60145005037,4071.41786630489,-2516.01903371175,-1251.02677043208,-10102.2616384312
10683.2873355722,7510.49911261493,1876.92209189204,-5633.57702072289,3826.2323243424,5609.55597661405,2436.76775365679,-3196.8092670661,-1247.49903461576,-10707.308379681
10368.93367509,7448.7978044297,2959.58932605267,-4489.20847837703,5480.18803260644,3645.54817442314,725.412303762844,-3763.79617461419,-1243.19746806043,-11212.5939790439
10082.5192026239,7372.47016449162,4122.00776020656,-3250.46240428505,7123.62174198645,1720.71502501915,-989.334013113121,-4239.79641739817,-1238.18243561828,-11612.2665818898
9797.91319868074,7258.28661558355,5195.29912506326,-2062.98749052027,8609.92781609048,-44.8006087028221,-2584.42719180001,-4647.41468232029,-1232.7859912931,-11905.7012979038
9523.1363350242,7111.77634213528,6118.32071389287,-993.455628242396,9896.37688650002,-1600.43375287897,-4011.79374576789,-5005.24937401028,-1227.19320140314,-12117.0257161455
9261.06560918373,6946.88212879624,6965.31634994132,18.4342211450799,11058.4720195933,-3019.33885872568,-5333.52233911319,-5315.08811796811,-1221.9324483161,-12261.9702467643
8983.17996673088,6762.60908718169,7883.3061876979,1120.69710051621,12216.9059054078,-4450.90072687714,-6671.47160642631,-5550.7745059101,-1217.17478820023,-12313.3835930918
8688.93090993513,6573.94981625556,8736.35269397136,2162.40287771579,13204.3655058401,-5728.70055340149,-7843.68164708105,-5681.27876936525,-1213.26595749657,-12255.2285856208
8366.17675545847,6389.97262318993,9627.39418991038,3237.42156672045,14108.1136803243,-6952.14550622752,-8928.34963849606,-5690.92807177561,-1210.20858136166,-12080.9006949655
8037.64311313387,6233.52327257814,10508.2105039125,4274.6872313344,14884.8207718453,-8054.96786201227,-9859.08770256802,-5584.40047123361,-1207.79020330091,-11817.9237438117
7728.60879988271,6138.98967064259,11415.6809621824,5276.69129153981,15552.4577051277,-9029.48370597368,-10619.1028352138,-5342.41154367399,-1205.63480072866,-11481.4012143166
7441.63564999243,6103.71410989461,12314.7588839323,6211.04477403764,16075.5765352174,-9838.06152534648,-11175.9830654443,-4964.93829140667,-1204.12064012154,-11068.6524013013
7197.65394058346,6140.50346576231,13200.7809976864,7060.27753192411,16437.8700543502,-10443.2217684972,-11500.3722433183,-4440.09471139419,-1203.00565473041,-10580.5981771565
7023.54849571115,6248.63389980573,14369.736731883,8121.10283207727,16920.0164084193,-11098.8361472184,-11873.7507431238,-3752.64791104653,-1202.36823451029,-10001.2818108523
6949.083267208,6419.37232414777,15561.6006633592,9142.22833921143,17267.8667945929,-11520.99258634,-12050.7035294002,-2908.47519018881,-1202.20905895507,-9327.84751433657
6975.02150986049,6613.57712617304,16625.6831256859,10012.1059995129,17383.79870296,-11611.093206921,-11972.5375906085,-1960.43159109559,-1202.31601382148,-8574.00871726861
7111.42023950506,6810.57480293543,17368.7971572264,10558.2223542909,17113.6518847606,-11204.5041025087,-11505.3495390783,-947.127184787369,-1202.27245725312,-7757.70198772279
7345.72202829578,6972.4165632091,17660.8261865787,10688.4096233695,16406.7145762535,-10263.0805050883,-10636.385970175,52.0236531945698,-1202.08795713061,-6920.39291001453
7684.44536411835,7090.50044188755,17577.8073394477,10487.3068975602,15402.3193850557,-8919.68082898461,-9513.62575121541,973.681146344754,-1201.80680804722,-6116.8192955428
8109.41027995947,7138.20858045373,17334.5325892692,10196.3240088154,14375.2208455526,-7467.10802710792,-8438.30972661368,1758.01428220175,-1201.29746151482,-5380.19429825199
8565.48658981019,7061.99530210647,16967.3070956596,9905.31179355316,13397.3680379849,-6032.30391891089,-7535.79520661461,2369.51658693855,-1200.4224707362,-4692.47871516791
8979.3216473606,6811.7648968106,16395.100895171,9583.33599836039,12425.920137341,-4645.48431135529,-6813.04106190532,2770.29493645507,-1198.88582137488,-4041.46996035552
9307.96621652095,6381.41382973115,15513.3004206126,9131.88659088143,11376.9716731949,-3265.93294480645,-6192.48533159623,2939.4012592852,-1196.92748813245,-3442.01257044596
9513.21825668408,5783.25429287577,14452.2253619069,8668.97106903111,10398.7180965945,-2079.89618137902,-5809.86014518732,2859.11092384379,-1194.39634146864,-2924.14336903199
9555.68914857654,5031.91152840759,13229.615207946,8197.70367953845,9492.48657250681,-1128.09816627867,-5651.87578644762,2545.82789309083,-1191.3007423484,-2486.08363531676
9398.5079306687,4137.37340329061,11943.7991980939,7806.42579480329,8727.55939529921,-516.901501702192,-5778.0360290803,2028.389765723,-1187.85003707169,-2108.98363756761
8997.91130670123,3116.037471154,10517.9463744594,7401.90890330542,8005.64924238025,-192.055420485265,-6073.92925603248,1327.97964727294,-1184.31748480624,-1788.05782388106
8358.88760227416,2011.18084845453,8965.03397480074,6953.8531263462,7286.92770233543,-108.681076037537,-6456.38782985716,497.465296489038,-1180.64097597629,-1513.71555196551
7480.49889458602,862.246834928161,7440.4704927972,6578.22365786902,6675.65310509933,-371.964010417194,-6990.21607007505,-411.992412206038,-1176.8097999039,-1274.23924713421
6387.8442893931,-280.108428488048,6089.79297361887,6369.90140210691,6252.86729631409,-1037.89894166552,-7705.85165954666,-1335.95025743975,-1172.87593474452,-1055.8418289517
5113.50984448364,-1376.49663350226,4615.5023253473,5991.99895884956,5681.48771490172,-1736.54856692438,-8226.55504491027,-2234.55608606071,-1168.57069650631,-858.059452558461
3705.45776753224,-2384.49096432457,3133.83662823707,5518.32759256164,5054.78033007028,-2513.14891979627,-8603.09765165308,-3084.77005909144,-1163.82635725823,-700.279094766862
2226.81957513776,-3253.71281656828,1639.7097533432,4893.42256991147,4340.52063172095,-3272.51372171715,-8753.04611342318,-3859.6235435117,-1158.81266513395,-605.910726943418
705.927302595297,-3971.98156883689,300.161209328087,4272.14277816497,3692.94924696407,-4140.69567529424,-8818.60454672643,-4546.46176856145,-1153.67373092546,-574.480199724541
-820.706628678815,-4527.67516915161,-839.446882883154,3688.22828626848,3133.90805999831,-5103.15891222708,-8810.12745269989,-5121.89916643142,-1148.54422354995,-594.223997279788
-2310.29163285868,-4911.34339527801,-1952.42399671802,2958.91939856,2477.57290921801,-5931.67066890655,-8532.72243132588,-5573.80303276588,-1143.80612682987,-662.459637487867
-3735.1893157499,-5115.08981151627,-2949.50755494479,2165.5822565715,1800.25665118789,-6675.1624841571,-8055.06297992348,-5889.48072335198,-1139.71651721933,-774.390911835699
-5038.08142588408,-5124.54196505023,-3937.27049880006,1187.27146625018,999.65172161971,-7173.86728139828,-7260.32782056442,-6073.05635431424,-1136.13413389449,-948.514389264007
-6196.49652290339,-4937.93809209172,-4845.51302908643,92.4250630053021,148.135502598657,-7477.72460957891,-6219.16617876724,-6126.74111576194,-1133.09258407686,-1188.80302367021
-7189.14963094462,-4558.97891782315,-5591.68952220368,-1032.71060438053,-662.802305390336,-7657.05003876278,-5026.87932564129,-6059.58993002183,-1130.70271320849,-1500.61101219869
-7989.02524233056,-3983.88119656724,-5920.80294505959,-1936.92174849235,-1188.4758459269,-7929.58682079746,-3924.44277503413,-5861.36452352648,-1129.03742439379,-1877.48332695924
-8561.51801307535,-3214.49669998655,-5681.64168409205,-2467.1449841055,-1306.05449411117,-8383.41881156064,-3036.39749847183,-5503.54248257732,-1127.95529259645,-2289.04578259077
-8894.94950769176,-2275.12647919335,-4982.8264727267,-2707.69999353336,-1140.45058210485,-8882.35653545236,-2262.53350695392,-4970.23350048729,-1127.85760986545,-2695.10702129394
-8962.21434850275,-1175.02716259167,-3982.51227870016,-2807.48511610849,-847.952985057998,-9242.94413549009,-1455.75694957899,-4263.24206568748,-1128.68277204532,-3088.21490309581
-8733.96786749133,73.1020779039401,-2842.43235322385,-2915.53443112779,-581.178253433306,-9283.16237215481,-476.092426759525,-3391.62685788732,-1130.37275809679,-3464.72893579127
-8205.4072075024,1448.62336099436,-1611.13683738436,-3059.76019837873,-407.519570120711,-8930.78772895991,723.242839536863,-2336.51735884186,-1132.90009157822,-3785.14071983621
-7360.99810635188,2917.03562285805,-225.489625002952,-3142.525247861,-233.029529555935,-8264.19181066758,2013.84191854236,-1128.68332931864,-1136.22323387164,-4045.71895217669
-6201.25283090731,4431.93620634366,1241.32061373596,-3190.61559260771,-86.7241801037331,-7255.10331707697,3378.08572017399,187.470127566289,-1140.57466627341,-4244.46607877738
-4757.82405680195,5942.33906857776,2883.83404263009,-3058.50502594768,153.504895713046,-6056.93226682751,4643.23085855221,1584.72583260453,-1145.60331431253,-4357.61323597324
-3048.7157217262,7410.00195794416,4679.0605851157,-2730.94137282845,492.301049340029,-4692.19698812459,5766.52069154578,3035.57931871733,-1151.18021705836,-4374.42263922683
-1108.90114513051,8780.00032528037,6497.35582386755,-2282.64450141281,859.030977594441,-3124.83294801581,6764.06852239507,4481.42402098226,-1156.90082529086,-4298.5763042981
1014.39688069324,10005.8017819156,8265.316622028,-1740.48515988757,1239.96129870303,-1388.02149197289,7603.38340924943,5862.89824936186,-1162.45707396312,-4142.90353255372
3245.82870961431,11020.5714852095,9888.39279157152,-1132.17869363793,1601.41224882549,476.626848050831,8251.36962364598,7119.19093000805,-1167.78961273799,-3901.38055520141
5495.23337788706,11767.7718040587,11377.5277353002,-390.244068758476,2007.41231230437,2314.72854886155,8587.26697503314,8197.02290627466,-1173.09251672115,-3570.748897784
7668.98258629195,12201.3906858832,12592.1746485781,390.783962694914,2359.41596763262,4131.25837579686,8663.66647538807,9054.45043808299,-1178.30824286246,-3146.94024780017
9681.99761785967,12290.0538695022,13580.5243601451,1290.47049064285,2747.77866107496,5751.07141839558,8359.12767003815,9649.59816068101,-1183.14753838913,-2640.45570882124
11446.8173016589,12008.5401954471,14292.3101601148,2283.76996466773,3135.73762842883,7123.97801940147,7685.70091318964,9969.47087785738,-1187.10165382862,-2039.06931758971
12878.6910816261,11352.3170853922,14515.5175093715,3163.20042397925,3321.7359621529,8367.04484570483,6840.67084947095,10003.8712734502,-1189.91027376836,-1348.44581194201
13926.9805386084,10346.3433922484,14142.4392178452,3796.09582559676,3199.59207245061,9536.02722458885,5955.39007822883,9751.48590382559,-1191.36124156897,-594.857488422822
14552.8646889242,9023.5356498052,13225.1757251449,4201.64007533969,2842.78632810569,10517.9626567483,4988.63361762935,9190.27369296903,-1192.11570407019,166.738043163828
14732.1436027944,7417.82229053073,11772.3735059281,4354.55121539733,2236.17797250741,11304.0949343004,3989.77362203674,8344.32483743407,-1191.87069598659,926.502546903343
14439.4949517467,5574.81456396759,9886.9126528196,4312.09808885199,1447.9402945228,11800.7345114804,2936.05412370119,7248.15221255318,-1190.82014574361,1673.33764858559
13702.4888701089,3567.1102350404,7599.1020075869,4031.9917725465,463.276146771182,12050.0724937723,1914.69385870379,5946.68563125028,-1189.14022956544,2379.57539620988
12536.3562642776,1466.60222751345,5137.1768755571,3670.57464804366,-533.568895670529,11882.6277510095,812.873714245372,4483.44836228904,-1187.29740893859,3016.84613477561
10998.6469520849,-642.521807602717,2690.6619114172,3333.18371901992,-1427.9668810385,11241.6005324157,-399.568227271895,2933.61549174802,-1185.01330070768,3576.13729935074
9163.04560665537,-2674.54775855114,156.305831430864,2830.85358998199,-2389.15520040375,10370.2093945248,-1467.38397068177,1363.46961930022,-1181.99141253438,4038.01737785138
7108.49367548711,-4571.82179929078,-2485.77403406062,2086.04776523016,-3472.4407469212,9402.67838496327,-2277.63708981462,-191.589324584466,-1178.25603744504,4380.23247470631
4911.76140163787,-6271.23742831211,-5171.69459920244,1099.54282910967,-4643.83664164725,8381.6597890589,-2801.33904089109,-1701.79621178141,-1173.93825422624,4569.44121653069
2655.80279144713,-7723.54605922411,-7674.77204268828,48.7740165358287,-5708.81823810897,7195.54943624076,-3183.79941443047,-3135.02539789464,-1169.07159331534,4588.52066132946
426.105264782605,-8888.42048703272,-9913.82996781301,-1025.4094807803,-6629.18451298523,5891.49039041367,-3423.03536140167,-4448.44484218196,-1163.79938735419,4439.97564485075
-1683.54138400808,-9733.40481571703,-11883.2768390191,-2149.87202330202,-7430.43921614253,4588.45867585872,-3461.40475585022,-5611.27677915223,-1158.43915627572,4122.12803656479
-3610.10762567772,-10242.2291530597,-13554.8758714942,-3312.64671843441,-8098.5644088008,3334.74824784339,-3297.3732795386,-6610.01999797301,-1153.70853527967,3632.2091550867
-5305.54159760545,-10422.5070184606,-14722.3011596119,-4299.79414115127,-8434.33160956658,1978.61192965988,-3138.35349119527,-7438.14763234654,-1150.17808230124,2984.35938611406
-6724.42770834356,-10277.3010321238,-15358.3585719178,-5081.057539794,-8438.45251678758,566.180932704912,-2986.6923910753,-8067.7499308693,-1147.84387573911,2209.55110125447
-7829.87123503913,-9838.36623782097,-15396.6205925276,-5558.25435470668,-8062.3570554941,-913.929662834237,-2922.42466561605,-8480.67902032273,-1146.41548328919,1357.68721749823
-8577.46221973215,-9136.46442887068,-14881.0985760551,-5744.63414718446,-7347.11704780925,-2376.24101169158,-2935.24322083009,-8679.87736801455,-1145.89583976867,456.587060856126
-8978.42618588879,-8226.02777200713,-13924.8031424221,-5698.77537041503,-6389.41434721031,-3735.26863177878,-2982.8702178971,-8681.64558831214,-1146.25679310029,-455.617816305019
-9047.59860686298,-7160.3199598163,-12621.9360839606,-5461.61612414432,-5252.8007045222,-4941.7912472521,-3054.51260020541,-8516.12872434973,-1146.99334491131,-1355.80876453343
-8810.67420183519,-5995.38821665919,-10974.438668216,-4979.05045155684,-3910.1188450518,-6048.70182682144,-3233.41584164542,-8212.46629320226,-1148.14647003803,-2217.07807654308
-8328.05153198814,-4801.53405536665,-9130.48119514364,-4328.94713977698,-2465.41272920191,-7012.21831819756,-3485.70084157605,-7814.64798135304,-1149.57951541132,-3013.11392598638
-7665.77458772113,-3637.45821953157,-7158.34493063735,-3520.88671110579,-942.758441888019,-7874.4289760102,-3846.11260782063,-7366.99931892643,-1151.41283017709,-3729.54109939486
-6891.59540631545,-2553.09956953286,-5172.24155439517,-2619.14198486233,569.808146899884,-8615.06231014493,-4276.56647336232,-6895.70845822465,-1153.6587569296,-4342.6088886918
-6057.65281323178,-1578.18044106401,-3291.59407496505,-1713.41363390103,1982.95805028,-9196.26913634246,-4716.79676417469,-6430.21039807572,-1155.65827283068,-4852.02995701171
-5232.15402815996,-733.183456521597,-1571.95397608415,-838.770519562554,3279.13018877672,-9668.54073557891,-5169.57016394052,-6008.34068350307,-1157.25651864221,-5275.15722698149
-4484.0369828685,-36.1316370282891,-111.484158277482,-75.3525212491806,4389.95272686568,-10032.3268635801,-5584.42151773984,-5659.77403898902,-1158.33715384587,-5623.64240196073
-3853.16139143932,512.725610324125,1187.59736697266,674.871756648522,5434.85310587754,-10447.1765241213,-6081.28952235782,-5406.41776570931,-1159.16202680443,-5919.14337603344
-3392.02110216232,908.82350378849,2191.73853890619,1282.91503511771,6292.71517679039,-10844.2879398771,-6543.44333392622,-5260.52829880851,-1159.55166092432,-6169.351802597
-3152.79924739331,1149.95910316994,2825.91553120623,1675.95642803628,6899.26333266833,-11211.668826585,-6908.91047602178,-5232.95404798549,-1159.6062465234,-6382.91315115543
-3162.63509533021,1257.2122156027,3122.36878671657,1865.15657111387,7268.42542375678,-11590.6350897447,-7170.7877788118,-5305.63120769793,-1159.57457065772,-6562.84342330063
-3402.8780904005,1286.66572902483,3214.3115637621,1927.64583473728,7489.05033125934,-12051.4701879041,-7361.92636847874,-5434.28053374146,-1159.54176624423,-6720.94626276627
-3857.21493972063,1294.44992772679,3178.64459405796,1884.19466633117,7578.40871762723,-12595.1850429426,-7443.52017549513,-5559.32550916396,-1159.5613855947,-6853.77543689075
-4465.59664725836,1348.13115643274,3101.14443842495,1753.01328199222,7563.2098074259,-13188.4659869541,-7374.73818326297,-5621.72490127075,-1159.65953226983,-6969.85605770349
-5120.26793693775,1543.63058012594,3232.22495077179,1688.59437064584,7623.4742375165,-13903.430157509,-7239.53164044532,-5550.93726979947,-1159.68798305476,-7094.56784992541
-5714.84478091763,1949.41881327548,3597.2723414438,1647.85352816831,7707.4558233053,-14582.0328548706,-6917.76926067749,-5269.91573250918,-1159.7322506477,-7219.33454578467
-6133.35001821035,2624.86192059863,4301.8322580356,1676.97033743699,7867.6693531006,-15161.1133189999,-6402.90138019087,-4725.93104275388,-1160.0939476889,-7350.79296335251
-6266.90079186284,3597.82006954686,5429.70439382056,1831.88432427371,8135.19007343117,-15563.0854743821,-5698.36461297244,-3866.48028869873,-1160.99460908813,-7464.30035824558
-6023.46833068468,4867.02693903486,6875.04333846213,2008.01639942727,8390.538786942,-15576.5342550267,-4686.03898530715,-2678.02258587987,-1162.52713740001,-7545.04952491474
-5329.46100158756,6404.55401031142,8580.85181055268,2176.29780024126,8596.95808322752,-15090.7946630785,-3356.77965117951,-1180.48185093826,-1164.37557826344,-7585.03586124969
-4158.92414409764,8141.44633799609,10339.2320992515,2197.78576125544,8606.20264690647,-13931.6796543506,-1631.30917225683,566.476588998611,-1166.55286334645,-7574.96974899747
-2535.79621825047,9971.76617833312,11975.9169826375,2004.15080430434,8335.65918935185,-12040.4852566586,467.077139925015,2471.22794422935,-1169.02984905626,-7500.53823410378
-489.611505286368,11791.9053232772,13433.1931022974,1641.28777902028,7836.42389705137,-9497.6304096847,2783.88641887883,4425.17419789911,-1171.59500734695,-7366.73112537805
1904.4286435473,13480.7067870545,14617.2847164258,1136.5779293713,7152.58502386443,-6422.71790089276,5153.56024261441,6290.13817198572,-1174.56152057564,-7190.56861506876
4514.33114726978,14908.0006143631,15465.2135865252,557.212972162089,6334.40441790796,-2997.73869708048,7395.93077001284,7953.14374217493,-1177.66542644229,-6954.85687218816
7198.33856428982,15955.2547985508,16008.984693017,53.7298944661883,5511.79164452968,505.471335589118,9262.38756985014,9316.11746431634,-1181.07558417102,-6639.13733423451
9794.28829079455,16516.0661686189,16128.1955848364,-387.870583782416,4648.08180069877,3961.58781939512,10683.3656972194,10295.495113437,-1184.61867070066,-6220.57105518185
12140.1109757236,16520.2513861756,15959.5768330527,-560.674553122905,3937.87135841719,7014.05412434878,11394.1945348008,10833.5199816779,-1188.18549295764,-5686.73140449771
14083.4748483045,15948.4656297756,15577.8906385088,-370.574991266877,3456.84323213599,9435.0814293668,11300.072210838,10929.4972195711,-1191.55018680171,-5018.96841020457
15504.1567806418,14817.9646895873,14842.2045923137,24.2399027263681,3019.01653623599,11290.2795659447,10604.0874748902,10628.3273776165,-1194.86067846116,-4189.63731197078
16303.8364508582,13171.7530152729,13714.9626509761,543.209635703173,2528.84073370459,12576.9235367107,9444.84010112544,9988.04973682861,-1198.07218044291,-3183.70327844433
16432.1709207182,11076.5180087761,12179.2019753695,1102.68396659349,1911.06678736273,13319.971039953,7964.31812801086,9067.00209460435,-1201.13309340247,-2009.5159141717
15887.0185147108,8631.68382398785,10331.4601238035,1699.77629981569,1191.45367913481,13491.6157113832,6236.28102066019,7936.05732047588,-1203.94912419284,-695.626503511964
14709.7895825127,5946.7365442295,8218.99175063406,2272.25520640456,326.389324402109,13176.8851604647,4413.83212218153,6686.08732858608,-1206.51509764587,739.350784356585
12975.082289179,3133.72337239858,5911.71268234013,2777.98930994155,-681.101331686857,12447.2417398035,2605.88282302309,5383.87213296464,-1208.94188106234,2250.14876056605
10774.5764945997,300.2529440869,3322.15761681424,3021.90467272733,-1971.75060055666,11535.2631869332,1060.93963642039,4082.84430914773,-1211.06390822316,3782.59136506084
8210.95956632127,-2460.37568580039,587.19947322909,3047.57515902948,-3446.75165409977,10444.897866141,-226.437385980626,2821.13777304885,-1212.81335428002,5281.51345884923
5378.15733307912,-5077.91636979169,-2014.34933509963,3063.56703469207,-4867.87981731052,9032.13782233198,-1423.93588053883,1639.63115415323,-1213.89932805766,6717.54752394492
2374.72799984453,-7477.881777565,-4588.96432476802,2888.917452797,-6383.94999453472,7544.3247812265,-2308.28499618301,580.632456613982,-1214.35321315273,8058.51423417898
-668.210931194845,-9571.6549135058,-7039.59535783762,2532.05955566818,-7946.21419552863,6063.65297066003,-2839.79101165092,-307.731455982744,-1214.35029367375,9263.92345752305
-3651.7174891791,-11305.0584306103,-9260.61348022277,2044.44495038757,-9478.20303958631,4612.51244096613,-3040.82850046509,-996.383550077525,-1213.97310944107,10308.6748805328
-6471.12992606711,-12629.3721897304,-11170.3170039595,1459.05518577086,-10917.4575448918,3232.94721989493,-2925.29504376832,-1466.23985799745,-1213.38039892976,11163.1323317329
-9018.43281057721,-13509.5529581856,-12769.3571595232,740.19579866241,-12271.6113621348,2040.55471799749,-2450.5654296109,-1710.36963094849,-1212.62383356012,11799.1833272371
-11190.8432021172,-13923.7915143715,-14065.2741977566,-141.482683385078,-13544.9354365867,1142.42130870407,-1590.5270035503,-1732.00968693538,-1211.67092576543,12191.7818274362
-12910.7421179785,-13872.6437598571,-15000.830461457,-1128.1867015999,-14672.5253905709,551.128527840702,-410.773114037849,-1538.95981563774,-1210.65474475168,12333.6839442193
-14116.4213784763,-13372.3323007813,-15598.3348342328,-2226.0025334515,-15651.1408390801,324.961104924224,1069.05018261926,-1156.95235083224,-1209.75835567951,12215.3799499491
-14762.1923326443,-12447.3890353861,-15707.1131476794,-3259.72411229337,-16320.2830407939,349.022255097841,2663.82555235611,-595.89855993726,-1209.06845305173,11851.4904754488
-14821.4615756356,-11143.3039522433,-15353.8397450306,-4210.53579278735,-16696.2774007987,666.323385590509,4344.48100898287,133.945216195521,-1208.49243957256,11277.2491684388
-14308.8156094019,-9533.1586849474,-14636.0411009848,-5102.88241603744,-16846.3313361538,1329.45315906402,6105.11008351854,1002.2276674811,-1208.06256768783,10535.3863524285
-13259.9321694065,-7696.1468407002,-13567.1040920151,-5870.95725131494,-16751.7357842236,2284.03834082804,7847.82366953437,1976.86641821943,-1207.765273989,9673.01325891963
-11717.6583949657,-5713.12468318596,-12200.219393162,-6487.09470997606,-16416.3725515934,3491.37068556037,9495.90439734009,3008.80968736404,-1207.34347106733,8721.93437055
-9763.5896343795,-3683.78032033161,-10591.4703773427,-6907.69005701108,-15847.3923101196,4876.92395659857,10956.7332706465,4049.04321363539,-1206.87871914158,7732.823533967
-7471.52395219362,-1690.77720103228,-8800.36431896402,-7109.58711793174,-15052.1293573236,6374.77488572036,12155.5216368817,5045.93451894995,-1205.83051940961,6736.71171998222
-4943.02422691988,180.44282937783,-7031.93145322763,-7212.37428260549,-14178.6615662478,8031.26413513867,13154.7311914364,5942.35690883092,-1204.37320418922,5761.91407945306
-2298.97580129613,1831.21372728947,-5301.97835440051,-7133.19208168999,-13187.6832643261,9686.13504906058,13816.3245776462,6683.13249595619,-1202.57241396942,4851.91876866671
335.530739372042,3179.58756928636,-3850.71977640368,-7030.30734569005,-12260.6639270344,11395.8612989611,14239.9181288754,7209.61078318533,-1200.33336744543,4030.02321389897
2853.43623246252,4169.96910703423,-2612.99596811157,-6782.9650751458,-11290.1508296537,12945.9953253299,14262.5281999016,7479.56312475584,-1197.59173678633,3309.59401772162
5132.52227487079,4749.11339730263,-1685.4773140858,-6434.59071138845,-10336.7062222662,14274.8302435273,13891.4213659592,7456.83065457073,-1194.39825360966,2707.71725726808
7064.65903159925,4887.29436536639,-1163.578587655,-6050.87295302139,-9457.65946821751,15331.4930248067,13154.1283585739,7103.2554055525,-1190.82547501001,2215.96104018611
8548.71156811719,4570.18844462888,-1042.9460449544,-5613.13448958329,-8640.41805998591,16002.2758467103,12023.752723222,6410.61823363871,-1186.85378139279,1840.42978900984
9520.46020292389,3816.94568306939,-1174.55636355848,-4991.50204662787,-7751.70525151255,16089.6290635668,10386.1145437123,5394.61249708442,-1182.53639086964,1577.66681401503
9924.23702011245,2660.98772972137,-1695.62155987304,-4356.60928959442,-6949.45070797814,15695.6917847252,8432.44249433414,4075.83320473973,-1177.99594336538,1414.84547501834
9752.72951083142,1174.73328011502,-2534.91785938911,-3709.65113950414,-6214.4874566672,14793.5102134965,6215.51398278009,2505.86284327596,-1173.70675400213,1331.12956316094
9038.03552225156,-549.26196237552,-3516.01135808645,-2966.74939571094,-5447.28617977551,13316.064374585,3728.76688995791,762.017494246964,-1169.25732744209,1311.27945662249
7835.81190159601,-2406.60415771185,-4595.66597825186,-2189.06182054002,-4702.08973279052,11372.8655236235,1130.44946431562,-1058.61235622439,-1165.03611076305,1347.99180148746
6246.7517083936,-4272.88401826372,-5698.64398521966,-1425.75996695594,-4000.10442957949,9085.22084312605,-1434.41488353127,-2860.17485048721,-1161.63529484704,1412.70916777652
4396.80933582335,-6021.37089673525,-6745.37056888944,-723.999672154204,-3378.17740480632,6615.83434166619,-3802.34589089243,-4526.34556304662,-1159.15239896349,1495.02533368863
2457.38714674224,-7502.54994449253,-7510.72757506608,-8.17763057355185,-2737.34027787746,4036.79485408966,-5923.14223714512,-5931.31986771867,-1157.93257053005,1571.23007677387
629.954605324,-8577.61847029432,-7817.34597283533,760.272497459014,-2029.74600985479,1501.76829776623,-7705.80477785211,-6945.53228039309,-1157.93231741258,1632.08618990124
-882.553091208214,-9140.40653103545,-7603.1969806351,1537.20955040036,-1292.90548667329,-748.610050352925,-9006.46349018014,-7469.25393977979,-1158.96244581799,1671.15259125566
-1910.453806083,-9142.08778906168,-6833.94687407769,2308.140914984,-532.364228334234,-2538.76684620512,-9770.40082918379,-7462.25991419978,-1160.67726845634,1679.8278748619
-2314.52310723971,-8586.71320343052,-5578.56222573911,3008.15097769141,210.132057276867,-3687.9760845282,-9960.16618071901,-6952.0152030276,-1163.32092001163,1634.69800040293
-1990.04526232865,-7517.3299812909,-3879.82493606559,3637.50504522531,953.957252393433,-4110.72135278566,-9638.00607174791,-6000.50102652259,-1166.71883806358,1516.82895476832
-911.388270772029,-6039.90470073169,-1913.72546796678,4126.17923276492,1624.87158477888,-3707.16040930812,-8835.67683926779,-4709.49760650287,-1170.90055375721,1330.40709422883
841.823441390536,-4334.40003452394,309.462491611501,4643.86252613544,2364.99720822873,-2698.49205814065,-7874.71553405512,-3230.85300791967,-1175.31829130245,1103.54702660427
3110.70243871587,-2617.38242887683,2468.25535910989,5085.63778798672,3040.90263309631,-1110.1850192352,-6838.26988682791,-1752.63209884118,-1179.98482485478,864.750330035652
5730.68000112205,-1054.72922746634,4396.74441921879,5451.47364668513,3683.86973692041,862.131598118997,-5923.27763046937,-471.803983784247,-1184.67866608263,582.925243682093
8489.03979571812,199.2209830409,5893.84664035955,5694.62565731865,4248.64350707437,3051.07537395313,-5238.74343872408,455.882218594564,-1189.32091469063,256.661235553666
11123.6591159542,995.703141462871,6833.47779097407,5837.77464951119,4746.86509651398,5182.87224062707,-4945.08373386422,892.690915646971,-1193.92177881311,-103.012225815905
13372.0723351195,1207.75517042927,7149.31583183945,5941.56066141018,5211.24468244836,6962.14736709738,-5202.16979759283,739.39086381735,-1198.68028557374,-468.364306611908
14995.5197708335,766.627883244852,6766.51330100055,5999.88541775571,5634.60110607047,8157.59198353043,-6071.29990405822,-71.4144863025102,-1203.32668123259,-838.042369547347
15772.057729829,-365.288615680281,5553.73309061141,5919.02170629169,5916.20293084277,8647.75371159193,-7489.59263391733,-1570.57092762564,-1208.10108739428,-1205.28231194537
15521.3013612743,-2168.47900996509,3587.81367137148,5756.29268133656,6092.26735110033,8216.11030885407,-9473.67006238531,-3717.37738104875,-1212.9237013199,-1548.89837108366
14125.3046833618,-4567.39484213973,990.853138434092,5558.24798057382,6216.1313919238,6691.51393307711,-12001.1855924244,-6442.93761185057,-1217.65935836086,-1875.54276971082
11511.4730358144,-7458.31687513294,-2161.63711133739,5296.67976379554,6255.24091719165,4033.82239134903,-14935.9675195983,-9639.28775580274,-1222.40972727372,-2180.97088066982
7676.30441681092,-10692.0914924759,-5721.0246120332,4971.06688044269,6215.27911524258,234.038412133001,-18134.3574971538,-13163.2906167111,-1226.98688943533,-2471.19912423523
2728.2705300479,-14067.6771236554,-9511.63081861119,4556.04630504418,6082.08658226662,-4585.29460902698,-21381.2422627302,-16825.1959576861,-1231.47855680824,-2757.51883403068
-3142.98792705017,-17339.470946205,-13281.7716860655,4057.69926013957,5904.37887171492,-10282.8866389133,-24479.3696580682,-20421.6703979286,-1235.51984014826,-3082.1994517236
-9776.38892949357,-20332.6645256386,-16864.0356711504,3468.62885448819,5662.9375631351,-16678.3047745106,-27234.5803706556,-23765.9515161674,-1238.97828188196,-3433.28699052887
-16926.9978687674,-22826.7313227683,-20126.4829489426,2700.24837382575,5277.84304704173,-23447.0114992345,-29346.7449532353,-26646.4965794096,-1242.1705834253,-3819.76525664127
-24255.0643081432,-24589.2094152039,-22889.4613249699,1699.74809023396,4722.43069226061,-30222.673618622,-30556.8187256828,-28857.0706354488,-1245.17861821824,-4267.86122024488
-31395.520387943,-25403.7723872572,-25004.5499329084,399.222454348752,3969.8435857361,-36613.2210682169,-30621.473067531,-30222.2506131823,-1247.85709453774,-4818.47822592508
-38040.9171548255,-25137.7972838511,-26480.9676386858,-1343.17035483477,2894.61840849651,-42185.1901760067,-29282.0703050322,-30625.240659867,-1249.65461268463,-5487.44337601591
-43856.6476453636,-23680.4295165535,-27096.8042098045,-3416.37469325105,1625.60919473079,-46732.7695991984,-26556.5514703882,-29972.9261636393,-1250.51275910399,-6292.49664708583
-48517.8347217542,-20969.7028888581,-26722.1144775836,-5752.41158872556,247.253116380321,-50015.6634492453,-22467.5316163491,-28219.9432050747,-1250.57561111073,-7250.24031621662
-51726.7628641906,-16997.6066868092,-25205.6481111919,-8208.04142438265,-1081.23639897621,-51895.6151288483,-17166.4589514669,-25374.5003758496,-1250.0886636339,-8376.89368904033
-53291.56187715,-11830.7584074695,-22501.5604012547,-10670.8019937852,-2266.11349763422,-52274.2541794829,-10813.4507098024,-21484.2527035876,-1248.80579996708,-9653.49429611803
-53048.1234094659,-5585.48100004535,-18534.4849934611,-12949.0039934157,-3140.06245407792,-51154.7849521348,-3692.1425427143,-16641.14653613,-1246.72399674688,-11055.6655360847
-50872.8372150925,1590.91466273089,-13373.9647551172,-14964.8794178481,-3618.55165153225,-48497.8364931828,3965.91538464055,-10998.9640332076,-1243.5509296226,-12589.8786959385
-46799.2266025654,9463.83857117358,-7240.79562841919,-16704.6341995928,-3727.03399226668,-44311.6098742559,11951.4552994831,-4753.17890010971,-1239.4172639572,-14217.0174712833
-40911.1691688571,17779.5420523115,-397.910398559985,-18177.4524508715,-3505.98725157806,-38639.3422906142,20051.3689305544,1873.91647968291,-1234.16037333517,-15905.6255726286
-33386.121393869,26227.0250608089,7030.63440001048,-19196.3906607984,-2809.7589612768,-31804.5967016077,27808.5497530702,8612.15909227179,-1228.2342690155,-17614.8659685371
-24515.4665613161,34482.8799641355,14476.4504146809,-20006.4295494546,-1941.45317390009,-23795.8429877636,35202.503537688,15196.0739882334,-1221.82960034756,-19286.8059759021
-14611.5606291827,42275.1623305801,21751.3889903754,-20523.7733402047,-836.900255699845,-14989.6417328887,41897.0812268741,21373.3078866694,-1214.9813594059,-20901.8544439107
-4043.45222252531,49326.1506656418,28580.9060445597,-20745.2446210821,471.554490029951,-5723.51922425012,47646.083663917,26900.8390428349,-1208.51251169485,-22425.3116228069
6765.03774948227,55367.5398923491,34634.7920871661,-20732.7478051829,1889.7538724973,3672.99735472506,52275.4994975919,31542.7516924089,-1202.28652225991,-23824.7881999401
17368.2705522881,60179.6989103262,39669.4525650817,-20510.2463452445,3359.57239055929,12812.1343365719,55623.56269461,35113.3163493655,-1196.56382515691,-25066.3825609607
27359.2254492454,63631.2128977954,43587.092759934,-20044.1201378615,4907.48334171254,21260.3572315011,57532.3446800511,37488.2245421897,-1191.38487603175,-26142.9883556058
36353.2147571445,65629.4031769789,46392.2030703113,-19237.2001066676,6594.24394368595,28572.2023819372,57848.3908017716,38611.190695104,-1186.76843152138,-27018.2124818749
44064.8528453263,66187.9270457343,47923.0083854031,-18264.9186603313,8231.25202910316,34650.645588968,56773.719789376,38508.8011290448,-1182.95522725514,-27679.1259166896
50312.371101567,65386.2917005144,48242.5023119281,-17143.7893885863,9822.91432567741,39309.5033265699,54383.4239255174,37239.6345369311,-1179.95344931962,-28146.6571635833
54950.7524093222,63378.3502150163,47585.4165272695,-15792.9336877468,11473.9279324259,42298.8960598461,50726.4938655401,34933.5601777933,-1177.92841705025,-28444.790037223
57954.6448623501,60385.1976389259,46112.5722243891,-14272.6254145368,13153.9625608705,43624.008029458,46054.5608060338,31781.935391497,-1176.67427202161,-28603.2622474288
59397.5850989989,56671.0452441599,44055.9221189085,-12615.1231252514,14868.7427363944,43352.5544055472,40626.0145507083,28010.8914254568,-1176.28795705724,-28660.1538187031
59412.9790052752,52491.1800910483,41424.8421265757,-11066.3379644726,16407.8543137671,41828.2815446742,34906.4826304474,23840.1446659748,-1176.84314683381,-28651.0354250735
58171.1248579092,48096.621733185,38461.0162096661,-9635.60552351889,17795.899183664,39196.9032341469,29122.4001094227,19486.7945859038,-1178.32244009833,-28609.8271472812
55975.2921604853,43772.2893606179,35471.200564189,-8301.08879642896,19125.6230848156,35669.2482833396,23466.2454834723,15165.1566870433,-1180.42079233009,-28607.1326735747
53133.4119440381,39758.2240193366,32572.7336348736,-7185.49038446304,20319.1098182344,31631.1696446564,18255.9817199549,11070.4913354919,-1183.13248114727,-28687.7326838447
49949.9488341864,36238.4453139311,29986.0611728103,-6252.38414112084,21439.8866867868,27323.6676702547,13612.1641499995,7359.78000887864,-1186.39447714483,-28878.6653050525
46692.3329228978,33333.6540721182,27721.3631114469,-5612.29096067126,22402.3824429714,23099.8419510937,9741.16310031411,4128.87213964286,-1190.10852883261,-29204.7819324753
43649.0418910859,31170.9161100327,25903.837074871,-5267.07903516166,23274.8718115835,19179.4080427734,6701.28226172021,1434.20322655855,-1194.762036729,-29736.7128834741
41039.1125932302,29804.6016499241,24624.8330072624,-5179.76864266171,24123.0947041955,15715.8637212301,4481.35277792407,-698.415864737641,-1200.15416780461,-30503.0175146618
39015.1715421738,29217.3714349089,23967.7532817161,-5249.61815319281,25040.0197710392,12769.0598162506,2971.2597089857,-2278.35844420712,-1206.09195488405,-31495.729879116
37620.7235402215,29306.9515546934,23821.8851804218,-5485.06637427153,26000.2428982148,10407.8898423754,2094.11785684726,-3390.94851742426,-1212.59079963129,-32697.9000721176
36896.4815018196,30001.7798895687,24183.1844957329,-5818.59539383583,27048.1736524272,8629.01530606051,1734.31369380957,-4084.28170002625,-1219.29254333186,-34086.0615895949
36799.522786441,31181.3879867819,24938.6512494872,-6242.73673729472,28153.0456692107,7420.52075527003,1802.38595561094,-4440.35078168378,-1225.95636196029,-35621.7387684657
37282.7589804734,32711.7555629428,26178.4129378918,-6533.34262505108,29480.6604965861,6569.86822184064,1998.86480431007,-4534.47782074101,-1232.23026204666,-37246.2333836838
38235.3741511398,34436.7169511523,27704.7947313154,-6731.92221983691,30934.5636147323,6062.63971250867,2263.98251252115,-4467.93970731576,-1238.17082389887,-38904.6566584681
39539.7836894228,36216.8075630797,29343.7056518921,-6873.10191118767,32432.4339972107,5863.62458504923,2540.64845870615,-4332.45345248153,-1243.72510716288,-40549.2610155612
41028.2294494319,37899.790102306,30914.9388821154,-6984.85122019055,33876.1651632385,5903.02932971539,2774.58998258947,-4210.26123760108,-1249.03495647797,-42110.051339907
42539.9757742341,39353.3981565234,32368.7392580861,-6984.6588984373,35278.9906364363,6006.87536836235,2820.29775065167,-4164.36114778563,-1254.10976943548,-43517.759304309
43906.6254762605,40464.2321872025,33639.4471375589,-6824.78504964353,36632.2346041686,6015.31169992097,2572.91841086298,-4251.86663878056,-1259.07917217088,-44716.098825983
44984.7444126357,41164.2335283056,34615.0502583271,-6549.18326997853,37849.8696299668,5871.14121307944,2050.63032874936,-4498.55294122917,-1263.73356958946,-45662.7864695348
45635.5505786183,41417.5562074966,35294.9447337251,-6122.61147377149,38920.6958258281,5446.94259307285,1228.94822195116,-4893.66325182032,-1267.91215971739,-46311.219459317
45772.7503325625,41219.948401645,35638.2768031233,-5581.67159852171,39783.5797606431,4717.31898939733,164.517058479796,-5417.15454004191,-1271.85158252214,-46637.1029416869
45375.4424461139,40620.314747036,35641.4712472458,-4978.84349979019,40393.1115404314,3707.1944741933,-1047.93322488462,-6026.77672467482,-1275.13643148925,-46647.0914717108
44417.1963191164,39651.629570016,35309.2397506819,-4342.38981933412,40722.7032397871,2416.82211610285,-2348.74463299758,-6691.1344523317,-1277.6709632265,-46342.7640223477
42867.9728441884,38350.4969098142,34672.6318491176,-3677.8650606966,40757.8101534122,830.606436526058,-3686.86949784811,-7364.73455854471,-1279.55625425013,-45715.2314683589
40796.0873085721,36813.4713015045,33809.7102642934,-3003.76103721101,40506.6753714055,-991.288675582798,-4973.90468265045,-7977.66571986146,-1280.7006127494,-44791.1370213659
38321.1415244176,35151.28639332,32761.5542677045,-2389.73212561559,39970.3763937645,-2930.26851899898,-6100.12365009654,-8489.85577571214,-1281.03364965212,-43641.1421690322
35562.4419324989,33463.5016932032,31600.9615221939,-1862.54017100936,39198.7226104575,-4917.24634835928,-7016.18658765499,-8878.72675866435,-1280.96567040071,-42342.2284518676
32635.090094517,31850.6028150649,30431.4918170553,-1419.11099800965,38262.1722076228,-6907.53174802758,-7692.01902747962,-9111.13002548927,-1280.44963492171,-40961.7328405542
29674.9590332044,30413.7542762219,29235.6960489612,-1178.05822726064,37114.5263191741,-8719.44131375267,-7980.64607073518,-9158.70429799582,-1279.87402778296,-39572.4585742177
26850.4208489661,29262.1905586556,28138.5641678271,-1123.62639082849,35862.1214511291,-10290.9337818532,-7879.16407216369,-9002.79046299218,-1279.23317969018,-38264.9810216478
24301.40798231,28470.4589661581,27207.6833254356,-1262.77564072244,34576.9779129747,-11554.0693642716,-7385.01838042352,-8647.79402114597,-1278.49943360695,-37118.252987304
22139.1266245991,28089.6677138746,26537.9506119203,-1551.71710195433,33362.5738174835,-12501.1474318421,-6550.6063425666,-8102.32344452093,-1277.70023895766,-36191.9911583955
20402.9653809419,28117.5321822343,26153.0110838706,-1964.52109836376,32264.2539831934,-13138.1651822467,-5423.59838095427,-7388.11947931804,-1276.87657999514,-35505.6516615524
19140.0611096483,28556.3275890259,26184.6576685248,-2371.66992050109,31415.9066912397,-13551.7113679173,-4135.44488853967,-6507.11480904077,-1275.86578632589,-35063.4423980667
18377.0499122953,29381.313337116,26558.7496590453,-2822.56367807067,30763.1673216737,-13660.7858830415,-2656.52245822089,-5479.08613629156,-1274.66847366317,-34860.3994734075
18136.4174745451,30561.2782388267,27336.9034957334,-3224.37474309331,30381.8009379898,-13518.8014481109,-1093.94068382927,-4318.31542692258,-1273.41798466623,-34879.5936657493
18441.2133374275,32085.6237494487,28472.7308606205,-3612.89288882814,30216.7552728858,-13047.4417935472,596.96861847399,-3015.92427035415,-1271.89985808885,-35101.5480198028
19309.4107964523,33930.3485872766,30031.2928865066,-3899.05570076999,30355.9059134935,-12316.4082523984,2304.52953842594,-1594.52616234406,-1269.91313535716,-35524.8747496207
20716.4596793503,36046.853601733,32016.7877462995,-4030.06585543355,30827.5554360535,-11378.4615423699,3951.93238001284,-78.1334754207038,-1267.36578566665,-36124.9870771537
22640.3039102473,38370.3723676091,34265.7143238265,-4104.65804378263,31491.5901660784,-10115.6065118438,5614.46194551797,1509.80390173534,-1264.32025601276,-36860.5684658738
25021.7260568626,40823.1409098144,36729.7189102798,-4093.42199953461,32342.3026905923,-8580.91932499934,7220.4955279524,3127.07352841779,-1260.34269126964,-37696.0673813966
27770.519564998,43310.8987639268,39263.8288725847,-4047.06989134205,33294.2817416774,-6779.26031361956,8761.11888530922,4714.04899396716,-1255.49813694013,-38596.8497699596
30798.5975831351,45755.6461083761,41750.9959941022,-4004.65011427395,34279.5831479926,-4730.77418074524,10226.2743444958,6221.62423022181,-1249.78861588775,-39534.0218781543
33998.5856199753,48053.2421836521,44097.4293493811,-3955.81283427106,35283.2115052746,-2528.08808883392,11526.5684748429,7570.75564057186,-1243.46220353465,-40482.4865430803
37247.0739573834,50113.6924500962,46126.7419239397,-3986.95052615654,36201.4273965683,-191.083733482681,12675.5347592302,8688.58423307363,-1236.73029429774,-41425.1082170226
40409.1327515639,51862.1798132129,47814.5180555216,-4047.6617576913,37067.4388564794,2111.96023795709,13565.007299606,9517.34554191473,-1229.73365712745,-42344.8342712981
43372.7864252078,53262.1257222442,49080.8579046547,-4181.26781758952,37825.7400639896,4324.33010123457,14213.669398271,10032.4015806815,-1222.71625998357,-43229.7241415627
46014.4618592476,54276.2994829221,49955.6418045495,-4320.65767837259,38532.2728740027,6266.47866712945,14528.3162908039,10207.6586124313,-1215.71031811548,-44068.6408704908
48247.3985093232,54898.6229333076,50569.3643983451,-4329.25853496247,39301.0066449834,7737.41287522586,14388.6372992103,10059.3787642478,-1208.97898911388,-44839.2441690598
50007.7154659355,55151.3085691104,50899.6200126596,-4251.68855645081,40060.0496170086,8744.82962738484,13888.4227305597,9636.73417410889,-1202.83622154204,-45514.5743950015
51284.93299146,55079.7045294966,51052.5703389038,-4027.13419059281,40844.2010649903,9243.24042258143,13038.011960618,9010.8777700252,-1197.49150388823,-46068.8267594714
52110.4409867658,54757.0773772992,51160.8929629809,-3596.18441431831,41684.6924535626,9232.85292790065,11879.489318434,8283.30490411574,-1192.89560530256,-46473.7724731834
52531.3178856505,54250.1951634668,51112.6608750869,-3137.53428837992,42379.9801971358,8962.30275683942,10681.1800346557,7543.64574627583,-1189.03493167524,-46706.549417191
52611.6162296095,53620.3539613139,50943.1013564018,-2677.25260491213,42890.0182016806,8535.60338510064,9544.34111680513,6867.088511893,-1185.99464282825,-46753.2654494209
52448.3203631781,52929.0736966033,50701.4728466265,-2227.60084997676,43210.7443102779,8053.41181643043,8534.16514985563,6306.56429987889,-1184.16423646974,-46622.5093967244
52140.3458215655,52227.8147319504,50350.3503709557,-1877.46436099467,43286.2511910246,7671.05181846513,7758.52072885003,5881.05636785536,-1183.04281207575,-46346.7583640951
51766.5890529937,51547.6253011013,49874.5378586169,-1673.08744248446,43095.9381525681,7488.09880707397,7269.13505518163,5596.04761269717,-1182.55209335154,-45951.5776884041
51394.5585657882,50909.8076080834,49153.3869291186,-1756.4206789648,42548.5549764223,7663.41264559873,7178.66168789388,5422.24100892909,-1182.5909437672,-45487.5665991543
51068.4346058287,50320.6699660589,48232.131259417,-2088.53870664189,41752.154682517,8133.18195473353,7385.41731496375,5296.87860832186,-1183.09796857818,-45023.791357737
50840.6192576851,49802.3295546721,47171.1502097862,-2631.17934488596,40809.5368889843,8847.29223402301,7809.00253101,5177.82318612404,-1183.79013467781,-44624.5063685481
50714.1422289391,49343.2049913729,46024.7671562706,-3318.43783510237,39829.7327340244,9699.76201659822,8328.82477903207,5010.3869439297,-1184.64747831639,-44332.8180474432
50668.1498009818,48921.4145730137,44888.0255780771,-4033.38899493655,38950.2353621529,10532.2253329202,8785.49010495214,4752.10111001559,-1185.68910590867,-44169.3134629981
50673.4289411808,48523.435495094,43819.8303232185,-4703.60517187555,38246.9064472322,11239.8608684671,9089.86742238043,4386.26225050488,-1186.66162548145,-44137.1732445892
50702.2774070057,48137.4425804379,42805.6535172653,-5331.78906317256,37696.5141150236,11818.1938294833,9253.35900291545,3921.56993974289,-1187.56946249882,-44215.872640695
50756.5359525972,47762.8507413049,41898.8880868909,-5863.96265441392,37346.3566856865,12221.6106889846,9227.92547769217,3363.96282327825,-1188.56857792617,-44398.8879180266
50799.4013209471,47384.7548838238,41198.7969473213,-6185.95793650253,37289.3121872374,12320.4117568734,8905.76531975013,2719.8073832476,-1189.67737683627,-44664.9475005762
50805.9198476393,46995.0355304376,40737.3343266517,-6257.70120378598,37530.4382298129,12084.8244300975,8273.94011289589,2016.23890910991,-1190.65718772889,-44978.7966213277
50759.9541091312,46593.3028803525,40477.4319396333,-6115.87094071918,38005.5459489009,11562.5868162579,7395.93558747918,1280.06464676,-1191.82134397234,-45313.2382335925
50646.019581873,46169.6420992993,40472.1843582968,-5697.45774100248,38771.395163192,10681.5255290828,6205.14804650905,507.690305506577,-1193.09888959826,-45661.9517937927
50472.1791891603,45730.888108452,40759.1373551112,-4971.75075334076,39845.069421811,9432.26663610315,4690.9755553948,-280.775197945961,-1194.84313124614,-46011.6633063979
50232.2352694249,45281.1333760161,41295.4035454356,-3985.72983058048,41141.761600792,7893.19503958225,2942.09314617341,-1043.63668440707,-1197.27862905061,-46324.7700604231
49938.8536677683,44831.4150364266,42041.1661027468,-2790.24893367986,42580.1222206082,6158.38562292102,1050.94699157937,-1739.30194210048,-1200.34582423908,-46570.7169785271
49583.5208464685,44375.3780971399,42908.8094038266,-1466.56869331322,44041.8963516634,4337.50634848466,-870.636400843957,-2337.20509415718,-1204.11814632039,-46712.583191297
49152.9636559182,43893.2796652854,43796.3409095032,-96.93875578217,45427.7516962259,2516.84272844163,-2742.84126219117,-2839.78001797334,-1208.36923125066,-46733.0596832587
48641.5580722246,43377.9954601457,44795.5938285884,1417.59836844273,46821.5537169021,607.025898000826,-4656.53671407809,-3238.93834563536,-1212.97845732161,-46616.933805781
48045.7176301675,42817.8560025487,45752.2714316166,2934.41542906792,48064.8245421444,-1236.98395090948,-6464.84557852828,-3530.43014946035,-1217.8770389325,-46348.286152009
47382.2842272536,42212.2137507061,46453.4734216739,4241.25967096783,48959.3365329893,-2799.92540481399,-7969.99588136151,-3728.73621039369,-1222.87309907834,-45940.9499610998
46679.394660925,41570.6343219542,46956.65928121,5386.02495925578,49583.3003522806,-4131.86691767303,-9240.62725664379,-3854.60229738801,-1227.96122631744,-45425.2366193422
45925.2936442788,40879.8358767199,47278.1049193942,6398.26904267431,49986.0371465836,-5293.51941638175,-10338.9771839407,-3940.70814126639,-1232.77591407704,-44820.5440179863
45126.0571717793,40138.626117467,47444.3991045749,7305.77298710793,50211.5371572559,-6322.56190680514,-11309.9929611175,-4004.21997400953,-1237.08192132858,-44142.8460914765
44280.2346754972,39344.3228650832,47355.9068372002,8011.58397211702,50179.25534491,-7139.99886976361,-12075.9106801776,-4064.32670806057,-1240.97820035078,-43408.6495731437
43383.021817763,38502.2086988723,46945.4657452712,8443.25704639897,49858.2148929951,-7719.63994246099,-12600.4530613517,-4157.19601495278,-1244.44686722888,-42659.404713825
42403.4870397145,37596.6999872089,46214.3677553484,8617.66776813961,49291.959568421,-8135.96439228427,-12942.7514447899,-4325.08367665031,-1247.4918635778,-41921.7836638591
41310.4270063494,36625.1734475435,45102.4383094112,8477.26486186772,48439.8381747045,-8379.31350328291,-13064.5670620888,-4587.30220022103,-1249.90233492777,-41212.4756477646
40085.0887669306,35600.9063336525,43651.1050899336,8050.19875628107,47363.6755131878,-8530.24430518075,-13014.4267384588,-4964.22798217771,-1251.65755892353,-40565.1343158302
38712.6249114509,34550.4337379029,41967.8805251184,7417.44678721546,46168.9246213403,-8709.27447313655,-12871.4656466845,-5454.01885946906,-1252.97476324713,-40004.452597372
37180.7750043933,33506.558887719,40110.4001281756,6603.8412404566,44894.0744232797,-8966.99668442335,-12641.2128010977,-6037.37156064113,-1253.69726553695,-39543.9304483601
35500.2896775307,32508.3514826106,38142.1665073306,5633.81502472002,43570.2905601305,-9323.70307748322,-12315.6412724033,-6681.82624768331,-1253.70219488345,-39190.1777302939
33689.1470986127,31602.0013778326,36175.9972641398,4573.99588630728,42267.5418503294,-9831.42176834231,-11918.5674891224,-7344.57160281515,-1253.02701662559,-38946.5729806477
31806.5621914555,30844.5268587643,34376.9358719403,3532.40901317598,41105.1267307403,-10550.3405749624,-11512.3759076536,-7979.96689447761,-1251.77603567762,-38824.4937532419
29904.5080251504,30287.9812660455,32866.2401536012,2578.25888755565,40137.7982487853,-11483.1708894595,-11099.6976485644,-8521.43876100873,-1249.88066582457,-38809.4200270542
28026.1900165399,29962.7320135705,31640.3571013141,1677.62508774366,39311.4146242335,-12532.499979376,-10595.9579823455,-8918.3328946018,-1247.27537168248,-38881.0649081723
26248.4824761154,29917.3376807881,30792.4847063459,875.147025557791,38653.0558794371,-13648.4136076994,-9979.55840302676,-9104.41137746897,-1243.84020437781,-39021.749058257
24681.744887217,30203.9609667324,30335.4944582472,131.533491514796,38118.4178969908,-14676.3579732679,-9154.14189375249,-9022.60840223769,-1239.68496349407,-39226.5693689701
23416.4853703015,30851.8099575951,30228.5931780378,-623.216779557328,37620.0265061994,-15438.3165314852,-8002.99194419152,-8626.20872374885,-1234.77539558723,-39478.018681344
22531.7095456602,31865.4314474914,30645.649908676,-1219.78153881533,37315.0913748278,-16012.7208995584,-6678.9989977273,-7898.78053654262,-1229.33907039081,-39764.211984034
22110.2641223498,33240.5023425332,31489.2979758551,-1751.20436667811,37095.095200975,-16208.1785668736,-5077.94034669026,-6829.14471336837,-1223.34748824846,-40069.6470559016
22202.838264616,34948.7127458645,32680.3456522369,-2268.36709362754,36905.7039702984,-15919.815840744,-3173.94135949559,-5442.30845312313,-1216.95013506171,-40391.0211989876
22842.3811947527,36953.7704043644,34203.8463695221,-2749.92403484228,36755.2460493834,-15123.0663351588,-1011.67712554706,-3761.60116038934,-1210.20148052801,-40715.3715647537
24034.4065466755,39201.2161735731,36020.9470910146,-3180.26908255846,36664.8249938689,-13833.729296323,1333.0803305746,-1847.18875198386,-1203.31084912959,-41048.404925557
25765.3951472269,41617.182092803,38067.9493033287,-3549.23278947429,36647.17271869,-12078.1004729863,3773.68647258977,224.453683115478,-1196.32290152314,-41392.7284096875
27990.9431612685,44121.3773595357,40252.4346984894,-3868.94266104628,36682.7355867156,-9881.59231246873,6248.8418857985,2379.89922475222,-1189.79988702163,-41741.4781347835
30641.7171252884,46625.3044401599,42401.5260617904,-4223.77837836949,36691.8897598297,-7234.33427280747,8749.25304206396,4525.47466369447,-1184.16163826623,-42099.8297764654
33641.264581395,49061.8555486902,44549.4289813559,-4512.42656733434,36791.6497990729,-4329.74039451158,11090.8505727836,6578.42400544923,-1179.35517683377,-42483.4315432409
36897.5893017626,51351.7241922651,46578.6128967418,-4773.11129552327,36929.1441206411,-1206.80195742144,13247.332933081,8474.22163755776,-1175.24713854296,-42877.5025547073
40301.7966096601,53424.2310931069,48300.4348393895,-5123.79625371748,36985.15202048,2145.07691553806,15267.511398985,10143.7151452675,-1171.56767364199,-43280.5159478395
43749.4735473637,55224.5248802881,49731.5476726271,-5492.97720766101,37035.9104255039,5545.25143139811,17020.3027643226,11527.3255566616,-1168.3116904616,-43697.1993236265
47129.5443262962,56708.5152028307,50854.0081843128,-5854.50701851784,37118.0546652489,8846.24702212427,18425.2178986587,12570.7108801409,-1165.2426389231,-44137.8043226898
50345.492928145,57843.8830992759,51643.1558892387,-6200.72721003718,37225.7135198345,11957.0865869272,19455.4767580581,13254.7495480209,-1162.69282138332,-44589.1335512549
53306.3050435565,58618.4312374692,52019.4348129466,-6598.99642452265,37300.8510688531,14845.1243232805,20157.2505171932,13558.2540926706,-1160.32965142296,-45060.1771447987
55941.0969384983,59033.6562211458,52074.6612561577,-6958.99496498807,37430.2786332111,17352.2755362327,20444.8348188801,13485.8398538921,-1158.54276905453,-45547.8163672537
58200.2513564264,59111.0047445896,51938.1358678977,-7172.86887669179,37704.3051304655,19338.8379003364,20249.5912884996,13076.7224118078,-1157.10832562447,-46034.2823327818
60047.8149164618,58878.2765009983,51606.75734311,-7271.51915788829,38085.8483761024,20805.9170903902,19636.3786749267,12364.8595170384,-1156.04944996923,-46513.4169839599
61466.6530407651,58371.5166373208,51116.9995532643,-7254.51708405655,38566.951900431,21744.6266986039,18649.4902951596,11394.973211103,-1155.07444173019,-46976.5434262178
62439.0479113799,57624.807791738,50596.0394252186,-7028.76836651942,39217.54991149,22067.1788552779,17252.938735636,10224.1703691166,-1154.31914461196,-47400.6374226214
62982.949359146,56685.5176346367,50050.2018113125,-6635.31582332416,39975.2028226775,21853.9944817217,15556.5627572124,8921.24693388827,-1153.75205474672,-47764.2707007484
63133.550358963,55601.9424814298,49619.3666377541,-5982.57584367563,40925.5639355501,21054.5391193804,13522.9312418472,7540.35539817156,-1153.44730403243,-48061.5870832582
62924.543226052,54411.4649903835,49214.4945224669,-5196.97046791666,41939.7632176044,19831.437997236,11318.3597615676,6121.3892936509,-1153.34201121155,-48290.0756967326
62412.7523151686,53159.7217385599,48870.5632519625,-4289.15848659733,42988.4617597945,18270.7475412922,9017.71696468346,4728.55847808613,-1153.54301408192,-48431.1632604737
61639.8016650669,51871.8288748854,48511.3475877604,-3360.48128712508,43964.8435821246,16520.8594486704,6752.88665848895,3392.40537136387,-1154.09863427186,-48479.4235035216
60653.0882959966,50571.9072793361,48169.7197662588,-2402.18751307728,44876.797402459,14621.2142210225,4540.03320436203,2137.84569128475,-1155.07667251501,-48434.0615880513
59507.3154867744,49278.1384955714,47837.8734736592,-1440.26502191223,45717.8158738905,12633.3319687976,2404.15497759466,963.889955682429,-1156.16764408629,-48314.248539889
58242.807714775,48002.7866317627,47458.7346121123,-544.052019650374,46435.566512135,10650.017783658,409.996700645767,-134.055319004609,-1157.22341898192,-48136.8419507673
56854.0856148278,46733.8860907046,47010.4654553567,276.579364652159,47032.8547790208,8662.74762185483,-1457.45190226842,-1180.87253761626,-1158.48321395223,-47914.7586283208
55349.5804042755,45478.2515861369,46440.588995486,962.337409349062,47477.8830012134,6711.83190211919,-3159.49691601945,-2197.15950667038,-1159.86550094293,-47675.4110928073
53750.322051385,44255.3739934975,45752.3285427032,1496.95454920565,47788.5370567912,4800.36174717301,-4694.58631071445,-3197.6317615088,-1161.42324742078,-47453.0057550063
52064.1740733592,43074.2189531342,45059.1363325609,1984.9173794267,48085.228285955,2815.69069830449,-6174.26442192047,-4189.34704249378,-1163.25508909966,-47263.565995628
50278.2269759263,41941.0698402507,44275.5548457773,2334.48500552658,48287.3161489105,825.414520382624,-7511.74261529296,-5177.25760976638,-1165.49630663318,-47118.3274500171
48413.3470338201,40880.1210221214,43362.3307766158,2482.20975449436,48337.3331126684,-1092.07468593048,-8625.30069762915,-6143.09094313479,-1168.08860708213,-47023.2119652562
46488.4259676557,39918.4602302042,42456.674467263,2538.21423705875,48357.7222630217,-3040.19455038164,-9610.16028783315,-7071.9460507744,-1170.89825501561,-46990.4062809786
44531.4088062446,39084.7243358276,41503.4486646228,2418.72432879518,48264.0221461543,-4906.59898411349,-10353.2834545305,-7934.55912573529,-1173.9856442038,-47019.2834615629
42548.6136250399,38391.475996432,40616.5483986169,2225.07240218493,48155.9244993098,-6784.63423790565,-10941.7718665136,-8716.69946432867,-1177.3233636358,-47108.1754607606
40580.5880859516,37871.9063835303,39914.4244928598,2042.51810932948,48124.0893459667,-8724.29374080899,-11432.9754432302,-9390.45733390077,-1180.79248079389,-47262.3637174311
38685.4727628254,37566.4247502373,39460.9263549446,1894.50160470732,48178.6244933776,-10677.5635977795,-11796.6116103676,-9902.11000566032,-1184.41186722727,-47468.5347558976
36918.4991392653,37502.9680774161,39168.6159053315,1665.64782791533,48196.7223437026,-12466.1028287664,-11881.6338906156,-10215.9860627003,-1187.87962432915,-47718.9541401164
35333.4628711279,37697.4360061879,39169.4285671196,1471.9925609317,48292.2684099901,-14150.0038547126,-11786.0307196526,-10314.0381587209,-1191.19831585038,-48011.4741649088
33980.609005162,38162.1728976673,39489.9132952697,1327.74039760242,48473.5453612253,-15687.4883183097,-11505.9244258044,-10178.184028202,-1194.55196224645,-48340.3569258693
32912.7241891094,38903.5814644698,40069.3444360477,1165.76297157791,48649.5069174255,-16934.3035504691,-10943.4462751087,-9777.68330353079,-1197.52082215296,-48681.2647680006
32180.9902366739,39919.2114348248,40852.1715163225,932.960081497741,48755.7242007967,-17774.7683431202,-10036.5471449693,-9103.58706347159,-1200.03437899741,-49022.7984982964
31829.1857267929,41206.5275296091,41903.1514229526,696.623893343508,48843.1907786584,-18215.6182226091,-8838.27641979283,-8141.65252644932,-1201.61317074357,-49348.1800560584
31890.0809494383,42749.4408376923,43307.3637035284,557.922865836174,49011.9437432604,-18324.5690460939,-7465.20915783992,-6907.28629200375,-1202.70625227176,-49656.727129696
32383.1963899394,44514.0307652146,44942.3130884994,428.282323284793,49173.6464555574,-17993.7270663558,-5862.89269108056,-5434.61036779577,-1203.27700073779,-49948.6411330104
33321.3680247587,46470.4684901394,46598.154768968,127.686278828662,49174.2764419357,-17056.3996885255,-3907.29922314489,-3779.61294431622,-1203.49127134859,-50250.0814344556
34683.4807049277,48571.2520479463,48346.9886915958,-224.263356350421,49134.6690940412,-15654.1516381411,-1766.38029512254,-1990.64365147296,-1202.96324902758,-50561.8956994192
36444.2076658644,50766.0045440796,50215.5672689295,-550.437275150013,49143.7800532283,-13901.2716429566,420.52523525852,-129.912039891488,-1201.69925559268,-50895.916583971
38570.2579848651,53005.4549956326,51996.7699478775,-1008.68504775508,49058.8599567111,-11688.7288748094,2746.46813595814,1737.78308820306,-1200.12690296337,-51267.6719074295
41003.4606572599,55232.6438115112,53750.6831146139,-1481.96069689728,48999.3107507347,-9194.1161161803,5035.06703807095,3553.10634117367,-1198.26602270552,-51679.5374703375
43677.9512879647,57388.5999258769,55437.0396063985,-1951.56031947846,48988.5411075255,-6506.43221229973,7204.2164256125,5252.65610613404,-1195.84239273892,-52135.9438197429
46518.2824033639,59421.013392952,56959.7000739917,-2461.31331896031,48978.9917290788,-3654.08340678754,9248.6475828006,6787.33426384029,-1193.37408107265,-52633.6791291117
49448.0297107742,61290.531394624,58298.2332242032,-2992.2981704208,48979.5088589674,-722.210106688417,11120.2915771613,8127.99340674054,-1190.73095849521,-53162.5379878834
52381.1076966385,62949.5447738918,59449.9423365851,-3499.60243730665,49034.2948936149,2158.46830515006,12726.9053824033,9227.30294509671,-1188.34449787351,-53722.2418287951
55238.877875503,64368.3880667396,60353.3287232021,-4015.05934353749,49116.5116902813,4936.29751359605,14065.8077048326,10050.7483612951,-1186.06867162571,-54317.6397054445
57964.3084481057,65541.9922872393,61175.2471603365,-4366.74512690281,49385.1880983322,7395.24829543253,14972.9321345662,10606.1870076634,-1183.87205434091,-54935.8052795759
60499.5073140547,66465.1930329236,61904.6609760441,-4560.5320568795,49818.5428852603,9499.67067431523,15465.3563931842,10904.8243363047,-1181.29375447909,-55560.3686966189
62804.3005494343,67137.2349180868,62627.6306966941,-4509.60422139273,50472.1493671483,11153.5325930629,15486.4669617154,10976.8627403227,-1178.61858922302,-56160.3721777641
64852.9021247244,67570.9007625955,63280.968841424,-4289.9319211715,51259.5055294182,12417.5522270101,15135.5508648812,10845.6189437097,-1175.84436829606,-56725.2818188858
66627.3137100673,67771.7661228723,63767.5128874397,-4004.25323543266,52073.6326826472,13380.685380867,14525.137793672,10520.8845582393,-1172.99564655317,-57250.881564633
68120.4377827545,67757.7691240276,64151.0272459506,-3606.74187807695,52937.1814867484,14013.0551941201,13650.3865353931,10043.6446573162,-1170.20110188608,-57714.1244667114
69338.5471727259,67548.2658536901,64443.1351392909,-3105.13071439919,53832.0759172013,14338.5318456436,12548.2505266078,9443.11981220865,-1167.93940988097,-58105.1460414815
70291.996568591,67164.3322701991,64566.9206971505,-2597.4115730486,54653.949006808,14471.9761552041,11344.3118568121,8746.90028376351,-1166.07140657893,-58417.4319864356
70981.5818382075,66618.2454813775,64577.2969210776,-2040.94856029987,55451.4044085075,14365.8990285268,10002.5626716967,7961.61411139687,-1164.27840117319,-58656.6313699806
71416.1135373859,65922.812637122,64336.9050314249,-1585.9076056971,56090.260546585,14162.9253956,8669.62449533608,7083.71688963898,-1162.92759520089,-58839.095747483
71593.9023908815,65085.0496519458,63811.4547915486,-1273.59486039723,56535.8618571146,13896.1873807445,7387.33464180887,6113.73978141164,-1161.85315302237,-58971.3098705341
71515.3517591076,64123.1687332948,63000.7188971283,-1122.44983616654,56797.2344112371,13557.1651505191,6164.98212470635,5042.53228853981,-1160.95219735135,-59080.636444755
71168.2438794976,63044.8023676407,61999.6050740514,-1045.19729358932,56984.4350628963,13023.3964344741,4899.95492261715,3854.75762902783,-1160.41238212725,-59190.0447386128
70547.3065066642,61864.3658997597,60855.4088906244,-1008.95700913529,57133.3358495257,12253.8681121401,3570.92750523553,2561.97049610024,-1160.10254499846,-59302.3954036595
69650.6617932136,60606.352517467,59681.0741614571,-925.278356009885,57327.0710966691,11163.3557099566,2119.04643421006,1193.76807820018,-1160.23498658789,-59412.5844392668
68491.8794018141,59308.1022420396,58649.9591706425,-658.143071397135,57694.3615454906,9637.00289647908,453.225736704542,-204.917334692591,-1160.51495984451,-59513.0195767322
67092.7645968994,58005.0399599255,57755.3705261239,-249.669433801609,58177.0344559927,7754.86688441466,-1332.85775255925,-1582.52718636086,-1160.86325649209,-59587.5671462864
65494.4401377584,56735.7705944302,56989.4569505984,253.686356168184,58709.7795070966,5623.23794473005,-3135.43159859813,-2881.74524242994,-1161.42268593173,-59617.5158368601
63747.7555456351,55540.1553046863,56479.7425390439,939.587234357534,59353.5903611777,3232.09470199245,-4975.50553895635,-4035.91830459882,-1162.07048246491,-59576.0736092851
61911.3254941463,54459.3133374983,56181.3634083821,1722.05007088375,60017.1402716484,731.030568765731,-6720.98158788228,-4998.93151699853,-1163.1546537322,-59458.2448544968
60057.401848819,53532.7326477732,56089.2620251017,2556.52937732851,60647.9606688014,-1755.19714484066,-8279.86634588648,-5723.33696855797,-1164.63832485824,-59256.0696163311
58264.3656321507,52789.584580556,56168.2078619643,3378.62328140826,61169.5962123777,-4071.37765589376,-9546.15870748848,-6167.53542608021,-1166.1470756668,-58957.1200066362
56607.5733171716,52252.5323509449,56334.9126269031,4082.38027595816,61489.1599178108,-6049.26749230668,-10404.3084585334,-6321.92818257522,-1167.6808916675,-58574.4605335201
55157.898077597,51935.2528754201,56540.2793325978,4605.02645717775,61563.4325839233,-7574.6590052864,-10797.3042074634,-6192.27775028562,-1169.1244989601,-58127.5306257056
53976.0078890168,51843.2568703108,56785.9580494715,4942.70117916074,61410.4473210906,-8605.17513255036,-10737.9261512564,-5795.22497209565,-1170.73570047653,-57638.4818424064
53099.0668784514,51965.5913641744,56940.877640317,4975.28627614259,60936.0337756039,-9009.30287238639,-10142.7783866633,-5167.49211052075,-1172.3359752339,-57133.0834746952
52544.3733767646,52283.7537651762,56985.2551214696,4701.50135629338,60182.3331613316,-8811.90606556699,-9072.52567715541,-4371.02432086203,-1173.94628100001,-56654.7780860382
52309.5724488231,52763.668125063,56957.2184470124,4193.55032194935,59246.7803317522,-8112.98102165731,-7658.88534541742,-3465.33502346807,-1175.77313872826,-56229.0031485311
52397.2752431074,53378.9911067788,56771.2626130789,3392.27150630012,58093.2211327171,-6873.4109634797,-5891.69509980831,-2499.42359350818,-1177.46507386991,-55878.4147002869
52781.8684067396,54091.1466951856,56558.4257834897,2467.27908830407,56909.2029798124,-5306.51509885442,-3997.23681040837,-1529.9577221043,-1179.1805257816,-55621.1044172899
53434.5135235125,54872.8682779765,56348.7428497853,1475.87457180884,55770.2543978253,-3516.34369621354,-2077.98894174956,-602.114369940724,-1180.60282190076,-55474.9826479172
54310.2298887685,55681.3750230599,56177.5296789655,496.154655905556,54771.7627215657,-1643.35870148158,-272.213567190167,223.941088715383,-1181.82586868439,-55457.4339343445
55346.7673180743,56474.4194116068,56009.3303850667,-465.08902654011,53916.9782481235,246.50541442599,1374.15750795846,909.068481418351,-1183.28365552482,-55565.3509301884
56485.0861769697,57217.7783717339,55882.961081172,-1334.81729056185,53266.2652456211,2034.05035339628,2766.74254816044,1431.9252575986,-1184.77057795233,-55785.8531141353
57670.7244196573,57883.3285332358,55876.4599285414,-2006.86860469434,52901.9886707499,3582.20877128748,3794.81288486592,1787.94428017159,-1186.52697761989,-56095.3842530642
58857.1923713828,58450.4182598368,56062.9753451535,-2387.44291468334,52885.7845292057,4782.69680379244,4375.92269224641,1988.47977756307,-1188.71103838468,-56461.9384822738
59997.7612512983,58897.7443142805,56517.4036453842,-2380.34066889633,53280.7495074378,5525.79155067774,4425.77461365993,2045.4339447636,-1191.22019318278,-56852.3103695169
61038.315090098,59211.1127021095,57077.0086574116,-2134.1040446979,53902.2698858648,5941.73815485448,4114.53576686602,1980.43172216811,-1194.30704937869,-57230.6809799414
61954.6484656213,59385.0605021801,57830.6823614632,-1554.37814071689,54802.328325217,5954.24476733431,3384.65680389311,1830.27866317622,-1198.07537306992,-57554.7818390038
62718.4148705929,59409.1134874994,58683.6596944216,-725.453793077761,55867.6137594418,5648.25738115233,2338.95599805876,1613.50220498101,-1202.54372999886,-57795.6112825184
63303.874582596,59275.4105630731,59389.9211429916,114.510579918503,56834.9711571682,5261.19252955914,1232.72851003622,1347.23908995472,-1207.71089586869,-57928.1714731184
63707.5344039752,58993.9602455666,59890.3991500235,896.438904456976,57630.0463454736,4864.23517291806,150.661014509398,1047.09991896638,-1213.25288558358,-57946.8603266002
63921.6377503424,58567.3014724226,60260.880879971,1693.57940754835,58332.2244878287,4370.4465731401,-983.889704779684,709.689702768668,-1218.96668937362,-57857.611769654
63932.7226896796,57998.1938452243,60393.0815924563,2394.88774723208,58826.1550652057,3881.99426065939,-2052.53458379598,342.353163436095,-1224.57336381452,-57655.8406817882
63740.6903407154,57295.4234210838,60199.9864897328,2904.56306864898,59036.7014132136,3473.86537972442,-2971.40153990723,-66.8384712582451,-1230.12354777736,-57362.261892342
63339.8647205788,56472.7096248869,59777.6801901217,3304.97056523474,59075.3205599919,3029.07458744521,-3838.08050824663,-533.109943011901,-1235.46957314168,-57005.8195678988
62731.6522762408,55547.1791224597,59178.3175066783,3631.13838421852,58982.1452991586,2508.78743323163,-4675.68572054941,-1044.54733633089,-1240.71954385053,-56591.7264587906
61912.9810320465,54535.2906492013,58370.4500953929,3835.15944619161,58723.2296546748,1944.12716847251,-5433.56321437274,-1598.40376818113,-1245.62420889918,-56133.6944173824
60898.0426397682,53463.1657149683,57434.3331182015,3971.16740323321,58383.0107475392,1264.90466046952,-6169.97226433043,-2198.80486109722,-1250.12723175955,-55661.9705760655
59712.8195362595,52363.7454736781,56504.8955572882,4141.15008361018,58084.7545599004,373.811530417801,-6975.26253216365,-2834.11244855346,-1254.25344594127,-55197.8579222315
58386.4500293423,51272.8252155462,55753.7907120242,4480.96549647802,57960.2572732067,-831.652870755845,-7945.27768455197,-3464.31218807395,-1257.84562689147,-54737.1374036201
56962.5477006974,50225.5682279626,55153.8302283786,4928.26200041599,57943.8670361277,-2242.08916746601,-8979.06864020082,-4050.80663978482,-1260.7698320357,-54276.3748677475
55480.6838791108,49247.9655743646,54575.3329428766,5327.36736851201,57870.4439375037,-3653.06238499748,-9885.78068974369,-4558.41332123168,-1263.30232660459,-53806.3788955962
53982.4279730952,48364.8416958883,54099.1491112163,5734.30741532808,57792.9901429939,-5075.55747164011,-10693.143748847,-4958.83633351896,-1264.99530174138,-53323.6780294072
52497.5074322671,47586.2240502337,53740.2756906015,6154.05164036787,57700.4999176897,-6468.93576296874,-11380.2191450021,-5226.16750463427,-1265.94327754611,-52812.3915548679
51069.7262824104,46934.4420126521,53365.9565476058,6431.51453495367,57439.7696469736,-7636.43267923635,-11771.7169489946,-5340.20241404095,-1266.38931467306,-52274.644426693
49738.8475343601,46415.782429388,52950.7564556488,6534.97402626085,56989.5050800286,-8516.68523116205,-11839.7503361342,-5304.77630987334,-1266.02768549357,-51720.5587392613
48526.5273525667,46028.0692875802,52497.4318034728,6469.36251589265,56367.6790892015,-9106.33651701825,-11604.7945820048,-5135.43206611216,-1265.18478038351,-51163.5013536923
47463.0775962678,45771.6807035361,51937.1753761614,6165.4946726253,55520.4560703538,-9321.54322913371,-11012.9401218655,-4847.44544924016,-1264.16475504767,-50619.1261527762
46563.8947344778,45642.5784214854,51238.7823762173,5596.20395473191,54437.4695516781,-9136.43077834404,-10057.7470913364,-4461.5431366045,-1262.8559611437,-50104.1215580899
45841.989550069,45632.0424177841,50519.7627098032,4887.72029201906,53267.5299287941,-8686.68579436361,-8896.63292664846,-4008.9126346294,-1261.14541563842,-49640.9550524135
45303.9616598261,45736.6708937294,49904.2681160792,4167.59722234982,52152.4064978568,-8107.5453335707,-7674.83609966741,-3507.23887731759,-1259.10049554005,-49243.909771047
44952.3583638618,45949.872686222,49450.8893016104,3501.01661538839,51157.435295045,-7461.68983891665,-6464.1755165565,-2963.15890116811,-1256.6129077335,-48913.0315873901
44789.5040981459,46260.5071506422,49159.9813142171,2899.47416357486,50291.3099385149,-6755.35680813543,-5284.35375563911,-2384.87959206425,-1253.55096776637,-48645.3867427064
44806.785228267,46656.0874021973,49145.7788823604,2489.69148016315,49675.0083391539,-6118.21941174256,-4268.91723781224,-1779.22575764909,-1249.9963008556,-48435.3131598464
45007.7446823027,47131.8162437127,49386.9653614749,2255.1491177622,49288.8193847357,-5526.88497767155,-3402.8134162616,-1147.66429849939,-1245.81027523863,-48279.4805422121
45372.7004626576,47666.0958727857,49721.7164211901,2055.6205484044,48982.7494239882,-4851.01102723085,-2557.6156171027,-501.995068698301,-1240.96206590022,-48168.090941484
45894.8314241863,48241.3674574529,50041.4887068637,1800.12124941076,48673.6189155744,-4014.13822926626,-1667.60219599967,132.519053411093,-1235.35073787814,-48108.8484040418
46563.272083836,48845.2991052969,50261.1077658945,1415.80866059761,48293.4716354512,-2959.08095434476,-677.053932883784,738.754727713829,-1228.8814027295,-48106.5443775831
47353.2934113064,49457.5277541896,50412.3431668897,954.815412700106,47916.5770986741,-1784.91595475957,319.318388123599,1274.13380082371,-1221.63226739192,-48183.3939533659
48237.2301702124,50055.7362494878,50521.7616853085,466.025435820624,47610.5440740613,-587.190091070648,1231.31598820478,1697.34142402541,-1213.8761872217,-48358.3948254624
49160.4318220213,50609.8178878764,50686.6568014692,76.8389135928557,47493.3337033406,461.253611707349,1910.63967756246,1987.47859115532,-1205.84450697325,-48622.339296721
50090.9251230423,51103.4472517005,51012.4919329529,-90.9553187475309,47640.2867830679,1252.76774308447,2265.28987174268,2174.33455299516,-1197.87059688989,-48929.1126987053
51002.1618729355,51524.0731256737,51457.4610720068,-66.6120536669132,47985.4778146841,1826.50655246134,2348.41780519961,2281.8057515327,-1190.17750579002,-49242.267374141
51867.8583961827,51852.643122467,51831.7992110963,-20.8439113706834,48332.6733792962,2352.07961029241,2336.86433657669,2316.02042520601,-1183.10540659406,-49536.622697261
52658.1333798341,52074.2124535876,52180.1431048192,105.930651231604,48742.8644785905,2738.28786449237,2154.3669382458,2260.29758947741,-1176.98103675126,-49813.9148641102
53357.5927375658,52186.9295634524,52583.0387645063,396.109201053936,49288.7074537192,2897.21649068809,1726.55331657464,2122.66251762858,-1171.66879315851,-50064.2670458238
53938.8067593871,52183.6061624455,53070.1732194763,886.567057030824,49987.0767241557,2784.4522712512,1029.25167430962,1915.81873134044,-1167.27776398021,-50267.787431105
54386.0130796068,52062.6735821254,53494.3103208061,1431.63673868068,50660.3972067221,2561.79250740883,238.453009927406,1670.08974860809,-1163.82336547595,-50392.5838335173
54686.4493478659,51825.7920646018,53676.7197093289,1850.92764472708,51142.2815674696,2382.82083444368,-477.836448820428,1373.09119590665,-1161.34694595262,-50452.7008686952
54825.8780111869,51477.8633144751,53590.7945142758,2112.93119980075,51419.693710517,2246.55555022686,-1101.45914648499,1011.47205331576,-1159.6287504431,-50466.3912611593
54791.2352386106,51027.653155895,53403.1737009762,2375.52054508116,51644.6392460604,1987.66653969048,-1775.91554302511,599.605002056038,-1158.92945285976,-50428.048153839
54577.1600572334,50484.5290941339,53107.2707896794,2622.7416955455,51788.4588608668,1629.89587760883,-2462.73508549068,160.006610054822,-1158.80531875777,-50324.522484079
54189.6191766414,49861.3886891919,52658.7331528833,2797.34446369144,51794.6133687699,1235.53992846662,-3092.6905589829,-295.346095291458,-1159.46587940488,-50156.7347844833
53642.2685122052,49180.8878787044,52109.6368527815,2928.74897407711,51705.2885777999,776.417155221752,-3684.96347827899,-756.214504201886,-1160.56277918347,-49937.1023829063
52963.1405617518,48466.7043742271,51647.8680654245,3181.1636911974,51684.7075705514,116.201467480691,-4380.23472004405,-1199.07102884665,-1162.23152371969,-49665.7754030737
52174.8673245496,47737.6058136428,51292.2199894542,3554.61417581137,51726.4478623282,-716.049614960264,-5153.31112586706,-1598.69695005569,-1164.4690771816,-49336.3027636985
51303.5488594469,47009.2262879019,50908.8667325628,3899.64044466092,51670.8141400777,-1534.48042356495,-5828.80299510995,-1929.16255044903,-1167.2151429341,-48938.3888383509
50387.1837454115,46301.1264958587,50628.8119566739,4327.68546081517,51636.3519836597,-2419.64551471401,-6505.7027642668,-2178.01730345162,-1170.47727646574,-48479.1437993103
49445.4204994482,45619.133842626,50340.1995962095,4721.06575358352,51504.5482964369,-3233.10178231249,-7059.38843913473,-2338.32268555122,-1173.97398532384,-47957.4565281772
48503.4477427531,44977.0020379603,50012.9683543944,5035.96631643417,51248.9343198444,-3923.44840330002,-7449.89410809286,-2413.92779165869,-1177.96182620878,-47390.929829619
47574.8032508603,44381.9581007993,49598.1201669096,5216.16206611029,50817.978824105,-4425.64334056313,-7618.48849062413,-2402.32642451384,-1182.4677673184,-46784.2845253131
46676.0561778782,43837.8142359769,48997.287654295,5159.47341831819,50128.1604679711,-4639.61816153591,-7477.8601034372,-2318.38668511902,-1187.51387144298,-46156.2009210959
45820.7060807873,43347.4414946047,48167.7549684926,4820.31347388782,49178.8754662326,-4551.21129457072,-7024.47588075333,-2204.16240686551,-1193.04190912545,-45551.6039014703
45024.6193396404,42920.1509783129,47177.3014082524,4257.15042993944,48057.5627641339,-4231.69854361286,-6336.16690494032,-2079.01647500088,-1198.75511911933,-44999.1674533138
44288.4385779987,42556.9674235845,46173.8603809942,3616.89295740966,46929.6256825283,-3845.68198353969,-5577.15313795387,-1960.26018054421,-1204.49487901005,-44517.2276041287
43613.2419248788,42256.8110654842,45177.6896475267,2920.87858204248,45835.5348882177,-3432.50996159864,-4788.94082099321,-1868.06223895073,-1210.21699825971,-44124.8733044349
42994.4673069945,42018.5128825693,44336.2607833607,2317.7479007914,44928.7323610407,-3149.97998078301,-4125.93440520818,-1808.18650441678,-1215.71492673674,-43826.6993869861
42432.1832358851,41840.9137330086,43775.8891296993,1934.97539669069,44314.5255564036,-3103.28915157014,-3694.55865444661,-1759.58325775592,-1220.94683105158,-43600.4969907645
41923.3119251069,41724.8282629746,43694.8619593441,1970.03369636948,44148.819767025,-3451.05206244832,-3649.53572458059,-1679.50202821111,-1225.5442205302,-43404.3302911857
41475.9275571195,41669.2889965746,43894.9044366077,2225.61544003307,44198.0439233711,-3951.77676196296,-3758.41532250791,-1532.79988247483,-1229.66039571139,-43202.0888790494
41111.3870501865,41679.1116972929,44192.6746611074,2513.56296381443,44266.347032071,-4388.09972647421,-3820.37507936775,-1306.81211555332,-1233.13974458972,-42985.9238128463
40847.8478237946,41756.7293830382,44572.85921411,2816.12983107181,44338.1005538714,-4726.09392142815,-3817.21236218456,-1001.08253111275,-1235.84119135131,-42757.8119141509
40701.9311645091,41903.7152970246,44973.6471064078,3069.93180938323,44356.5050369027,-4892.13386959613,-3690.34973708071,-620.41792769747,-1237.5599972026,-42524.133224722
40691.7850282853,42122.1996185527,45363.3670694667,3241.167450914,44294.2601796381,-4840.60797494691,-3410.19338467952,-169.025933765517,-1238.13282359407,-42291.2255523182
40822.5307286348,42407.3291381826,45754.3236727595,3346.99453457689,44178.9144606033,-4593.87991815674,-3009.08150860897,337.913025967925,-1237.49618618826,-42069.4161122146
41095.0939465238,42748.3596199956,46199.9344888705,3451.57486887483,44089.9037507353,-4230.64856055341,-2577.38288708155,874.191981793282,-1235.83875634193,-41874.1676382024
41516.3335825801,43147.3503197609,46644.3411905143,3496.99087075338,43977.061644468,-3694.1689262004,-2063.15218901957,1433.83868173381,-1233.44086431254,-41713.5116380271
42081.0710687589,43592.9445749735,47003.96087818,3411.01630320644,43763.273897367,-2912.9323083861,-1401.05880217139,2009.95750103504,-1230.72947977796,-41582.9870739385
42771.8049028347,44064.8511885749,47226.6685492268,3161.81736065193,43442.5546120608,-1898.59659009323,-605.550304353023,2556.26705629891,-1227.8468808671,-41508.584132276
43569.8132187654,44544.1675761781,47382.9793247593,2838.81174858128,43115.9873573741,-771.140050845916,203.214306566771,3042.02605514805,-1224.9659122372,-41502.14152103
44456.506911768,45014.5516071868,47481.6870515039,2467.1354443171,42806.156041132,428.244151488643,986.28884690744,3453.42429122454,-1222.10671914737,-41561.1273159623
45392.2695604713,45446.6425631585,47502.7644514691,2056.12188831065,42510.6867022153,1662.20551316987,1716.57851585707,3772.70040416773,-1219.37734508611,-41673.9421589907
46350.4059927734,45822.6285526862,47372.5358187448,1549.90726605865,42174.1366762574,2959.32406619476,2431.54662610756,3981.45389216622,-1216.94525032118,-41841.17466052
47294.0846375122,46126.4046734689,47203.7858610954,1077.38118762653,41948.3687522796,4131.04127309103,2963.36130904769,4040.74249667422,-1214.67461214159,-42085.6621767946
48191.3359621274,46348.402133858,47052.7241501756,704.322016317572,41890.0018062232,5089.02821816385,3246.09438989451,3950.41640621209,-1212.30593774026,-42397.9857276459
49005.870959635,46474.0462671279,46966.5685593872,492.522292259252,42027.7380841869,5768.40553179704,3236.58083929001,3729.10313154925,-1209.72734365105,-42744.9431355787
49709.0804831156,46490.6498753073,46966.5267646999,475.876889392654,42360.3524731541,6141.90037742519,2923.46976961685,3399.34665900951,-1206.82763253629,-43091.3032162977
50286.4255385932,46403.1907701237,47020.7612496395,617.570479515826,42838.204923811,6244.79317005612,2361.55840158661,2979.12888110243,-1203.42744472602,-43424.0618890212
50717.9583658132,46212.6501652738,47057.6528535598,845.00268828594,43372.4276193173,6145.60800968614,1640.2998091468,2485.30249743275,-1199.92273680969,-43727.3476678411
50988.349157428,45921.8211194538,47051.4391992745,1129.61807982074,43911.9584931218,5880.14069639944,813.612658425203,1943.23073824594,-1196.24996790672,-43978.5903812078
51089.6696454381,45532.0977189017,47068.0737271147,1535.97600821301,44511.5374077285,5385.84071284751,-171.73121368897,1364.24479452404,-1192.29152486217,-44167.8529243776
51008.9645695474,45045.0760792305,47058.4535002347,2013.37742100424,45108.313713086,4712.51711693248,-1251.37137338445,762.006047619792,-1188.13373952896,-44283.0700316107
50745.2812000335,44471.4573079713,46953.7314754396,2482.27416746834,45620.9822687611,3940.74481212576,-2333.07907993651,149.195087531829,-1183.55411914664,-44322.2622204394
50309.6291872339,43834.6592327178,46907.3283398316,3072.66910711379,46176.9592222218,2954.02737283281,-3520.94258168324,-448.273474569447,-1178.6425921793,-44282.9327072873
49704.3993705776,43142.6760714025,46965.9290069342,3823.25293553175,46777.7673916903,1752.93283854226,-4808.79046063285,-985.53752510111,-1173.69914034505,-44128.2135965036
48955.8833869343,42416.6242815094,46908.2375596634,4491.613278154,47166.977355955,620.0370784917,-5919.22202693325,-1427.60874877925,-1168.86895248768,-43844.2330302886
48096.6928198796,41676.848855488,46599.7569227604,4922.90806727232,47211.652579103,-279.216257495299,-6699.06022188686,-1776.15215461454,-1164.25649827187,-43453.0010101026
47180.1756178822,40961.0014918278,46059.7349626649,5098.73347083712,46928.9697617796,-908.748019980374,-7127.92214603477,-2029.18867519765,-1159.95387608295,-42990.1901670254
46223.0868275488,40278.1247433245,45381.7894176929,5103.66467436839,46416.656025352,-1349.58629358615,-7294.54837781047,-2190.88370344208,-1156.01709578294,-42469.0084467666
45268.4189299129,39651.7095153787,44672.7528836857,5021.04336830706,45781.3678409757,-1665.697489753,-7282.4069042872,-2261.36353598015,-1152.7485786902,-41913.0730513588
44353.6760937909,39094.5586205461,43874.2130617003,4779.6544411541,44969.0513620671,-1765.59608402952,-7024.71355727429,-2245.05911612019,-1150.22081575329,-41339.6177366663
43526.2300924567,38625.0106522197,43100.7845092031,4475.77385698349,44110.5881258079,-1732.88798811966,-6634.10742835672,-2158.33357137323,-1148.52995476843,-40783.3442235929
42805.2457151588,38243.7597479436,42487.3312730476,4243.57152510391,43351.8974028044,-1694.2143382049,-6255.7003054201,-2012.12878031618,-1147.56265055936,-40255.8885282598
42200.6271102315,37944.7816675437,42051.3979898769,4106.61632233322,42706.9167663088,-1653.47189842171,-5909.31734110947,-1802.70101877625,-1147.18224234434,-39747.4826863199
41726.6104617144,37717.9404228798,41703.2843754883,3985.34395260847,42083.557081867,-1504.07299769067,-5512.74303652527,-1527.39908391679,-1147.12637753808,-39245.3395067966
41388.8083863745,37552.6398386396,41389.5701473438,3836.9303087042,41454.4695782464,-1213.12706228104,-5049.29561001593,-1212.36530131173,-1147.46587040909,-38765.0051399513
41173.1194213458,37433.5306387924,41197.3156542564,3763.78501546403,40933.6016282442,-908.526502632667,-4648.1152851861,-884.330269722071,-1148.04429573429,-38317.8609085144
41058.7012311805,37338.7243006979,41100.2443466964,3761.52004599846,40506.6285521172,-596.949442376256,-4316.92637285879,-555.406326860326,-1149.02212143955,-37894.1306275583
41029.8538796085,37252.1210332647,40928.278407023,3676.1573737583,40016.8338960309,-137.399095179692,-3915.1319415235,-238.974567765199,-1150.4190787573,-37491.0956010299
41063.5841667378,37155.6724886867,40610.7979509913,3455.12546230461,39418.81393473,492.78569129236,-3415.12598675873,39.9994755458797,-1151.98454071542,-37115.6730131408
41128.1048742859,37031.2536573494,40347.0569502245,3315.80329287512,38937.5138942251,1036.80613205327,-3060.0450848832,255.758207991929,-1153.78484800749,-36775.4954493575
41183.875703002,36863.0560221641,40241.4206770938,3378.36465492964,38680.5105669638,1347.75703247635,-2973.06264836157,405.302006568077,-1155.6081035619,-36457.754015596
41203.0177816975,36638.1932054507,40244.7487741616,3606.55556871089,38585.1741990183,1460.34576376526,-3104.47881248159,502.076756229299,-1157.49781891395,-36136.1164492214
41161.023233349,36345.0164508925,40373.4332149174,4028.41676402492,38653.4509852523,1348.73233136978,-3467.27445108677,561.142312938154,-1158.83991672689,-35783.8741379543
41047.7309749117,35981.8404776421,40493.4486360771,4511.60815843495,38745.7711758293,1142.00568837934,-3923.88480889021,587.723349544736,-1159.95411070303,-35394.1171280974
40843.8200164256,35545.4942527168,40583.7687272642,5038.27447454736,38846.9459965264,835.963950830945,-4462.36181287775,575.912661669604,-1160.91006906816,-34969.5815910472
40540.0088939945,35034.0427765745,40581.8802483601,5547.83747178559,38879.167846964,499.108192414726,-5006.85792500521,540.979546780378,-1161.73285461576,-34493.0632297942
40149.6561563502,34464.5215549891,40233.3283460072,5768.80679101814,38573.1552983227,413.916390619269,-5271.21821074182,497.588580276322,-1162.58446740817,-33966.9329747127
39672.6148524505,33841.7894308093,39529.7070565805,5687.91762577121,37951.9295063294,556.854705797025,-5273.97071584427,413.946909926942,-1163.83064032412,-33427.8425208823
39106.9514702384,33172.0055019096,38620.7549601418,5448.74945823213,37210.0328652928,731.425660561295,-5203.52030776748,245.229150464658,-1165.49294438431,-32926.776351445
38451.7236728108,32464.7281829189,37654.2672894501,5189.53910653125,36491.9234260006,792.086877203504,-5194.90861268847,-5.3695061572235,-1167.71336960678,-32470.0976890761
37708.6888970956,31727.7951777959,36782.6801958896,5054.88501809361,35915.0690100807,623.099390521315,-5357.79432877836,-302.909310684746,-1170.52049649359,-32030.7044884807
36886.4731599493,30971.6439886249,35916.5493548055,4944.90536618066,35362.2116071707,350.454693906401,-5564.37447741805,-619.469111237388,-1173.80685887225,-31591.1130998623
35979.8664319798,30196.4513965038,34993.0098278269,4796.55843132303,34777.5881414355,24.8795583128524,-5758.53547716313,-961.977045840094,-1177.39873223152,-31158.4284423439
35014.4691676203,29425.7734677456,34045.7355363154,4619.96206856976,34197.0792651313,-363.625092178738,-5952.32079205339,-1332.35872348363,-1181.0149946677,-30758.1321912293
34002.1000249391,28672.66510885,33088.1717150809,4415.50660623098,33615.5291886067,-798.166839246986,-6127.60175533616,-1712.09514910518,-1184.73767557939,-30384.7602579551
32945.6583437464,27946.3336202966,31990.634345157,4044.30072486041,32901.4080154079,-1144.34223377754,-6143.66695722736,-2099.36623236695,-1188.59256211613,-30045.6998526636
31851.1172658105,27258.4063420944,30732.5637321522,3474.15739005786,32040.9875645634,-1382.5434905708,-5975.25441428698,-2501.09702422913,-1192.67319181798,-29759.5033663235
30732.1951237661,26622.0438230265,29528.1115529246,2906.0677298981,31237.3434987279,-1701.96747749089,-5812.11877823043,-2906.05104833233,-1196.81910252909,-29528.0948713589
29612.5880338865,26058.6277787088,28455.3504019625,2396.72262325374,30560.3349964402,-2148.55627150078,-5702.51652667857,-3305.79390342483,-1200.80930894709,-29364.4216821336
28506.1803024943,25574.498069881,27642.0963000211,2067.59823014003,30115.6671146255,-2813.80145955886,-5745.48369217212,-3677.88546203209,-1204.31464742758,-29252.3835319131
27440.3473528724,25186.1395443226,27161.4899144584,1975.35037013579,29962.0012497584,-3728.82481887835,-5983.03262742811,-4007.68225729233,-1207.17092199229,-29193.8218016149
26437.8085136212,24902.1530433971,27095.7798853593,2193.62684196214,30150.4507045991,-4921.99380893234,-6457.64927915638,-4264.02243719424,-1209.35161795442,-29166.1754805914
25508.8933223125,24724.0302968791,27336.0008201877,2611.97052330859,30540.2374043726,-6242.16197810616,-7027.02500353958,-4415.05448023099,-1210.81789604612,-29139.0847771101
24663.1011235132,24641.2884710141,27735.8026015055,3094.51413049141,30977.5932491058,-7526.31085599971,-7548.1235084988,-4453.6093780074,-1211.81873040709,-29094.8978490215
23916.4034046815,24653.0997509377,28155.7575815149,3502.65783057721,31324.8349436622,-8620.90797961021,-7884.21163335403,-4381.55380277682,-1212.47644062947,-29034.6535537145
23267.0879419772,24747.4376321029,28524.9113565259,3777.47372442303,31514.5981743033,-9460.26401441784,-7979.91432429217,-4202.44059986913,-1212.75378209176,-28949.878231972
22723.5413645803,24921.3467666164,28734.3526828665,3813.00591625006,31454.0366973731,-9943.00457615243,-7745.19917411629,-3932.19325786623,-1212.5092433596,-28853.5400244826
22285.2475332322,25169.0448443679,28738.0698499727,3569.02500560479,31122.1266072278,-10048.9826811328,-7165.18536999709,-3596.1603643923,-1212.10360713721,-28765.2052087602
21973.7060737439,25501.0888080672,28686.0408714287,3184.95206336153,30685.6966991322,-9923.62380466434,-6396.24107034103,-3211.28900697949,-1211.63317927603,-28712.3778150467
21771.8801901359,25905.5087487883,28676.8330217525,2771.32427296421,30263.1347460064,-9702.27337436606,-5568.64481571359,-2797.32054274938,-1211.01881849558,-28702.8292915377
21686.0983162059,26381.1117122269,28780.4614251078,2399.34971288087,29904.9156470599,-9428.98580776681,-4733.97241174583,-2334.62269886496,-1210.1684769128,-28715.7344110918
21739.898283194,26938.0889987261,29115.7312476962,2177.64224897013,29703.9111643861,-9173.12643973071,-3974.9357241987,-1797.29347522857,-1209.11355853861,-28735.3824739546
21951.0196076282,27571.911429991,29727.179114723,2155.26768473196,29701.8055736063,-8958.69527812393,-3337.80345576115,-1182.53577102918,-1207.90931214586,-28754.4472010202
22319.559464507,28263.0303945716,30515.3715705437,2252.3411759721,29793.7733343674,-8680.63955795709,-2737.16862789249,-484.827451920383,-1206.42568809663,-28747.857846492
22854.1507616532,28996.7172374506,31400.4889313196,2403.77169386902,29915.4436136746,-8265.99636592207,-2123.42989012465,280.341803744368,-1204.70351390067,-28716.3754337062
23558.4758520439,29759.711009731,32317.7775725979,2558.06656286687,30012.4057826181,-7656.72909040174,-1455.49393271466,1102.57263015222,-1202.79915982764,-28657.1383795788
24426.3553886196,30534.0531973481,33264.8474609473,2730.7942635992,30110.6004323221,-6884.98291867102,-777.285109942515,1953.50915365669,-1200.7378749686,-28580.5440436914
25439.9402268,31292.7920047587,34108.0884456185,2815.29644085981,30099.486918434,-5858.14499548807,-5.29321752941535,2810.0032233304,-1198.59830385408,-28482.7887814283
26567.7222094279,32005.7013569323,34735.7101750222,2730.00881808992,29918.875283445,-4547.40818560115,890.570961903258,3620.57977999317,-1196.25511158406,-28385.1215769391
27777.0716597636,32656.4476323487,35251.9037213782,2595.45608902948,29698.1492057121,-3114.91008657526,1764.46588600987,4359.92197503935,-1193.83254062674,-28296.5256573094
29041.6087228083,33232.0353705841,35676.5519927692,2444.5166221851,29471.5131140088,-1621.2985399323,2569.12810784351,5013.64473002861,-1191.39414873178,-28218.3906405555
30336.0505437812,33725.1713997446,35984.2394867406,2259.06808699601,29214.8809276531,-67.9696317828279,3321.15122418054,5580.21931117655,-1189.13924791088,-28144.952088568
31629.0382656885,34125.0476356554,36254.7122237948,2129.66458813942,29021.4042213436,1420.62645309878,3916.63582306561,6046.30041120503,-1187.00759124614,-28078.7472244503
32895.8395828792,34426.9603532533,36472.0530124769,2045.09265922353,28868.4307984671,2842.6939028662,4373.81467324029,6418.90733246383,-1184.71488154593,-28008.0530207895
34126.2866472202,34635.5386108656,36604.0856896466,1968.54707878106,28733.6828566852,4210.18242134559,4719.43438499093,6687.98146377199,-1182.4213691895,-27947.5571470936
35295.301464318,34748.0081962141,36662.8702136334,1914.86201741925,28631.2337637734,5483.66543931819,4936.3721712143,6851.23418863355,-1180.40226122646,-27896.7740075806
36384.8404943232,34764.7533547012,36714.6936328312,1949.94027813001,28618.5264819027,6587.55319913781,4967.46605951581,6917.40633764583,-1178.76081328262,-27847.3470170554
37382.4520416632,34692.0018652403,36737.6879284222,2045.68606318182,28671.5960638502,7533.03651409778,4842.58633767492,6888.27240085675,-1177.81946371521,-27803.7294643836
38264.9668672807,34524.7171393434,36734.6739651917,2209.95682584825,28796.5802968296,8290.57264381309,4550.32291587579,6760.27974172404,-1177.81392663801,-27764.4373976194
39027.0581987167,34270.3537630281,36719.5337101399,2449.17994711184,28988.9841406615,8859.50965100204,4102.8052153134,6551.98516242524,-1178.56440705319,-27718.3686006028
39655.056325942,33924.3915614283,36727.6916876563,2803.30012622807,29257.9901925881,9217.14397161408,3486.47920710031,6289.77933332838,-1179.92216173982,-27634.6122280999
40149.0088623094,33486.3737568311,36589.6799606211,3103.30620378998,29422.4843935667,9544.7028790223,2882.06777354406,5985.37397733405,-1181.82158972035,-27500.9997794971
40518.7747803241,32965.6795147201,36142.3554435573,3176.6759288372,29345.7816035652,9988.69311617935,2435.59785057538,5612.27377941259,-1184.30006057954,-27353.4057353075
40770.2427482481,32374.5582482468,35454.7013903998,3080.14314215293,29107.5173911435,10475.6877170014,2080.0032170001,5160.14635915303,-1187.03764010325,-27214.4118890938
40900.8832938341,31710.7292472508,34671.8428554964,2961.11360824561,28843.3365154198,10867.6888482924,1677.53480170912,4638.64840995474,-1189.8579301219,-27072.0808372961
40905.4468083055,30973.6268662708,33724.6380210065,2751.01115473576,28479.4001148101,11233.1673988198,1301.34745678505,4052.35861152081,-1192.87929467567,-26921.26825475
40784.2362521124,30173.364646555,32676.784040385,2503.41939383001,28098.6593202427,11489.3371315039,878.46552594652,3381.88491977654,-1196.23980036583,-26791.4797267785
40528.8048001655,29312.5976236087,31681.8140100702,2369.2163864615,27840.8782270213,11488.3513896384,272.14421308148,2641.36059954299,-1199.57518350585,-26671.2370240657
40130.4904532365,28400.615838496,30620.3708553943,2219.75501689831,27572.1688862041,11355.7168316492,-374.157783091252,1845.59723380706,-1202.60473538308,-26555.0186046889
39566.5431281929,27434.5239533494,29352.2867617928,1917.76280844337,27176.5067288665,11184.6867795654,-947.332395278148,970.430413165221,-1205.34961976108,-26464.0935401842
38838.4133624814,26433.2616671746,27998.4785392045,1565.21687202986,26794.265549854,10836.7137285412,-1568.43796676558,-3.22109473571978,-1207.43408408623,-26436.4827619103
37939.1900674839,25407.7512515537,26837.7848635573,1430.03361200353,26673.4710677486,10056.9065043551,-2474.532311575,-1044.49869957148,-1208.81249538019,-26452.2499511252
36885.9574690749,24378.8947713622,25682.2413428671,1303.34657150493,26574.1899328698,9102.3049422741,-3404.75775543856,-2101.41118393363,-1209.46259393097,-26480.3059552958
35696.4605845479,23356.7710582491,24584.8794907774,1228.10843252832,26551.056057638,7935.99784667603,-4403.69167962285,-3175.58324709454,-1209.40668023393,-26532.3543053436
34374.4501435333,22352.5890093078,23636.6290138926,1284.04000458477,26693.6637727924,6472.0184765162,-5549.84265770932,-4265.80265312456,-1208.76789422472,-26618.3916624323
32940.1168477176,21388.9860928362,22901.7233434712,1512.73725063509,27005.6551294986,4726.92466206458,-6824.20609281691,-5311.46884218182,-1207.53705615449,-26700.454935018
31427.1855054184,20481.4631260387,22201.005930548,1719.54280450933,27268.0373696971,2953.69664765038,-7992.02573172936,-6272.48292722004,-1205.45148807088,-26753.9460532587
29857.2778934309,19637.3810595741,21507.2865867847,1869.90552721059,27458.3631263701,1196.45390418709,-9023.44292966965,-7153.53740245906,-1202.46086287375,-26790.9184620332
28237.0910410166,18849.4344217072,20763.7414650554,1914.3070433482,27522.4650974818,-484.211862350399,-9871.86848165987,-7957.56143831168,-1198.83780588523,-26806.9958600188
26598.4479750208,18135.3397498539,19935.8201016367,1800.48035178283,27410.6569058811,-2006.76008479794,-10469.8683099648,-8669.38795818201,-1194.55115393758,-26804.7277080359
24962.2407191043,17496.4873035067,18851.3341678683,1354.84686436155,26971.0342331864,-3198.82344979067,-10664.5768653883,-9309.73000102678,-1190.02993570864,-26806.2173045335
23348.9929799069,16945.5660732892,17734.619205943,789.053132653826,26456.2377348938,-4292.49975152618,-10695.9266581438,-9906.87352549001,-1185.25499653929,-26852.4395987792
21758.5568142574,16480.2538125193,16811.5314946189,331.277682099607,26090.4167604136,-5512.37040877474,-10790.6734105129,-10459.3957284132,-1180.51046261853,-26939.6495409325
20204.9768671866,16100.1322615646,16069.5774633232,-30.5547982414547,25835.1174938562,-6805.7828343601,-10910.6274399821,-10941.1822382236,-1175.64220769053,-27041.3144997882
18682.8335519842,15802.8204627809,15426.4274622422,-376.393000538718,25602.8824806068,-8090.68706718378,-10970.700156387,-11347.0931569258,-1170.63813856111,-27149.9136197067
17202.6595270357,15594.6437044931,14924.758529124,-669.885175369064,25454.3307537885,-9417.34551414245,-11025.361336685,-11695.2465120541,-1165.6742873896,-27289.8902165472
15771.9751744064,15489.9820520114,14808.4602247406,-681.521827270725,25601.1688387128,-10989.7828576696,-11271.7759800646,-11953.2978073353,-1160.58919336323,-27443.2798593467
14399.7053464687,15501.588261963,14842.1249226761,-659.463339286868,25768.1856219281,-12523.7282754425,-11421.8453599482,-12081.3086992351,-1155.24799998305,-27582.8969611981
13101.5909856032,15635.1781518392,15007.025137341,-628.153014498237,25934.2053157584,-13982.3265706744,-11448.7394044383,-12076.8924189365,-1149.71224051909,-27712.0705707758
11896.5575697282,15902.7335563147,15403.4217280757,-499.311828238985,26194.0933010697,-15441.5226146241,-11435.3466280377,-11934.6584562767,-1143.98688328268,-27837.3920125914
10824.1653267742,16325.5321675184,15951.4207177766,-374.111449741793,26437.6057714097,-16751.7696472024,-11250.4028064582,-11624.5142562,-1138.32920256695,-27950.0464237184
9909.31173650222,16910.9390425274,16535.9473434743,-374.99169905305,26548.9764866311,-17772.5959344202,-10770.968628395,-11145.960327448,-1132.93118429135,-28056.8993699754
9168.30613131021,17656.8197999115,17219.6820437236,-437.137756187951,26596.8698869949,-18556.4910033135,-10067.9773347122,-10505.1150909001,-1127.92724762874,-28161.9348908116
8631.53843733599,18568.1223425733,18020.169927558,-547.952415015367,26609.2597762792,-19100.9464607754,-9164.36255553805,-9712.31497055342,-1123.22512183221,-28280.4373131268
8319.01940798158,19642.8497610082,18949.2945419529,-693.555219055302,26622.1179013182,-19421.9561376475,-8098.12578462085,-8791.68100367616,-1118.85764431086,-28434.5307646844
8250.24490972676,20873.3818651234,20169.8228551264,-703.559009997018,26793.3848910532,-19657.9423245968,-7034.80536920009,-7738.3643791971,-1114.80234327033,-28611.7462443206
8444.0558845765,22254.4102247892,21750.0407271205,-504.369497668773,27164.5031864895,-19831.4308246066,-6021.07648439389,-6525.44598206266,-1110.9835226936,-28779.8562068519
8922.27191450634,23779.4339236914,23455.7339108949,-323.700012796534,27509.1098837758,-19694.2688941339,-4837.10688494881,-5160.80689774534,-1107.43092486444,-28940.2408214368
9699.11689728551,25436.2642668355,25230.4888832908,-205.775383544695,27806.7791690911,-19211.8335373164,-3474.68616776642,-3680.46155131112,-1104.17126551085,-29116.7258181466
10768.3287445652,27201.7198389218,27162.7909632667,-38.9288756550831,28159.12015397,-18492.0228388092,-2058.63174445258,-2097.56062010766,-1101.23142940442,-29299.2804590295
12128.0756121345,29051.130243232,29129.689518033,78.559274801042,28469.4543506441,-17440.0154416553,-516.96081055784,-438.401535756801,-1098.63670314575,-29489.5317789888
13749.1487809863,30950.151066782,31107.2490225082,157.097955726233,28745.8948948316,-16093.1043599361,1107.89792585959,1264.99588158582,-1096.35824609083,-29685.1551851962
15637.7122944989,32887.7563986302,33106.4395668632,218.683168232971,29020.2610514416,-14477.0334488631,2773.01065526828,2991.69382350125,-1094.48469192035,-29896.062575129
17786.7965508232,34841.3546336197,35221.8670685325,380.512434912813,29396.9481692648,-12703.0383871624,4351.51969563413,4732.03213054694,-1092.88676872077,-30109.3225030728
20172.5797185051,36782.471290948,37339.1376662701,556.666375322175,29788.5610793787,-10707.6930258374,5902.19854660549,6458.86492192766,-1091.71166496376,-30323.6063690203
22761.1868855542,38673.9382694359,39319.7833700321,645.845100596262,30093.3751818831,-8422.98613035432,7489.76525352739,8135.61035412365,-1090.79783402542,-30538.3279153122
25517.4874780987,40484.7834376035,41138.0726015314,653.289163927965,30338.3490718978,-5910.78665376375,9056.50930574099,9709.79846966895,-1089.92505996466,-30774.9849679345
28402.1038309184,42193.7885332103,42845.1181754835,651.32964227321,30589.4330119317,-3276.64206607512,10515.0426362167,11166.3722784899,-1089.31288506183,-31027.4162547203
31361.4826110469,43765.677829731,44503.581476685,737.903646954095,30934.6989365164,-662.061295352873,11742.1339233312,12480.0375702853,-1088.84496988333,-31285.6402594457
34348.264756452,45172.7812595332,46159.3859004688,986.604640935583,31416.9430499203,1842.81931919004,12667.3358222713,13653.9404632068,-1088.5023873417,-31518.8407963264
37317.897087385,46392.2284225852,47543.7277016572,1151.49927907202,31776.5918653107,4453.09190206019,13527.4232372604,14678.9225163324,-1088.21332001413,-31713.3059062528
40236.3543425747,47405.363817398,48524.6641712864,1119.30035388833,31924.8595703032,7223.59922269366,14392.608697517,15511.9090514053,-1087.89554957789,-31893.4547659928
43070.1100332464,48206.5559058779,49195.7305855943,989.174679716455,31989.1780632942,9993.12178650996,15129.5676591414,16118.7423388578,-1087.81018344231,-32087.81356702
45766.2885636925,48777.3829247835,49562.8216260285,785.438701245042,32004.6021571308,12673.8417481474,15684.9361092384,16470.3748104834,-1087.84465841433,-32307.0081143001
48285.3831007209,49108.0470534415,49795.7556541398,687.708600698309,32137.0756129774,15060.0302722655,15882.6942249861,16570.4028256844,-1088.27721547799,-32537.644227757
50597.9600483162,49194.9642352202,49855.923566962,660.959331741827,32345.3145376708,17163.633015493,15760.637202397,16421.5965341388,-1089.01249515233,-32773.3677010813
52651.0270069228,49025.3660543757,49789.9538163499,764.58776197427,32682.6138602286,18878.2304041944,15252.5694516472,16017.1572136215,-1090.18274249981,-33008.2088407542
54406.155095247,48601.7446528997,49579.9831619933,978.23850909361,33106.5834009177,20208.1381488776,14403.7277065303,15381.966215624,-1091.43354545168,-33219.7784372758
55846.0239579283,47925.1555947609,49143.0296380975,1217.87404333657,33507.2024673346,21246.3219771804,13325.453614013,14543.3276573496,-1092.49951341333,-33381.8279374113
56962.8697582504,47009.4273211395,48381.0333964679,1371.60607532839,33778.6858460965,22090.6270400343,12137.1846029234,13508.7906782518,-1093.55687211962,-33500.6366428877
57743.1864353042,45871.5282089169,47215.6137213113,1344.08551239438,33833.5897611549,22814.8334903127,10943.1752639255,12287.2607763198,-1094.7631838365,-33584.267432597
58162.7081494021,44522.0540139008,45796.2650214303,1274.21100752944,33821.9298295871,23244.3882355532,9603.73410005194,10877.9451075814,-1096.39008426178,-33644.1089063194
58219.9759495336,42982.4178805489,44132.5746983436,1150.15681779465,33732.7018389238,23388.9037098718,8151.34564088719,9301.50245868184,-1098.37040073793,-33680.9154218671
57920.6743611775,41278.467846299,42316.7226650216,1038.25481872256,33642.6203746966,23177.300887369,6535.09437249047,7573.34919121304,-1100.75309911198,-33705.118655086
57275.3549991462,39441.6128281263,40507.7830378194,1066.17020969308,33674.0371810473,22497.9489833072,4664.20681228727,5730.37702198035,-1103.36883479168,-33711.2358061459
56294.1236353527,37499.5115387119,38662.224201866,1162.71266315406,33747.2846957769,21440.8351722226,2646.2230755818,3808.93573873586,-1106.00376735318,-33690.5757999761
54983.4006986931,35472.8134662688,36664.9429008922,1192.12943462338,33744.5622975748,20130.5276845095,619.940452085183,1812.06988670856,-1108.31071660879,-33660.7435795602
53340.0206848928,33376.7451990167,34656.920009804,1280.17481078732,33794.8055993295,18435.0349005258,-1528.24058535032,-248.065774563002,-1110.18018503751,-33624.8109735797
51382.4042075604,31248.1139833973,32624.6425681786,1376.52858478131,33846.8610966732,16423.9654647223,-3710.32475944083,-2333.79617465951,-1111.57764616492,-33581.9101580568
49121.572283293,29114.5576297018,30506.1139148031,1391.55628510129,33808.4343372744,14200.6209763494,-5806.39367724185,-4414.83739214056,-1112.51696966918,-33529.3950218423
46578.1572381474,27007.8126839547,28370.6567053157,1362.84402136093,33728.8462794093,11736.3579367561,-7833.98661743657,-6471.14259607564,-1112.95302198202,-33478.9552800304
43765.8368974002,24949.8813792563,26352.6471249825,1402.76574572626,33706.5814089476,8946.24347092894,-9869.71204721497,-8466.94630148872,-1113.01201752362,-33416.827680745
40737.9261243936,22995.1903494656,24587.7373571556,1592.54700768998,33793.0692906511,5832.05911614592,-11910.6766587821,-10318.1296510921,-1112.7977175966,-33313.3200005577
37561.0450724789,21188.002518311,22944.7741476553,1756.77162934434,33806.8343680991,2641.74954842401,-13731.2930057439,-11974.5213763996,-1112.46115595577,-33162.5238947106
34286.8215184416,19552.6176777021,21552.4140752986,1999.79639759657,33839.5473146522,-664.695902399784,-15398.8997431393,-13399.1033455427,-1111.97010618914,-32951.7210232448
30977.1334082691,18117.4342717937,20369.9538246629,2252.51955286913,33793.9697978798,-3928.21120251654,-16787.9103389919,-14535.3907861227,-1111.37481290584,-32652.8250579165
27703.9909720013,16904.2834848619,19534.8077816021,2630.52429674019,33779.8552851498,-7186.5756094315,-17986.2830965709,-15355.7587998307,-1110.71129628305,-32260.0422846926
24529.1442852376,15922.5147472243,18835.4852350231,2912.97048779882,33577.4712688453,-10157.9590903273,-18764.5886283406,-15851.6181405418,-1109.63210671956,-31774.132887766
21494.8049207224,15167.0493478671,18227.0892571446,3060.03990927756,33169.9129876245,-12783.1669656638,-19110.9225385191,-16050.8826292415,-1108.05889876169,-31217.9319771086
18633.4100273642,14635.3484926826,17776.7396543289,3141.39116164632,32647.6190667595,-15120.3320467885,-19118.3935814702,-15977.0024198238,-1106.12300739321,-30612.3509125064
15989.2627523492,14330.0383386004,17480.5469990963,3150.50866049592,31996.0229996591,-17110.5255938824,-18769.7500076312,-15619.2413471353,-1103.76534657253,-29949.2796857357
13587.050892284,14240.3988289475,17428.4668986366,3188.06806968913,31312.931481119,-18826.7303706054,-18173.3824339419,-14985.3143642528,-1100.84978177034,-29225.7131932003
11466.3556066737,14368.4559997308,17616.2729664616,3247.81696673087,30605.8996430164,-20237.0650142473,-17334.9646211902,-14087.1476544593,-1097.52097790455,-28455.6036541901
9663.19467027511,14710.5685871934,18065.5670195655,3354.99843237214,29920.5068832349,-21351.225139405,-16303.8512224867,-12948.8527901146,-1093.91292644521,-27659.4213773079
8208.98265917127,15259.2567030416,18695.5062357372,3436.24953269561,29194.8312712486,-22076.2850460049,-15026.0110021345,-11589.7614694389,-1090.43643392751,-26849.0181724805
7124.84755040862,16000.0190103349,19454.0406437277,3454.02163339286,28393.0031686162,-22355.2401033004,-13480.0686433742,-10026.0470099813,-1087.08448509282,-26026.0660203162
6422.30043441263,16913.2945132599,20243.5831864965,3330.28867323659,27460.7655773063,-22122.3734275384,-11631.3793486911,-8301.0906754545,-1083.90828464471,-25214.3851887144
6096.63235634685,17966.2955553303,21072.1820249928,3105.88646966253,26472.9372308489,-21457.4116856971,-9587.74848671368,-6481.86201705115,-1081.10681119508,-24448.1575723815
6145.02894637909,19140.8227038564,22066.5898303252,2925.76712646877,25583.7931508023,-20517.4827861182,-7521.68902864084,-4595.92190217207,-1078.71858169491,-23736.7446060285
6553.2789562752,20407.0126967305,23328.8271922407,2921.81449551024,24910.8193083033,-19434.3472968467,-5580.61355639133,-2658.7990608811,-1076.8069448186,-23065.8117576116
7298.22711814942,21735.4868558084,24658.005199572,2922.51834376362,24278.7623977562,-18055.8270457966,-3618.56730813766,-696.048964374046,-1075.2917661898,-22431.5358201824
8348.80135229642,23097.8079477693,26127.3107370796,3029.50278931035,23803.6157932311,-16529.0620830076,-1780.05548753475,1249.44730177558,-1074.24764207289,-21848.3606459937
9685.09169814848,24472.9958804559,27557.6789951103,3084.68311465441,23335.5101257417,-14724.0985393844,63.8056429229917,3148.4887575774,-1073.68011179123,-21324.5071228785
11290.7119394481,25847.9636198888,28849.3027082417,3001.33908835294,22788.0236706618,-12570.9286414226,1986.32303901805,4987.66212737099,-1073.61691020892,-20860.3014925178
13142.2105816272,27208.5833618484,30052.3420199863,2843.75865813795,22248.3996061996,-10180.2254387996,3886.14734142167,6729.90599955962,-1074.03641422708,-20478.6773622888
15208.5684883994,28538.2308785433,31272.0865777713,2733.85569922803,21852.6123218191,-7718.98914938652,5610.67324075744,8344.52893998547,-1074.94531596678,-20193.7019385579
17465.5989857887,29816.8518440842,32564.8065566134,2747.95471252918,21647.2428036313,-5258.1021724398,7093.15068585571,9841.10539838489,-1076.45835459721,-19975.7464456993
19868.5068868209,31013.0347451126,33640.0921895486,2627.05744443598,21367.3715555465,-2577.1551355518,8567.37272273993,11194.4301671759,-1078.29046682616,-19818.6045779367
22391.686747198,32118.223903776,34438.4204242653,2320.19652048927,20988.7798195299,322.730592657378,10049.2677492354,12369.4642697247,-1080.17633501068,-19748.7596340513
24996.3720131894,33120.7200005176,35087.5624084254,1966.84240790781,20673.9301862265,3240.21167233751,11364.5596596656,13331.4020675734,-1082.2301546254,-19789.3179329441
27630.3738212804,33992.8145134593,35614.5187653703,1621.70425191102,20456.0052535295,6089.88263507906,12452.3233272579,14074.0275791689,-1084.4859326719,-19918.7869342904
30238.3171092448,34707.7539709233,35785.7728186418,1078.01884771851,20125.8572256546,9025.65088946,13495.0877511385,14573.106598857,-1086.80899413024,-20134.6473720663
32770.1348162875,35252.8443027288,35851.4924194686,598.648116739788,19964.3137111598,11716.6437006276,14199.353187069,14798.0013038088,-1089.1774045,-20454.84299892
35181.8716095351,35622.9899038711,35931.802438267,308.812534395892,20063.2172880336,14026.9918902525,14468.1101845885,14776.9227189844,-1091.66243124902,-20846.0671848867
37452.3077449782,35814.8135215366,35793.586951989,-21.2265695475804,20169.8668993071,16188.1815057175,14550.6872822759,14529.4607127283,-1094.25933995358,-21285.3528088082
39532.721634833,35814.5888362164,35478.4346224123,-336.154213804141,20347.3248920453,18088.3215199069,14370.1887212902,14034.0345074861,-1097.07522288088,-21780.5543287303
41375.3656545986,35618.2989750762,35102.1998406601,-516.099134416073,20709.2756134384,19566.2487514284,13809.1820719061,13293.08293749,-1099.84128973176,-22325.2160375862
42947.0835362342,35234.8946679478,34440.5179064765,-794.376761471259,21011.3190127968,20833.3968304057,13121.2079621193,12326.8312006481,-1102.36769303162,-22908.0634672997
44237.8978187765,34677.5747412656,33501.7048884884,-1175.86985277717,21244.7320255013,21888.3734789476,12328.0504014367,11152.1805486595,-1104.79231432755,-23525.394192606
45228.5166364043,33957.9115637034,32388.4260358107,-1569.4855278927,21504.69900897,22616.6177394354,11346.0126667345,9776.52713884185,-1107.19988799884,-24181.3844248616
45888.5311655046,33084.556789587,31350.5998926661,-1733.95689692092,22024.098924217,22754.8254196617,9950.85104374416,8216.89414682324,-1109.60682162582,-24867.6626427637
46196.6918086105,32072.4953125892,30303.0243640732,-1769.47094851601,22675.6294885529,22409.0833800127,8284.88688399143,6515.41593547543,-1111.97894004489,-25557.0793771138
46174.4285679751,30949.8930513788,29227.2235702848,-1722.66948109399,23406.1679204244,21653.7952149513,6429.25969835505,4706.59021726107,-1114.46543259937,-26243.3028341178
45841.0232816056,29745.2308108922,28168.8214348334,-1576.4093760588,24217.1519793293,20506.7676107521,4410.97514003869,2834.56576397989,-1117.10369152417,-26910.6650469123
45201.4759425214,28475.3563717317,27047.4417232903,-1427.91464844145,24996.1733929129,19085.2301698853,2359.11059909564,931.195950654202,-1120.07237972315,-27544.1604210775
44261.7941149056,27155.7289771022,25936.35439499,-1219.37458211224,25810.4802315387,17327.9798000631,221.914662259681,-997.459919852556,-1123.33408330379,-28153.1888969548
43041.9059643422,25804.7178367341,24833.2897624096,-971.428074324543,26633.6642238485,15281.4383755044,-1955.74975210364,-2927.17782642819,-1126.8033649892,-28731.8956631623
41559.506970678,24442.9735825603,23791.6997760858,-651.273806474533,27488.5908919691,12940.5134277172,-4176.01996040035,-4827.29376687488,-1130.40265099156,-29270.2673494352
39841.1604821997,23095.6842924127,22687.3245800737,-408.359712338972,28220.4310103577,10486.6153663898,-6258.86082339725,-6667.22053573622,-1134.11410545229,-29762.9048281489
37901.9616848227,21788.5408401845,21499.1928569921,-289.347983192441,28800.7871411774,7963.13988775343,-8150.28095688479,-8439.62894007723,-1138.03465589185,-30228.1697802617
35749.6436428845,20534.1090434065,20398.7360761971,-135.372967209372,29390.7363008385,5216.87190301067,-9998.6626964673,-10134.0356636767,-1142.03543903526,-30668.1447070832
33408.5393099042,19363.2126089689,19487.5333725119,124.320763543009,30037.6753690573,2224.68484324634,-11820.641857689,-11696.3210941459,-1146.17909760058,-31059.5337031148
30921.6488771685,18297.9499808238,18763.3162983444,465.366317520626,30691.7445826083,-920.604179899352,-13544.3030762441,-13078.9367587235,-1150.50847445956,-31376.8867395473
28335.9265829687,17373.2498909066,18314.7984668005,941.548575893857,31397.4405539746,-4216.35137316461,-15179.0280652267,-14237.4794893328,-1154.8374021587,-31610.7293802394
25688.5149127913,16597.3529704087,18213.4410248964,1616.08805448771,32184.6435919426,-7655.11903442014,-16746.2809768027,-15130.192922315,-1158.99035526881,-31727.5458927237
23052.4501948802,16005.9408561864,18324.2942071375,2318.35335095105,32865.2570193246,-10975.8054515798,-18022.3147902736,-15703.9614393226,-1162.99862713544,-31709.902295509
20508.7362209974,15617.0108440239,18379.952179818,2762.94133579412,33151.1161310876,-13809.0055312552,-18700.7309082287,-15937.7895724346,-1166.62562116497,-31554.8004164585
18136.4160249946,15450.9636213251,18489.9891770112,3039.02555568606,33172.4752367933,-16205.8488669742,-18891.3012706437,-15852.2757149577,-1169.78965517552,-31303.2393362828
15979.9804890823,15499.5770758393,18752.7460982689,3253.16902242952,33035.6292775712,-18228.1076757926,-18708.5110890356,-15455.3420666061,-1172.45888730377,-30954.9191424454
14107.0247386907,15775.66198066,18980.6043276476,3204.94234698764,32573.4193259908,-19640.9984943096,-17972.3612523403,-14767.4189053526,-1174.60390700939,-30543.0808860126
12566.8940819275,16270.3488433849,19468.3341507836,3197.98530739869,32112.9356795161,-20722.2399716954,-17018.785210238,-13820.7999028393,-1176.19837410676,-30091.1487462242
11409.582827884,16978.5080626456,20211.6668779086,3233.15881526299,31677.8651352644,-21445.4781830953,-15876.5529483337,-12643.3941330707,-1177.19587571484,-29621.9021957163
10643.8893017859,17863.7862300087,21063.0969008936,3199.31067088488,31169.3902339911,-21702.9147779347,-14483.0178497119,-11283.707178827,-1177.41384572945,-29147.4934088357
10289.9285103719,18903.6451671033,22058.1969825987,3154.55181549547,30669.2671346685,-21556.1590985331,-12942.4424418017,-9787.89062630624,-1176.8204742365,-28691.5357934095
10327.8654221777,20054.7892197579,23013.2616303952,2958.47241063725,30064.8913594737,-20912.5553939403,-11185.6315963601,-8227.15918572284,-1175.52945664434,-28281.9484054808
10720.0960979021,21269.778398074,23886.4190194769,2616.64062140296,29396.8989726371,-19850.3875350467,-9300.70523487483,-6684.06461347187,-1173.58466031169,-27953.8430115458
11376.5206013837,22488.0369092499,24703.5316261796,2215.49471692968,28763.7071216408,-18558.225962811,-7446.7096549448,-5231.21493801512,-1171.03944255383,-27719.251847265
12216.6966873454,23666.2003085413,25499.8241214999,1833.62381295867,28250.642139444,-17201.7190042925,-5752.21538309669,-3918.59157013802,-1167.77355219393,-27584.7918786793
13173.2536468768,24779.4337781328,26309.6029569715,1530.16917883875,27907.4243342164,-15897.9753153407,-4291.79518408468,-2761.62600524593,-1163.80462800104,-27541.0597833787
14186.889447628,25807.7412648143,27079.2844280693,1271.543163255,27687.0076888984,-14659.4856111694,-3038.63379398317,-1767.09063072817,-1159.36736989907,-27574.8318955425
15187.8456425485,26736.4923986929,27877.9897056635,1141.49730697057,27649.1391826928,-13616.137805272,-2067.49104912758,-925.993742157011,-1154.84426512766,-27662.4861408499
16146.0412770032,27572.8486939178,28746.9678353224,1174.11914140462,27800.050995517,-12804.1977594816,-1377.390342567,-203.27120116238,-1150.18804096785,-27776.1198950802
17048.7875829486,28324.6263167319,29499.9552245814,1175.32890784949,27921.4164486344,-12017.8367647331,-741.998030949769,433.33087689972,-1145.20789904726,-27891.2954398322
17891.6787778249,29002.809583425,30173.0200750391,1170.21049161417,28045.1848527823,-11293.7692185632,-182.638412963127,987.57207865104,-1140.26314360578,-28015.2375047739
18669.9211973703,29627.5149111527,30761.5914956455,1134.0765844928,28144.0284401473,-10609.6318085179,347.961905264443,1482.03848975724,-1135.52456574094,-28145.4764213954
19391.4004747111,30219.2527229892,31311.1487102544,1091.89598726519,28240.9180645819,-9980.68559683175,847.166651446365,1939.06263871155,-1131.16800696085,-28280.1900842776
20091.5113996729,30812.4307477246,31773.0338266106,960.603078885968,28254.361273433,-9289.69869571478,1431.22065233694,2391.82373122291,-1126.84882195466,-28420.6070165017
20800.3601338527,31434.2370556142,32255.3917521435,821.154696529345,28269.5771836237,-8591.99512184474,2041.88179991677,2863.03649644611,-1122.77807207369,-28571.200559168
21560.0990042513,32115.0350242695,32751.1605834908,636.125559221302,28257.2475113027,-7816.26863316464,2738.66738685353,3374.79294607484,-1119.1201261133,-28740.2420781947
22399.9810516871,32862.5254726968,33224.194221773,361.668749076228,28176.095529589,-6892.18991519856,3570.3545058111,3932.02325488733,-1116.07543729672,-28930.5022178095
23359.9344179053,33690.7967677996,33672.334844979,-18.4619228205515,28013.2949621085,-5766.79614113336,4564.06620876096,4545.60428594041,-1113.43559693017,-29145.1924818592
24464.6481920043,34590.7428621519,34137.1587307768,-453.584131375044,27832.2010467902,-4478.67689181345,5647.4177783341,5193.83364695905,-1111.12403702761,-29396.9092151928
25733.5931864111,35559.6818919708,34799.1845986286,-760.497293342191,27817.8320975483,-3193.18787284795,6632.90083271177,5872.40353936957,-1108.94896171073,-29687.2783526013
27176.7177302002,36582.9944247772,35587.8806650099,-995.113759767339,27888.4180607583,-1818.13723720867,7588.13945736833,6593.02569760099,-1106.43690665055,-29989.9687271762
28789.8766971285,37633.8562399618,36371.6862034958,-1262.17003646597,27939.4813621401,-253.259557441559,8590.71998539177,7328.5499489258,-1103.65489242993,-30305.306291036
30552.4375894009,38676.3728412893,37288.1008678598,-1388.27197342949,28150.8562368527,1301.11895841409,9425.05421030248,8036.78223687298,-1100.46239413408,-30639.5906044163
32435.1469895333,39678.6504302406,38247.3010829318,-1431.34934730876,28449.0125022605,2889.30610152644,10132.8095422337,8701.46019492494,-1096.82838574636,-30977.1902353156
34407.4321021268,40612.0359978747,39109.6267772338,-1502.40922064084,28709.9083351406,4604.79568524699,10809.3995809949,9306.99036035406,-1092.72808173921,-31305.0456375206
36421.1089357703,41438.3563552494,39867.0759822478,-1571.28037300159,28967.1531326964,6365.79890527219,11383.0463247512,9811.76595174965,-1088.15689780168,-31626.5904034997
38417.0509672093,42117.0726016604,40467.5656091098,-1649.50699255058,29215.1154876694,8118.42733386085,11818.4489683119,10168.9419757613,-1083.50814567906,-31948.130625899
40339.7421943398,42625.2872123683,40821.2246361928,-1804.06257617554,29380.8928322642,9879.7683682741,12165.3133863027,10361.2508101271,-1079.08099380141,-32264.0364022412
42141.7216660784,42942.9210978971,41032.261406428,-1910.65969146909,29594.2198658381,11472.5402053844,12273.7396372031,10363.0799457341,-1074.96159485583,-32579.841152163
43749.7208549198,43040.6713233356,41051.5372699502,-1989.1340533854,29818.051611974,12860.5855745047,12151.5360429204,10162.401989535,-1071.08366844112,-32878.2693338006
45124.3842253647,42915.9489194719,40809.9444152155,-2106.00450425645,29995.3398789441,14061.560629846,11853.1253239532,9747.12081969675,-1067.48371657467,-33168.8280997752
46222.6790554212,42573.2749319416,40354.4288083815,-2218.84612356009,30172.4929084557,14985.6167430064,11336.2126195268,9117.36649596669,-1064.56940395909,-33455.9084359749
47011.8751066725,42023.8098415747,39719.8447541484,-2303.96508742628,30361.0611339615,15588.4519115104,10600.3866464126,8296.42155898631,-1062.3620612006,-33727.3882825884
47469.8352365194,41290.0660201346,38899.2562113688,-2390.80980876587,30524.0848493542,15884.9348184323,9705.1656020475,7314.35579328163,-1060.81556873297,-33975.710226853
47596.2993973758,40402.261998851,37937.6647875025,-2464.5972113485,30685.4149484186,15850.9235930387,8656.88619451388,6192.28898316539,-1059.9608559185,-34209.9730156856
47409.2721203347,39403.9621335031,36873.112958156,-2530.84917534706,30838.9521690161,15510.5472723542,7505.23728552257,4974.38811017551,-1059.77267896445,-34429.5740233275
46926.4672891328,38334.7687342077,35723.6880827629,-2611.08065144483,30960.5107307992,14905.4886608651,6313.79010594007,3702.70945449523,-1060.46789746849,-34632.0592797125
46175.0285398223,37231.7646487183,34575.3145503768,-2656.45009834145,31111.9428518989,14000.869103012,5057.6052119079,2401.15511356645,-1062.21658491142,-34830.6095351518
45194.1866056101,36135.4755785593,33492.9788302398,-2642.49674831948,31303.394923857,12825.7696395837,3767.05861253287,1124.5618642134,-1065.02204216943,-35010.9137143459
44032.1874979114,35086.1519007753,32451.4604484773,-2634.69145229796,31462.7791613863,11500.3548377367,2554.31924060065,-80.3722116973148,-1069.0534987883,-35166.5241124726
42734.9115810593,34115.6365312102,31518.8711583698,-2596.7653728404,31621.9390555205,10039.1224712655,1419.84742141638,-1176.91795142402,-1073.85005427335,-35292.5544826342
41368.2750376414,33260.702929912,30807.3469848168,-2453.3559450952,31865.0751229839,8423.8392750867,316.267167357301,-2137.08877773789,-1079.36063957081,-35397.7917076499
39984.3493787504,32544.7439698347,30305.35750778,-2239.38646205467,32143.7078315935,6755.3505596928,-684.254849222886,-2923.64131127755,-1085.29098746406,-35468.3852811122
38641.5525913633,31982.9428056156,29938.9503030032,-2043.99250261241,32363.2010675907,5187.20638850722,-1471.40339724049,-3515.3958998529,-1091.14513526539,-35498.3387054685
37383.8467558033,31577.0166144478,29686.288799065,-1890.72781538274,32505.8880613087,3781.26094656217,-2025.56919479335,-3916.29701017609,-1096.69774793238,-35493.3136246239
36245.8136172657,31324.4116016281,29596.0975295366,-1728.31407209145,32624.6782565225,2519.09498273158,-2402.30703290604,-4130.62110499749,-1102.04037801166,-35455.0327066256
35255.5128466848,31212.4495768037,29718.1185306392,-1494.3310461646,32780.5724280268,1367.57929861807,-2675.483971263,-4169.81501742759,-1107.36112003992,-35382.2645942313
34433.4598449696,31214.9225380458,29933.5744314247,-1281.34810662107,32869.0763504763,451.618895562096,-2766.91841136172,-4048.26651798279,-1112.76459893115,-35263.1890560285
33781.7004808411,31303.2586338378,30264.8267264373,-1038.43190740044,32936.1822143722,-272.769345779917,-2751.21119278327,-3789.64310018371,-1118.28761224884,-35092.9017340215
33293.4762449766,31438.9544123494,30701.3273950756,-737.627017273823,33016.0568059093,-846.522277421322,-2701.04411004853,-3438.67112732236,-1123.94171648859,-34877.6255396717
32933.8970048984,31574.9015028343,31086.4643892238,-488.437113610492,32994.0063667878,-1189.71837512126,-2548.7138771854,-3037.15099079588,-1129.60901323194,-34612.0524936302
32676.8386726336,31671.5828652485,31452.0111157244,-219.571749524047,32938.552389288,-1396.71003909748,-2401.96584648261,-2621.53759600666,-1134.99632244307,-34293.1204612551
32482.3453694987,31695.305853638,31822.134895442,126.829041803954,32914.5027415855,-1571.8608078333,-2358.90032369395,-2232.07128189,-1139.70343574653,-33927.377135528
32302.6342274626,31610.4647444908,32209.4769608025,599.012216311794,32961.7730846747,-1802.598245442,-2494.7677284138,-1895.75551210201,-1143.45938822987,-33506.2202565928
32088.8248479529,31393.1896660908,32374.0545703907,980.864904299871,32861.0246052318,-1918.3638082743,-2613.9989901364,-1633.13408583653,-1146.16405099538,-33026.3237519273
31806.3066909666,31037.7089111913,32403.481415421,1365.77250422973,32704.3445090933,-2045.63049273297,-2814.22827250822,-1448.45576827849,-1147.59267460626,-32486.1646794698
31442.7789382224,30552.2741465031,32304.979035033,1752.70488852985,32492.7050623573,-2197.63199541286,-3088.13678713213,-1335.43189860228,-1147.70587127793,-31887.7060451054
30993.6342643513,29969.6537849751,32209.9484974269,2240.2947124518,32339.4582744704,-2492.55036062287,-3516.53083999906,-1276.23612754726,-1146.72635050378,-31245.8899125224
30476.7613677635,29342.6387827368,32006.5585880923,2663.91980535552,32098.4307107272,-2766.2172282099,-3900.33981323663,-1236.42000788112,-1144.54788524626,-30579.0587906179
29936.2471644223,28729.0331028877,31763.8877775019,3034.85467461425,31820.4397384093,-3025.58942756711,-4232.80348910172,-1197.94881448747,-1141.39685358005,-29926.9819173751
29403.9840012371,28158.792201288,31446.5449140386,3287.75271275057,31456.2116711114,-3189.73569999402,-4434.92749994312,-1147.17478719254,-1137.50803011971,-29305.9669884806
28893.7303701426,27647.0444234291,31055.8092426778,3408.76481924867,31019.499696391,-3258.36254407412,-4505.0484907876,-1096.28367153893,-1132.59321782579,-28743.3280949681
28405.215370221,27192.233583119,30499.9814414306,3307.74785831163,30438.1012708436,-3160.13673877083,-4373.11852587282,-1065.37066756119,-1127.25083814824,-28257.6042506802
27945.83137463,26796.8682276378,29971.6810284254,3174.81280078753,29923.3990698441,-3098.99133729051,-4247.95448428262,-1073.14168349509,-1121.42364207639,-27870.0099111329
27519.2407187097,26463.0758618516,29464.7551829815,3001.67932112985,29460.8143441842,-3056.62361842063,-4112.78847527864,-1111.10915414879,-1115.04999294607,-27574.1850160004
27125.6882113134,26185.1748179014,28890.7067462507,2705.53192834939,28972.5931336246,-2955.12777470214,-3895.64116811423,-1190.10923976483,-1108.22285239095,-27375.2840576662
26753.4492252011,25960.0367743606,28365.1249296013,2405.08815524068,28590.9666986739,-2938.52683593598,-3731.93928677648,-1326.8511315358,-1101.00936246321,-27286.8879058964
26426.9986369855,25824.9071521605,27828.5571596386,2003.65000747807,28244.7507908709,-2911.53288043652,-3513.62436526154,-1509.97435778346,-1093.78072655114,-27334.881509944
26168.5678360263,25809.0068742256,27351.4737119992,1542.46683777359,27990.1798645085,-2908.11703058343,-3267.67799238411,-1725.21115461052,-1086.50500210119,-27534.2180288361
25969.951643613,25916.6086757238,26907.8791734419,991.270497718171,27799.7903282198,-2909.39601474285,-2962.73898263207,-1971.4684849139,-1079.55733013603,-27888.0771606376
25814.2373651147,26148.57857461,26504.0172454054,355.438670795374,27697.2081460015,-2956.05284794047,-2621.71163844513,-2266.27296764976,-1073.08206705361,-28414.8515422598
25719.6885002331,26537.3831509321,26208.4912495475,-328.891901384595,27716.7169181586,-3064.14836099393,-2246.45371029495,-2575.34561167954,-1067.11994306847,-29112.7287626117
25683.8895728315,27090.2160181133,25973.3679713206,-1116.84804679268,27805.881463819,-3183.64066498925,-1777.31421970747,-2894.16226650016,-1061.64877400171,-29984.3782846134
25687.3574282197,27788.8842863144,25939.029973026,-1849.85431328841,28088.2274356585,-3457.68089494166,-1356.15403684692,-3206.00835013533,-1056.81088750282,-30994.8926364498
25704.7612813625,28609.3169723985,26010.4141476928,-2598.90282470561,28456.6339730346,-3804.14234006043,-899.586649024436,-3498.48947373004,-1052.26964838835,-32107.8064461285
25742.1029535944,29544.0667879159,26115.0630422027,-3429.00374571309,28820.1145640397,-4125.9583997881,-323.994565466639,-3752.99831117973,-1047.9467893428,-33297.0650990956
25801.5407353388,30588.924693494,26311.7174199868,-4277.2072735072,29232.8192067877,-4475.08813397274,312.295824182506,-3964.9114493247,-1043.8096625238,-34553.8361428187
25898.1889168865,31750.6872375827,26659.2674191424,-5091.41981844029,29720.2645528735,-4861.99887986766,990.499440828568,-4100.92037761173,-1039.92324388067,-35851.6076151945
26061.8019848953,33035.2785359732,27102.6239693371,-5932.6545666361,30208.836388742,-5183.33934872492,1790.13720235306,-4142.51736428304,-1036.3049448782,-37177.7959002563
26303.5127624046,34419.1946785932,27637.1764652775,-6782.01821331564,30689.4011871301,-5418.71752200139,2696.96439418722,-4085.05381912843,-1032.82909727587,-38504.2484977216
26636.8306077631,35899.8504271993,28376.6023131763,-7523.24811402295,31266.4194225151,-5659.33857106113,3603.68124837502,-3919.56686564793,-1029.74975630919,-39819.4172928472
27098.749323434,37484.6311850792,29323.4932299044,-8161.13795517477,31926.9159552409,-5855.37159922719,4530.51026241798,-3630.62769275679,-1027.2049674203,-41115.258877836
27686.9374149399,39145.5354705644,30410.0832886484,-8735.45218191603,32607.7299663167,-5945.91721670923,5512.68083891529,-3222.77134300073,-1025.12466533238,-42368.3068135651
28367.6948423624,40826.9652613326,31580.3728071853,-9246.59245414725,33270.9231372924,-5926.64817260822,6532.62224636201,-2713.97020778524,-1023.41987767816,-43540.9354691178
29128.3726562839,42498.6205676562,32794.4642002636,-9704.1563673926,33895.1796997795,-5788.81217848781,7581.43573288449,-2122.72063450811,-1022.00513499219,-44621.3412021643
29988.7835260947,44151.580618888,34235.4362079577,-9916.14441093026,34660.9333677784,-5692.916082465,8469.88101032821,-1446.26340060204,-1020.76624078139,-45597.84401949
30953.1232804438,45771.2833402653,35851.1788899916,-9920.10445027369,35511.3025861493,-5578.04770962514,9240.11235019637,-679.992100077316,-1019.86840391961,-46451.2754403426
31958.8968651251,47286.6560629359,37508.2236157095,-9778.43244722639,36350.6056745229,-5411.04572093435,9916.71347687647,138.281029650074,-1019.33691153653,-47148.3750332858
33021.8092717124,48694.6063699676,39190.9208211751,-9503.68554879252,37165.3677508291,-5162.68427400107,10510.1128242541,1006.42727546156,-1019.12579488443,-47688.179094506
34176.5946704894,50003.964353989,40962.779276811,-9041.185077178,38016.1291369909,-4858.79477982635,10968.5749036732,1927.38982649523,-1019.26031332481,-48076.5745274937
35406.1566796039,51197.3644434578,42679.4953964357,-8517.86904702212,38776.3338530018,-4389.78939048653,11401.4183733674,2883.54932634523,-1019.61221708863,-48313.8151171126
36702.0271622938,52249.2352517851,44274.9733794034,-7974.26187238174,39409.2695923108,-3727.33307790783,11819.8750115834,3845.61313920169,-1020.09064789089,-48403.6221125834
38037.4413814249,53150.863492247,45775.9245236766,-7374.93896857038,39950.99839172,-2934.4023851892,12179.0197256329,4804.0807570625,-1020.84537489411,-48346.7827351845
39351.1290456639,53867.5215489876,47183.0509532372,-6684.47059575039,40410.9918421215,-2081.67940472884,12434.7130985948,5750.24250284446,-1021.8166082712,-48117.2790461431
40622.8247044405,54400.0370270056,48481.8298194457,-5918.20720755991,40789.4180430723,-1189.51622407541,12587.6960984897,6669.48889092981,-1022.92288544356,-47730.5481360758
41852.9914447786,54746.9343916727,49566.6645152942,-5180.26987637851,41019.0640395501,-190.317900003381,12703.6250468907,7523.35517051223,-1024.24530523187,-47223.5792211605
43052.9338014022,54928.3760892253,50486.558902671,-4441.81718655427,41166.7217872711,860.810562152478,12736.2528499755,8294.43566342126,-1025.40145197868,-46633.940425804
44206.9828615745,54943.7632971879,51234.6285794604,-3709.13471772743,41238.2004669046,1942.54074940151,12679.3211850149,8970.1864672875,-1026.24164526836,-45973.5768299004
45330.8129495091,54824.5294087924,51828.6671396144,-2995.86226917792,41255.6226673129,3048.23386891823,12541.9503282014,9546.08805902351,-1026.95641327802,-45278.4413497688
46474.1605177143,54619.5573174561,52309.9820227137,-2309.57529474234,41248.3779863063,4198.14015964005,12343.5369593818,10033.9616646395,-1027.64237176796,-44585.5956528165
47681.1567866207,54372.713413547,52614.4747571084,-1758.23865643863,41153.9933061083,5498.70847144461,12190.2650983709,10432.0264419323,-1028.45500906778,-43940.6869716147
48941.6495454423,54075.1431112896,52900.3282681645,-1174.81484312515,41144.3750948982,6767.82080209293,11901.3143679403,10726.4995248152,-1029.45364845118,-43348.6435864745
50189.6280273385,53697.1339125809,53102.943102853,-594.190809727867,41160.3073691647,7998.74037527451,11506.2462605169,10912.0554507891,-1030.58028289925,-42785.0784617918
51450.8068488174,53272.0471631486,53316.4195811049,44.3724179563472,41270.5292314513,9148.04050349754,10969.2808178286,11013.653235785,-1032.23711386856,-42258.3939273635
52728.6267542647,52802.6265776831,53464.7970809666,662.170503283495,41401.9629933542,10292.4673694955,10366.467192914,11028.6376961975,-1034.19639141493,-41773.9888814857
53988.0154317508,52271.1162124693,53587.3801149007,1316.26390243141,41604.3955002791,11347.3383190697,9630.4390997882,10946.7030022196,-1036.28161240198,-41324.4132102497
55190.2089405102,51662.4066218658,53730.5886980082,2068.18207614243,41913.7471125148,12238.0166265674,8710.21430792293,10778.3963840654,-1038.44520142805,-40884.0102378004
56353.9408521653,50998.4815341863,53868.7576572783,2870.27612309196,42286.3556295011,13027.1275046648,7671.66818668589,10541.9443097778,-1040.45771799933,-40456.5372244084
57481.684557675,50282.8283760554,54040.5791338555,3757.75075780007,42752.8294803267,13686.7118804412,6487.85569882158,10245.6064566216,-1042.14319690712,-40037.2219194338
58556.7830646169,49503.1305169515,54264.1149068583,4760.98438990675,43329.5042889386,14183.9560436283,5130.30349596292,9891.28788586968,-1043.32273204999,-39611.8426310818
59542.3477403908,48636.6458277449,54427.8617010646,5791.21587331971,43892.0014444447,14606.6997189509,3700.99780630497,9492.21367962468,-1043.64657699519,-39144.4321481202
60454.5632629938,47693.5043332865,54509.7752979502,6816.2709646637,44406.138174055,15005.5435010852,2244.48457137785,9060.75553604155,-1042.88158785363,-38632.7487972449
61261.8249582019,46655.5413026678,54433.3730814998,7777.831778832,44798.3186928998,15422.0995980726,815.81594253848,8593.64772137048,-1041.40666722951,-38061.8935812973
61942.8269286845,45508.173581778,54225.9524838736,8717.7789020956,45107.5542233815,15795.730638254,-638.922708652448,8078.85619344316,-1039.54206704898,-37429.3173883349
62475.5021752697,44237.6718338226,53804.753233927,9567.08140010434,45248.548312693,16189.3631718799,-2048.46716956712,7518.61423053723,-1037.59069069678,-36719.0576032854
62830.4204768617,42823.6639503854,53111.1227699371,10287.4588195517,45181.1818367357,16613.6268472018,-3393.1296792744,6894.32914027732,-1035.61179292417,-35929.3348101081
62947.8123445149,41236.1675511975,52144.4394894775,10908.27193828,44929.5983740853,16984.6027163941,-4727.04207692323,6181.22986135676,-1033.61125403541,-35054.9376898407
62817.9347692344,39475.2818774187,50936.4305482327,11461.1486708139,44529.1909722998,17257.1843309654,-6085.4685608503,5375.68010996363,-1031.55946596922,-34099.6017674551
62423.8938436607,37537.8520923287,49532.3126492937,11994.460556965,44023.1648698045,17371.6305516501,-7514.41119968187,4480.04935728314,-1029.09842220609,-33057.8027350456
61737.6181358672,35416.1085121186,47837.1651631421,12421.0566510234,43314.8087551085,17396.3701634977,-8925.13946025082,3495.91719077261,-1026.43921726094,-31920.191321346
60731.2469481411,33109.9386683421,45931.3982986249,12821.4596302828,42499.4995205135,17208.1248752921,-10413.1834045069,2408.27622577597,-1023.62255233552,-30701.6624425662
59392.6521376743,30622.3085707394,43899.449171507,13277.1406007676,41667.1779922431,16704.5051221152,-12065.8384448198,1211.30215594781,-1020.96902331611,-29411.0064147915
57697.1365165655,27952.4022224478,41560.4614236967,13608.0592012489,40641.1647528095,16037.6221623742,-13707.1121317435,-99.0529304945568,-1018.34960138182,-28051.4551529424
55640.8833672511,25121.4251217805,38926.4198980657,13804.9947762852,39417.849465794,15207.3158305584,-15312.1424149122,-1507.14763862704,-1015.71807089873,-26628.5727604075
53217.7805452903,22155.6190903805,36047.8496469606,13892.2305565801,38031.3473388912,14173.0515020397,-16889.1099528701,-2996.87939629005,-1013.38170435943,-25152.4984866706
50448.0092607009,19098.3512944855,32935.7261896118,13837.3748951263,36461.7927820896,12975.0904152877,-18374.5675509276,-4537.19265580136,-1011.12606332354,-23635.5439502869
47374.0727166885,15994.6081886788,29675.1745359757,13680.5663472969,34778.2649757122,11586.7498621948,-19792.714665815,-6112.14831851808,-1009.05787878152,-22106.7565071969
44015.4219171347,12873.2768704691,26286.5449310978,13413.2680606287,32991.5482826085,10016.587451118,-21125.5575955476,-7712.28953491887,-1007.28618340814,-20585.566405388
40379.8098809304,9762.85490654966,22887.4669922075,13124.6120856578,31214.7213456802,8159.29852866205,-22457.6564457187,-9333.04436006085,-1005.79000658811,-19095.8992666105
36501.8492020642,6709.74552388249,19527.5251142677,12817.7795903853,29445.8325911513,6051.34101158843,-23740.7626665933,-10922.9830762081,-1004.6755993245,-17632.7286000905
32417.1504618807,3738.90237910354,16130.5202055015,12391.617826398,27591.5419218937,3821.81444197535,-24856.4336408018,-12464.8158144038,-1003.79409801162,-16203.7181935074
28185.81218164,909.387562733632,12835.3192567487,11925.9316940151,25758.3227852687,1424.42752302688,-25851.9970958795,-13926.0654018644,-1003.06187334441,-14835.4529645981
23849.6624537424,-1750.80537048378,9798.32339306727,11549.128763551,24077.5192095726,-1230.47961064648,-26830.9474348727,-15281.8186713216,-1002.62285481627,-13531.0133008378
19453.522443236,-4204.11435408924,6972.69193572995,11176.8062898192,22463.0329417835,-4011.83720554878,-27669.474002874,-16492.6677130548,-1002.32670700132,-12288.5533589656
15031.6221519169,-6424.89574944566,4329.11690866913,10754.0126581148,20868.3699788284,-6838.95456970601,-28295.4724710686,-17541.4598129538,-1002.20674279452,-11116.5640635082
10636.8231639909,-8381.32567807575,1849.72401638588,10231.0496944616,19251.1860592865,-9616.53313727297,-28634.6819793396,-18403.632284878,-1002.17024197736,-10022.3066068022
6322.29152766011,-10055.4061673283,-330.82593930088,9724.58022802747,17733.1486498535,-12413.3439651895,-28791.041660178,-19066.4614321505,-1002.48684299612,-9011.05526482214
2147.78135430757,-11426.2371484664,-2221.69758609118,9204.53956237523,16294.3526668991,-15149.6727338381,-28723.6912366121,-19519.1516742369,-1003.10142124664,-8092.9145257705
-1838.13922413897,-12477.1708924913,-3773.03241329875,8704.13847919252,14976.9281861609,-17819.1405584888,-28458.1722268411,-19754.0337476486,-1004.07314818895,-7276.86285515731
-5575.9249011284,-13194.9911039381,-4987.673149972,8207.31795396608,13762.478594287,-20343.710818884,-27962.7770216937,-19755.4590677276,-1005.30732346864,-6560.46796378951
-9021.64610475426,-13583.6104977711,-5796.9460650134,7786.66443275763,12715.7090400167,-22744.042837779,-27306.0072307958,-19519.3427980381,-1006.68769300807,-5935.73230026709
-12133.8111167841,-13647.5910560415,-6249.07906104312,7398.51199499836,11782.8894487962,-24924.7469650237,-26438.5269042811,-19040.0149092828,-1008.04639944339,-5392.42385324127
-14854.6051047088,-13363.4223707292,-6385.15716303478,6978.26520769443,10915.4923066026,-26779.372025705,-25288.1892917254,-18309.9240840309,-1009.27461439356,-4946.50171330173
-17192.3055714508,-12775.7285828589,-6274.59672466905,6501.13185818986,10069.1706982702,-28271.5442741009,-23854.967285509,-17353.8354273191,-1010.06800437986,-4578.1068444602
-19098.8497472742,-11877.206635649,-5864.96038211392,6012.24625353512,9289.18950888843,-29398.4171198412,-22176.7740082161,-16164.527754681,-1010.37786367865,-4287.32111903195
-20516.2006904516,-10660.794015104,-5198.69461146639,5462.09940363761,8535.35026605064,-30062.0445858142,-20206.6379104666,-14744.538506829,-1010.49362931197,-4083.74449172499
-21424.1364405494,-9148.01380932615,-4291.97167121652,4856.04213810962,7807.35665464414,-30242.1261073404,-17966.0034761171,-13109.9613380075,-1010.6330121468,-3961.94752868131
-21807.4034843634,-7374.26880595839,-3119.35999339735,4254.90881256104,7148.74405119573,-29967.174811425,-15534.04013302,-11279.1313204589,-1011.02727586585,-3904.86251450055
-21662.099617842,-5378.51426807835,-1720.51392366041,3658.00034441792,6559.46599878442,-29233.2358979036,-12949.65054814,-9291.65020372207,-1011.67028127723,-3913.13593564372
-20989.0669046157,-3201.97679327616,-51.6035515995166,3150.37324167664,6136.53546156216,-28138.0339659521,-10350.9438546126,-7200.57061293595,-1012.43159977428,-3998.59381965979
-19820.3291669318,-904.77927966634,1734.86619736133,2639.64547702766,5770.74591924204,-26604.3120896241,-7688.76220235868,-5049.11672533102,-1013.2370034503,-4144.33744566469
-18226.601454403,1437.38552121884,3539.87280406471,2102.48728284586,5428.35582352314,-24669.0367298352,-5005.04975421334,-2902.56247136748,-1014.07945190903,-4339.94799258631
-16244.9503197926,3775.87851879044,5354.6037442428,1578.72522545237,5154.46824162962,-22414.4055583383,-2393.57671975518,-814.851494302816,-1014.98699691601,-4590.73001309325
-13936.7460056975,6062.33845236923,7202.06071089557,1139.72225852635,5014.70464825361,-19967.3957261769,31.688731889855,1171.41099041621,-1015.94507222575,-4890.927461953
-11381.924933754,8234.29870698927,8915.29736721287,680.998660223581,4892.67204316604,-17291.3063460062,2324.91729473707,3005.91595496064,-1016.70936908617,-5228.38275202863
-8661.07545577007,10241.2867296327,10437.3672876482,196.080558015465,4776.23868687186,-14454.7284938827,4447.63369152005,4643.71424953552,-1017.41435124081,-5597.57248009721
-5854.7377891287,12048.1610395609,11839.1655503476,-208.995489213311,4785.24377879394,-11658.263343518,6244.63548517158,6035.63999595826,-1018.2817755954,-6012.52104360265
-3057.29848371204,13613.746683963,13072.9903566809,-540.756327282073,4889.7363555702,-8966.27148299946,7704.77368467556,7164.01735739349,-1019.23664371724,-6449.72932656948
-373.438741524522,14900.5025938451,14066.8828980987,-833.619695746345,5014.5860976758,-6408.52361363409,8865.41772173548,8031.79802598913,-1020.49877443379,-6868.70456785593
2143.11035728135,15903.5107426429,14860.3894112274,-1043.12133141549,5187.10742783917,-4065.98488655501,9694.41549880657,8651.29416739108,-1021.98781599718,-7252.21657525185
4436.59988920704,16618.9268120865,15369.999954074,-1248.92685801253,5342.93223536576,-1929.99246663642,10252.334456243,9003.4075982305,-1023.6601204777,-7615.51921385599
6447.90755450571,17047.7650800333,15642.7765744899,-1404.98850554338,5512.47289720976,-89.8941909939193,10509.9633345336,9104.97482899025,-1025.32884828988,-7942.79025104302
8158.17616665051,17218.1403243558,15650.0061146592,-1568.13420969659,5630.27579278083,1500.72835869389,10560.6925163991,8992.55830670255,-1027.17201517581,-8225.58201765322
9560.21284962271,17171.2775446092,15385.3799415273,-1785.89760308196,5660.33578243849,2870.76874607505,10481.8334410616,8695.93583797963,-1029.10832110916,-8475.34170662961
10648.5463736209,16939.9523653708,14904.4834991708,-2035.46886619992,5641.42566908341,3975.92828386707,10267.334275617,8231.86540941705,-1031.1924206704,-8708.08695595373
11450.8039913721,16576.498486114,14318.0003867889,-2258.49809932505,5646.82413582457,4770.5647078648,9896.25920260668,7637.76110328163,-1033.41514768276,-8938.73738283237
11995.7314391177,16125.8076195158,13709.3240689698,-2416.48355054596,5713.04426274853,5246.93266968843,9377.00885008651,6960.52529954055,-1035.75450668072,-9165.28231997521
12317.5134565562,15634.8588860196,13092.122142072,-2542.73674394763,5800.89392172271,5478.46643504535,8795.81186450871,6253.07512056108,-1038.1530997882,-9381.78376545851
12459.7165606747,15133.9334391607,12516.4190618187,-2617.51437734194,5940.13694047769,5478.7290079741,8152.94588646005,5535.43150911811,-1040.85061222292,-9598.50193004254
12487.9645504318,14669.0334810197,12003.6718227601,-2665.3616582595,6105.81985899572,5338.55355133552,7519.62248192341,4854.2608236639,-1043.59114010052,-9814.77265735575
12447.3250058005,14274.0780017365,11549.4998821009,-2724.57811963567,6261.15331331442,5139.45585897299,6966.20885490903,4241.63073527335,-1046.71583351309,-10032.4472664632
12369.6531630733,13963.8169380002,11203.1133717122,-2760.70356628801,6438.3531072811,4881.41781461998,6475.58158954688,3714.87802325886,-1049.88224117225,-10248.9389147414
12289.1965561012,13752.9236535067,10915.1266658409,-2837.79698766582,6576.62464133061,4659.85609605025,6123.58319345575,3285.78620578993,-1052.71581872033,-10467.1374477168
12249.5334745053,13661.1886463583,10770.7443758589,-2890.44427049937,6739.71885353052,4454.70606272453,5866.36123457754,2975.91696407816,-1055.10855825028,-10685.2716822802
12285.7547344494,13706.5743944316,10793.7862127632,-2912.78818166842,6919.90310038472,4308.95569954978,5729.77535953203,2816.9871778636,-1056.89593451487,-10889.587216568
12420.7266887595,13880.2008383401,10983.5762617841,-2896.62457655597,7113.94616110103,4248.5575198688,5708.03166944938,2811.40709289341,-1058.2230077897,-11068.7937454467
12700.6974991397,14190.9259693471,11300.3032431101,-2890.62272623698,7290.11920968046,4351.57118494002,5841.79965514733,2951.17692891035,-1059.00710451928,-11239.7490404367
13157.5726882571,14629.4250771088,11692.0119500994,-2937.41312700939,7407.00392099513,4691.28182686505,6163.13421571668,3225.72108870729,-1059.28694039697,-11403.7039884015
13776.6365852105,15162.0153755739,12178.7169051175,-2983.29847045641,7511.44681250941,5206.3556429914,6591.73443335485,3608.43596289844,-1058.83412970967,-11553.5794126755
14530.7287168521,15744.4134943333,12785.8789489162,-2958.53454541715,7667.10859158671,5805.64350358403,7019.32828106525,4060.7937356481,-1057.97662168136,-11683.6197586852
15437.12399626,16370.0112371246,13455.1740025014,-2914.83723462318,7847.96046707792,6532.1595844424,7465.04682530699,4550.20959068382,-1057.00394473964,-11819.8016464407
16450.9281221353,16990.2029481699,14133.7871771049,-2856.415771065,8046.73538003631,7348.18083785044,7887.45566388504,5031.03989282003,-1056.01190424854,-11959.1630553498
17508.8271020177,17555.9567806416,14766.7341385156,-2789.22264212599,8248.15883566316,8205.74866986253,8252.87834848638,5463.65570636039,-1054.91959649204,-12092.3010742812
18591.0046496912,18052.3172164685,15313.634335699,-2738.68288076953,8437.31847549033,9100.12931897712,8561.44188575445,5822.75900498492,-1053.55685522376,-12229.5582114836
19676.2581326719,18469.1948503314,15874.0031016795,-2595.19174865184,8733.83590560825,9890.32530004499,8683.26201770448,6088.07026905263,-1052.09692701862,-12381.1245812787
20714.3256040909,18778.3423971419,16297.0977231957,-2481.24467394616,9008.75372748728,10655.07260976,8719.08940281096,6237.8447288648,-1050.49926684363,-12540.4976682771
21649.1119326766,18955.6941186594,16638.8067511763,-2316.88736748302,9336.73151804094,11263.6864117006,8570.26859768343,6253.38123020041,-1048.69400293498,-12702.3128884589
22457.9561520506,19008.2315959086,16788.2509556367,-2219.98064027191,9605.96108955431,11805.2696269513,8355.54507080932,6135.5644305374,-1046.72543554497,-12872.6671653712
23122.2680892417,18947.5394788553,16786.2293571247,-2161.31012173069,9855.67284948462,12221.937886717,8047.20927633063,5885.89915459995,-1044.6573530401,-13061.6403242554
23618.6614921728,18791.1253513122,16617.0614442739,-2174.06390703832,10059.3880324593,12516.796275247,7689.26013438646,5515.19622734814,-1042.47718446645,-13275.929123964
23926.2774110728,18550.5273585608,16345.1523021985,-2205.37505636234,10264.6809840083,12621.5068400703,7245.75678755828,5040.38173119594,-1040.08958699418,-13510.1456273649
24056.2412933408,18262.2470871807,15924.3795912745,-2337.8674959061,10385.524526485,12632.9217776793,6838.92757151909,4501.06007561299,-1037.79498917651,-13761.1870115676
24023.3409439689,17952.1139654745,15425.4759681382,-2526.63799733631,10462.8377316052,12524.9946333839,6453.7676548895,3927.12965755319,-1035.50857897976,-14024.9843079213
23848.6917066816,17647.2881280086,14857.2698462571,-2790.01828175148,10467.3718491957,12348.3918313086,6146.98825263556,3356.96997088408,-1032.9280261773,-14290.3181571245
23572.2549971683,17377.8971634477,14421.1787466126,-2956.71841683511,10567.5391396521,11974.7362693606,5780.37843563994,2823.66001880483,-1029.9795881556,-14554.2371446428
23247.773929675,17168.4359284455,14067.5732593258,-3100.86266911974,10680.7335698267,11540.2259887653,5460.8879875358,2360.02531841607,-1026.81437108305,-14808.4106100294
22918.1796011377,17034.6468219883,13781.9806577721,-3252.66616421619,10779.98953415,11114.5466004221,5231.01382127266,1978.34765705647,-1023.64346656558,-15056.2991649318
22630.6316707314,16994.3746380816,13624.1445576887,-3370.2300803929,10901.5750576592,10708.417242848,5072.16021019822,1701.93012980531,-1020.63937022418,-15292.4445082763
22434.4332229517,17059.7210722774,13593.4553738835,-3466.26569839385,11036.9974846984,10379.5980247903,5004.88587411596,1538.62017572212,-1017.83771346296,-15521.1008965553
22332.9231186015,17190.151138523,13627.8750995433,-3562.27603897976,11157.3886920495,10160.3537629523,5017.58178287383,1455.30574389407,-1015.18066359969,-15734.8453946289
22341.8339809256,17364.3346074485,13734.9508598304,-3629.38374761811,11291.8661328541,10037.1321886449,5059.63281516777,1430.24906754967,-1012.83565942661,-15934.0855398988
22453.6100344743,17546.2397080994,13928.4607621096,-3617.7789459898,11499.744815499,9943.24636716212,5035.87604078723,1418.09709479744,-1010.61885181314,-16128.1426133019
22652.7533045545,17704.7527462179,14138.553936977,-3566.19880924084,11732.3403055651,9911.86066271872,4963.86010438205,1397.66129514121,-1008.55233627076,-16307.0914510766
22885.6450428862,17787.1622399789,14261.1934312839,-3525.96880869507,11933.1376779353,9945.73797161414,4847.2551687069,1321.28636001184,-1006.76939333673,-16465.8758799671
23088.2123313685,17741.9494762112,14269.1362999146,-3472.81317629664,12119.4732748901,9963.76866804784,4617.50581289059,1144.69263659395,-1004.97038843049,-16597.2568396173
23219.3724085465,17540.8848732303,14218.3277302607,-3322.55714296963,12370.7087501593,9845.64780990754,4167.16027459127,844.603131621635,-1003.01584847973,-16696.2817416086
23225.0459134267,17150.5373694002,14056.8826041078,-3093.6547652924,12655.1332434061,9569.01294603092,3494.50440200438,400.849636711979,-1000.89972398964,-16749.6877326882
23048.6493215759,16550.7401104134,13696.8575581204,-2853.88255229298,12907.0092231768,9143.06269100473,2645.1534798422,-208.72907245078,-998.57740739435,-16759.4691828641
22624.7917223074,15736.760267455,13256.8006877221,-2479.95957973289,13245.4513409701,8383.18369206734,1495.15223721493,-984.807342517956,-996.156689269951,-16721.5676099729
21932.4469806388,14733.059034188,12645.4720709044,-2087.58696328361,13553.153439546,7385.45761173792,186.069665287114,-1901.51729799649,-993.835929354872,-16634.5763321845
20942.0493585471,13547.2736034969,11877.6986130213,-1669.57499047557,13834.2791412991,6116.17122177067,-1278.60453327958,-2948.17952375516,-991.598995477375,-16495.453127252
19651.369324543,12217.486629166,10950.8769847613,-1266.60964440468,14057.1511750969,4604.66490466076,-2829.21779071626,-4095.82743512094,-989.553244785307,-16313.3140642869
18069.880606859,10782.4874400381,9911.86027862586,-870.627161412255,14230.3906820031,2851.82762684247,-4435.56553997844,-5306.19270139069,-987.662298013445,-16088.6801414288
16197.8653655003,9278.46554706186,8839.26362826366,-439.201918798216,14396.8207505776,814.974409266148,-6104.42540917229,-6543.6273279705,-986.070205656555,-15822.0928750324
14068.5634027723,7755.48537391065,7776.23021257894,20.7448386682731,14546.4913615728,-1462.88707260095,-7775.96510146261,-7755.22026279434,-984.959113800466,-15510.705636705
11756.7582476372,6277.38680380265,6719.91476324293,442.527959440274,14632.3343673124,-3860.19519822434,-9339.5666420589,-8897.03868261862,-984.619078549164,-15174.4254864213
9336.77520358939,4900.01521378853,5655.42348392788,755.408270139354,14593.8165467161,-6241.99283571868,-10678.7528255195,-9923.3445553802,-984.951492591956,-14823.3597691687
6868.30314815427,3665.52769408974,4610.77814626161,945.25045217187,14434.021705537,-8551.67137838865,-11754.4468324532,-10809.1963802813,-985.952821005962,-14474.7240743711
4431.32158414032,2631.26934329265,3637.88448166312,1006.61513837045,14169.3056297695,-10725.4039461662,-12525.4561870138,-11518.8410486434,-987.419900536995,-14150.110391936
2102.28797570527,1832.07783124213,2863.51482254588,1031.43699130376,13909.8290938902,-12796.9483970522,-13067.1585415153,-12035.7215502116,-989.407278867209,-13867.7993814537
-58.8757242558758,1296.34041205345,2358.27045546594,1061.93004341248,13714.6194705635,-14765.0497249838,-13409.8335886744,-12347.903545262,-991.554530164386,-13644.2439573154
-1976.53834275119,1055.48802831628,2145.45685698576,1089.96882866947,13598.3478634186,-16568.8717640147,-13536.8453929472,-12446.8765642778,-993.985557844865,-13502.364592594
-3614.01036707562,1112.83877591847,2188.92214026149,1076.08336434302,13530.5060111563,-18141.1783149781,-13414.3291719841,-12338.245807641,-996.66193674624,-13451.0845835595
-4951.23505158061,1458.08526734378,2422.58076679701,964.495499453234,13460.0209103741,-19410.6279694875,-13001.3076505631,-12036.8121511099,-999.372007532822,-13494.8974184537
-5952.19889150573,2094.95713212735,2903.47301336905,808.515881241702,13441.1363086204,-20395.3054269718,-12348.1494033387,-11539.633522097,-1001.97022684571,-13634.5906542244
-6600.45226713299,3002.95990138074,3597.09163201826,594.131730637515,13471.7584659253,-21076.6082172555,-11473.1960487418,-10879.0643181042,-1004.39748419722,-13882.024219485
-6915.04626035177,4148.39633446951,4493.53556576014,345.139231290645,13563.3449556631,-21485.2481049507,-10421.8055101294,-10076.6662788388,-1006.85688893579,-14225.0626133083
-6905.34175173665,5501.6536703976,5564.97896982179,63.3252994241891,13701.9809562519,-21616.6025166879,-9209.60709455362,-9146.28179512943,-1009.27980869933,-14647.935465527
-6594.46783585995,7038.26992395781,6716.94569927222,-321.324224685598,13819.2348154316,-21425.5497983039,-7792.81203848608,-8114.13626317167,-1011.84714701225,-15152.4061871295
-6001.97622723137,8732.07147755583,8018.0838537007,-713.98762385511,14005.3555471742,-21021.6184353056,-6287.57073051836,-7001.55835437347,-1014.28666090002,-15733.6298319293
-5133.53959043702,10562.8771523904,9468.25493321185,-1094.62221917855,14274.931185556,-20424.9497226567,-4728.53297982931,-5823.15519900786,-1016.47894666375,-16386.0323513983
-4033.2560151439,12482.9690288975,10994.2791930523,-1488.68983584518,14581.3128196423,-19632.8813082381,-3116.6562641967,-4605.34610004188,-1018.31247345186,-17088.3151289394
-2738.90910055126,14464.1429542432,12628.954936213,-1835.18801803018,14963.2883555064,-18721.9582107128,-1518.90615591838,-3354.09417394855,-1019.76075465519,-17818.2371281918
-1279.01647298119,16485.0461466412,14308.052777429,-2176.99336921223,15368.380220132,-17668.2570292344,95.8055903879537,-2081.18777882428,-1020.86033612129,-18566.2339254655
335.038672971267,18535.4513904724,15994.326586317,-2541.12480415538,15754.1656532758,-16440.5792170277,1759.83350047334,-781.291303682034,-1021.45223672326,-19316.7426941544
2068.20764905638,20587.2809408599,17717.320885271,-2869.96005558893,16159.0852433547,-15112.4733371943,3406.59995460919,536.639899020262,-1021.595742896,-20050.6410418396
3914.46520301568,22630.9272793277,19481.9213096205,-3149.00596970721,16584.7659753872,-13691.8182420138,5024.64383429829,1875.63786459108,-1021.51746964223,-20755.2894147366
5876.41159890992,24658.7269526739,21187.6680412783,-3471.05891139552,16930.660571399,-12075.3550409442,6706.96031281977,3235.90140142425,-1021.10606845512,-21422.8255512496
7952.13855143893,26660.0059148036,22867.8555638347,-3792.15035096883,17232.7737365109,-10301.1660398169,8406.70132354777,4614.55097257894,-1020.53085474494,-22045.4549422246
10167.8243542367,28650.7794278832,24548.0925086013,-4102.68691928189,17510.3023772354,-8362.22835491485,10120.7267187316,6018.03979944971,-1019.75033191618,-22632.7396284335
12522.616087896,30618.0745590917,26315.5064218995,-4302.56813719219,17858.7351023639,-6354.67723262344,11740.7812385723,7438.21310138009,-1018.55821815554,-23179.8614577116
15021.0935064747,32560.3428068413,28067.67001348,-4492.67279336136,18175.0633766092,-4171.17266178894,13368.0766385777,8875.40384521639,-1017.20279165442,-23684.938961625
17669.9367046726,34462.80158812,29844.9372665193,-4617.86432160068,18516.9799768562,-1862.76891057956,14930.0959728678,10312.2316512671,-1015.72563839597,-24150.5699368529
20449.1023909986,36288.1876732964,31598.5611816591,-4689.62649163731,18870.9301167321,564.032329405963,16403.1176117038,11713.4911200665,-1014.13994486049,-24574.69655323
23314.4157550162,37984.6422352941,33258.0957786268,-4726.54645666734,19214.3363077296,3087.77373536912,17758.000215647,13031.4537589797,-1012.30571191753,-24953.1884763144
26220.3796614435,39517.3658174822,34811.3429151561,-4706.02290232606,19561.2352711026,5648.92254421952,18945.9087002582,14239.8857979322,-1010.22184612137,-25277.48001955
29127.2528616256,40853.8798049765,36179.5945910953,-4674.2852138812,19866.7366190697,8252.35970718377,19978.9866505346,15304.7014366535,-1008.15653537214,-25549.178368323
32021.3488104121,41999.9543942384,37353.3023843325,-4646.65200990593,20132.4222622034,10882.748530459,20861.3541142853,16214.7021043794,-1006.17801774973,-25785.252289859
34879.0812265474,42938.1224389885,38319.7776023144,-4618.34483667409,20366.2432982831,13508.3717077254,21567.4129201665,16949.0680834925,-1004.46622053888,-25989.054355496
37668.2850520926,43662.8113623409,39153.6030283347,-4509.20833400618,20656.2099984299,16008.9367107251,22003.4630209733,17494.2546869671,-1003.13834293766,-26168.5566753737
40373.2070910201,44168.8687229996,39797.7771486684,-4371.09157433124,20962.3356121607,18408.7319475561,22204.3935795356,17833.3020052044,-1002.13953130335,-26335.5667177952
42927.0439634305,44432.4306219972,40247.1995511587,-4185.23107083847,21304.3293006772,20621.2808308558,22126.6674894224,17941.436418584,-1001.43383189754,-26490.9942034132
45277.7907307445,44446.3047478374,40371.1204302892,-4075.18431754821,21557.2832858054,22719.6101752661,21888.124192359,17812.9398748108,-1000.89726967304,-26633.3648730266
47361.2980850626,44195.079243793,40219.512669876,-3975.56657391708,21786.1985553539,24574.5672325507,21408.3483912811,17432.7818173641,-1000.532297158,-26762.297426429
49104.7634229499,43669.6186066787,39786.5440426164,-3883.07456406232,21980.8691703702,26123.6806806686,20688.5358643975,16805.4613003351,-1000.21357191103,-26864.1573063436
50482.0467106898,42883.5717241683,39138.1385920595,-3745.43313210886,22192.6919217741,27289.4090884552,19690.9341019337,15945.5009698248,-999.945700460502,-26938.0707543435
51498.3683055456,41876.7654810956,38323.9041355496,-3552.86134554606,22431.1198710771,28067.5114147407,18445.9085902907,14893.0472447446,-999.737019727855,-26983.718236351
52157.5426943814,40682.4156557088,37220.8811222931,-3461.5345334157,22558.467425307,28599.6218323838,17124.4947937112,13662.9602602955,-999.45343669058,-27019.4553954133
52464.349288675,39339.4469247354,35970.5277833967,-3368.91914133867,22675.8936090371,28789.4219193406,15664.5195554009,12295.6004140623,-999.033760297347,-27043.8465106731
52430.1608704008,37877.0384864893,34671.6784027243,-3205.36008376493,22851.9454676633,28579.886480698,14026.7640967865,10821.4040130216,-998.328922039438,-27055.6344734677
52114.6574309534,36340.1213117379,33279.4119930322,-3060.70931870564,23010.0376948427,28107.2206658421,12332.6845466265,9271.97522792089,-997.399070268622,-27068.146083817
51552.0972912455,34754.5942390057,31817.7536934509,-2936.8405455548,23151.8510100235,27403.8568686201,10606.3538163802,7669.51327082541,-996.389412601991,-27085.0809681803
50789.6843244667,33150.3812493014,30315.0400748372,-2835.3411744643,23282.7782058574,26511.4121069225,8872.10903175725,6036.76785729295,-995.494011686785,-27113.6133920085
49836.6369029697,31540.9666110696,28778.3806778571,-2762.58593321252,23399.3110832192,25442.5374929698,7146.86720106963,4384.28126785713,-994.788326780714,-27156.6853432125
48695.0997931149,29932.530985428,27221.575969097,-2710.95501633102,23511.5267808873,24189.1019840889,5426.53317640189,2715.57816007087,-994.471028138765,-27216.9528253571
47386.2762691578,28328.6085950432,25692.0257365509,-2636.58285849228,23647.8497440086,22743.7939674839,3686.12629336928,1049.543434877,-994.632557665282,-27279.0651601662
45922.2808990063,26730.159174057,24123.4185018109,-2606.74067224608,23745.491924582,21181.4237212707,1989.30199632138,-617.4386759247,-995.365253153656,-27347.5978499817
44294.4304500253,25135.0287952698,22638.8177275465,-2496.21106772329,23926.5086235185,19371.2306370333,211.828982277778,-2284.38208544551,-996.691189473592,-27419.4108807154
42496.7349921834,23537.9388157108,21101.5974296417,-2436.3413860691,24069.4070824053,17428.658639033,-1530.1375374396,-3966.47892350871,-998.669270745141,-27504.4177392195
40558.4839084434,21946.7545648151,19630.0658420197,-2316.68872279537,24292.1005937309,15265.343506505,-3346.38583712334,-5663.07455991871,-1001.0398082075,-27609.8291247338
38465.9767300406,20356.3755748826,18147.160975501,-2209.21459938164,24527.5780395246,12934.5778199799,-5175.02333517807,-7384.2379345597,-1003.82087053609,-27740.6135094423
36228.4543063818,18770.0905328184,16679.0701891779,-2091.02034364051,24800.0529663543,10421.4802083507,-7036.88356521274,-9127.90390885325,-1006.92113167692,-27897.9944416717
33827.9269245898,17190.0669093313,15252.4849581696,-1937.58195116171,25125.7050141651,7692.10506402872,-8945.75495122983,-10883.3369023915,-1010.11684639599,-28073.4038117228
31270.1406259664,15631.9417393699,13781.8933345876,-1850.04840478238,25396.7420390566,4860.01775080512,-10778.1811357914,-12628.2295405737,-1013.38083610467,-28260.1712799437
28562.1475140557,14128.36583897,12347.0525290928,-1781.31330987725,25662.6996705677,1882.86302552731,-12550.9186495584,-14332.2319594356,-1016.58481796071,-28460.5977984056
25728.90527841,12711.5947686818,10972.2412516582,-1739.35351702355,25915.0339226511,-1205.5804493495,-14222.8909590778,-15962.2444761013,-1019.45180510847,-28673.8392447831
22779.46391769,11409.1733557807,9619.93766090447,-1789.23569487625,26081.7893782655,-4324.26199101706,-15694.5525529264,-17483.7882478026,-1021.93653044153,-28892.9616035833
19762.1341379079,10263.1700762526,8401.11454581525,-1862.05553043738,26226.6550473132,-7488.61666642619,-16987.5807280814,-18849.6362585188,-1024.09575702086,-29112.8063347714
16745.9246242057,9309.61814312487,7332.07065272328,-1977.5474904016,26338.2050405455,-10618.1875070448,-18054.4939881256,-20032.0414785272,-1025.90709070499,-29341.6596216521
13763.5323919165,8558.10461837634,6440.81880965985,-2117.2858087165,26433.8418880802,-13697.6625370582,-18903.0903105984,-21020.3761193149,-1027.35304089456,-29578.4807376912
10848.35204701,8027.98088506978,5781.45057016264,-2246.53031490714,26543.4449998307,-16723.7546706727,-19544.1258326129,-21790.6561475201,-1028.66171785198,-29818.6370325899
8074.17947351842,7750.28662258946,5299.97220779994,-2450.31441478952,26578.8444871804,-19534.7152167593,-19858.6080676883,-22308.9224824778,-1030.05020309731,-30059.2091050673
5494.3279103388,7748.78298429912,5043.70915901135,-2705.07382528778,26556.4638966163,-22093.4023572175,-19838.9472832572,-22544.0211085449,-1031.26637093994,-30292.8040928441
3138.63638995218,8027.0707662661,5139.11865371296,-2887.95211255313,26599.5230590239,-24493.0359913382,-19604.6016150243,-22492.5537275774,-1032.14932226646,-30519.6244938435
1063.72624413915,8601.22978252409,5448.45695292904,-3152.77282959506,26558.070601724,-26527.1719683009,-18989.668429916,-22142.441259511,-1032.82761071608,-30743.6710420351
-703.430872354239,9463.45713598521,6046.98385610505,-3416.47327988016,26512.9772612979,-28249.6578877432,-18082.7698794037,-21499.2431592839,-1033.24975409101,-30962.7002952691
-2115.5767208285,10617.8397957123,7005.47245101372,-3612.36734469854,26517.0738354619,-29665.9943519163,-16932.5778353755,-20544.9451800741,-1033.34379562591,-31162.7849757863
-3166.36250949497,12045.0526810471,8372.20409090448,-3672.84859014263,26641.3736480742,-30841.0080592875,-15629.5928687455,-19302.4414588881,-1033.27190171832,-31347.4941399352
-3820.56490565325,13740.6997087797,10085.856192222,-3654.84351655772,26831.0861937077,-31684.8235215156,-14123.5589070827,-17778.4024236404,-1033.17242215459,-31519.1021324201
-4067.00921307331,15675.2688250632,12112.963980886,-3562.30484417723,27074.755871418,-32174.5366631983,-12432.2586250618,-15994.5634692391,-1032.77157870698,-31669.8322943023
-3863.93586462194,17840.7512622182,14382.1427368096,-3458.60852540861,27313.8853737994,-32210.0436374573,-10505.3565106172,-13963.9650360258,-1032.22239903603,-31804.716298244
-3233.21931948245,20197.8630938771,16929.669410184,-3268.19368369309,27623.8799384362,-31888.5164292127,-8457.4340158532,-11725.6276995463,-1031.41717129401,-31923.4907934233
-2202.91216034222,22701.1980175017,19670.6315860849,-3030.5664314168,27967.7979903839,-31201.0115662686,-6296.90138842468,-9327.46781984148,-1030.30141554246,-32028.6658373432
-788.787080380759,25310.577792403,22588.952209036,-2721.625583367,28361.2429351248,-30178.8960087331,-4079.53113594933,-6801.15671931633,-1028.86599322759,-32111.7345117194
1024.28280613069,28000.6470430837,25570.3908694359,-2430.25617364775,28718.8968696679,-28721.8725621251,-1745.50832517211,-4175.76449881986,-1027.25849858783,-32176.4115419035
3216.72326265124,30750.9437552191,28685.6481347201,-2065.29562049904,29138.6628800596,-26947.1957392707,587.024753297216,-1478.27086720183,-1025.25612186234,-32229.214622421
5796.0696525339,33555.6874820263,31822.8255175566,-1732.86196446966,29533.5044334422,-24760.3181433622,2999.29968613025,1266.4377216606,-1022.88336245384,-32289.2497603657
8747.68597957485,36378.5969157085,34912.010331424,-1466.58658428451,29875.6228068671,-22148.2634610521,5482.64747508151,4016.060890797,-1020.32663375987,-32362.5360249115
12050.6769618869,39166.2748425867,37876.8708790267,-1289.40396355998,30159.0373575849,-19126.0596043113,7989.53827638843,6700.13431282846,-1017.69920861339,-32466.1405297583
15657.73103329,41870.8230143791,40712.8172622557,-1158.0057521234,30439.4972954159,-15796.7747003322,10416.3172807569,9258.3115286335,-1015.00843820631,-32612.5114857456
19483.8276239355,44445.9489660434,43318.6609212155,-1127.28804482794,30676.9726658989,-12205.4917379905,12756.6296041174,11629.3415592894,-1012.34669602713,-32816.607406754
23482.4610887358,46871.871690817,45699.7334845374,-1172.13820627964,30918.5004625999,-8445.7662210377,14943.6443810435,13771.5061747639,-1009.72684717357,-33100.3655160532
27571.6482011195,49106.6137703046,47965.2723578519,-1141.34141245271,31322.1405345062,-4757.5345445787,16777.4310246064,15636.0896121537,-1007.04221119202,-33470.5241581509
31716.4730425109,51159.5635748834,50036.524840702,-1123.03873418139,31790.4856539827,-1078.42324241351,18364.6672899591,17241.6285557777,-1004.41063094167,-33917.9350191058
35860.0961758701,53015.3086566944,51912.7082741948,-1102.60038249965,32333.9990694411,2524.26838987209,19679.4808706964,18576.8804881968,-1001.82871655693,-34438.4281684977
39956.2718997799,54666.1195316014,53496.4344396672,-1169.68509193425,32838.6686783931,6118.41123421229,20828.2588660338,19658.5737740995,-999.191987174544,-35007.5457575019
43962.6391557079,56106.6795685814,54895.6133539237,-1211.06621465767,33407.9092501976,9558.30086068082,21702.3412735543,20491.2750588966,-996.429044829535,-35615.4045096848
47840.8665368206,57328.996639381,56056.5599622692,-1272.43667711177,33986.3828163705,12860.7035999028,22348.8337024632,21076.3970253514,-993.780120547362,-36252.5996140296
51540.548279279,58317.4831363368,56959.9213726018,-1357.56176373503,34568.9933460114,15979.9970849163,22756.931941974,21399.370178239,-991.557848351369,-36918.1129580978
55020.8865023414,59058.1853997377,57482.4160059489,-1575.76939378881,35045.9918690351,18985.0514010363,23022.3502984326,21446.5809046438,-989.843232269969,-37611.6044950939
58218.4336343412,59523.0419789534,57604.6227216832,-1918.41925727021,35431.4846721279,21798.2399471122,23102.8482917244,21184.4290344542,-988.709015101118,-38338.6129444992
61070.0373812253,59694.8148804994,57250.1132998549,-2444.70158064444,35671.1987773543,24411.1330775214,23035.9105767955,20591.2089961511,-987.705526349533,-39103.6058843483
63523.5556346354,59576.1140010834,56492.1842692231,-3083.92973186032,35831.9500043178,26704.9404769179,22757.4988433659,19673.5691115055,-986.665153399777,-39902.5448895779
65537.5191036227,59173.2738638144,55411.1458697815,-3762.12799403288,35966.4752482449,28585.6537358002,22221.4084959919,18459.280501959,-985.390119577622,-40713.9933618554
67083.3008546121,58495.1531383952,54075.6839536182,-4419.46918477693,36087.6291428946,30011.9558508948,21423.8081346779,17004.338949901,-983.715860822642,-41490.8141884942
68169.994711788,57578.8542340172,52822.4464178325,-4756.4078161847,36455.6191969124,30732.4846844615,20141.3442066908,15384.9363905061,-981.890830414005,-42193.9178435112
68821.7425009276,56463.4137384972,51562.9662047327,-4900.44753376454,36909.3765882173,30932.483686442,18574.1549240116,13673.7073902471,-979.882226268255,-42789.7063482501
69038.7789935506,55160.9341500634,50390.2674672604,-4770.66668280303,37518.9400660583,30541.8892393809,16664.0443958937,11893.3777130907,-977.949688111485,-43267.5564369728
68873.901315583,53715.1814741884,49156.1379490346,-4559.04352515378,38089.1615136344,29808.6704920782,14649.9506506836,10090.9071255298,-976.069309870409,-43624.2743486586
68349.1012764775,52141.642023501,47966.843767267,-4174.79825623406,38736.6465193628,28638.2292497224,12430.7699967459,8255.97174051185,-974.225507392306,-43885.6702829892
67473.3691424639,50454.5602388564,46716.4789277443,-3738.08131111208,39345.4798230882,27155.5478453504,10136.738941743,6398.65763063093,-972.341474025191,-44055.9026082255
66237.0051759068,48651.8807395573,45297.4929747346,-3354.38776482271,39789.0187759299,25477.3589817211,7892.23454537163,4537.84678054892,-970.627418255735,-44114.0339590084
64667.801371773,46760.6505690968,43762.458460347,-2998.1921087498,40108.2532021354,23590.3413644264,5683.19056175017,2684.99845300037,-969.206805211239,-44075.6521160965
62771.5648089704,44787.1467453224,42272.5965042358,-2514.55024108656,40442.6876610382,21360.7192906157,3376.30122696762,861.750985881065,-968.157857316569,-43925.3957594413
60596.8388012563,42769.2769413153,40826.0494984388,-1943.22744287661,40750.5594268884,18879.1172337297,1051.55537378868,-891.672069087934,-967.162140638292,-43660.9490104033
58156.4593438921,40727.0078864741,39411.2980861456,-1315.70980032853,40982.5663754218,16207.6539130717,-1221.79754434637,-2537.50734467491,-966.239055398676,-43264.515231149
55488.0002482877,38682.0087652886,38035.543506325,-646.465258963577,41129.0148045131,13393.9473152483,-3412.04416775084,-4058.50942671441,-965.038128526351,-42740.518192003
52631.4977259939,36652.1409298768,36667.3455243175,15.2045944406485,41147.6586130468,10520.190953336,-5459.16584278113,-5443.96124834049,-963.64815961114,-42096.1021782173
49636.1238044496,34670.329914608,35342.4265619756,672.096647367631,41060.1494426377,7614.0574979535,-7351.73639188819,-6679.63974452056,-961.916863858484,-41349.9696591285
46571.0662832929,32782.2184339045,34154.5074491977,1372.28901529315,40936.0351258883,4675.09285645028,-9113.75499293811,-7741.46597764496,-959.938300954325,-40523.6844115495
43505.991554735,31015.5309439501,33098.8642075153,2083.33326356521,40751.0030334714,1797.14026052187,-10693.320350263,-8609.98708669779,-957.848260741761,-39625.5180306479
40501.3666879884,29391.5493693051,32042.3251724934,2650.77580318825,40377.096277491,-831.486602836154,-11941.3039215194,-9290.52811833116,-955.757013333567,-38682.0774876363
37592.14079966,27919.7357690647,31036.4576534953,3116.72188443062,39873.4247416887,-3234.79518891535,-12907.2002195106,-9790.47833507996,-953.511246886564,-37710.2141041447
34806.7241323992,26602.5902465488,29962.5382729894,3359.94802644054,39149.8992953786,-5294.61450859985,-13498.7483944503,-10138.8003680097,-951.43934562053,-36741.3906145586
32165.4826157858,25440.5154507739,28974.0688951118,3533.55344433788,38384.9061512572,-7169.16438165363,-13894.1315466656,-10360.5781023277,-949.740846182289,-35801.0935531016
29703.6544454336,24449.5685852072,27983.9938840669,3534.42529885967,37505.7392643621,-8750.50324616845,-14004.5891063948,-10470.1638075351,-948.418427239929,-34919.7323927424
27461.3844777691,23650.2656956227,27123.233419235,3472.96772361224,36652.2848971436,-10138.5705690673,-13949.6893512137,-10476.7216276015,-947.670149692893,-34126.9873232242
25444.4836370323,23041.6477145064,26438.0191710199,3396.37145651353,35883.6988435138,-11386.4201127063,-13789.2560352323,-10392.8845787187,-947.204906224846,-33434.5322932251
23649.9980372578,22618.7081414265,25899.5429924829,3280.83485105647,35179.3136224293,-12476.3340552196,-13507.623951051,-10226.7890999945,-947.018470048178,-32845.497241421
22092.6231484279,22378.2845682532,25457.6835758965,3079.39900764326,34484.0686946153,-13338.7182172479,-13053.0567974225,-9973.65778977925,-947.272671060482,-32351.9423580325
20766.268977426,22299.7955125604,25043.7353056912,2743.93979313084,33757.4565930123,-13939.0346363611,-12405.5081012267,-9661.56830809584,-947.847020774703,-31961.3638206562
19641.6481812926,22360.8441100966,24563.0923203709,2202.24821027424,32934.5128278481,-14241.5783004123,-11522.3823716083,-9320.13416133403,-948.713653856811,-31680.9782714307
18692.9328477827,22547.0366766622,24235.1574702957,1688.12079363349,32252.5645858742,-14509.6096162982,-10655.5057874187,-8967.38499378522,-949.977878206714,-31514.4216704474
17904.7347423975,22849.8274185713,24146.9990838748,1297.17166530354,31798.4670522857,-14845.2739267153,-9900.18125054156,-8603.00958523802,-951.541616827118,-31452.8370038093
17277.1290316465,23267.2946123527,24067.0061885008,799.711576148126,31312.9982002639,-14988.8937985097,-8998.72821780361,-8199.01664165549,-953.024629892343,-31466.3112540082
16812.1130052075,23795.9305044471,23992.6126185208,196.682114073662,30814.373854266,-14956.5740880045,-7972.75658876492,-7776.07447469126,-954.313238946079,-31572.0049791384
16494.6022032331,24427.9578320121,24062.756005196,-365.201826816066,30449.3870903776,-14910.3224260457,-6976.9667972667,-7342.16862408277,-955.537538901143,-31770.1264560948
16323.8860211563,25176.524386315,24343.4713554678,-833.053030847229,30262.5856937267,-14895.225434116,-6042.58706895735,-6875.64009980458,-956.525761545607,-32052.1644861196
16291.6349051016,26035.8354244662,24835.4934027046,-1200.34202176163,30243.0228731744,-14908.6603269961,-5164.45980763147,-6364.8018293931,-957.27235892324,-32400.6372538593
16406.1946320601,27012.5871017256,25473.5589840077,-1539.02811771793,30320.9909916596,-14872.8533158597,-4266.4608461942,-5805.48896391213,-958.056956260219,-32818.0760656378
16678.3854564096,28116.508731871,26296.7483816199,-1819.76035025116,30531.5278534827,-14811.9721082192,-3373.84883275778,-5193.60918300894,-958.829711146094,-33310.11791488
17129.3618855694,29352.3586293204,27308.3966505085,-2043.96197881184,30851.2559050329,-14681.5798971404,-2458.58315338941,-4502.54513220124,-959.685877676848,-33854.9037615216
17773.1910311951,30719.2067342318,28580.4482685281,-2138.75846570373,31346.318387907,-14533.5491839857,-1587.53348094903,-3726.29194665276,-960.421827273856,-34445.4986808846
18631.5963116394,32214.9876124014,29961.8001671908,-2253.18744521059,31851.1159025903,-14180.5900763089,-597.198775546821,-2850.38622075742,-961.07048535787,-35065.3738331588
19723.9973231989,33836.238569795,31372.6277153312,-2463.61085446374,32300.5697463722,-13537.9022798578,574.338966738258,-1889.27188772549,-961.329856684539,-35725.5104575205
21059.2013979514,35570.149747339,32895.4755202404,-2674.67422709868,32785.0681175981,-12687.1497274329,1823.79862195476,-850.875605143912,-961.28300778619,-36421.025352483
22642.1965266874,37402.8779400177,34412.6326338534,-2990.24530616423,33198.6191569452,-11517.4370195333,3243.244393797,252.999087632768,-961.014389275407,-37149.8788523849
24465.0294000788,39310.5857970807,35967.5520017651,-3343.03379531563,33601.7434008008,-10097.5096125257,4748.04678447613,1405.0129891605,-960.795611803753,-37905.5728079202
26521.1458460744,41269.1074287749,37588.5858985882,-3680.52153018671,34053.6254040627,-8493.14554846007,6254.8160342404,2574.29450405369,-960.665990471779,-38694.8129247212
28791.8833205038,43248.1576548535,39307.3540751914,-3940.80357966215,34611.6769999499,-6780.04882284282,7676.22551150697,3735.42193184482,-960.255143396673,-39512.7357230087
31240.9823410418,45210.7735777622,40994.4058292823,-4216.36774847987,35173.0403908759,-4891.51501148443,9078.27622523592,4861.90847675605,-959.456961650384,-40348.8651010061
33826.3026472457,47122.9192733816,42622.5798496292,-4500.33942375242,35742.3801766125,-2874.34317895235,10422.2734471836,5921.93402343114,-958.265649585538,-41200.9852499505
36499.5809115998,48954.8600939996,44194.1645546389,-4760.69553936072,36349.1325432608,-806.529078801505,11648.7501035982,6888.05456423749,-956.977447140577,-42066.8055297621
39217.3821416094,50676.2676455669,45646.4454526451,-5029.8221929218,36949.0178341295,1312.31314152412,12771.1986454816,7741.37645255977,-956.05116595584,-42934.8911930071
41918.8841656392,52252.4302020073,47029.5348174513,-5222.89538455609,37603.0160632858,3360.5271606983,13694.0731970665,8471.17781251039,-955.340941655005,-43781.2523894969
44545.7396985526,53651.6706156816,48327.9498417906,-5323.72077389098,38311.3369716782,5279.62728224993,14385.5581993789,9061.83742548788,-954.775444624542,-44589.8331901937
47032.5401890666,54846.2733005327,49520.7778132075,-5325.49548732516,39056.0015385894,7022.39800393106,14836.1311153972,9510.63562807203,-954.140646546098,-45335.6376724607
49339.5924104757,55820.5049010424,50635.1220927724,-5185.38280826997,39854.1477774192,8532.0079764226,15012.9204669893,9827.53765871932,-953.436656633836,-45992.967242323
51450.2321593696,56575.8314839677,51716.0932911355,-4859.73819283225,40734.3716176839,9763.00992605813,14888.6092506563,10028.871057824,-952.850615627613,-46546.9604261437
53352.9992990757,57121.4769834938,52653.5904770897,-4467.88650640405,41549.4290509913,10851.3736961429,14619.851380561,10151.9648741569,-952.196551941541,-46969.5121093369
55054.8118925344,57476.5021975115,53476.9018566255,-3999.60034088601,42302.6580515869,11800.6445835069,14222.334888484,10222.734547598,-951.509257440665,-47253.7676499135
56558.3166516542,57646.0052518903,54239.6495572245,-3406.35569466573,43039.9931644036,12567.5678158302,13655.2564160662,10248.9007214005,-950.755671420414,-47397.1045304898
57874.9437251173,57644.3933767191,54884.902618314,-2759.49075840504,43693.6620677563,13231.287337914,13000.7369895158,10241.2462311108,-949.99431944704,-47403.1471456083
59017.0559354394,57479.6870602971,55318.7037010181,-2160.98335927902,44174.3348737558,13893.7425648445,12356.3736897022,10195.3903304232,-948.978496839093,-47284.2967298739
59986.7369892161,57157.0879770184,55522.2169429361,-1634.87103408226,44485.7943797322,14553.2346728399,11723.5856606422,10088.7146265599,-947.70793664399,-47068.3733504585
60790.6895234283,56684.7686004183,55646.8338065024,-1037.93479391581,44787.3811061549,15057.3038453587,10951.3829223486,9913.44812843281,-946.00457191472,-46771.3204719854
61433.8878540162,56070.2672612475,55637.9135727299,-432.353688517588,45019.6822966053,15470.272576161,10106.6519833924,9674.29829487479,-943.932981249829,-46395.9689663727
61914.6893278923,55317.4130701983,55526.9517316492,209.538661450882,45214.0408815719,15759.0588048386,9161.78254714456,9371.32120859545,-941.589641481833,-45946.0918616028
62216.0661523542,54418.7770530725,55207.8935696228,789.11651655025,45277.0746818584,16000.1156954383,8202.82659615654,8991.94311270679,-938.875775057614,-45426.8339403657
62332.3114987426,53377.754060711,54660.7222980431,1282.96823733205,45194.2031001929,16202.1356068201,7247.57816878853,8530.54640612058,-935.972791729619,-44847.2076545905
62267.7547342924,52204.7394540055,53963.5754249655,1758.83597096002,45046.9831377429,16287.7171420809,6224.70186179399,7983.53783275402,-933.054454468565,-44221.2016212515
62020.1629546604,50905.3836994325,53157.1580722079,2251.77437277541,44870.0641727635,16219.6525682751,5104.8733130473,7356.64768582271,-930.44621362169,-43548.7360136098
61570.0667864097,49470.5282601745,52176.3480764488,2705.8198162743,44594.9089429442,16047.0449032445,3947.50637700922,6653.32619328352,-928.112940221053,-42817.202066891
60921.440666466,47911.5609176994,51006.8420804482,3095.28116274878,44202.9514531461,15792.3343190661,2782.45457029957,5877.73573304836,-926.154894253761,-42033.8251846511
60089.4002336606,46247.7050512623,49718.8762189205,3471.17116765822,43747.6190794154,15417.068439057,1575.37325665877,5046.54442431699,-924.712715188127,-41201.1606269453
59083.1706306824,44490.3220596111,48373.9308655339,3883.60880592273,43291.1793928495,14868.3255492834,275.47697821213,4159.08578413486,-923.665688549515,-40331.2362754763
57902.1532703113,42645.479430886,46844.3874306483,4198.9079997623,42721.8546065216,14257.1908891797,-999.482950245531,3199.42504951677,-923.10777460994,-39446.0543813692
56552.9181927122,40734.7903096909,45247.0346908818,4512.24438119096,42140.874668172,13489.2719533588,-2328.85592966258,2183.38845152838,-922.771571181419,-38551.4018581625
55054.0278261213,38783.1995568512,43535.8405120069,4752.64095515569,41486.343817374,12645.0425707793,-3625.78569849086,1126.85525666483,-922.641437968063,-37656.3443001864
53418.2066892795,36808.8631932486,41780.1352414152,4971.27204816662,40822.70865955,11672.8378915146,-4936.50560451627,34.7664436503497,-922.660138214857,-36774.0967495982
51658.5718110121,34829.1830272585,40063.7114011005,5234.52837384199,40235.1685424738,10500.6222831287,-6328.7665006249,-1094.23812678291,-922.780985409626,-35923.4211540415
49799.5747304196,32874.2264775287,38377.6057325197,5503.37925499101,39701.0031419528,9175.54028258692,-7749.80797030395,-2246.42871531295,-923.031305879842,-35120.6551928416
47849.6274144853,30952.935588319,36653.440811421,5700.50522310203,39143.9223722606,7782.07854420916,-9114.61328195712,-3414.10805885508,-923.626498015521,-34367.0436471741
45812.5705778481,29078.5189883142,34943.043000847,5864.52401253277,38601.6815401667,6286.64978502232,-10447.4018045116,-4582.87779197878,-924.239252659123,-33661.396780293
43707.0090773599,27276.8010479219,33326.2032474766,6049.40219955463,38134.5444764003,4647.63081318089,-11782.577216257,-5733.17501670239,-924.833787778683,-33009.9760646243
41549.9888574701,25564.1064974822,31789.1847560646,6225.07825858241,37704.7990256692,2919.67518350767,-13066.2071764802,-6841.12891789782,-925.514648293161,-32405.23541538
39343.4404138215,23944.6398119207,30323.7352706875,6379.09545876686,37278.8502351308,1138.29383987135,-14260.5067620295,-7881.41130326264,-926.296338819369,-31826.0511151833
37096.9745476968,22427.3128862332,28921.2914880064,6493.97860177316,36820.718933487,-651.146709125508,-15320.8083705891,-8826.82976881593,-927.402323335314,-31254.1426550491
34825.651698381,21025.0763080528,27703.0842352923,6678.00792723948,36444.3072477169,-2547.17783984323,-16347.7532301714,-9669.74530293187,-928.522290507333,-30694.8216109847
32538.0542932348,19735.7154630736,26646.5925228926,6910.87705981897,36103.4809000761,-4495.04893935235,-17297.3877695136,-10386.5107096946,-929.622332511085,-30122.2261727682
30245.5586632556,18555.5115864885,25731.2643288706,7175.75274238208,35762.0518209423,-6447.38268118009,-18137.4297579472,-10961.6770155651,-930.889523493408,-29517.1886020537
27973.6259588767,17491.8534660876,24914.2365138427,7422.38304775511,35363.7883126553,-8322.52717952447,-18804.2996723136,-11381.9166245584,-932.364825745801,-28873.770090646
25734.2133802567,16546.0721722405,24137.5073901893,7591.43521794886,34850.4724744841,-10050.2370539011,-19238.3782619173,-11646.9430439685,-933.977959673713,-28193.015216209
23549.921761734,15721.5588216919,23443.5907286714,7722.0319069795,34255.8933953363,-11641.513446897,-19469.876386939,-11747.8444799595,-935.541813294629,-27469.4033016515
21440.2292034774,15014.2508195005,22750.3519663488,7736.10114684825,33516.3072760733,-13013.6103400221,-19439.5887239989,-11703.4875771506,-937.532267426062,-26717.7383966511
19424.0760924839,14426.0958695923,22030.6724304088,7604.57656081654,32602.5346349551,-14118.0267169931,-19116.0069398847,-11511.4303790681,-939.568174521862,-25937.5262486604
17531.8512409316,13965.0641294541,21406.8422452322,7441.77811577814,31635.9389897551,-15045.8086221249,-18612.5957336024,-11170.8176178243,-941.720873301385,-25135.8817472784
15788.2972312481,13636.4075010664,20811.2326448332,7174.82514376682,30554.9804756151,-15710.7103288371,-17862.6000590188,-10687.7749152519,-944.027084470061,-24324.1824163183
14232.416612098,13455.7985877656,20255.0711109237,6799.27252315807,29374.3651740749,-16088.2406800341,-16864.8587043665,-10065.5861812085,-946.292118057193,-23521.384768974
12874.4214858733,13414.8444378033,19804.7413633102,6389.89692550688,28178.4387144877,-16252.5002220769,-15712.0772701469,-9322.18034463998,-948.482993462557,-22737.0247824433
11747.3340025176,13517.8351114024,19401.2407017631,5883.40559036076,26923.1832407089,-16126.319474985,-14355.8183661001,-8472.41277573939,-950.470236793598,-21990.2478871418
10868.9802444595,13754.1489410539,19150.961678138,5396.81273708417,25737.5223335814,-15820.650275412,-12935.4815788176,-7538.66884173346,-952.108186290089,-21292.8177827873
10258.6015778095,14120.3849030306,19079.7086199106,4959.32371687995,24669.5517365356,-15364.4554745786,-11502.6721493574,-6543.34843247747,-953.505315852475,-20663.7333355081
9909.96507937974,14595.0913703001,19103.4631836654,4508.37181336529,23665.3959256439,-14710.2404496858,-10025.1141587655,-5516.74234540021,-954.809603421682,-20111.8337157003
9814.24456041017,15159.7538959293,19171.3067412257,4011.55284529637,22698.1450776198,-13839.693281741,-8494.18394622182,-4482.63110092545,-955.792764531399,-19642.3849968548
9961.78904394182,15797.8348586536,19241.2742940466,3443.43943539301,21749.3821640369,-12744.1793242111,-6908.13350949934,-3464.69407410633,-956.586204115964,-19262.5289327599
10330.206283674,16489.1415161181,19418.1508282768,2929.00931215864,20947.7110065581,-11574.6891922319,-5415.75395978781,-2486.74464762917,-957.184469347844,-18975.8861637473
10894.5502088544,17210.137485662,19542.9395866939,2332.8021010318,20154.2871513292,-10217.1046896185,-3901.51741281081,-1568.71531177901,-957.367747143644,-18778.8527974411
11624.6314341423,17942.0059194983,19652.9598480719,1710.95392857364,19425.9300444913,-8758.35809372448,-2440.98360836855,-730.029679794911,-957.059483375544,-18672.0355992932
12480.1387916736,18664.5841799,19809.3014562311,1144.71727633102,18826.4799796541,-7302.66873635109,-1118.22334812467,26.4939282063411,-956.327548370667,-18638.0902516937
13432.021192065,19365.8991763733,20040.1902526614,674.291076288065,18390.3497775975,-5913.55987620808,20.3181081002755,694.609184388339,-955.231290675538,-18671.289991985
14475.3327704589,20044.6609156571,20271.222386043,226.561470385946,18039.2646420056,-4517.72771238702,1051.60043281111,1278.16190319706,-953.795840840331,-18766.49901246
15564.8079825335,20672.2428248409,20556.9610427111,-115.28178212984,17843.0475691266,-3230.41915005407,1877.01569225339,1761.73391012355,-952.179563460971,-18910.5089147174
16673.27471015,21237.132688269,20883.5636593969,-353.569028872085,17771.6624148997,-2048.89133656041,2514.96664155854,2161.39761268645,-950.50363181074,-19075.7350755825
17777.1065914551,21730.5159644615,21180.5280139242,-549.987950537359,17752.9459264961,-924.553514182538,3028.85585882391,2478.86790828656,-948.714179141469,-19251.648056175
18865.4774689454,22152.6909403874,21382.3378733384,-770.353067049001,17727.6301020744,190.865736261926,3478.07920770389,2707.72614065489,-946.981630609154,-19444.9647997325
19922.6726727758,22500.885521656,21604.7334334671,-896.15208818884,17818.6175071444,1159.00497439633,3737.21782327652,2841.06573508769,-945.050191235104,-19659.8197865683
20925.675387316,22771.4200293595,21877.7219813615,-893.698047997961,18050.3119428197,1932.77868081758,3778.52332286101,2884.82527486305,-942.584763678726,-19886.5947544964
21858.1516337325,22961.6920915401,22156.1094293695,-805.582662170649,18356.5871162496,2561.88883336998,3665.42929117759,2859.84662900695,-939.675684112918,-20101.8454625332
22720.3756781325,23076.5564097346,22346.8981885058,-729.658221228768,18631.1549193738,3152.83049862431,3509.01123022635,2779.35300899759,-936.390260134464,-20297.203400737
23504.735237718,23118.2523618053,22497.9432642973,-620.309097507998,18925.5206269641,3646.04660641492,3259.56373050227,2639.25463299427,-933.168004338898,-20478.997728811
24200.0833000308,23083.0030294801,22601.334497935,-481.668531545163,19239.8240412631,4030.26502928118,2913.18475873052,2431.51622718535,-929.994229486546,-20651.4868022948
24786.8646056701,22965.6645308931,22720.0508510617,-245.613679831436,19631.037540465,4229.09811627736,2407.8980415004,2162.28436166897,-926.728948927684,-20803.3801692241
25257.2583681131,22769.3375613589,22756.9929801175,-12.3445812413486,19983.018052862,4351.00293761895,1863.08213086474,1850.73754962339,-923.237377632068,-20918.6000117355
25615.6064769883,22499.4675368905,22719.4786968236,220.011159933068,20298.3229140843,4397.5686683952,1281.42972829741,1501.44088823048,-919.714894508855,-20998.0266486601
25853.6551676138,22157.2833310446,22701.7108062124,544.42747516783,20663.9349572756,4273.27215089176,576.900314322559,1121.32778949039,-916.448059446416,-21035.9555415542
25962.8160377953,21746.3740786418,22630.6256442168,884.251565575065,20992.5139763524,4056.8425965997,-159.599362553811,724.652203021252,-913.459464843147,-21021.7218756205
25934.4530618306,21269.2397469351,22504.5554625416,1235.31571560645,21281.1974750471,3742.39684542026,-922.816469475172,312.499246131281,-910.858741363183,-20956.7405008039
25764.8011403521,20732.3915336632,22296.5070136589,1564.1154799957,21497.621428392,3358.3847795095,-1674.02482717941,-109.909347183713,-908.794932450593,-20842.3008808469
25458.8703861134,20143.6227927912,22102.2064795528,1958.58368676157,21728.7955423284,2822.99952765385,-2492.24806566839,-533.664378906824,-907.075316131157,-20677.287171698
25022.3655615204,19510.2990248506,21885.2382025798,2374.93917772918,21929.9173132791,2186.83357549771,-3325.23296117205,-950.293783442871,-905.614672743609,-20460.5928082935
24453.5979537956,18834.6904781281,21610.4540081869,2775.76353005884,22058.818028691,1490.60006114937,-4128.3074145181,-1352.54388445926,-904.179863955165,-20187.2343625874
23774.8713550065,18128.6543233783,21277.0697166393,3148.41539326102,22101.4327242459,770.133556788582,-4876.08347483964,-1727.66808157862,-903.305073972111,-19856.322404957
23009.5471524311,17410.8112154535,20894.3292098699,3483.51799441638,22053.7649537969,52.5524637735762,-5546.18347320404,-2062.66547878766,-903.229734860644,-19473.4766942411
22164.9070470797,16685.515332668,20502.8395678645,3817.3242351965,21957.5234013214,-696.749508720107,-6176.14122313181,-2358.81698793531,-904.133154478434,-19044.3323206033
21261.3956773613,15967.5054884779,20094.4567553654,4126.95126688752,21794.4451853298,-1438.90832669366,-6732.79851557707,-2605.84724868955,-905.858818725168,-18573.3527371674
20324.5105108983,15274.1692623558,19609.2608676724,4335.09160531661,21498.5730479174,-2082.34788955283,-7132.68913809536,-2797.59753277876,-908.285352533703,-18071.7667951345
19376.7464391307,14618.4615385674,19051.6292937083,4433.16775514096,21083.4439338364,-2618.0051881018,-7376.29008866519,-2943.12233352423,-911.307693396184,-17561.5838720916
18434.2929675579,14014.8943364701,18583.3532802746,4568.45894380455,20705.8483137064,-3186.53828345389,-7605.93691454171,-3037.47797073716,-914.982937305371,-17052.3723072072
17511.4664038913,13468.7781065692,18085.7237944512,4616.94568788194,20236.2687936126,-3643.86586492396,-7686.55416224604,-3069.6084743641,-919.063475202677,-16538.3865809333
16633.3897316699,12986.2648722343,17618.3404701796,4632.07559794537,19731.2360811867,-4021.52685091718,-7668.65171035287,-3036.57611240749,-923.680501400399,-16022.8409846418
15813.5989597016,12567.5556156185,17143.6422035025,4576.08658788396,19164.438531633,-4279.72744323076,-7525.77078731386,-2949.6841994299,-928.887871299442,-15517.2398150484
15066.3261935455,12219.001366348,16717.6312748257,4498.62990847768,18604.3093989524,-4472.5066815966,-7319.83150879408,-2821.2016003164,-934.523476189678,-15040.2029666644
14391.9952762004,11936.2901551488,16255.6620931362,4319.37193798743,17970.9474697669,-4519.09059537347,-6974.79571642515,-2655.42377843773,-940.138401807023,-14591.7139335865
13796.9151421245,11717.2450671253,15767.5287146637,4050.28364753843,17275.030725581,-4423.99237518682,-6503.66245018611,-2453.37880264768,-945.876791730373,-14170.6238697729
13285.854789007,11554.7943393146,15248.3584490367,3693.56410972207,16530.4406242456,-4196.29218168089,-5927.35263137329,-2233.78852165121,-951.706346442308,-13788.5828609658
12856.7919505733,11441.6221486688,14751.4349273497,3309.81277868095,15811.4105753541,-3912.00518845492,-5327.1749903594,-2017.36221167845,-957.386563674031,-13458.9843603472
12506.2353880277,11371.335770887,14252.6014101607,2881.26563927369,15096.9165091449,-3553.45894988529,-4688.35856702603,-1807.09292775234,-962.777828768136,-13178.4286986393
12220.0285904375,11331.3093149284,13764.6365912219,2433.32727629349,14407.0772982733,-3154.99308973688,-4043.71236524598,-1610.38508895249,-967.944381901096,-12941.6944038809
11987.1542690571,11314.252545761,13314.4702131102,2000.21766734923,13777.6997510163,-2763.26228617855,-3436.16400947465,-1435.94634212542,-972.716804219338,-12750.1988878864
11799.9312859197,11313.5673514288,12931.7471376898,1618.17978626105,13235.6295430582,-2412.63044177074,-2898.99437626169,-1280.81459000065,-976.932184632221,-12594.3819414294
11649.7631133652,11323.1049485507,12600.1232258631,1277.01827731239,12759.9133895795,-2090.65896719535,-2417.31713200991,-1140.29885469752,-980.508690981106,-12463.4038032482
11534.0328507944,11344.8336293806,12386.3048443778,1041.47121499723,12406.8220118995,-1856.49464432021,-2045.69386573405,-1004.22265073682,-983.705483215183,-12349.0562801174
11437.9235710459,11369.9155756925,12197.4091188096,827.49354311717,12079.4632998353,-1627.88668922708,-1695.89468458044,-868.401141463266,-986.346960437619,-12238.3167171557
11358.5111336159,11400.0766709567,12103.0449537028,702.96828274605,11836.6335641653,-1466.64551361211,-1425.07997627128,-722.111693525233,-988.523083062747,-12122.1883644819
11292.0302464861,11430.4910199656,11970.3967987692,539.905778803643,11557.203660333,-1255.31712017509,-1116.85634669554,-576.9505678919,-990.143706328158,-12007.4415878575
11233.6287554345,11459.1128669983,11805.21708822,346.104221221666,11258.1300871602,-1015.34405730652,-789.859945742647,-443.755724520978,-990.842725580753,-11902.8685915193
11176.0247461103,11487.5047428239,11597.7885371666,110.283794342621,10927.1943764052,-741.845025113442,-430.365028399846,-320.081234057223,-990.67539481862,-11807.5859768811
11125.0739184143,11518.8133109702,11381.1662002613,-137.647110708926,10595.4633025641,-460.134508368055,-66.3951158121254,-204.042226521051,-989.745124218209,-11722.8555374912
11074.3204820825,11548.5558452274,11122.2435196686,-426.312325558876,10239.4139153297,-153.051016887136,321.184346257796,-105.127979301084,-987.9575836399,-11653.6838245285
11028.7499121184,11582.3146532027,10938.2141132055,-644.100539997185,9971.50548802767,72.2744610291617,625.839202113521,-18.2613378836671,-984.969963061528,-11600.5759910864
10979.1692702784,11616.2443873008,10889.0213247001,-727.223062600662,9854.08482042622,143.962736292677,781.037853315095,53.8147907144287,-981.121713559454,-11562.4295965863
10929.3944485406,11649.0326576872,10892.934705385,-756.097952302142,9799.56003931324,153.497479372498,873.135688519065,117.037736216925,-976.336929854864,-11531.9949214702
10874.8164866052,11681.9849171917,10829.1634175563,-852.821499635386,9683.6589359853,220.50014163527,1027.66857222171,174.847072586321,-970.657408984681,-11507.1378446054
10818.7105014439,11718.4155794412,10781.8306223222,-936.584957118969,9600.9152603965,253.593103005768,1153.29818100302,216.713223884055,-964.202138041636,-11501.7023555571
10756.3422908226,11756.679982047,10749.7780423043,-1006.90193974272,9551.05489076345,248.087040098928,1248.42473132333,241.522791580609,-957.200359960248,-11515.1571904664
10696.3283144512,11809.3408266275,10717.7916678441,-1091.54915878342,9500.73698042647,245.728983714019,1358.74149589032,267.192337106895,-949.862350310728,-11542.1484895206
10652.6757972721,11885.1113729835,10753.26470506,-1131.84666792352,9508.40017719814,201.81933828251,1434.25491399389,302.408246070369,-942.456281791462,-11582.7031269131
10632.2650361052,11988.2591721626,10845.7600520799,-1142.4991200827,9563.86666951384,133.289175497026,1489.28331155444,346.784191471746,-935.10919109428,-11641.4749806908
10639.2325323639,12115.9710811746,10985.5076443516,-1130.463436823,9647.03230845184,64.289854926461,1541.02840373717,410.564966914158,-927.910368985641,-11705.4061142605
10684.6038971507,12269.9565863751,11187.4505475779,-1082.50603879717,9782.47801075303,-18.8841150106187,1566.46857421378,483.962535416614,-921.01000140826,-11785.9940509585
10775.2563007519,12451.9073663934,11465.4134423484,-986.493924044964,9980.93998410992,-119.963287835922,1556.68777780558,570.193853760618,-914.279604477878,-11881.7135126328
10920.80776949,12668.7982139458,11762.0290865151,-906.769127430694,10187.0205850761,-173.960952969025,1574.02949148678,667.26036405608,-907.748137382981,-12001.5378498897
11113.9833168524,12912.6139609383,12045.7771848123,-866.836776126025,10374.5100353054,-162.199588711311,1636.43105537455,769.594279248524,-901.672870258358,-12143.0196816898
11349.9705275437,13171.8124618793,12263.7263891338,-908.086072745483,10507.292619841,-53.3080088895749,1768.53392544604,860.447852700555,-895.985916592273,-12311.3646091787
11622.9607521062,13448.6845080181,12434.5081733686,-1014.1763346495,10614.1140950035,118.269818407183,1943.99357431911,929.817239669608,-890.576838695525,-12518.8672683485
11930.1231508312,13740.5843674039,12667.9458985135,-1072.63846889037,10809.4313369167,235.19848158124,2045.65969815393,973.021229263555,-885.493332333303,-12767.5631381404
12258.0758417598,14046.1523154549,12944.3160076108,-1101.8363078441,11067.8027168206,309.59841271963,2097.67488641479,995.838578570687,-880.674712219536,-13050.3137368842
12597.5200478333,14360.0129180057,13244.8239130977,-1115.18900490803,11363.3618725566,357.941869922454,2120.43474009488,1005.24573518685,-876.216305354236,-13354.7671828189
12946.9492616509,14684.1716757117,13568.5553177687,-1115.61635794298,11687.6563308417,387.197782880531,2124.42019694133,1008.80383899835,-872.095147928614,-13675.3678367133
13297.1880717108,15008.421739744,13913.0909280836,-1095.3308116604,12042.3516624887,386.617815800495,2097.85148383366,1002.52067217325,-868.218593421666,-14005.9010675708
13656.7147886271,15343.6861567285,14309.4528154883,-1034.23334124014,12447.6861872465,344.555034465519,2031.52640256689,997.293061326748,-864.473566915072,-14346.3930954017
14023.5569505691,15686.9222030492,14682.8901669856,-1004.03203606361,12829.2625838757,333.481679402022,1996.84693188215,992.81489581854,-860.812687291426,-14694.1073072307
14401.6585190279,16037.5926216887,15063.5251058563,-974.067515832432,13208.4286806469,336.117400144188,1972.05150280505,997.983986972614,-857.112438236789,-15039.6086347161
14792.8071464193,16393.3741293061,15395.9135912584,-997.460538047736,13535.6285658461,403.445047119569,2004.01203000636,1006.55149195862,-853.733533453594,-15386.8226373474
15205.9731633469,16757.300219635,15695.4805836362,-1061.81963599881,13828.0845408581,527.048979592464,2078.37603588055,1016.55639988174,-850.839642896349,-15740.7438197532
15636.7085053576,17125.2274932013,15990.2313198531,-1134.99617334817,14118.1777968154,670.138087868033,2158.65707571171,1023.66090236353,-848.392620674196,-16101.5665908378
16073.0696760124,17486.3741311968,16248.5033487884,-1237.87078240841,14379.4992748534,846.99691281404,2260.30136799851,1022.4305855901,-846.573488344959,-16463.9435456067
16504.8559921569,17836.7878889145,16479.9175625906,-1356.87032632395,14634.8451849961,1024.69379866886,2356.62569542652,999.755369102571,-845.317008491922,-16837.032519812
16926.1214839054,18171.7042554609,16778.4077613292,-1393.29649413169,14974.7195518016,1106.84290709861,2352.42567865409,959.129184522403,-844.559025005252,-17212.5750709385
17320.0855333498,18479.8379659064,17063.3405045398,-1416.49746136656,15321.0907552066,1154.76483795261,2314.51727050925,898.019809142685,-844.229940190538,-17581.8181567637
17676.6136019227,18753.9506671422,17296.542409713,-1457.40825742917,15632.9372687899,1199.15939960414,2276.49646482363,819.088207394456,-844.516933528679,-17934.8624597477
17978.4060397413,18988.6582292027,17437.0411929734,-1551.61703622933,15866.4413428073,1266.87204709512,2277.12423655658,725.507200327246,-845.0926498388,-18263.1510288755
18224.385870275,19183.4108242578,17605.139300021,-1578.27152423677,16141.3552608315,1236.8194980382,2195.84445202098,617.572927784221,-846.211111405286,-18565.8378964735
18407.5874533047,19342.8327046913,17739.7881752585,-1603.04452943275,16378.3574345019,1181.36448273573,2116.60973412236,513.565204689605,-847.865536067007,-18829.2675000017
18527.7770460227,19466.1365978861,17879.6342813122,-1586.50231657387,16600.5303349984,1076.98149201208,2015.34104387546,428.838727301594,-850.265219012244,-19037.2978705845
18594.220336837,19556.7234379675,18048.004594927,-1508.71884304055,16825.5322868464,915.296786699135,1877.79988782966,369.081044789112,-853.39126329149,-19187.6423931784
18614.4008619211,19614.4999682234,18223.2591498691,-1391.24081835424,17042.5792802905,714.727188787132,1714.82629508934,323.585476735106,-857.094392843551,-19290.9144914882
18595.7275492838,19646.4158615791,18370.9574171881,-1275.45844439104,17200.9303712542,533.681631106412,1584.36994340177,308.911499010739,-861.115546923188,-19337.5043625684
18550.1157385514,19657.2931592056,18541.4217595002,-1115.87139970543,17351.8410564408,332.743992715182,1439.92141336944,324.05001366401,-865.530689395409,-19333.2431455416
18485.3328964194,19646.9407126826,18712.4133851052,-934.527327577425,17474.7396787609,140.272912692388,1301.88072895561,367.353401378181,-870.32030496618,-19279.5873113045
18405.4577878882,19614.4510506525,18906.3989109853,-708.052139667184,17597.2646521972,-67.4377890622861,1141.55547370202,433.503334034847,-875.630924753303,-19180.9477166177
18341.3706878536,19577.053926286,19055.1168165414,-521.937109744684,17629.4617882176,-169.109297852281,1066.57394058012,544.636830835442,-881.018197488284,-19032.4170954506
18301.1691247184,19539.2416291294,19098.3183916889,-440.923237440529,17521.022972807,-106.329121009534,1131.74338340154,690.820145961012,-886.475272920913,-18848.4214831684
18292.0148413181,19499.7549400763,19070.8880304357,-428.866909640561,17320.1521468012,80.0968991842481,1287.8369979424,858.97008830184,-891.765795332714,-18640.7848517745
18317.887603386,19456.3072001035,19043.9694577101,-412.337742393428,17104.3870676527,316.413149818804,1454.83274653632,1042.49500414289,-897.087385914461,-18413.8121959606
18381.6022353692,19405.3701451724,18997.5847774133,-407.78536775909,16864.6637722924,614.2438170567,1638.01172685994,1230.22635910085,-902.694646020064,-18175.1437860716
18475.8429018265,19345.9618181051,18861.3883319379,-484.57348616718,16537.646043808,1029.90138146313,1900.02029774173,1415.44681157455,-908.295476555342,-17930.5150065305
18601.3332081686,19276.3803577535,18611.1401499486,-665.240207804938,16122.1509209305,1565.43337976469,2240.4805293496,1575.24032154467,-913.748907473449,-17701.1400362089
18743.0250045919,19186.7767939426,18369.1839378452,-817.592856097339,15759.4937954306,2064.27653589246,2508.02832524317,1690.43546914583,-919.254673268743,-17496.3413247967
18884.8891232715,19071.0742609588,18113.2741406381,-957.800120320732,15448.813238557,2511.51483008185,2697.69996776915,1739.89984744842,-924.561054632625,-17331.1744135104
19011.1994811995,18931.1093979659,17856.0984024334,-1075.01099553248,15201.8712592327,2880.13404660562,2800.04396337205,1725.03296783956,-929.194175361199,-17206.0764301263
19119.5671488242,18773.2030329066,17605.555013459,-1167.64801944757,15022.1724786379,3164.12162451072,2817.75750859306,1650.1094891455,-933.273045675606,-17123.0935437611
19187.0222909678,18590.7749928343,17354.9167170561,-1235.85827577827,14896.1102430372,3354.42575544998,2758.17845731649,1522.32018153823,-936.486292480638,-17068.4548112961
19200.9109116527,18381.1119929035,17103.0427789105,-1278.06921399304,14824.2998051273,3437.65900768789,2617.86008893863,1339.79087494558,-938.952098837549,-17041.3211179579
19160.4901041392,18153.9687254847,16808.3722546203,-1345.59647086441,14756.1099099386,3464.08222052056,2457.56084186608,1111.96437100168,-940.297973679982,-17042.004354483
19062.8220082565,17916.9588647672,16506.9215411268,-1410.03732364035,14715.1681718223,3406.9156788652,2261.05253537589,851.015211735541,-940.738157568991,-17065.9436530317
18911.049145362,17676.3364569619,16163.0857467355,-1513.2507102264,14652.465064202,3317.91317041189,2083.2004820117,569.949771785304,-940.670910748174,-17106.3866851765
18710.5363552713,17441.6650410547,15822.9840566307,-1618.68098442402,14605.7574932544,3164.81458106328,1895.94326684669,277.262282422667,-939.964280953607,-17164.402758632
18471.5803440118,17221.0249658064,15600.7975607855,-1620.22740502092,14675.7195667775,2857.48088282742,1606.92550462206,-13.301900398865,-938.379894406803,-17234.3268662053
18204.4770334586,17021.617528828,15512.6807372195,-1508.93679160851,14859.4323742748,2409.10687628278,1226.24737165224,-282.689419956275,-935.937782900952,-17304.3069487843
17911.5436594679,16841.3723095799,15445.7775810064,-1395.59472857351,15053.3975407323,1925.49770324704,855.326353359027,-540.268375214489,-932.648415488602,-17381.6406847944
17601.177960156,16692.7036067834,15445.6061713729,-1247.09743541048,15289.1639458043,1383.3461379297,474.8717845571,-772.22565085338,-928.667876422017,-17464.9292576368
17280.1479058043,16578.4143476979,15511.0587253329,-1067.35562236503,15547.8124128372,808.117443542924,106.383885436523,-960.971736928502,-924.218049424194,-17539.3860846264
16953.1704748261,16497.197969116,15686.247753256,-810.950215860007,15871.0050387767,162.658985356006,-293.313520354099,-1104.26373621411,-919.506450693415,-17601.4617053301
16635.8588539808,16455.5536203265,15870.9032521152,-584.650368211273,16142.2168250444,-420.777355447484,-601.082589101828,-1185.73295731311,-914.419384383954,-17641.2865776396
16339.7511544089,16455.8500747431,16105.7179936605,-350.132081082544,16410.9555501586,-980.277102432755,-864.178182098599,-1214.31026318115,-909.072706683073,-17670.1603379242
16070.5121823855,16501.9263529183,16295.7686825946,-206.157670323648,16579.7557844451,-1412.73100826188,-981.31683772911,-1187.47450805276,-903.487406202229,-17689.400860971
15835.0100132333,16590.8077870533,16525.2418638747,-65.5659231786311,16730.7444021775,-1793.34546512116,-1037.54769130113,-1103.11361447976,-897.611076176944,-17693.9214015331
15642.0401434584,16722.0380768973,16774.2018639419,52.1637870446398,16840.2788632871,-2089.83403194104,-1009.83609850219,-957.672311457555,-891.595312112352,-17679.7103883548
15496.7556581118,16888.7316717556,17061.0669176675,172.335245911964,16939.8952211831,-2328.74352652383,-936.767512880016,-764.432266968059,-885.60396345251,-17653.1639387236
15404.0713105369,17083.1648572665,17233.7929024463,150.628045179861,16890.9079089238,-2366.73946972959,-687.645923000011,-537.017877820154,-879.902871342741,-17620.1827350866
15364.0788643949,17297.8409412459,17326.1131617053,28.2722204592983,16740.3469257066,-2250.84077565966,-317.078698808624,-288.806478349331,-874.572714348004,-17586.6474195953
15395.9310842735,17543.7722501941,17442.0283531371,-101.743897056976,16587.000607328,-2060.71267518312,87.1284907374312,-14.6154063195526,-869.643152128616,-17558.3876565136
15488.5263640089,17806.6199397656,17628.0849049489,-178.535034816721,16482.7253150973,-1859.30982519225,458.783750564382,280.248715747655,-865.110874103849,-17526.3712240179
15645.2142307487,18077.0044389019,17800.3135403695,-276.690898532378,16345.7893626043,-1561.68388292967,870.106325223516,593.415426691138,-861.108751074027,-17483.5890122107
15865.8280322441,18347.5290606036,17988.4169135989,-359.112147004677,16222.0340182884,-1213.58497981755,1268.11604854194,909.003901537253,-857.378993773282,-17438.5251590663
16156.7705480964,18623.0095647711,18181.3975914822,-441.611973288903,16099.2630975855,-796.458778174616,1669.78023850008,1228.16826521117,-853.96622868555,-17394.8412995599
16505.0011784043,18892.7867088841,18329.0431076338,-563.743601250359,15937.4549894387,-283.334086872057,2104.45144360775,1540.70784235739,-850.880275837689,-17352.0788665267
16914.6665429562,19154.7858788521,18383.4910448908,-771.294833961258,15696.860262935,369.613186985954,2609.7325228819,1838.43768892064,-848.193093035256,-17316.3481899315
17379.058660536,19400.3259495789,18498.3836193595,-901.942330219361,15542.0351810324,990.762098485591,3012.02938752842,2110.08705730905,-846.261381018035,-17290.2388922698
17884.3703428893,19620.7418693269,18715.0474180256,-905.694451301286,15519.4694772757,1520.1836408744,3256.55516731204,2350.86071601075,-844.717224739202,-17269.8811533161
18411.6417473896,19808.180068942,18882.110171194,-926.069897748005,15484.293426852,2083.75019580559,3480.28851735797,2554.21861960995,-843.598124732066,-17253.961449332
18959.0878507186,19963.6803770808,19012.5857336183,-951.094643462422,15462.4914307787,2653.7103201397,3658.30284650185,2707.20820303943,-842.886099800212,-17256.4721740413
19502.1898848812,20074.0952693593,19095.6225702355,-978.472699123806,15463.9779363094,3195.88638710405,3767.79177158216,2789.31907245835,-842.325561467811,-17284.776196901
20021.9980755798,20137.0939161463,19176.4863180129,-960.607598133387,15533.2928848861,3646.61133392947,3761.70717449603,2801.09957636264,-842.093856764222,-17335.9943397837
20499.7490199584,20151.6336245344,19173.8308538423,-977.802770692048,15575.4973659575,4082.03053858448,3733.91514316053,2756.11237246848,-842.22111541637,-17395.5212520659
20930.6824084031,20118.1525350077,19112.5717875635,-1005.58074744426,15610.6801673941,4477.15430380606,3664.62443041072,2659.04368296646,-842.847937202882,-17459.1088520413
21303.1913710687,20032.4017889975,19068.1910802006,-964.210708796909,15715.3174911179,4743.98782348529,3473.1982414141,2508.98753261718,-843.886056465469,-17523.4142563803
21611.8359236467,19895.3701894401,19010.3954116166,-884.974777823471,15846.9942562942,4919.39870012211,3202.93296591549,2317.95818809201,-845.442967230393,-17577.4120013481
21839.1205706696,19701.4089211943,18872.6987806728,-828.710140521517,15932.4101849614,5059.24938550817,2921.5377360329,2092.82759551138,-847.461000200054,-17608.581325683
21992.312692598,19463.0742113925,18703.9331418319,-759.141069560533,16016.2180562342,5126.3112853738,2597.07280416827,1837.93173460774,-849.783350989966,-17625.1424767847
22066.0839428048,19178.7033244179,18504.2651868055,-674.438137612432,16099.7073779315,5113.98271905682,2226.60210066994,1552.1639630575,-852.393845816545,-17626.5393613604
22053.4330602281,18852.008798531,18241.2821759312,-610.726622599856,16147.3822277781,5050.70575340604,1849.28149170892,1238.55486910906,-855.345079044,-17613.453929422
21952.5194873564,18482.8931113925,17968.791806083,-514.101305309432,16205.5191397324,4888.55541485437,1418.92903889043,904.827733580991,-858.444932769609,-17578.0653778115
21769.5609012205,18083.8383172378,17675.2018749774,-408.636442260412,16244.0309887405,4664.0047143778,978.282130395089,569.645688134676,-861.525198102193,-17514.1926291032
21511.4520967332,17662.0872010749,17369.814511428,-292.272689646925,16261.1032084804,4385.83856505188,536.473669393576,244.20097974665,-864.510323200934,-17417.8862213283
21184.3436767528,17221.9420498063,16956.3267807023,-265.615269103986,16163.7580221639,4153.45002009516,191.048393148618,-74.5668759553651,-867.13563449379,-17296.5089257616
20784.3272885699,16762.8853213164,16540.9654558729,-221.9198654435,16065.5319005069,3849.16420117982,-172.277766073739,-394.197631517234,-869.63118688327,-17157.0829528336
20312.2535576345,16288.2077464893,16199.1810026315,-89.0267438577817,16031.2729351304,3409.50395478369,-614.541856361529,-703.56860021931,-871.476667720401,-16991.7763467086
19798.2600497762,15819.3641147052,15859.6460446812,40.2819299759461,15966.338160592,2958.96120720813,-1019.9347278628,-979.652797886857,-872.960681976037,-16799.0169125921
19245.8257824517,15350.4155499545,15470.178109227,119.762559272535,15835.8203661908,2535.83838390657,-1359.57184859064,-1239.80928931811,-874.167032354275,-16590.2248392726
18651.8081487313,14879.1327440875,15014.8185626494,135.685818561889,15626.5548543266,2149.90104001361,-1622.77436463012,-1487.08854606823,-875.352254391032,-16366.2212901558
18024.9247775473,14411.7296036007,14647.8328249847,236.103221383953,15494.0908905332,1654.2357976174,-1958.95937632914,-1722.85615494519,-876.598089396673,-16134.5857585459
17367.7458453043,13952.9103632889,14374.3185328245,421.408169535583,15431.5613577515,1058.21289662033,-2356.6225853951,-1935.21441585952,-877.971590932479,-15888.1247791484
16681.0149004075,13500.2432764285,14056.9300762518,556.686799823345,15315.7882213436,485.871700610774,-2694.8999233683,-2138.21312354496,-879.354978453197,-15638.4563999734
15971.4548289585,13062.1055238074,13736.3688915675,674.263367760114,15186.2458982082,-95.7098851341209,-3005.05919028528,-2330.79582252517,-880.918815884436,-15392.9013463325
15248.9567948277,12646.3249985413,13545.397438925,899.072440383655,15165.3874914609,-798.766122288563,-3401.39791857493,-2502.32547819128,-882.33542565534,-15148.6504767326
14519.2347612659,12259.9618004681,13323.8089510437,1063.84715057555,15081.5718212701,-1445.8442131983,-3705.11717399609,-2641.27002342053,-883.507153194103,-14901.2318238887
13798.8245710507,11911.1432466007,13044.8029903367,1133.65974373593,14901.6475036008,-1987.1156767322,-3874.79700118212,-2741.13725744619,-884.292744182012,-14652.2805040469
13103.0954054235,11603.0707181564,12812.8739938762,1209.80327571973,14729.9303783474,-2511.43667741308,-4011.46136468013,-2801.6580889604,-884.601704489224,-14404.7288071168
12437.1079332105,11339.4039131559,12561.2231565459,1221.81924339005,14498.1909294392,-2945.58071305408,-4043.28473310872,-2821.46548971867,-884.497716825399,-14160.8694028745
11814.6352776454,11129.1562480005,12287.0326759142,1157.87642791375,14204.722682663,-3274.41582893439,-3959.89485857938,-2802.01843066563,-884.328423916785,-13931.1746786661
11241.8339918217,10976.331943051,12096.3261238291,1119.9941807781,13951.7206752091,-3593.96223412258,-3859.46428289328,-2739.47010211519,-884.075550735134,-13715.8020451662
10732.4646654025,10889.8003985277,11972.1646600699,1082.36426154223,13712.5667663484,-3863.68406394321,-3706.34833081799,-2623.98406927575,-883.581962997284,-13513.7844678034
10295.3507882687,10867.6292985178,11851.9526813408,984.323382823041,13420.8233175522,-4008.30505755341,-3436.02654730426,-2451.70316448122,-882.832528269873,-13319.332462999
9942.2079239316,10912.0925372655,11722.0887719898,809.996234724365,13064.1137344968,-4003.81890579801,-3033.93429246416,-2223.93805773979,-881.913095232824,-13136.0305950052
9666.73978503557,11011.0149217542,11595.9736663136,584.95874455945,12678.8322142283,-3892.76592242374,-2548.49078570513,-1963.53204114567,-880.673493231038,-12974.5469628998
9478.46296302011,11166.897682619,11599.2753724798,432.377689860862,12388.7945570639,-3789.4934484982,-2101.05872889931,-1668.68103903845,-879.161854454455,-12835.5787216574
9376.72662506269,11374.9998721645,11528.2428090877,153.242936923219,11993.2900243477,-3494.03209621735,-1495.75884911559,-1342.51591219238,-877.46869693237,-12717.5157843568
9364.30711003962,11627.8867174358,11616.6427616313,-11.2439558045378,11723.8155731499,-3235.01737743722,-971.437770040999,-982.681725845541,-875.508914326956,-12610.5684432814
9430.24439188867,11911.9518489221,11796.2262872947,-115.725561627391,11525.3401889614,-2968.56314137383,-486.85568434036,-602.581245967754,-873.467344301117,-12514.5330948899
9566.10508967469,12215.2056405694,12063.9557843926,-151.249856176811,11404.1799297604,-2709.28010601126,-60.1795551165241,-211.429411293338,-871.205265925557,-12426.6350518628
9767.30139246816,12529.0420844087,12292.2512069911,-236.790877417587,11253.4888004868,-2354.84973362186,406.890958318685,170.100080901096,-868.662325603276,-12358.9420035076
10024.5249083259,12847.1042498477,12566.9101889724,-280.194060875272,11165.5388307819,-2006.80250763701,815.776833884782,535.582773009507,-865.788585180968,-12311.5214768382
10323.3880207959,13159.4023415212,12903.0872268343,-256.315114686852,11162.0972407048,-1701.21851382298,1134.79580690233,878.480692215477,-862.509293914108,-12280.9216493057
10661.5128204506,13459.4313561766,13305.8588529469,-153.572503229687,11242.6480807605,-1440.25833427769,1357.66020144833,1204.08769821864,-859.123073967723,-12255.3436579579
11026.2117703205,13735.2174982421,13681.7159526123,-53.501545629819,11335.2055618169,-1164.74691505074,1544.25881287086,1490.75726724104,-855.753123554346,-12244.4602310011
11412.8653420281,13985.2050124462,14063.2065447039,78.0015322577096,11466.0364236869,-905.384251090553,1666.9554193276,1744.9569515853,-852.213169431699,-12240.2480608609
11817.0291709813,14205.7072833528,14400.8026045363,195.09532118351,11594.5637397882,-626.03823729911,1762.63987507239,1957.7351962559,-848.503668492239,-12247.9720870969
12227.8611442294,14389.846223873,14681.875044217,292.028820344093,11709.0674916689,-325.953006064934,1836.03207357861,2128.0608939227,-844.746658625464,-12261.7853299503
12638.8603108659,14537.3533296799,14884.4686710505,347.115341370651,11791.6851868076,6.19753857914981,1904.69055739315,2251.8058987638,-840.97758547909,-12285.5474309161
13033.6114482856,14641.2200487019,14989.7506609087,348.530612206753,11828.1865811399,368.413324717405,1976.02192513379,2324.55253734054,-837.011542428249,-12316.6675113614
13405.365661679,14698.8145567581,15083.1494747972,384.334918039039,11901.4951396049,670.885301091623,1964.33419617084,2348.66911420987,-832.98522098244,-12350.1454425483
13739.510571452,14705.717031698,15068.4007801368,362.683748438803,11916.6635804622,993.953578507101,1960.16003875312,2322.84378719192,-828.893412482677,-12382.8732445061
14024.4417489313,14663.4321201128,15001.9636216767,338.531501563883,11927.2042463864,1272.36769395603,1911.35806513751,2249.88956670139,-824.869808588873,-12413.5425534114
14269.4918750864,14581.669634451,14888.9590512417,307.289416790707,11914.5438214222,1534.14655744076,1846.32431680544,2153.61373359615,-820.801496223425,-12428.0559008549
14472.5741444548,14464.6243675925,14686.4680522409,221.843684648434,11824.8180307419,1830.9074939963,1822.95771713395,2044.80140178238,-816.848619716651,-12419.8229658101
14640.0624743311,14319.3086282531,14467.7173288131,148.408700559981,11728.8841107741,2098.05879128737,1777.30494520944,1925.71364576942,-813.119572269605,-12393.5949824837
14766.8941345979,14142.0074186993,14151.7761141777,9.7686954783976,11550.7706013409,2406.51506402548,1781.62834812689,1791.39704360528,-809.608469231469,-12350.610375094
14857.5507437215,13940.563094735,13788.523001464,-152.040093270996,11338.2091777006,2712.88327957517,1795.89563058862,1643.85553731762,-806.458286445739,-12296.7075574173
14916.1706523178,13716.2047332395,13425.9658973117,-290.238835927776,11133.8005244661,2978.72290907041,1778.75698999211,1488.51815406433,-803.647218781217,-12227.6865791751
14947.8090840314,13473.4901890126,13108.9083536357,-364.581835376923,10987.0896974872,3159.32619088302,1685.0072958643,1320.42546048737,-801.393195661168,-12153.0647285253
14949.6517169782,13216.0357678076,12795.0920675375,-420.94370027006,10856.8971120173,3293.37190714339,1559.75595797279,1138.81225770272,-799.382697817485,-12077.2235101048
14926.3388468623,12950.7066353689,12497.1201044312,-453.586530937663,10748.5651933968,3380.0351327486,1404.40292125518,950.816390317509,-797.738520716934,-11999.8902450514
14874.1790679702,12680.5439231728,12160.3584869404,-520.185436232315,10618.0132175216,3459.64677842939,1266.01163363198,745.826197399673,-796.519072019201,-11934.7177257731
14794.5589919268,12411.488045835,11880.8119770228,-530.676068812272,10561.8920083733,3437.07261144437,1054.00166535261,523.325596540339,-795.594372109117,-11888.1624492947
14686.5592136687,12150.563844583,11608.2882005088,-542.275644074229,10528.5554161069,3363.02703502475,827.031665939059,284.756021864829,-794.976762537064,-11865.8078227182
14547.851722646,11897.6334349045,11368.3200589933,-529.31337591114,10531.108417849,3221.93153534824,571.713247606677,42.3998716955419,-794.811769448739,-11855.2335632089
14386.663186001,11657.7131112873,11075.8751728707,-581.837938416627,10488.9636302209,3102.91297104695,373.962896333233,-207.87504208339,-794.786584733213,-11865.5881533707
14197.1760052528,11433.013684352,10829.8011579519,-603.212526400099,10504.5531143887,2897.86587832935,133.703557428577,-469.508968971516,-794.757012534729,-11902.5226533235
13983.9092448881,11228.7603618578,10682.9488260915,-545.811535766331,10621.0642075762,2568.14282440733,-187.00605862287,-732.817594389204,-794.702212904454,-11961.577956247
13737.2513105765,11037.0778278623,10537.9784295326,-499.099398329751,10745.7770636723,2196.65845076261,-503.515031951543,-1002.61443028129,-794.815796141581,-12039.6922581436
13459.2152480635,10867.1622091587,10356.2428543611,-510.91935479767,10831.3885280413,1832.34116982856,-759.71186907615,-1270.63122387382,-795.485550193636,-12137.7934330326
13156.9075344758,10720.3425431539,10129.9375839518,-590.404959202136,10870.1482336009,1489.9996602238,-946.565331098047,-1536.97029030018,-796.759640651111,-12257.3128334541
12830.3299416338,10599.7285703658,9987.68561577597,-612.042954589785,10980.291243092,1051.42607038975,-1179.17530087825,-1791.21825546804,-798.612628152012,-12390.9468258338
12477.0900429989,10500.3268254929,9933.51494770179,-566.811877791137,11154.4283528192,521.705021509413,-1455.05819599662,-2021.87007378776,-800.956668670285,-12522.1968992807
12102.9158802322,10424.4371986349,9953.63097772248,-470.806220912417,11377.036558555,-77.7255996294931,-1756.20428122677,-2227.01050213919,-803.604921306717,-12651.4477007741
11719.6556863079,10383.5257261456,10030.0151293134,-353.510596832216,11617.8280171134,-704.617743640589,-2040.74770380287,-2394.25830063508,-806.445412835149,-12777.7840267807
11345.8468415366,10388.8766275298,10130.8877018331,-257.988925696604,11831.4628211994,-1294.79720177697,-2251.76741578378,-2509.75634148038,-809.181222114167,-12898.6329690101
10991.615866382,10444.1232773575,10349.3890617777,-94.7342155797867,12103.2528485204,-1923.63701012335,-2471.12959914787,-2565.86381472765,-812.000027984965,-13009.9870920851
10677.592061071,10557.4948505142,10615.5662098753,58.07135936103,12355.7786273692,-2493.12113836865,-2613.21834892538,-2555.14698956434,-814.934572070424,-13112.6418400786
10414.9546717023,10732.6598573099,10913.7630671264,181.103209816428,12574.640920146,-2977.74761017125,-2660.04242456365,-2478.93921474722,-818.061361727522,-13211.5990720571
10216.5120602302,10970.4192281343,11275.3391952241,304.919967089845,12786.6684029012,-3391.42718322016,-2637.52001531605,-2332.60004822621,-821.270840549124,-13303.0192763605
10091.7094910539,11269.1760007702,11626.2432317924,357.067231022258,12918.945917743,-3651.64805673701,-2474.18154702077,-2117.11431599851,-824.41163004793,-13386.2903167687
10047.5232802694,11618.9223789607,11973.231776623,354.309397662268,12992.2081078175,-3771.77723517787,-2200.37813648649,-1846.06873882423,-827.092407629745,-13464.991117785
10079.1947198378,12004.1010517125,12289.5925027324,285.49145101984,12993.5041584415,-3743.50462848403,-1818.59829660928,-1533.10684558944,-829.19518988026,-13537.2078973019
10188.7155105655,12417.2307585481,12607.4750965444,190.24433799632,12963.7836362001,-3605.80556304165,-1377.29031505906,-1187.04597706273,-830.737437407072,-13604.2767356108
10379.2480339191,12854.0797916911,13040.2102259699,186.13043427876,13017.9821223491,-3470.83521001192,-996.003452239897,-809.873017961131,-832.101121581901,-13663.9528096522
10646.2559439866,13302.44583704,13485.0846402585,182.63880321851,13058.3426712845,-3245.46469572588,-589.274802672505,-406.635999453996,-833.377968427996,-13709.081836494
10986.9563935432,13751.5210179507,13883.2328759414,131.711857990661,13040.8568571745,-2888.35060279631,-123.785978388789,7.92587960187474,-834.450139165,-13743.5951383489
11393.1581236452,14185.7480591477,14322.2148185204,136.466759372739,13064.7947910035,-2506.97766857077,285.612266931734,422.079026304468,-835.341001212452,-13763.6690328432
11857.4529559924,14594.5353279944,14734.0608632146,139.525535220228,13068.4300008028,-2047.10759260033,689.974779401611,829.500314621839,-836.130547789914,-13765.0350133725
12366.6104978152,14970.2266287096,15125.813487228,155.586858518382,13067.4064752394,-1537.52547911914,1066.09065177528,1221.67751029367,-836.729501694975,-13748.549118416
12900.4672396928,15298.3228014593,15402.8980739661,104.57527250688,12996.3562313647,-933.160296836381,1464.69526493013,1569.27053743701,-837.271305164393,-13729.0522640222
13449.4857888927,15576.9779807639,15691.0872702422,114.109289478234,12983.3457069063,-371.888033181118,1755.60415869013,1869.71344816836,-838.028115167482,-13707.2645325956
13988.4362080743,15791.4524356736,15958.1018424204,166.64940674681,13001.0478973619,148.426297246175,1951.44252484549,2118.0919315923,-838.962013466158,-13673.3605040813
14507.2143144249,15941.8682803607,16238.1547166814,296.286436320726,13083.1617924282,584.055915934237,2018.70988187005,2314.99631819078,-839.996606062427,-13626.8719621699
14979.8329850752,16014.3728086342,16465.1307693852,450.757960750927,13173.7698963555,965.093636621181,1999.63346018017,2450.3914209311,-840.969452098564,-13563.9813877031
15393.7842607361,16008.8363785354,16652.5081975118,643.671818976343,13290.7751862545,1261.30067019159,1876.35278799088,2520.02460696722,-841.708404290083,-13488.8117715682
15740.0575006251,15931.5547629274,16743.815969151,812.261206223511,13368.009394591,1529.80233091093,1721.29959321325,2533.56079943677,-842.245775123163,-13397.9939634907
16010.8383061056,15783.1602805209,16808.5295962784,1025.36931575754,13477.7539909638,1690.30270020475,1462.62467461999,2487.99399037752,-842.78161493704,-13295.1662901433
16195.7570762172,15568.5245838379,16805.9187535089,1237.39416967099,13566.6272314091,1785.91330848504,1158.68081610567,2396.07498577666,-843.216536323114,-13172.4495980612
16304.0939958581,15300.7238326659,16683.5281730911,1382.80434042515,13577.8737943696,1882.47561353665,879.105450344458,2261.9097907696,-843.744587951942,-13038.8140418964
16329.3238654732,14982.9497556521,16487.0429432624,1504.09318761034,13558.6875088049,1926.62416656961,580.250056748542,2084.34324435888,-844.012190098618,-12898.6065112932
16281.9771063006,14630.9144330416,16276.3281926625,1645.41375962092,13554.858404013,1882.9982857656,231.935612506619,1877.34937212753,-844.120416521919,-12753.565060914
16164.5735298465,14252.9857917798,15954.0433847007,1701.0575929209,13462.7066799662,1857.89329905485,-53.6944390118841,1647.36315390902,-843.973550825488,-12605.6226378707
15985.2824606174,13854.77404017,15616.1907335286,1761.41669335856,13362.1097219819,1779.63107840339,-350.877342044026,1410.53935131453,-843.541660232181,-12444.2346888555
15753.1692144829,13446.0307248647,15254.0672981751,1808.03657331035,13237.1979379313,1673.21740513762,-633.921084480517,1174.11548882984,-842.753871413904,-12271.9152360349
15479.9073141113,13034.9477628074,14825.3373726526,1790.38960984518,13040.8084296941,1597.64313184419,-847.316419459657,943.073190385526,-841.455752572967,-12091.8745724219
15173.4876468887,12623.4738396741,14417.6386407032,1794.16480102906,12851.6404140008,1482.25398639272,-1067.75982082181,726.404980207245,-839.593246495181,-11897.0688594669
14843.4848496655,12217.9021031622,13965.9214041368,1748.01930097462,12604.9431314497,1401.27106381314,-1224.31168269013,523.707618284484,-837.270654402619,-11694.1944848777
14501.5329543908,11821.8544821102,13545.029746949,1723.17526483878,12365.6808041285,1301.28735504723,-1378.39111723342,344.784147605356,-834.564795215122,-11477.0703345048
14152.3470967493,11437.2760384547,13098.1537828307,1660.87774437595,12074.5639279068,1246.25452828665,-1468.81653000794,192.061214368014,-831.528640555868,-11245.2148240867
13802.8321647508,11063.7102123049,12610.8373942298,1547.12718192483,11718.8629301626,1255.65756354463,-1483.4643889012,63.6627930236258,-828.311671043529,-11000.0474192813
13453.1973226982,10700.5772173304,12102.2744933315,1401.69727600105,11325.900022085,1302.06455427513,-1450.55555109261,-48.8582750915503,-825.232746338014,-10749.435492422
13116.6292746743,10356.3340717895,11651.1324297532,1294.79835796375,10974.8701188396,1319.56613929548,-1440.72906358932,-145.930705625572,-822.193016539156,-10502.2647774151
12787.5039526326,10026.8878928817,11227.1106439335,1200.22275105181,10638.0497982184,1330.38733101342,-1430.22872873751,-230.005977685701,-819.06682340077,-10256.8938705674
12467.5980711918,9709.01946360029,10836.7224105943,1127.70294699399,10310.8621477402,1340.81503715211,-1417.76357043942,-290.060623445429,-815.920886299519,-9999.08008704572
12159.385273742,9397.16196832862,10482.7672332069,1085.60526487833,10009.1702358962,1337.59815788051,-1424.62514753288,-339.019882654542,-812.616879965258,-9736.18185098316
11857.6081032767,9084.52198193376,10132.3056578176,1047.78367588381,9711.01520378097,1336.9909956478,-1436.09512569516,-388.311449811349,-809.601903847945,-9472.8334317451
11558.237472428,8770.29550453549,9773.92111109935,1003.62560656385,9406.46573472888,1344.75032955156,-1443.19163834095,-439.566031777097,-807.021408147558,-9209.86153631258
11261.6671686677,8458.1225220483,9480.98990164481,1022.86737959652,9167.04630828107,1289.66905453261,-1513.8755920868,-491.008212490272,-804.95180585402,-8949.13073453857
10962.2191172477,8143.64825016757,9184.70810121787,1041.0598510503,8927.39947978373,1231.37832020123,-1587.19254687888,-546.132695828586,-803.441317262735,-8689.78094599616
10656.8972733774,7826.93979635781,8860.2013685584,1033.26157220059,8667.82375982117,1186.66200664874,-1643.29547037086,-610.033898170278,-802.411506907511,-8436.9736945281
10337.9794302261,7506.85991382387,8522.82881845063,1015.96890462675,8401.65161607933,1134.59188425085,-1696.52763215138,-680.558727524621,-801.735929895929,-8187.41864134849
10010.2773078644,7188.14683452131,8260.20360176848,1072.05676724716,8211.71003723836,997.092611376057,-1825.03786196705,-752.981094719884,-801.474659250003,-7941.1279292412
9667.19424985937,6869.00426951837,8041.38800076982,1172.38373125145,8059.93164788906,805.544252418174,-1992.64572792281,-820.261996671355,-801.718349552111,-7689.26626618973
9315.42419754619,6553.60447408489,7755.03047911099,1201.4260050261,7834.59577154172,678.061582868988,-2083.75814059231,-882.332135566215,-802.766843135479,-7435.9366096511
8951.62631650208,6241.57216083355,7525.93516324161,1284.36300240805,7655.66670520449,491.384459055112,-2218.66969661339,-934.306694205339,-804.575152242463,-7175.8788550389
8581.34406583434,5936.6272928119,7374.30251768635,1437.67522487448,7549.97801367585,224.297361715389,-2420.41941130707,-982.744186432595,-807.068690443094,-6919.37147924449
8204.19055810661,5642.29875764911,7182.88434835553,1540.58559070643,7396.07324243938,-2.13212633877359,-2564.02392679626,-1023.43833608983,-810.249442005975,-6665.73709373893
7829.60323520415,5365.17458495776,6953.52669045912,1588.35210550136,7196.25447789618,-180.633872241197,-2645.06252248759,-1056.71041698624,-813.982629549182,-6421.88500194401
7452.63539933163,5104.80801886947,6705.6805636249,1600.87254475544,6974.66108664452,-340.160146548895,-2687.98752701105,-1087.11498225561,-818.134459236007,-6191.92300112508
7080.27140114957,4865.79378730236,6488.85742916724,1623.06364186488,6777.64971335731,-520.042680774868,-2734.52029462209,-1111.45665275721,-822.664368567133,-5977.25044005955
6721.66060589692,4656.41174788037,6255.52599527649,1599.11424739611,6550.37999822604,-656.201016305493,-2721.44987432203,-1122.33562692592,-827.481623976362,-5778.7473748063
6384.08550737791,4478.00902991616,6065.83251406165,1587.82348414548,6358.2289619981,-806.557540729271,-2712.634018191,-1124.81053404553,-832.414086109068,-5602.81956396169
6068.94542629899,4329.30345306844,5952.9731696323,1623.66971656384,6242.47268756536,-1010.91903738907,-2750.56101061961,-1126.89129405577,-837.391776122713,-5456.19474712421
5785.85726335772,4215.12010463489,5815.75003228597,1600.62992765105,6099.69938778619,-1156.02035715753,-2726.75751588036,-1126.12758822931,-842.178232729064,-5341.24769286422
5538.61917914545,4131.369517065,5721.00822944158,1589.63871237655,5994.41033800452,-1302.42444983581,-2709.67411191625,-1120.0353995397,-846.633290976739,-5251.4049166047
5330.33047203295,4072.92266189954,5722.22701790003,1649.30435600049,5977.26075694506,-1497.57891001883,-2754.98672015226,-1105.68236415176,-850.648625106731,-5178.60502605129
5167.52203242885,4039.40326557197,5697.14979383672,1657.74652826473,5924.5206731113,-1611.21502848002,-2739.33379533689,-1081.58726707216,-854.216387797564,-5120.99053264411
5049.69028671805,4023.8616880369,5707.75306906816,1683.89138103124,5896.779425611,-1704.28425318591,-2730.11285186703,-1046.22147083579,-857.195114292937,-5070.08315887269
4969.70715770749,4017.43475195862,5648.86935619658,1631.43460423795,5802.11193921477,-1692.21818513672,-2644.49059088556,-1013.0559866476,-859.813403629413,-5030.49073860622
4920.94449857006,4019.3130236781,5542.77251674009,1523.45949306202,5657.63196493007,-1598.59734888642,-2500.22882377838,-976.76933071636,-861.909882526385,-4996.08235439443
4894.51310834686,4016.95579331644,5422.8951274471,1405.93933413066,5506.50126806622,-1475.55571337999,-2353.11302841042,-947.173694279754,-863.567553660623,-4964.12948759616
4886.5180263884,4002.54618323882,5306.92755719982,1304.38137396101,5369.82513534607,-1347.82660923792,-2231.79845238751,-927.417078426499,-864.51950028025,-4929.96326166531
4880.6801770067,3964.20610296498,5119.61809457202,1155.41199160704,5179.82703844042,-1164.08885443489,-2080.56292847661,-925.150936869564,-864.941993001182,-4889.35703983454
4863.44145804118,3895.26114826473,4810.3683484773,915.107200212567,4889.73629865827,-891.164471402953,-1859.3447811794,-944.237580966823,-864.869630785859,-4839.49872923157
4821.37726636036,3787.06529694389,4518.0300832751,730.964786331215,4643.03861559785,-686.080496563218,-1720.39246597969,-989.427679648474,-864.419147325721,-4776.49297659236
4745.95267558431,3640.61611925906,4287.85997529404,647.243856034977,4486.03037712844,-603.530763917731,-1708.86732024299,-1061.62346420801,-863.453062373592,-4702.23958346706
4628.18043984504,3458.97774636473,4074.60190320798,615.624156843263,4359.58669547877,-593.194420216378,-1762.39711369669,-1146.77295685343,-861.788164582657,-4605.75070321816
4446.9407598632,3232.46439252458,3809.79241169425,577.328019169672,4191.88330597312,-604.435397686354,-1818.91176502496,-1241.58374585529,-859.492851576427,-4474.04813837987
4208.98591706958,2968.87616817452,3467.05400943167,498.177841257119,3963.81529674452,-611.693030714635,-1851.80277960968,-1353.62493835256,-856.863651039701,-4322.5011065271
3909.3409351033,2671.06454985595,3080.11148165374,409.04693179778,3711.74183006428,-656.319075016646,-1894.595460264,-1485.54852846622,-853.918180055675,-4156.61307832217
3539.61902645936,2344.72566679124,2652.25889091212,307.533224120877,3426.74975947016,-737.714755721958,-1932.60811539007,-1625.0748912692,-850.584022711159,-3969.80055806045
3101.84059282278,1997.94163927778,2267.70579914341,269.764159865626,3184.90779278314,-930.186167646819,-2034.08512119183,-1764.32096132619,-847.118967686456,-3762.26260060398
2610.62949137765,1653.06444647075,2011.40647554919,358.342029078433,3051.543515923,-1284.62262714137,-2242.18767204826,-1883.84564296983,-843.708602596019,-3536.91008944059
2081.36407971495,1322.56469594363,1711.99925088253,389.434554938888,2847.02675887252,-1605.92353964206,-2364.72292341336,-1975.28836847447,-840.260860484469,-3297.85306441811
1523.18403883378,1016.53776397742,1452.81447556756,436.276711590141,2660.39086929544,-1974.1043672387,-2480.75064209507,-2044.47393050493,-836.897536777042,-3061.01169448234
964.050373481503,753.16971130722,1194.48512848373,441.315417176519,2435.80099177458,-2305.43158002628,-2516.31224220055,-2074.99682502403,-833.680961733185,-2828.16653633125
424.001622114785,545.620796061396,1010.4044525214,464.783656459991,2237.20984679037,-2643.62640700097,-2522.00723305435,-2057.22357659436,-830.418182325385,-2602.84437265576
-70.7311942010522,407.628405488643,918.165119704701,510.536714216064,2073.39779872221,-2971.27750543818,-2492.91790574849,-1982.38119153243,-827.148512514909,-2390.00959702108
-494.191109371847,350.562246487149,827.577079747212,477.014833260056,1859.22922603952,-3177.44236528449,-2332.68900942548,-1855.67417616543,-824.02202987312,-2206.23642265258
-833.120937101943,372.590183538613,802.890059913433,430.299876374808,1659.49616886338,-3313.64015060499,-2107.92902996444,-1677.62915358962,-821.023044639668,-2050.21933712825
-1072.14113803907,467.730107630578,876.225376604644,408.495268974053,1512.46979862126,-3402.77830463475,-1862.9070589651,-1454.41178999105,-818.167367974414,-1922.14189762162
-1207.09297486375,627.613569132783,1014.97453542143,387.360966288645,1387.16078014894,-3409.52164114562,-1574.81509714908,-1187.45413086044,-815.267886132917,-1815.06769999323
-1232.60778984439,841.414852008498,1095.89101609336,254.476164084853,1177.28564360525,-3222.34409459424,-1148.32145274133,-893.845288656478,-812.45066114458,-1735.26014066498
-1148.30354290161,1105.55930570859,1236.93038149411,131.37107578551,1011.47104493617,-2969.68714410393,-715.824295493725,-584.453219708216,-809.91255626615,-1690.01252541681
-963.501655466644,1406.18669065586,1358.42531281245,-47.7613778434312,824.885767341315,-2596.11118200246,-226.422835879937,-274.184213723373,-807.723759194496,-1680.37090437923
-692.848259012183,1728.94052440082,1596.90914749953,-132.031376901302,763.939964492253,-2262.57696536635,159.211818046661,27.1804411453575,-805.788741861904,-1701.76008325546
-332.247096984081,2073.67528151227,1909.15229953286,-164.522981979424,789.93970976256,-1926.15104101008,479.771337486286,315.248355506862,-803.964234263435,-1758.42692600542
100.072675703197,2425.23999287971,2247.2758313421,-177.96416153762,860.2984065159,-1562.42732894754,762.739988228973,584.775826691351,-802.20159813484,-1840.46416618837
582.039006145891,2767.00711841945,2559.94331515633,-207.06380326313,930.9845679715,-1149.37094880545,1035.59716346812,828.533360204987,-800.425386979848,-1938.47375821447
1077.60913615847,3074.52829015881,2861.22646421168,-213.30182594713,1033.65234859847,-754.788321593751,1242.13083240658,1028.82900645945,-798.745109153755,-2045.69928369936
1575.0200772772,3343.77308150131,3106.72962651465,-237.043454986658,1128.11957500458,-350.163281728447,1418.58972249567,1181.54626750901,-797.063784001067,-2162.2268139923
2057.62702165073,3569.39536961553,3263.3413472862,-306.054022329334,1190.80493900766,71.5711145956509,1583.33946256045,1277.28544023111,-795.250968047426,-2292.10992938441
2496.42289061241,3743.0074630207,3380.90684085307,-362.10062216763,1273.82838383413,429.279235922924,1675.86380833121,1313.76318616359,-793.315270855361,-2429.24427685711
2874.49599678315,3861.28130311143,3507.54699100004,-353.734312111374,1418.19895439352,664.935488465834,1651.72079479408,1297.98648268271,-791.36155392381,-2563.29482042871
3181.96779872634,3926.28236336023,3595.34231510201,-330.940048258226,1562.76264872754,829.717668795855,1574.03223342974,1243.09218517152,-789.487481202955,-2683.19017818871
3409.62108108497,3936.66178045786,3715.08307216478,-221.578708293083,1765.04688165484,856.979080218641,1384.01977959153,1162.44107129845,-787.595119211481,-2774.22070915941
3559.88328069036,3902.17102343928,3753.44824156357,-148.72278187572,1904.74877321769,869.439899937283,1211.72764268619,1063.00486081048,-785.69460753539,-2839.1661626288
3636.62754357433,3827.46063706986,3750.1610712162,-77.2995658536524,2016.75576816966,836.127039337933,1026.96013283346,949.660566979805,-783.744736066729,-2877.80007009004
3648.10265001981,3723.23615564144,3782.06619321897,58.8300375775217,2162.80243438523,703.46663602948,778.600141651104,837.430179228627,-781.833579605101,-2885.80597641281
3604.54440433432,3601.00282366454,3833.20967795361,232.206854289066,2323.14543569727,501.52406981301,497.982489143247,730.189343432313,-779.874898824031,-2870.81348023223
3508.75664877082,3468.41153804079,3852.55095598252,384.139417941736,2441.0757405723,289.757348145425,249.412237415397,633.551655357136,-777.923560053092,-2834.85988268364
3370.84360405343,3336.48754618326,3796.31174285528,459.824196672002,2460.72623349195,134.018270859133,99.662212988969,559.486409660971,-776.099099702348,-2777.0011365223
3212.57038719059,3216.76062483589,3694.23535463348,477.474729797587,2407.68160059676,30.2966929345891,34.4869305798963,511.961660377486,-774.59209365922,-2704.7989644584
3050.25157492262,3117.58604450828,3527.41675427874,409.830709770465,2265.79591106358,11.1985310600347,78.5330006456886,488.363710416153,-773.257132798999,-2629.22233409211
2900.16723974617,3047.31545393081,3350.80458047761,303.48912654678,2096.55632306601,31.3733148386922,178.521529023339,482.010655570119,-772.237601841469,-2565.3047983607
2776.53467524935,3010.4689167658,3254.09368437378,243.624767607957,1977.86074679168,26.9401376020691,260.874379118529,504.499146726486,-771.7337908556,-2505.96977003932
2690.21644789625,3006.39118084554,3159.58526643724,153.194085591689,1834.567115504,83.8133980942112,399.98813104351,553.182216635201,-771.835934298032,-2453.20896421034
2639.17544297607,3027.9843266968,3065.82859456009,37.8442678632997,1663.78627924263,202.863795904875,591.672679625592,629.516947488892,-772.525367828572,-2398.46737920789
2629.82265508371,3072.53386318461,3011.50161720744,-61.0322459771821,1517.50905532705,338.703209418812,781.414417519703,720.382171542523,-773.61039033787,-2352.15169164209
2669.44779096481,3141.92225640704,2975.84318390523,-166.07907250181,1376.69219375816,517.63186736586,990.106332808092,824.027260306281,-775.123729840781,-2317.89499610076
2746.60835610198,3220.08442942669,2878.27229093344,-341.812138493262,1185.2530177319,784.536414794441,1258.01248811917,916.20034962591,-776.818923575634,-2303.88407980079
2858.67247201434,3308.72025460824,2791.41181429269,-517.30844031555,1011.1087363291,1068.99476569987,1519.0425482938,1001.73410797825,-778.568969985352,-2306.98614663
2994.73755993584,3402.41010597565,2740.05741688803,-662.352689087628,880.919599411165,1333.46463745041,1741.13718349023,1078.78449440259,-780.353323074266,-2323.62561157305
3158.1022785121,3504.0117923132,2700.27030787238,-803.741484440825,764.576130140522,1611.28640411297,1957.19591791409,1153.45443347326,-782.239744258582,-2350.55735883994
3343.55900625702,3607.61179938654,2727.23854065402,-880.373258732539,712.53054286644,1846.97280378407,2111.02559691359,1230.65233818106,-784.05565960651,-2376.95946120549
3550.5117437189,3707.30081790158,2788.68837686784,-918.612441033741,692.814365723735,2071.64236127474,2228.43143545745,1309.8189944237,-786.055016720395,-2397.48182347787
3770.90886929904,3795.57357170729,2868.07996481041,-927.493606896885,682.996403160314,2300.03555733905,2324.7002597473,1397.20665285041,-787.876908799676,-2398.36691885687
4007.63915504266,3871.16677229845,2985.63108317561,-885.535689122858,712.200514532815,2505.99934752836,2369.52696478416,1483.9912756613,-789.43929298149,-2387.17549663716
4241.52778727356,3917.74274466442,3072.96163695041,-844.781107714019,726.031606104023,2724.94875093314,2401.16370832401,1556.38260060999,-790.547430236396,-2361.36014405444
4459.17318963389,3921.39554413117,3031.46194126825,-889.933602862919,627.96256101011,3040.07247714367,2502.29483164094,1612.36122877802,-791.138151480129,-2309.03431535315
4661.01583745098,3885.72514427663,3019.2238247184,-866.50131955823,580.498325950512,3289.39583103984,2514.10513786549,1647.60381830726,-791.121680460635,-2238.12132596937
4823.18813366688,3796.30796382845,3031.77612945333,-764.531834375122,589.578930361699,3443.22512100728,2416.34495116886,1651.81311679374,-790.384082297888,-2144.49484703472
4938.47721921003,3652.05471676545,3029.41521165334,-622.639505112106,617.915502898975,3531.51626077769,2245.09375833311,1622.45425322101,-789.045455533363,-2029.60046354445
5003.82489591595,3451.8263386347,2986.64279333143,-465.183545303255,635.162499586531,3581.41734171479,2029.41878443354,1564.23523913029,-787.245054614622,-1887.59109950441
5009.77114513175,3194.1691193626,2855.46569431923,-338.703425043377,596.09008296772,3628.51869282095,1812.91666705183,1474.21324200845,-785.162369343072,-1719.95587735416
4944.45909404176,2874.53068546727,2682.46876066306,-192.061924804213,559.962310398322,3601.70616263427,1531.77775405978,1339.71582925557,-782.790621009163,-1534.81485621171
4803.07606106964,2498.02418205738,2476.41525531658,-21.6089267408073,525.884742041319,3497.15923878148,1192.10735976923,1170.49843302842,-780.032080246846,-1327.52574902897
4589.0269984908,2071.44041891636,2179.75785067431,108.317431757951,436.417037436958,3375.525657409,857.939077834551,966.256509592502,-777.084303644858,-1105.18390932386
4297.29801635427,1595.926429808,1907.61268566261,311.686255854607,393.222595707274,3130.21845500216,428.846868455904,740.533124310514,-773.856965644831,-855.393305497507
3914.61988789737,1072.45192166425,1530.04241789514,457.5904962309,264.58667698405,2879.46195373861,37.29398750549,494.884483736394,-770.571257174709,-577.567437927863
3449.26923519733,513.891761488289,1073.18535300547,559.293591517177,66.9699753497662,2615.04177023798,-320.335703471052,238.957888046124,-767.257489609581,-274.933873442181
2910.52633977737,-65.4024267318639,570.114672398788,635.517099130652,-167.973229711907,2314.35373275626,-661.575033752961,-26.057934622305,-764.145836733007,39.3444921095551
2292.27347529054,-662.477209700292,13.8055050126906,676.282714712955,-448.278878676638,1979.34911812509,-975.401566865717,-299.118852152765,-761.203235842086,363.358357547512
1609.3543018367,-1257.70039978922,-581.385836648777,676.31456314043,-773.552750930006,1624.3059782568,-1242.74872336912,-566.434160228688,-758.601074509905,691.266239560539
865.605391912537,-1841.99057832478,-1198.23285738371,643.757720941073,-1136.13741128555,1245.32197458642,-1462.2739956509,-818.516274709834,-756.420828611669,1023.47430361495
92.8691658508653,-2392.89830410116,-1822.86065610266,570.037647998482,-1530.02654599181,868.377073113188,-1617.39039683884,-1047.35274884036,-754.518638729494,1345.5455552608
-704.587205117235,-2905.66896149165,-2428.51724738909,477.151714102562,-1923.15676507506,465.853481998551,-1735.22827437586,-1258.0765602733,-752.716077959274,1647.59240121835
-1502.84904548772,-3361.98366836061,-2934.25303890231,427.730629458286,-2250.05999154418,-4.0799737027103,-1863.21459657558,-1435.48396711729,-751.290919759166,1926.49970124331
-2288.13386327736,-3754.04062007001,-3415.86852689333,338.172093176689,-2594.97023672505,-443.521583388942,-1909.42834018158,-1571.25624700489,-750.357956836623,2182.78437306513
-3047.00974067448,-4075.41488431941,-3865.75797511556,209.656909203855,-2950.80419774781,-846.011539445565,-1874.41668309051,-1664.75977388665,-749.805996518904,2410.65511043278
-3756.38111584131,-4316.56108925487,-4217.83047685045,98.7306124044076,-3262.22632124554,-1243.97129485756,-1804.15126827112,-1705.42065586671,-749.816500261806,2611.14043338816
-4391.69115787413,-4471.78847678311,-4494.80979297336,-23.0213161902485,-3553.03799797858,-1589.05995262879,-1669.15727153778,-1692.17858772803,-750.406792733247,2779.6098890551
-4937.32786472331,-4533.4459462057,-4696.56995775988,-163.124011554189,-3827.28581405009,-1861.57622374238,-1457.69430522476,-1620.81831677896,-751.534173069152,2912.62762942676
-5378.32572968741,-4499.27783787687,-4890.33955908871,-391.061721211831,-4138.90901925368,-1992.3499513475,-1113.30205953697,-1504.3637807488,-752.933240913775,2994.91405712808
-5707.26564537559,-4374.84529856545,-5016.15992924082,-641.314630675367,-4425.26235218296,-2036.56649017406,-704.146143363909,-1345.46077403928,-754.563196981426,3029.38452452617
-5923.91031075297,-4172.93932694714,-5043.53004489261,-870.590717945478,-4633.73293387798,-2046.3517606841,-295.380776878254,-1165.97149482373,-756.174383809105,3006.9678321234
-6031.95822195221,-3898.247424679,-5029.05860688793,-1130.81118220893,-4810.28063477874,-1979.63306589629,154.077731376915,-976.733450832016,-757.955478722827,2921.513973847
-6037.92677843697,-3560.29970086503,-4948.64255571995,-1388.34285485491,-4927.58872101684,-1870.38170668602,607.245370885906,-781.097483969003,-760.043649265896,2779.20221689604
-5945.76895319461,-3161.46706996252,-4742.40313549465,-1580.93606553212,-4927.64298670063,-1780.65504875705,1003.64683447505,-577.28923105708,-762.529082263076,2584.17783890545
-5763.54384614798,-2712.04887862155,-4406.59748694234,-1694.54860832079,-4799.43908305312,-1729.44549316884,1322.04947435758,-372.499133963208,-765.340730073979,2339.54974465835
-5498.35194208483,-2214.72984200315,-4021.4735378486,-1806.74369584545,-4618.64050501957,-1648.1438636741,1635.47823640759,-171.26545943786,-768.432426608835,2043.4643825653
-5164.38489758495,-1677.24447986542,-3683.97051114086,-2006.72603127543,-4476.44350443752,-1459.70441470515,2027.43600301436,20.7099717389365,-771.763021557713,1697.95445160437
-4752.14995943704,-1091.52120713332,-3277.36587312964,-2185.84466599633,-4263.54272778621,-1263.73263991748,2396.89611238624,211.051446389913,-775.125408266656,1302.57265352324
-4277.53915633636,-467.575297934676,-2799.67722974453,-2332.10193180986,-3986.73264436249,-1069.1596446775,2740.80421372419,408.702281914327,-778.353132703623,876.277579848997
-3734.97567672755,196.193587297658,-2204.29441307338,-2400.48800037104,-3596.69243093702,-919.564194337568,3011.60506968763,611.117069316587,-781.280948547042,414.923482018932
-3132.58695925067,894.833334064452,-1601.13270928649,-2495.96604335093,-3208.37753390881,-708.089873270543,3319.33042004456,823.36437669362,-783.880447928701,-71.468957370825
-2458.7069997903,1630.21532305709,-883.231413209355,-2513.44673626643,-2713.02518371042,-531.647506331035,3557.27481651633,1043.8280802499,-785.965690251173,-586.387242807177
-1721.94817530558,2392.21436390358,-130.949740205105,-2523.16410410867,-2192.74146842645,-316.890465155241,3797.2720740539,1274.10796994523,-787.68375827612,-1118.10639395834
-916.626942199262,3179.38363435218,562.720626517382,-2616.66300783479,-1734.38190615704,28.7358177159648,4124.74639426738,1508.0833864326,-789.019146241836,-1671.30024791956
-51.2414252634164,3978.58690072713,1170.90669661479,-2807.68020411234,-1362.2179799158,520.987132329287,4550.81545831983,1743.13525420748,-789.989422323098,-2235.45164651966
875.064696866449,4782.01679368831,1746.33156077127,-3035.68523291705,-1015.16834051166,1099.69930808813,5006.65140491001,1970.96617199296,-790.533729289971,-2811.05062169536
1843.22569063713,5574.34494341891,2345.59038328597,-3228.75456013295,-622.124002790835,1674.81146869949,5405.93072148126,2177.17616134831,-790.538224728468,-3397.1687820706
2838.71452796439,6342.69452396138,2900.08050923739,-3442.61401472399,-249.136752942408,2298.04178440215,5802.02178039914,2359.40776567515,-789.809496504648,-3983.28675828623
3840.93859170048,7070.96007434256,3439.52945867147,-3631.43061567107,147.183473657247,2905.20848868357,6135.22997132564,2503.79935565456,-788.546629359655,-4567.16071868799
4820.08811202418,7734.28954109208,4009.05063680455,-3725.23890428755,622.891986427147,3410.61320025171,6324.81462931962,2599.57572503207,-786.582925345325,-5134.71381606002
5752.34641772028,8317.09447174492,4570.62282937793,-3746.47164236699,1154.58570207891,3813.58071900089,6378.32877302553,2631.85713065853,-784.179996640485,-5685.23734108637
6613.95158603609,8806.5694104833,5026.31970784653,-3780.24970263679,1646.76127925347,4185.7913239742,6378.40914842144,2598.15944578465,-781.39898280841,-6208.40996469867
7385.24477385073,9193.08720652272,5395.02999769041,-3798.05720883231,2123.44259143508,4483.33384735837,6291.17628003038,2493.11907119807,-778.46833505727,-6699.96813532465
8044.92419172597,9468.98754629354,5687.03753029256,-3781.95001600099,2585.98213143898,4683.60526075451,6107.66861532208,2325.7185993211,-775.336799532474,-7143.26894697244
8581.52865781945,9642.42037801244,5933.52498695515,-3708.89539105728,3061.58175818367,4748.12775257362,5809.01947276662,2100.12408170934,-771.819147062147,-7542.29629630311
8988.28108392407,9721.93087887935,6138.35871425856,-3583.5721646208,3552.53705911671,4667.79020257385,5401.43999752914,1817.86783290834,-767.953822233517,-7904.06304597102
9269.12500803432,9721.26487732682,6242.87618419804,-3478.38869312878,3994.95476884857,4510.18818740487,4962.32805669737,1483.93936356859,-763.982051780867,-8237.32551375822
9417.46819222278,9638.53292865684,6236.19035448438,-3402.34257417246,4370.75207261572,4286.7286234886,4507.79335992266,1105.45078575021,-759.987496118464,-8533.08214290663
9445.3892088082,9487.55929279811,6196.19832946059,-3291.36096333753,4735.69186180637,3953.79623613171,3995.96632012164,704.605356784106,-755.901110870103,-8782.95393601402
9356.68798847398,9270.6052937604,6046.48720601456,-3224.11808774586,5003.9504963102,3600.75772953157,3514.67503481801,290.556947072156,-751.979762632198,-8980.04834668826
9170.89163215803,9006.27305848349,6058.88565806862,-2947.38740041489,5416.13164156644,3006.51305994869,2841.89448627416,-105.492914140734,-748.246930642913,-9111.76597262424
8891.48372024766,8705.84209583441,6237.12750402269,-2468.71459181173,5938.40125325448,2208.18712349542,2022.54549908219,-446.169092729543,-744.895343497764,-9152.01118856398
8564.06728785677,8410.10302759921,6674.60867212353,-1735.49435547568,6600.88814366638,1221.33751214643,1067.37325188888,-668.121103586794,-741.841632043938,-9078.224131186
8236.31911159598,8150.18678687578,7207.50618114432,-942.680605731477,7204.5243406305,292.753142168523,206.62081744834,-736.059788283135,-739.041628796956,-8886.24657515893
7951.03417442409,7944.31416428229,7883.83264225638,-60.4815220259114,7781.26247181663,-566.931828387121,-573.651838528887,-634.133360554804,-736.703530994561,-8578.4475248371
7749.03686484081,7796.50236916341,8487.05150171745,690.549132554023,8116.86791575567,-1102.95182000891,-1055.4863156863,-364.937183132272,-735.120769094053,-8161.43955229569
7670.62919856259,7705.81650234414,9087.05697253189,1381.24047018775,8293.93927508583,-1357.59846495681,-1322.41116117525,58.8293090124924,-734.288388433582,-7646.98719333166
7734.96275424975,7652.17586951058,9707.47670599364,2055.30083648307,8370.04185238302,-1369.06123767568,-1451.84812241484,603.452714068222,-733.982139542408,-7048.72315544236
7934.12650937049,7597.63846417223,10325.9241962302,2728.28573205801,8360.31244713917,-1160.21984172977,-1496.70788692802,1231.57784512999,-734.033903961078,-6366.06061904224
8245.16095347852,7501.79886769352,10825.8193517417,3324.0204840482,8205.00108955249,-694.385079887968,-1437.74716567298,1886.27331837522,-734.544943814025,-5615.5255493183
8650.10618018638,7337.59722861093,11183.3012845446,3845.70405593361,7930.12247407283,-15.6526491684921,-1328.16160074393,2517.54245518968,-735.636355282042,-4820.05477342125
9097.41318553783,7066.29888471981,11411.1698917466,4344.87100702678,7585.60462634801,774.465565439815,-1256.64873537819,3088.22227164859,-737.34299375,-3978.07661307123
9526.31432435614,6645.65675413399,11423.8773840812,4778.22062994717,7137.90284160209,1648.83130758199,-1231.82626264016,3546.39436730701,-739.580175172073,-3099.26238682698
9884.75302026336,6053.81831243424,11217.8785397745,5164.06022734022,6613.77596791771,2528.31669783837,-1302.61800999076,3861.44221734945,-742.660354507311,-2192.37609508478
10125.7265997914,5281.15230216686,10823.3488322007,5542.19653003382,6065.04411095848,3314.40453100431,-1530.16976662024,4012.02676341359,-746.277957828608,-1269.12553875326
10191.6070762897,4318.02641912113,10220.314858752,5902.28843963082,5489.25299663915,3952.09810517769,-1921.48255199086,3980.80588763995,-750.255974472858,-337.220531481185
10027.8625285984,3160.13576940242,9327.01501568224,6166.87924627982,4821.056035098,4452.46899550873,-2415.25776368732,3751.62148259251,-754.337497991738,591.485713190095
9606.94681586972,1827.71780618159,8186.53108731481,6358.81328113321,4099.89986957719,4748.71940352506,-3030.50960616306,3328.30367497014,-758.327542767479,1500.58586878854
8900.46351455061,340.12519594362,6852.62041306528,6512.49521712166,3372.34489119363,4765.90434578475,-3794.43397282225,2718.06124429941,-762.214277572239,2377.93604835579
7887.13707931366,-1276.62468517127,5253.6861771351,6530.31086230635,2539.69828543192,4581.74041969957,-4582.02134478533,1948.28951752101,-765.698374182169,3224.91420269228
6567.36013389918,-2979.36201110662,3382.89152433837,6362.25353544498,1558.9598430445,4239.59020069739,-5307.13194430839,1055.12159113659,-768.810090157285,4034.4836022432
4962.2378712753,-4716.48500628721,1426.94143226996,6143.42643855715,577.052456354468,3613.39089577973,-6065.33198178277,78.0944567743804,-771.794519141111,4794.57946306159
3103.51954624993,-6434.24865940419,-518.74530719995,5915.50335220422,-355.73787569745,2684.58678896344,-6853.18141669066,-937.67806448644,-774.670632983938,5496.57059491773
1030.48717668419,-8079.41231326563,-2479.83250754345,5599.57980572218,-1323.6656464461,1577.05314196082,-7532.846347989,-1933.26654226681,-777.099681169462,6146.14577099881
-1187.50546314456,-9589.60831676316,-4427.38640555888,5162.22191120428,-2351.73001475557,385.172898995986,-8016.92995462262,-2854.70804341835,-779.051652615038,6734.90027334481
-3466.08157123659,-10903.8671066291,-6279.92278626562,4623.94432036347,-3396.88545373955,-849.724835862818,-8287.51037125532,-3663.56605089185,-780.52871836579,7240.30105573724
-5724.81064183846,-11973.0116809727,-8023.31754300042,3949.69413797228,-4491.20291453069,-2015.26844923706,-8263.46948837131,-4313.77535039903,-781.660721929292,7659.23633057366
-7876.34075696956,-12756.9729167695,-9537.57850841535,3219.39440835415,-5544.92195805437,-3113.65826574458,-7994.29042554452,-4774.89601719036,-782.239466829386,7982.07689957912
-9830.77813502549,-13222.0020027726,-10767.5632649165,2454.43873785611,-6524.16841582886,-4088.96807903947,-7480.19194678655,-5025.75320893045,-782.35835984285,8196.24879384213
-11516.4819288425,-13356.6160156555,-11719.5385305452,1637.07748511028,-7443.3339360543,-4855.31743767664,-6695.45152448966,-5058.37403937938,-782.169444888447,8298.24197627614
-12867.9626226173,-13158.6007890739,-12287.3575042433,871.243284830642,-8209.24646084088,-5440.17281899256,-5730.81098544919,-4859.56770061855,-781.456657216136,8299.03308845539
-13829.9024589742,-12636.3931386753,-12476.2826735284,160.110465146846,-8822.93513887964,-5787.25675003607,-4593.74742973715,-4433.6369645903,-780.289429941553,8202.75617408494
-14365.3011089689,-11818.3474316888,-12311.140092684,-492.792660995216,-9280.1897302971,-5863.80101034961,-3316.84733306955,-3809.63999406476,-778.689631677853,8008.70743762403
-14464.0941082231,-10747.1047414217,-11825.3539137779,-1078.24917235624,-9570.73958622881,-5670.13652729978,-1953.14716049832,-3031.39633285456,-776.782005305485,7715.7084085671
-14131.6664570006,-9470.86164209658,-10981.7804178848,-1510.91877578827,-9610.37565253162,-5295.67341979481,-634.868604890815,-2145.78738067908,-774.382615325865,7325.0742614175
-13404.7682066509,-8052.05085910985,-9994.16043131302,-1942.10957220318,-9568.75732616748,-4607.64748468602,745.069862855036,-1197.03970934814,-771.636604202605,6855.01114976171
-12326.8463204534,-6548.70524665321,-8863.25124496092,-2314.5459983077,-9398.28991920429,-3697.26823843172,2080.87283536848,-233.673162939225,-768.711837182608,6315.03208371399
-10955.2275639343,-5021.46697261379,-7649.07781967009,-2627.61084705631,-9103.87585719613,-2616.93398229297,3316.82660902753,689.215761971225,-765.582275554812,5710.68273458501
-9367.06572027944,-3527.99969808087,-6376.76130520665,-2848.76160712577,-8664.82032171122,-1464.64039878241,4374.42562341616,1525.66401629039,-762.395000214206,5053.66371437126
-7641.65029850294,-2123.72507143537,-5177.07382475274,-3053.34875331739,-8163.40681332129,-237.508480851594,5280.41674621598,2227.06799289859,-759.264995669953,4350.79306433396
-5836.95940661161,-820.931218068142,-4151.49670267422,-3330.56548460608,-7692.74489664043,1099.45752424219,6115.48571278566,2784.92022817958,-756.327965786635,3605.85144624772
-4005.96025390918,372.39751474879,-3196.23080894215,-3568.62832369096,-7150.83902763895,2390.93364996831,6769.29141862629,3200.66309493533,-753.945123761475,2828.26558018653
-2174.7599664689,1461.07363032405,-2359.24435464132,-3820.31798496539,-6603.68546485941,3676.81742520508,7312.65102199806,3492.33303703267,-752.108073185414,2031.25940670861
-397.560303405741,2414.37089738342,-1554.88740248989,-3969.25829987332,-5947.52380502922,4798.85425409248,7610.78545488166,3641.52715500835,-751.109247530999,1227.15625762492
1290.54272571121,3222.28444474975,-829.284172113144,-4051.56861686289,-5233.28702168562,5772.89110778098,7704.63282681951,3653.06420995661,-750.938639615854,430.779765206873
2849.26654249433,3870.55253124784,-300.22098234435,-4170.7735135922,-4559.54252078794,6657.22152506263,7678.50751381615,3507.73400022395,-751.587538219639,-362.818531023886
4249.39449140783,4354.8060845787,23.6203249266015,-4331.1857596521,-3933.73175830945,7429.97950848757,7535.39110165845,3204.20534200634,-753.14674122971,-1150.60074257237
5434.22059447667,4644.72403179659,166.938574547006,-4477.7854572496,-3320.08971792797,7998.68357321804,7209.18701053798,2731.40155328838,-755.626739186595,-1913.32247850821
6357.01171037493,4738.15424070168,187.013378236493,-4551.1408624652,-2673.09042828409,8271.30545783667,6652.44798816345,2101.30712569824,-758.796680822339,-2636.84711500344
7011.9484807414,4656.79397200063,48.4336100904123,-4608.36036191022,-2050.53550383173,8300.02457910711,5944.87007036635,1336.50970845613,-762.459405466023,-3320.2842635445
7408.84367675959,4431.17599626252,-158.839724160681,-4590.0157204232,-1401.79164374268,8044.45276019839,5066.78507970132,476.769359278125,-766.182560303885,-3954.4066369844
7510.0919902857,4058.81121368566,-431.682092260322,-4490.49330594599,-743.337308429971,7483.35735608342,4032.07657948341,-458.416726462589,-770.071942632236,-4517.22794014826
7329.80519287343,3570.6859017701,-717.273393063437,-4287.95929483355,-54.1504154071403,6609.90877858577,2850.78948748246,-1437.16980735109,-774.046829694799,-5007.8557091212
6881.69093387076,2999.96296208284,-946.372058838387,-3946.33502092123,688.256467977277,5415.44841156198,1533.72043977406,-2412.61458114716,-777.986054331492,-5412.57754323001
6215.68160589523,2387.50314115133,-1135.46232282182,-3522.96546397315,1418.63982730474,4015.07831177619,186.899847032295,-3336.06561694085,-781.963466814289,-5723.56875809218
5346.57576256607,1753.3273148018,-1241.82733754608,-2995.1546523479,2150.97449577922,2409.95898287754,-1183.2894648867,-4178.44411723461,-785.642283909307,-5931.77143203642
4313.38499513785,1118.44977245706,-1202.96343049547,-2321.41320295255,2909.58354222679,615.026013875359,-2579.90920880542,-4901.32241175797,-788.775439035696,-6019.77218421504
3170.44235001021,519.175345401977,-998.271292405391,-1517.44663780737,3672.18953697626,-1293.06195793388,-3944.32896254211,-5461.77560034947,-791.314770967834,-5980.95094575147
1963.15250384077,-38.5865693353365,-677.258031997411,-638.671462662086,4385.91169714108,-3216.27962761281,-5218.0187007889,-5856.69016345098,-793.520434312491,-5818.10359411566
719.787598148878,-546.955640777346,-158.127012901797,388.828627875559,5121.4015258127,-5196.68433027462,-6463.42756920084,-6074.59894132529,-795.070402610795,-5527.64330054794
-522.905579760549,-1005.43283667008,451.380640271824,1456.8134769419,5777.7265583798,-7096.63381503817,-7579.1610719477,-6122.3475950058,-796.001676897822,-5116.91475833572
-1722.42280223554,-1403.26059809483,1039.40625270776,2442.6668508026,6256.44095901776,-8775.19979330825,-8456.03758916756,-6013.37073836496,-796.336032054974,-4610.11014027013
-2854.75016453874,-1741.25267595479,1649.07203259892,3390.32470855372,6614.38436484588,-10265.2303162481,-9151.73282766418,-5761.40811911046,-796.095786863503,-4020.15544315568
-3912.46108005721,-2023.21512819611,2282.43856948133,4305.65369767742,6860.83389379192,-11568.5970301934,-9679.35107833229,-5373.69738065486,-795.302056344269,-3350.48225245876
-4875.31085704797,-2249.23866058656,2947.90394883995,5197.14260942649,7020.36689800117,-12689.8543516318,-10063.7821551704,-4866.63954574388,-794.176596582659,-2617.40088515734
-5735.24649445306,-2418.99012775993,3246.7447305549,5665.73485831483,6715.67921962962,-13243.6028949501,-9927.34652825692,-4261.61166994209,-792.677180867384,-1842.62154218218
-6490.99020103169,-2531.14851250911,3268.36117529451,5799.50968780363,6071.9834127924,-13353.6913229524,-9393.84963442983,-3594.33994662621,-790.717709128317,-1063.19143411709
-7136.18728279549,-2582.65728020988,3061.99432036753,5644.65160057739,5165.2716476237,-13089.9101845344,-8536.38018194878,-2891.72858137139,-788.451254115221,-309.071301161516
-7672.9786768975,-2578.11281884414,2712.62896996393,5290.74178880807,4103.30431636473,-12561.9738973057,-7467.10803925234,-2176.36625044426,-785.69090404348,401.746568399877
-8087.86402623541,-2505.44727618004,2433.84288033533,4939.29015651536,3104.38877393141,-11975.0098658659,-6392.59311581047,-1453.30295929511,-782.757065699044,1052.1443168849
-8380.23590984324,-2355.12053347552,2246.64449316264,4601.76502663815,2183.74692363108,-11343.1875507064,-5318.07217433863,-716.307147700483,-779.20471723205,1638.81338577501
-8548.85042871963,-2127.31766480271,2148.25063676201,4275.5683015647,1338.84981970547,-10662.9102381519,-4241.37747423497,34.1908273297294,-775.209989726817,2161.50849213242
-8588.9056902914,-1814.14895893595,2160.84958904191,3974.99854797785,585.001783651693,-9944.70385351364,-3169.94712215818,805.051425819667,-770.796379570552,2619.2003847556
-8492.54406103814,-1412.36126116777,2176.60650095473,3588.96776212248,-168.538608683952,-9089.92589653863,-2009.74309666825,1579.22466545422,-765.920444184459,2991.58592662199
-8255.95663862841,-916.134896469703,2242.17300437099,3158.30790084067,-880.547753454116,-8136.0993048977,-796.277562738981,2362.0303381017,-760.690419723405,3278.16523457139
-7844.50135671385,-305.572848521969,2366.30913354289,2671.88198206486,-1566.64494132476,-7033.15368268332,505.774825508576,3177.65680757344,-755.297267294233,3483.22965609539
-7252.97243136177,416.234161182569,2601.0342899806,2184.80012879803,-2178.65865520309,-5824.12105176602,1845.08554077832,4029.88566957636,-749.807275607338,3613.65150839379
-6471.90531629369,1242.77175396644,2853.43936404057,1610.66761007413,-2802.15720874937,-4414.34281530218,3300.33425495794,4911.00186503207,-744.594707757886,3668.23011106563
-5490.55697519739,2174.9346786037,3110.62801333637,935.693334732671,-3449.61355322326,-2780.53194986176,4884.95970393932,5820.653038672,-739.588527887647,3645.71836006829
-4301.99261802939,3196.59356468345,3406.20734049804,209.613775814574,-4067.87796069531,-968.862900229807,6529.72328248303,6739.33705829761,-734.748242895745,3542.74349361415
-2940.34918920394,4267.53128931656,3677.92221846277,-589.609070853779,-4685.56263780824,1015.07936282036,8222.95984134087,7633.3507704871,-730.134085783938,3365.81948117052
-1445.64894294302,5344.08738410461,4024.20740634715,-1319.87997775746,-5178.66326384792,3007.4637971526,9797.20012420023,8477.32014644277,-725.550523752311,3133.23276233814
176.401457675206,6404.52117696678,4407.50137176654,-1997.01980520023,-5573.31059675082,5028.64229698989,11256.7620162815,9259.74221108123,-721.06975743613,2855.22103411445
1907.22626753832,7434.43679602601,4879.90520667279,-2554.53158935323,-5814.30100012065,7004.8026656546,12532.0131941423,9977.48160478906,-716.724602004378,2543.04480876304
3734.26164702789,8426.16073804516,5313.88258827997,-3112.27814976516,-6030.6385348999,9052.13847706846,13744.0375680857,10631.7594183206,-712.761704859331,2205.59868027541
5621.6155285523,9349.58270582943,5771.45282161073,-3578.1298842187,-6134.35485695522,11046.4751742311,14774.4423515082,11196.3124672895,-709.49521127642,1846.72976146009
7534.42438987833,10170.7226790881,6230.34154017542,-3940.38113891264,-6124.01363549361,12951.5123047658,15587.8105939755,11647.4294550629,-706.925720606157,1476.70677597482
9446.43017370403,10872.715667342,6631.01452841006,-4241.70113893192,-6040.58571304978,14782.0023256647,16208.2878193026,11966.5866803707,-705.013561089147,1093.87101302871
11304.8160376783,11424.2134281338,6966.97891380424,-4457.2345143296,-5865.79446424824,16466.9800360334,16586.3774264889,12129.1429121593,-703.630465893136,704.929484025507
13094.8504545785,11817.581835744,7147.58630691429,-4669.99552882972,-5675.21880556903,18067.4782839221,16790.2096650876,12120.2141362578,-702.590976225486,302.632300513833
14805.2091074785,12039.167104465,7349.11354543059,-4690.05355903437,-5287.69752630267,19390.8668705877,16624.8248675741,11934.7713085398,-702.039763193514,-104.395795925226
16411.1121394807,12072.9483731429,7472.71570713292,-4600.23266600996,-4800.49784020143,20509.8055969696,16171.6418306318,11571.4091646218,-701.804382712554,-501.539208521074
17877.8185507033,11901.3998104019,7423.53409474972,-4477.86571565215,-4298.14325993755,21473.9839929267,15497.5652526253,11019.6995369731,-701.977817714131,-881.700273428735
19161.7254091906,11507.218475804,7274.34301340426,-4232.87546239972,-3697.27460132769,22156.2259401433,14501.7190067567,10268.843544357,-702.77407037493,-1238.37493144696
20216.95964267,10871.7775483946,7069.86632583238,-3801.91122256222,-2944.511815642,22457.3002680042,13112.1181737287,9310.20695116652,-704.171190307868,-1561.57059722807
20964.3861584247,9978.27155831086,6692.40908832138,-3285.86246998948,-2159.23270247883,22417.5458150407,11431.4312149268,8145.56874493737,-706.073045862826,-1832.70281337349
21366.036555218,8834.44724910151,6129.62682241229,-2704.82042668922,-1369.34902088463,22027.1412019272,9495.55189581071,6790.73146912149,-708.244374175433,-2043.71577998002
21397.9752294103,7455.7264472359,5351.60215185361,-2104.1242953823,-627.359502851696,21314.7917277244,7372.54294555003,5268.41865016773,-710.543004537583,-2187.30779706819
21057.0911390931,5869.78027988907,4405.66584584764,-1464.11443404141,86.9262391487874,20256.9660548101,5069.65519560608,3605.54076156467,-713.198845134186,-2264.23951832439
20331.5155693256,4100.5726261952,3273.34104457953,-827.231581615682,715.910283488329,18899.5639700302,2668.62102689973,1841.38944528405,-716.041315807143,-2259.18318091115
19226.2811295648,2183.32576984009,2004.5022267263,-178.823543113782,1264.61028762234,17242.5299289194,199.57456919474,20.7510260809598,-719.140913023007,-2162.57474375912
17770.6962336055,158.653415584564,624.361833933628,465.708418349056,1721.68854400902,15326.3660709181,-2285.67674710279,-1819.96832875373,-722.641618678332,-1978.62174433829
15988.9018589617,-1941.83446486203,-797.437178688778,1144.39728617324,2116.22349458478,13146.3124776663,-4784.42384615743,-3640.02655998418,-726.365886710609,-1698.19209512215
13911.3838045327,-4085.99625162055,-2247.85018937237,1838.14606224816,2427.03072037067,10753.9604265012,-7243.419629652,-5405.27356740383,-730.392657660798,-1319.2773157833
11569.4025675979,-6248.26397088933,-3715.13885755711,2533.1251133322,2626.5661950572,8208.30140376364,-9609.36513472357,-7076.24002139137,-734.534968777042,-827.976050502049
8993.81886384088,-8409.0789402098,-5126.898968308,3282.17997190179,2767.72597288519,5487.39193508382,-11915.5058689669,-8633.32589706506,-738.700955871873,-224.246956855266
6227.59679644659,-10534.2528640471,-6399.03744300273,4135.21542104435,2911.43767833091,2573.32969179132,-14188.5199687023,-10053.304547658,-742.829426324348,480.948316389094
3305.20374051099,-12599.0656483982,-7561.9999198,5037.06572859819,3003.89871775996,-445.417426329896,-16349.6868152391,-11312.6210866409,-746.722449080921,1286.44456175732
287.370327841046,-14565.2174568375,-8769.51527529076,5795.70218154674,2876.0808306167,-3339.28706687179,-18191.8748515503,-12396.1726700036,-750.576564096144,2169.0447868339
-2775.53690263339,-16395.9266604041,-10068.6849543131,6327.24170609098,2465.49527779566,-5995.32812044039,-19615.7178782111,-13288.4761721201,-754.295940011331,3107.450488284
-5833.17600160982,-18063.339441656,-11220.5030171112,6842.83642454474,1999.50407773963,-8590.45988503569,-20820.6233250819,-13977.7869005371,-757.779805686242,4085.55254111887
-8829.3593763457,-19546.4219877618,-12318.0696478969,7228.35233986494,1375.52309085914,-10965.9469846913,-21683.0095961075,-14454.6572562425,-761.064517486505,5091.76473151931
-11711.0699648018,-20826.9767206431,-13372.5961099954,7454.3806106477,594.919100347357,-13069.9822225588,-22185.8889784,-14731.5083677523,-763.993157409588,6095.46835289075
-14442.9279690721,-21894.016418602,-14364.6502202467,7529.36619835526,-313.027510711816,-14896.2763514434,-22347.3648009732,-14817.998602618,-766.375893083111,7076.01781598398
-17005.8072206552,-22750.6609875411,-15197.8628367803,7552.79815076074,-1239.12697552218,-16534.7338668521,-22279.587633738,-14726.7894829772,-768.053621719096,8023.87150456383
-19364.1781701409,-23385.0630395867,-15796.7272762492,7588.33576333748,-2105.3855643684,-18027.7717486531,-22048.6566180989,-14460.3208547614,-768.979142880588,8924.74218482531
-21480.1694594879,-23779.6916189908,-16233.5295296275,7546.16208936324,-2977.0706218007,-19272.4721097098,-21571.9942692126,-14025.8321798494,-769.373272022548,9753.8594391414
-23346.1725537272,-23941.5780839431,-16585.9472561433,7355.63082779976,-3901.20829368697,-20214.2451711565,-20809.6507013724,-13454.0198735727,-769.280911116349,10487.5582103704
-24941.6441635226,-23867.7912306981,-16817.1546839766,7050.6365467215,-4839.92761328668,-20870.4940524673,-19796.6411196429,-12746.0045729214,-768.777502231484,11121.7866577767
-26235.8379305965,-23552.2620826143,-16924.5295330724,6627.73254954181,-5784.66679647767,-21219.0644337485,-18535.4885857662,-11907.7560362244,-767.893299629653,11644.5060463898
-27242.9082193538,-23017.8946414511,-16864.383187901,6153.51145355012,-6665.54336082437,-21343.7312581353,-17118.7176802326,-10965.2062266825,-766.366399605882,12052.6884147686
-27967.8975214706,-22282.9418785612,-16667.3192614091,5615.62261715213,-7491.21773024143,-21240.882751305,-15555.9271083956,-9940.3044912435,-764.202960075867,12342.6373873177
-28407.9781982065,-21362.0904678795,-16248.867540382,5113.22292749749,-8188.96712422042,-20980.6459162676,-13934.7581859406,-8821.53525844312,-761.634842281531,12540.5552094364
-28541.883678385,-20262.4577836725,-15638.2536161153,4624.20416755716,-8794.9928008379,-20505.6423339048,-12226.2164391923,-7602.01227163516,-758.751456357767,12660.4455120373
-28384.373913039,-19010.0056729942,-14837.0111340599,4172.99453893433,-9292.64992562677,-19847.4271938871,-10473.0589538423,-6300.06441490798,-755.703206474866,12709.9412580862
-27957.3610562147,-17627.584838079,-13971.0641760009,3656.52066207812,-9805.392311409,-18904.7492507812,-8574.97303264562,-4918.45237056751,-752.780505975578,12709.1324675115
-27249.2818478993,-16128.0384062756,-13007.8134689441,3120.22493733149,-10295.777411274,-17703.4254049519,-6582.18196332826,-3461.95702599677,-749.92096832664,12666.0813802788
-26267.9843312969,-14542.3906417092,-11945.267470453,2597.12317125617,-10728.4410697668,-16286.8436915408,-4561.25000195306,-1964.12683069689,-747.300430010719,12578.2638110123
-25038.5861318367,-12905.6857229571,-10823.4410310284,2082.24469192868,-11111.5666175388,-14672.0173312128,-2539.11692233316,-456.872230404488,-744.99781691487,12448.8134925526
-23591.8767681225,-11251.6804141858,-9785.25192229554,1466.42849189025,-11539.0239150678,-12795.8169803098,-455.620626373081,1010.80786551717,-742.964127255061,12262.488279703
-21969.9693939827,-9610.22184306711,-8777.01719010558,833.204652961563,-11917.4110025337,-10794.0015992418,1565.74595167384,2398.95060463541,-741.443207792738,12009.1724477025
-20211.866697707,-8002.37409696113,-7910.23234333477,92.1417536263409,-12325.2716022563,-8626.94444362663,3582.54815711925,3674.68991074559,-740.349348175972,11677.0640077067
-18363.1079410549,-6450.58045459672,-7135.3307352278,-684.750280631037,-12686.1281967764,-6416.64109560889,5495.88639084925,4811.13611021821,-739.661351330441,11261.716564815
-16455.1144712162,-4971.55845669232,-6412.77467170308,-1441.21621501074,-12941.8877792737,-4252.50968637211,7231.0463281518,5789.83011314106,-739.282994429524,10761.3885698334
-14526.1899584612,-3573.86702109738,-5812.02022121,-2238.15320011262,-13159.6307368924,-2105.54498806056,8846.77794930326,6608.62474919064,-738.985766491772,10182.491770288
-12622.3452744281,-2267.83209310769,-5270.03462448221,-3002.20253137453,-13262.7106079053,-98.4008601656984,10256.1123211547,7253.90978978015,-738.766193642979,9521.74188288782
-10770.3889179813,-1048.8980810144,-4756.76724996227,-3707.86916894786,-13240.1982949686,1730.9025040202,11452.3933409871,7744.52417203926,-738.906872967116,8793.42225305367
-8990.31234702956,83.4552426507481,-4155.61656206257,-4239.07180471331,-13000.3994967756,3270.72877647019,12344.4963661505,8105.42456143718,-739.35837327589,8021.96931878644
-7273.03515614169,1142.24826652002,-3454.09287514109,-4596.34114166109,-12577.1266811717,4564.12507315584,12979.4084958175,8383.06735415645,-739.966451874138,7240.81908763643
-5613.70524570877,2131.19795298876,-2779.06464944708,-4910.26260243582,-12124.0165593823,5769.49137931513,13514.3945780127,8604.13197557684,-740.819934358401,6472.93402258809
-3995.11099411553,3061.27940532969,-2092.17083431385,-5153.45023964354,-11632.5808241724,6895.25663053551,13951.6470299807,8798.1967903372,-742.213199521327,5736.9173850075
-2405.92002325953,3931.9745217223,-1318.3171780961,-5250.29169981841,-11046.7284325617,7896.93348411194,14234.8280290938,8984.53632927537,-743.874925190266,5052.56180755306
-827.163046531687,4732.19597393186,-486.95168309683,-5219.14765702869,-10395.1074596218,8822.20993868308,14381.5689591466,9162.42130211795,-745.734474407039,4430.22532818608
751.525807310732,5453.62799622423,239.465524424449,-5214.16247179978,-9824.88304701656,9828.89625135965,14530.9984402731,9316.83596847335,-747.512602967655,3863.20797224912
2333.41745218393,6092.73364721915,868.489622812336,-5224.2440244068,-9319.45031436408,10903.511142982,14662.8273380172,9438.5833136104,-749.35662356605,3345.84966639124
3894.41525181957,6623.51296069892,1465.78910950013,-5157.7238511988,-8772.55931865834,11915.5223511088,14644.6200599882,9486.89620878935,-751.452219369116,2863.38324809042
5410.83181121303,7028.56324069695,1826.45370557715,-5202.10953511978,-8365.96872368093,13022.8715769405,14640.6030064244,9438.49347130461,-753.928957953493,2409.93023060767
6868.06327757158,7306.97295377888,2055.06775404004,-5251.90519973886,-7989.91944146035,14101.223943361,14540.1336195683,9288.22841982949,-756.758775670899,1981.25546605058
8225.90955475541,7436.39442828771,2264.91767846311,-5171.47674982459,-7527.50052662478,14993.4747889254,14203.9596624578,9032.48291263316,-759.935292454757,1596.08848434545
9474.99691310564,7415.51168217167,2460.45881555651,-4955.05286661515,-6976.62217264193,15688.3008955364,13628.8156646024,8673.76279798724,-763.31819021122,1258.25111581556
10584.7225144505,7231.49552998011,2586.89420748398,-4644.60132249615,-6400.11949801167,16217.8745811495,12864.6475966792,8220.04627418305,-766.9674313126,988.550744202917
11541.6839150927,6883.27341285763,2689.29043091159,-4193.98298194605,-5763.21170049739,16534.2731767501,11875.8626745151,7681.879692569,-770.622438839999,798.606279711361
12329.0213462988,6364.93342861583,2674.39539512939,-3690.53803348647,-5159.24918211826,16714.1919077746,10750.1039900916,7059.56595660514,-774.078620642509,694.632527989305
12927.9493816086,5677.30035192873,2549.87437368382,-3127.42597824492,-4579.45408570077,16729.7673284172,9479.11829873728,6351.69232049236,-777.636138892227,674.391968563617
13307.9673204067,4807.31243217834,2352.22962681032,-2455.08280536803,-3975.67213351426,16502.660343653,8002.00545542463,5546.9226500566,-780.979110267978,739.610217878257
13438.7316960755,3748.48023434232,2019.89957882488,-1728.58065551745,-3407.39560723089,16061.7799828803,6371.52852114711,4642.94786562966,-784.347320426107,894.467631287332
13312.7192301279,2515.50937828501,1453.07818980794,-1062.43118847708,-2990.18983053562,15515.2683338243,4718.05848198149,3655.6272935044,-787.640726839144,1140.11791521939
12915.0328558346,1119.32633554178,751.156654355025,-368.169681186779,-2630.60888071836,14754.6789031346,2958.97238284177,2590.802701655,-790.96283341838,1471.47636611321
12224.5110766133,-445.019864095156,-81.8468976183039,363.172966476835,-2322.66833848391,13752.8804449939,1083.34950428545,1446.52247076229,-794.298970103324,1891.54233485743
11238.4017964622,-2164.55164551692,-1011.84942808876,1152.70221742815,-2043.84469787136,12484.4945625791,-918.45887939998,234.24333802817,-797.751931754429,2398.7949835451
9950.62891379111,-4023.18510153662,-2097.91204522373,1925.27305631289,-1868.78153327239,11018.135512101,-2955.67850322675,-1030.40544691387,-801.274934962527,2992.77965462275
8369.47476592594,-5992.67077553782,-3292.30362417575,2700.36715136206,-1763.6895139312,9328.43816220164,-5033.70737926212,-2333.34022790006,-804.726117655507,3659.33054763775
6494.42069661329,-8044.36238236888,-4547.75213730156,3496.61024506731,-1710.70555897728,7397.04066374531,-7141.74241523686,-3645.13217016955,-808.085591845274,4399.23021219933
4344.82402599343,-10141.9844357724,-5899.96650276524,4242.01793300718,-1757.60316134294,5291.13032300282,-9195.67813876301,-4953.66020575583,-811.296864333547,5188.32423001658
1951.78734170511,-12241.8702972158,-7341.8234046582,4900.04689255763,-1917.68850645214,3055.08583367631,-11138.5718052446,-6238.52491268699,-814.390014480948,6003.34538452883
-644.209318263098,-14295.6943043096,-8736.11682150544,5559.57748280416,-2086.57754465698,625.204461667963,-13026.2805243785,-7466.70304157439,-817.163764725927,6828.99126273522
-3381.99830083911,-16244.5849032347,-9991.39316653574,6253.19173669899,-2238.13986231181,-1963.64826634797,-14826.2348687436,-8573.04313204461,-819.789827820674,7671.54177119012
-6194.75258505066,-18041.6260788093,-11097.0425524616,6944.58352634778,-2400.60659073554,-4616.41971367864,-16463.2932074373,-9518.70968108952,-822.273719363534,8522.9163977198
-9025.05229614787,-19654.4109540574,-12239.2916233807,7415.11933067675,-2764.95432968757,-7084.43807334071,-17713.7967312503,-10298.6774005735,-824.340106880416,9355.73355348393
-11805.9588854485,-21043.0746363287,-13287.8966974581,7755.17793887063,-3218.45143240025,-9413.45078303588,-18650.5665339161,-10895.3885950454,-825.943329987635,10147.6860412832
-14469.7349087484,-22179.0070005793,-14269.2814636739,7909.72553690539,-3795.05961872666,-11501.8446133157,-19211.1167051466,-11301.3911682412,-827.169323293941,10877.6158323381
-16967.1877906817,-23047.6611859021,-15252.179857484,7795.48132841816,-4562.89852233977,-13231.8757693487,-19312.3491645691,-11516.867836151,-827.586501006772,11530.7933497512
-19245.0142669934,-23631.3273571269,-16180.9760128998,7450.3513442271,-5466.93707550959,-14605.1442230286,-18991.4573131621,-11541.105968935,-827.067031544762,12090.2213881919
-21253.760792021,-23925.7517664982,-16910.45094862,7015.30081787819,-6365.76501170895,-15713.4147248783,-18385.4056993556,-11370.1048814774,-825.418944566353,12555.6468850208
-22965.2118894167,-23943.5931189339,-17538.6815370852,6404.91158184868,-7342.00312271206,-16446.1173208208,-17424.498550338,-11019.5869684893,-822.90855411622,12924.0061504445
-24351.6402770152,-23693.862195173,-17980.5147745068,5713.34742066617,-8297.65878556659,-16873.3287005623,-16215.55061872,-10502.2031980539,-819.347209113689,13191.6589971191
-25401.6353076675,-23199.549468448,-18197.9509651357,5001.59850331238,-9178.70830663261,-17037.7518677654,-14835.6660285459,-9834.06752523356,-814.82486673051,13365.4819432145
-26115.6951863265,-22492.3580446482,-18160.7226958664,4331.63534878186,-9936.56898286017,-16988.5504203231,-13365.2132786449,-9033.57792986305,-809.424216856824,13458.7801147852
-26503.5679370418,-21605.6727121179,-17983.6864930878,3621.98621903011,-10655.8343122486,-16651.0710603114,-11753.1758353874,-8131.18961635733,-803.337435518159,13474.4830957606
-26577.2786307926,-20571.9901313309,-17631.2909316647,2940.69919966629,-11270.7997727277,-16103.1971068195,-10097.9086073579,-7157.20940769163,-796.718248754658,13414.7807236393
-26365.494258611,-19425.8506247498,-17192.1944737396,2233.65615101025,-11843.7527041924,-15311.5808919746,-8371.9372581135,-6138.28110710324,-789.839337556075,13287.5695176466
-25893.3711967061,-18205.4530217783,-16612.8745422563,1592.57847952204,-12304.6799364701,-14371.6183235226,-6683.70014859489,-5091.12166907285,-782.927063286637,13114.3313527055
-25182.5837196512,-16932.6141008391,-15939.279811956,993.334288883091,-12690.2275671689,-13268.4588602055,-5018.48924139345,-4025.15495251036,-776.102707723271,12907.4591483288
-24263.6822162351,-15636.1073381048,-15241.5922673966,394.515070708262,-13052.8076900688,-11980.3205236943,-3352.74564556398,-2958.23057485572,-769.445997527925,12677.8767632491
-23177.6784245302,-14350.3275754786,-14439.2698409708,-88.942265492182,-13294.5610714724,-10646.023846337,-1818.67299728545,-1907.61526277763,-762.906493279222,12442.712312701
-21944.2036677795,-13094.5964267422,-13658.6965171483,-564.100090406074,-13526.920274262,-9173.73213959616,-324.124898558911,-888.224988964981,-756.448746078691,12206.3714377772
-20601.0055326162,-11888.0182246416,-12916.166432206,-1028.1482075644,-13756.2798911587,-7594.87274391266,1118.11456406193,89.9663564975333,-750.147102455183,11977.9845811391
-19191.7923187318,-10753.9995332876,-12183.2106888066,-1429.21115551901,-13934.1357602383,-6001.74869837952,2436.04408706473,1006.83293154572,-744.092139885992,11760.8324648333
-17742.2567204966,-9705.71494902538,-11540.8306723715,-1835.11572334615,-14135.343759041,-4345.05992768057,3691.48184379061,1856.36612044447,-738.146966225038,11562.0810694698
-16278.2189380135,-8757.80282577035,-10996.7508823864,-2238.94805661604,-14342.628275519,-2668.29064031703,4852.12547192615,2613.17741531011,-732.699977822513,11370.9802410805
-14822.069384277,-7913.30086037911,-10475.6060763738,-2562.30521599469,-14478.5174730489,-1071.45452538624,5837.31399851165,3275.00878251697,-727.902614158112,11188.3096428961
-13401.169252384,-7179.9087008132,-10042.0747794475,-2862.16607863429,-14595.5584420315,470.594914289398,6691.8554658602,3829.68938722591,-723.794275358066,11009.5980880391
-12049.758542771,-6566.58064084619,-9584.46411197909,-3017.8834711329,-14584.0168300413,1814.01662249353,7297.19452441834,4279.31105328544,-720.241664776812,10845.8916941316
-10775.8182451409,-6070.88375534901,-9228.43471992079,-3157.55096457178,-14576.6628123361,3083.43773828498,7788.37222807684,4630.82126350506,-717.406828910247,10701.7050188541
-9606.32357817311,-5703.8786035262,-8914.83741360129,-3210.95881007509,-14499.4784101432,4178.13303943898,8080.57801408591,4869.61920401082,-715.021792531126,10573.497807537
-8564.76408870352,-5463.17739293072,-8622.10642302743,-3158.92903009672,-14337.1546701244,5059.2226760118,8160.8093717846,5001.88034168789,-713.1679054091,10465.0577346186
-7664.37705194608,-5348.30102827755,-8419.91828322692,-3071.61725494937,-14161.1335617133,5785.04100625591,8101.11702992445,5029.49977497509,-711.71550351132,10377.8008032526
-6912.2529239848,-5351.26662671724,-8346.99188424131,-2995.72525752407,-14011.3502787057,6388.28268669701,7949.26898396456,4953.54372644049,-710.814668023919,10304.8103531577
-6327.07999091227,-5472.25745498425,-8405.76563390298,-2933.50817891875,-13882.2834156581,6844.96909235539,7699.79162828341,4766.28344936467,-710.234332390433,10238.5409043489
-5924.66425007508,-5701.59489387968,-8529.08055887819,-2827.48566499853,-13718.0881533752,7083.45908281708,7306.52843901249,4479.04277401397,-709.964820483086,10180.6376678936
-5705.6561537155,-6031.7732040457,-8742.2136275422,-2710.44042349651,-13551.0476344949,7135.38495164307,6809.26790131288,4098.82747781638,-710.006529136303,10130.6006818621
-5658.88186269022,-6445.68933966434,-9030.70558577908,-2585.01624611474,-13381.8120661213,7012.57898507584,6225.77150810172,3640.75526198698,-710.351218355196,10086.4446016513
-5800.70710557449,-6939.00283585926,-9333.59037466701,-2394.58753880776,-13151.2257252191,6639.54933032043,5501.25360003565,3106.6660612279,-710.969289324165,10045.6688970872
-6096.45365024316,-7480.20927598299,-9669.79637321576,-2189.58709723277,-12904.8233912887,6096.85163533864,4713.0960095988,2523.50891236604,-711.518105706933,10003.718188349
-6529.72054917425,-8049.57737025206,-9991.56785450834,-1941.9904842563,-12611.7195976241,5369.87019405291,3850.01337297512,1908.02288871882,-712.128854396883,9957.60025897087
-7073.81146238682,-8622.60375631576,-10215.2860520037,-1592.6822956879,-12223.0512612656,4436.26327083806,2887.47097690913,1294.78868122123,-712.976528040666,9917.39243753698
-7702.20843154989,-9176.95224495584,-10292.6400272695,-1115.68778231363,-11718.7125678991,3302.31036207444,1827.56654866851,711.878766354874,-714.193774274805,9888.83101131071
-8392.6066078419,-9696.64997208766,-10328.7262153127,-632.076243225011,-11228.0498392791,2119.871795584,815.828431338254,183.752188113243,-715.5714358532,9880.40216020091
-9120.53030413129,-10164.1481456246,-10382.9065639926,-218.758418367957,-10821.4977155239,983.842409173652,-59.7754323196881,-278.533850687642,-717.125002218906,9885.614294937
-9862.68722274598,-10567.0722814886,-10432.1504517773,134.921829711281,-10486.0169727973,-95.3354051555077,-799.720463898098,-664.798634186822,-718.665155206854,9902.27364730175
-10585.2609672776,-10887.290293515,-10426.0405050191,461.249788495898,-10186.4542095453,-1119.20430123612,-1421.23362747357,-959.983838977671,-720.397543503794,9927.30645453738
-11257.3757927568,-11109.5567268026,-10361.0287205473,748.52800625529,-9922.39508949333,-2057.42240188983,-1909.60333593566,-1161.07532968038,-722.441698626366,9948.48139712225
-11850.944912078,-11222.7241668985,-10379.6451019671,843.079064931422,-9835.84710267444,-2740.11322731254,-2111.89248213303,-1268.81341720161,-725.015417908962,9953.9107496969
-12341.1385926084,-11218.5971568752,-10380.2102283394,838.386928535767,-9824.47979785198,-3244.72395737132,-2122.18252163814,-1283.79559310237,-728.065162614926,9934.8015637728
-12712.005648686,-11099.4559052413,-10277.7209308725,821.734974368828,-9804.13736191099,-3639.29414470451,-2026.74440125983,-1205.009426891,-731.425857929503,9894.44647835031
-12934.6600550377,-10860.7063471441,-10157.5231081652,703.183238978841,-9852.14286251144,-3817.48972333087,-1743.53601543724,-1040.3527764584,-734.972530804576,9820.35357068569
-13001.6888247319,-10513.0937696189,-9957.95503846544,555.138731153483,-9904.5204032298,-3835.69510999656,-1347.10005488362,-791.961323730132,-738.526688494471,9721.13244588882
-12906.1613522523,-10068.2466703091,-9678.06819537306,390.178474935994,-9952.50463682611,-3695.68034050922,-857.765658565981,-467.587183629985,-742.023625083031,9600.65948667907
-12644.4949803179,-9542.31657296562,-9342.89812600208,199.418446963551,-10004.9060993164,-3385.19978074236,-283.021373390049,-83.602926426497,-745.610899740781,9458.71364653913
-12222.3133085644,-8957.82575023262,-8966.07970152152,-8.25395128889807,-10053.7005023114,-2917.87305235557,346.614505976203,338.360554687304,-749.260246102592,9296.18630491993
-11657.0196403788,-8338.83519369427,-8503.99707165365,-165.16187795937,-10041.1927410449,-2368.40522719236,949.779219492193,784.617341532831,-752.578327858422,9123.45253522711
-10983.0736454104,-7717.6012037973,-7904.99525746299,-187.394053665695,-9899.07232359999,-1839.56007501355,1425.91236659959,1238.51831293389,-755.558753203096,8956.1195167312
-10220.9549501066,-7118.48746530024,-7338.791083695,-220.303618394754,-9775.14680796403,-1203.98886771163,1898.47861709478,1678.17499870002,-758.180725569008,8796.66246400027
-9400.10864499331,-6566.08069208094,-6814.21216112157,-248.131469040629,-9651.33508845225,-509.353630574939,2324.67432233743,2076.5428532968,-760.580074033888,8642.62354537774
-8550.53363337892,-6076.71018725663,-6294.99576393102,-218.285576674377,-9469.11641433326,155.820526090824,2629.64397221311,2411.35839553874,-762.762254863506,8488.06858279537
-7703.41990133029,-5665.32831733987,-5755.98029463006,-90.6519772901994,-9197.03693555811,728.901220453473,2766.99280444391,2676.34082715371,-764.715813774335,8341.66914449357
-6896.53136700826,-5350.87825235062,-5380.60823680468,-29.7299844540635,-9011.48024761776,1348.56539020811,2894.21850486575,2864.48852041169,-766.383490401393,8215.36677276231
-6156.26900252271,-5137.45928145972,-5125.33915938677,12.1201220729367,-8861.27803270482,1937.0451187581,2955.85483982107,2967.97496189401,-767.96391142405,8105.43424335373
-5507.11580895662,-5025.72352609151,-5004.7572134211,20.9663126704299,-8764.10113730812,2487.6909081101,2969.0831909752,2990.04950364563,-769.294420241402,8015.77302973716
-4968.97260523151,-5014.47644460668,-5126.97767837846,-112.50123377179,-8812.15429996713,3072.96315499395,3027.45931561878,2914.95808184699,-770.218539741688,7929.43452645366
-4551.8956712503,-5093.0320150118,-5439.9292825211,-346.897267509326,-8953.7147421769,3631.14780074453,3090.01145698304,2743.11418947372,-770.67127018208,7836.14620448551
-4256.14141749463,-5245.08027554849,-5928.65306452829,-683.572788979813,-9171.40003908914,4144.55687736269,3155.61801930884,2472.04523032903,-770.701744231812,7717.12550587752
-4085.98940336155,-5458.63839391183,-6455.19529368778,-996.55689977596,-9343.31665229343,4487.24552036823,3114.59652981797,2118.03963004201,-770.081728563645,7576.67802395384
-4037.44869862861,-5715.30516543005,-7026.16950517731,-1310.86433974727,-9484.83424542339,4678.72897204512,3000.87250524367,1690.00816549641,-768.656574749675,7405.31333092645
-4092.44555727483,-5991.99958963958,-7608.3292401987,-1616.32965055914,-9583.40237508093,4724.35315546702,2824.79912310227,1208.46947254313,-766.603662339091,7200.4690621827
-4242.08519461683,-6275.42330255095,-8132.60540746032,-1857.18210490936,-9593.32030556353,4587.2792719129,2553.94116397878,696.759059069417,-763.955839033805,6972.18236162038
-4462.54993755493,-6546.08960676698,-8568.97026223727,-2022.8806554703,-9524.09701866004,4300.75260200406,2217.21293279204,194.332277321738,-760.794479101023,6740.42188408871
-4733.43294216038,-6788.34187265983,-8873.40063024841,-2085.0587575886,-9346.28670693082,3855.5914268738,1800.68249637437,-284.376261214226,-757.262337896634,6503.9656114456
-5037.84960089876,-6994.60481124933,-9077.91020253068,-2083.30539128137,-9100.42542883904,3309.27135493458,1352.51614458403,-730.789246697342,-753.304473005688,6263.81556455199
-5369.53573067178,-7164.65501326105,-9175.63659570735,-2010.9815824463,-8783.64183335241,2665.15653832569,870.037255736432,-1140.94432670986,-748.949564354922,6023.7106865512
-5709.47975873597,-7294.01539753055,-9232.36349389707,-1938.34809636651,-8467.26982154058,2013.57610020473,429.040461410161,-1509.30763495634,-744.213962599869,5784.70776257421
-6053.6480308269,-7383.11121230123,-9162.34261198592,-1779.23139968469,-8080.54666793835,1287.58558618093,-41.8775952933939,-1821.10899497809,-739.313050930502,5562.00221732315
-6406.00482168334,-7435.9262675785,-8969.45950882527,-1533.53324124675,-7619.97101869691,479.714485030664,-550.206960864493,-2083.74020211125,-734.25171198289,5352.18606546727
-6763.26456442023,-7452.02214979807,-8680.43257888194,-1228.41042908387,-7111.64054856331,-380.774859235284,-1069.53244461312,-2297.94287369699,-729.150843378364,5154.07927610107
-7113.49500466333,-7428.93629399954,-8243.80135870493,-814.865064705379,-6526.29532314212,-1311.46560389985,-1626.90689323605,-2441.77195794142,-724.265922378616,4987.16433605812
-7437.42191438074,-7357.04459964299,-7733.78580469837,-376.741205055383,-5958.58484679354,-2198.67062054284,-2118.29330580509,-2495.03451086047,-719.833552955629,4862.01008878251
-7716.94002153257,-7225.98668604858,-7225.81115792558,0.175528122992171,-5476.77516409191,-2956.1247556617,-2465.17142017769,-2464.9958920547,-715.95989822102,4760.99079399388
-7949.0785410146,-7037.31756317107,-6709.34575284127,327.971810329808,-5064.51923460789,-3597.11848564946,-2685.35750780594,-2357.38569747613,-712.559179242749,4679.93186569495
-8108.45464517699,-6779.344675505,-6177.701576967,601.643098538004,-4717.21068658446,-4100.6660953068,-2771.55612563481,-2169.91302709681,-709.42213671427,4609.43164840818
-8170.7696968894,-6440.35025892568,-5624.51147484707,815.838784078621,-4423.19070644908,-4453.99003153777,-2723.57059357405,-1907.73180949543,-706.411041097451,4532.61844943024
-8131.89025124299,-6023.97032075638,-5012.25928269932,1011.71103805709,-4132.57267772864,-4703.25933323241,-2595.33940274583,-1583.62836468874,-703.941759718072,4440.34195606765
-7979.98502979855,-5532.68422071558,-4466.60851947076,1066.07570124482,-3963.20212161319,-4718.654464838,-2271.35365575501,-1205.27795451019,-701.871556652625,4327.40626620539
-7703.13442143338,-4971.02457781134,-3956.60806647726,1014.41651133409,-3863.63132152838,-4539.67804748128,-1807.56820385923,-793.151692525144,-700.174947576259,4177.87288528619
-7295.97520101668,-4344.7884349766,-3318.15974848804,1026.62868648857,-3666.4540403727,-4328.32133741712,-1377.13457137705,-350.505884888479,-698.800176773131,3994.28255008813
-6760.15077287537,-3663.0936865301,-2653.85707703081,1009.23660949931,-3491.64506780591,-3966.12533917731,-869.06825283204,140.16835666727,-697.61963410784,3803.26204319738
-6095.02026890452,-2937.4595009114,-1892.84064491977,1044.61885599164,-3261.04004364284,-3530.45171713747,-372.890949144356,671.727906847284,-696.471491875784,3609.18740775869
-5305.43961773346,-2182.86509013485,-1043.26920071839,1139.59588941647,-2963.02634905706,-3037.65598937443,84.9185382241747,1224.51442764065,-695.24272069802,3407.3795177755
-4407.19002638006,-1417.40053617649,-99.6647028913133,1317.73583328519,-2585.17073053007,-2515.9061479373,473.883342266273,1791.61917555146,-693.886852087301,3209.01971172795
-3421.47634958864,-666.330116647588,821.152657948547,1487.48277459614,-2227.60958638133,-1886.33548412048,868.810748820574,2356.29352341671,-692.468720913153,3022.6236400643
-2362.44575159395,54.8591092271283,1652.97864059764,1598.11953137051,-1931.32113993803,-1121.94835706464,1295.35650375645,2893.47603512695,-690.823745408716,2838.61692589982
-1253.41132546927,731.662505857176,2422.92967064468,1691.26716478751,-1662.44587720648,-279.800610883422,1705.27322044302,3396.54038523053,-688.835162620639,2664.87787937336
-119.021253248836,1347.851737199,3070.00592235514,1722.15418515615,-1464.49171959795,658.911846537404,2125.78483698524,3847.93902214139,-686.558619811711,2500.08728494238
1014.55669637605,1886.93096499025,3592.03084869212,1705.09988370187,-1318.49247678468,1648.97941226676,2521.35368088096,4226.45356458283,-684.069760893973,2339.52259959258
2126.5926029707,2339.45012579413,3954.57574155326,1615.12561575913,-1240.02817185176,2685.08225603526,2897.93977885869,4513.06539461782,-681.538518787196,2173.6152688237
3190.21194102016,2695.4772081522,4146.98799512498,1451.51078697279,-1224.44232095987,3735.39206104984,3240.6573281819,4692.16811515468,-679.262200930176,1996.69090700248
4178.99633621393,2941.36815928026,4192.01433934285,1250.6461800626,-1247.05661171138,4748.74925038446,3511.12107345077,4761.76725351337,-677.303697540862,1820.39909423312
5074.62909531396,3072.27850806555,4114.85443925924,1042.57593119369,-1292.10501549078,5690.98765490317,3688.63706765476,4731.21299884845,-675.746455901561,1658.93449078292
5859.38314593293,3078.39604557749,3895.70753375361,817.311488176135,-1376.50996888137,6561.05359155681,3780.06649120138,4597.37797937751,-674.83952325748,1518.98193380003
6511.20723896685,2953.02855602354,3581.07547486984,628.046918846294,-1449.67119008905,7286.32469074612,3728.14600780284,4356.19292664913,-674.55373830977,1403.16437062559
7010.16362102566,2693.20479809711,3158.54887824401,465.344080146885,-1534.10700357904,7869.46100880629,3552.50218587776,4017.84626602465,-674.809615798395,1324.64146792753
7341.79727675115,2298.07844593587,2727.67212138335,429.593675447475,-1529.65938291353,8195.67940625621,3151.96057544096,3581.55425088844,-675.777253408452,1283.47580495256
7496.97486440281,1766.65620152365,2259.27743055402,492.621229030377,-1472.12158027373,8291.8301362506,2561.51147337144,3054.13270240182,-677.266308425937,1287.47650087817
7452.80915042803,1092.07251612911,1716.41252174377,624.340005614673,-1404.72036054366,8178.19121281002,1817.4545785111,2441.79458412578,-679.338298161669,1349.72206799666
7205.55246631836,281.076834400008,1119.73714152819,838.66030712818,-1322.46095916247,7845.94699090199,921.471358983647,1760.13166611183,-682.066434578823,1479.05483171183
6742.69690051703,-663.574668082183,469.545420286476,1133.12008836867,-1225.36148106975,7282.60334977371,-123.668218825493,1009.45186954318,-685.455031813055,1673.02653762536
6067.95853526058,-1729.94168311571,-144.27507368119,1585.66660943451,-1044.92576843541,6423.67861063296,-1374.22160774332,211.445001691188,-689.205693063039,1941.38668480688
5181.86083561563,-2905.84377503155,-862.928984381901,2042.91479064966,-944.304728419351,5432.92365773782,-2654.78095290934,-611.866162259674,-693.241906297137,2293.97761277188
4088.10554080134,-4177.04281647415,-1573.9973518754,2603.04546459875,-828.611557807038,4219.40425985071,-4045.74409742479,-1442.69863282603,-697.312838757664,2734.34418364813
2801.53464530617,-5522.34205232577,-2267.67196964184,3254.67008268391,-705.815701850828,2805.80796566584,-5518.06873196609,-2263.39864928218,-701.542381491142,3258.9434030436
1344.35083560005,-6914.50409299699,-3030.42759939623,3884.07649360078,-675.072296745221,1313.60913446942,-6945.24579412764,-3061.16930052686,-705.813997875853,3853.33479247015
-256.115493453235,-8328.49043295601,-4025.88320317945,4302.60722977656,-914.054609671501,-52.1003886857895,-8124.47532818855,-3821.86809841199,-710.039504904034,4506.62233454403
-1981.05178810207,-9742.78944721306,-5049.4891372839,4693.30030992917,-1230.3482232609,-1464.83486700925,-9226.57252612026,-4533.27221619109,-714.1313021681,5209.51723102196
-3798.23749850234,-11126.0902832919,-6110.28501105469,5015.8052722372,-1664.78629242679,-2851.44424654312,-10179.2970313326,-5163.49175909545,-717.993040467562,5962.59852419644
-5666.94591722755,-12443.9886886727,-7183.09046092163,5260.89822775113,-2212.01669358072,-4176.4294835292,-10953.4722549744,-5692.57402722327,-721.500259882373,6751.41466144948
-7548.08125367374,-13670.3343144904,-8282.52062630897,5387.81368818139,-2895.38920836376,-5377.12131849247,-11499.3743793091,-6111.56069112767,-724.429273182474,7558.77362336269
-9407.04405525319,-14784.7948439613,-9340.85048177119,5443.94436219013,-3652.67887071621,-6481.3638159048,-11859.1146046129,-6415.17024242277,-726.998631367787,8369.62460153854
-11206.7611805583,-15770.3897667097,-10395.31757455,5375.07219215965,-4529.42961467043,-7406.71187252543,-11970.3404586768,-6595.26826651715,-729.38030663755,9175.12150019253
-12909.2130351881,-16612.7758748247,-11423.2046369294,5189.57123789539,-5487.22931806616,-8153.67863141861,-11857.2414710553,-6667.67023315991,-731.694914296724,9945.10564166483
-14491.7905653839,-17307.156879825,-12273.4922972021,5033.66458262287,-6377.83371928834,-8847.62455368669,-11662.9908681277,-6629.32628550483,-733.667707591073,10677.8305943201
-15923.3445840399,-17847.055542562,-12931.3913704108,4915.66417215128,-7206.12304125971,-9452.38348598233,-11376.0944445045,-6460.43027235324,-735.161943202181,11386.6252702088
-17177.7443415094,-18231.3321640822,-13391.982177579,4839.3499865032,-7971.81190190424,-9942.19069955264,-10995.7785221255,-6156.42853562226,-736.258259947512,12074.9036284599
-18241.2187593438,-18467.2512368947,-13625.1035614832,4842.14767541153,-8643.01509098652,-10335.4048672237,-10561.4373447746,-5719.28966936311,-737.201198866428,12747.9615675316
-19105.3407367112,-18565.7301263967,-13722.4577483258,4843.27237807092,-9296.83635023709,-10546.5267267265,-10006.916116412,-5163.6437383411,-738.022340252416,13402.0863880556
-19762.0951982102,-18539.5884664419,-13734.2276137891,4805.36085265281,-9965.85057682425,-10534.9795773816,-9312.47284561327,-4507.11199296046,-738.734955995643,14032.4764734814
-20215.7881661125,-18406.8997763188,-13798.6144453132,4608.28533100558,-10762.9071722378,-10192.0995631429,-8383.21117334914,-3774.92584234356,-739.218569268208,14631.9739339752
-20476.0918720816,-18189.7043579422,-13898.1379914054,4291.56636653684,-11641.6027428332,-9573.86676798916,-7287.47925384981,-2995.91288731297,-739.377638740753,15193.7914706293
-20545.3487364277,-17906.8254585006,-13984.0448960727,3922.78056242793,-12527.8961000537,-8756.70761972543,-6118.18434179832,-2195.40377937039,-739.254983351408,15711.4216791302
-20445.5052719976,-17579.3145872086,-14002.7262085088,3576.58837869981,-13339.6102553959,-7844.736267096,-4978.54558230703,-1401.95720360722,-738.8412504943,16177.3573836014
-20195.6310505058,-17227.3293832224,-13975.227363864,3252.10201935841,-14073.1099905726,-6860.70005661998,-3892.39838933654,-640.296369978125,-738.178996686795,16587.0330132443
-19822.7167843902,-16874.7911154681,-13965.8071056486,2908.9840098195,-14773.3966287549,-5786.38570028998,-2838.46003136788,70.5239784516182,-737.065544654637,16945.3150939198
-19360.1385385488,-16545.6073140543,-13901.5316906807,2644.07562337361,-15340.5639686938,-4754.86350145177,-1940.33227695727,703.743346416343,-735.288931596722,17249.3506604706
-18834.8338632093,-16250.1931064795,-13817.4350259221,2432.75808055735,-15808.8183311697,-3759.01394927158,-1174.37319254178,1258.38488801557,-732.998417232001,17508.577994495
-18280.4748766244,-16004.7680537686,-13677.7100891648,2327.05796460385,-16145.9371982217,-2864.91388648792,-589.207063632152,1737.85090097171,-730.376208085167,17742.6189547404
-17734.7052701299,-15830.1537491377,-13462.0797850258,2368.07396411186,-16329.1017373358,-2133.07235422961,-228.520833237423,2139.55313087443,-727.468821435558,17969.7068800121
-17222.0481822809,-15737.3240413931,-13302.0727430514,2435.25129834169,-16490.3631661519,-1455.77535045893,28.9487904288161,2464.20008877051,-724.090334329994,18201.5241301636
-16764.696046878,-15732.6939831923,-13170.3640294321,2562.32995376023,-16596.8028166272,-888.406074979229,143.595988706469,2705.9259424667,-720.51284472847,18438.619925659
-16381.6892449098,-15818.1254565052,-13027.4879681504,2790.63748835475,-16613.1868529661,-485.330005494732,78.2337829098716,2868.87127126462,-716.827613551001,18686.9967277698
-16091.4622461835,-15996.2664045945,-13082.8679402487,2913.39846434582,-16752.9540200901,-51.6731944198543,43.5226471691136,2956.92111151493,-713.164968326516,18953.1875161094
-15905.7408698843,-16265.1786631526,-13421.9905574717,2843.18810568084,-17081.5184031467,466.263708002441,106.825914734212,2950.01402041505,-709.513825259923,19215.1926835676
-15844.5095435364,-16624.5529144415,-14016.3853465345,2608.16756790707,-17554.1609422184,1003.57288265491,223.529511749775,2831.69707965685,-706.078516027044,19456.2499940984
-15907.7759781326,-17056.1991164905,-14609.6230099817,2446.57610650874,-17940.0068896697,1329.24260066531,180.819462307455,2627.3955688162,-702.988310871739,19683.5946853067
-16096.2304432006,-17548.6448228287,-15113.4898807274,2435.15494210134,-18189.9198075251,1393.64305653243,-58.771323095756,2376.38361900558,-700.046307792064,19925.0284418343
-16390.731135835,-18080.0918040163,-15577.9046864531,2502.18711756312,-18400.3687409867,1312.30310469859,-377.057563482686,2125.12955408043,-697.334500453097,20205.2213580967
-16775.1126969832,-18640.2063936372,-16093.0658916715,2547.14050196573,-18682.9467641462,1212.966645655,-652.127050999072,1895.01345096666,-694.867421508009,20535.2198446039
-17219.075293061,-19209.1743234494,-16689.3590143961,2519.81530905325,-19076.2397082528,1164.26344881186,-825.835581576566,1693.97972747668,-692.900966379941,20903.1540509261
-17700.9449088534,-19777.7822336259,-17274.657017436,2503.12521618985,-19471.7018251021,1079.37061798597,-997.466706786473,1505.65850940338,-691.386298262736,21283.4407430292
-18203.4060619107,-20332.8088451398,-17798.5166854776,2534.2921596622,-19832.8908121973,939.277048016982,-1190.12573521204,1344.16642445015,-690.207702269603,21676.9752695899
-18715.0114120608,-20874.3256352904,-18316.1428502707,2558.1827850197,-20209.2545481653,804.936491321062,-1354.37773190856,1203.80505311114,-689.30664478346,22078.1306884016
-19230.3150360011,-21401.0190943658,-18855.985434771,2545.03365959476,-20632.5950480876,713.813157190981,-1456.89090117364,1088.14275842113,-688.46685489548,22489.1618527869
-19737.6238014273,-21913.0660476233,-19395.9248112433,2517.14123637999,-21072.6380503256,647.364903192732,-1528.0773430033,989.063893376692,-687.649345705574,22902.129941
-20228.411549391,-22407.2457186965,-20050.841511375,2356.40420732149,-21633.9978219274,718.471736567045,-1460.36243273846,896.041774583028,-687.114535969377,23303.2874932795
-20703.1700816729,-22882.9936557518,-20883.399846771,1999.5938089808,-22353.2306630692,963.234485998326,-1216.58908808054,783.00472090026,-686.826095397952,23665.998376652
-21163.0806567032,-23337.2854573396,-21766.3564630304,1570.92899430919,-23084.5237317527,1234.72531540306,-939.479485233295,631.449509075898,-686.717759646351,23968.7349664155
-21619.5445803938,-23768.5362854701,-22583.2774084019,1185.25887706822,-23710.936378174,1404.33809479708,-744.653610279157,440.605266789065,-687.053702983025,24209.1415522592
-22067.8413122421,-24166.6651217835,-23258.4815548337,908.183566949883,-24176.5415398781,1420.99659780189,-677.827211739505,230.356355210375,-687.703629834034,24397.0214769939
-22511.1423373626,-24528.0180888722,-23783.3564287781,744.66166009408,-24490.7925047464,1290.86509634704,-726.010655162588,18.6510049314962,-688.785071036809,24546.6690938037
-22951.2496685587,-24855.680995181,-24200.5843823983,655.096612782629,-24698.6306704533,1057.14618123493,-847.285145387321,-192.188532604699,-690.23482065964,24663.4924625763
-23381.7950005253,-25144.1785693555,-24437.9413896358,706.237179719707,-24744.8610707059,670.884719144217,-1091.49884968597,-385.261669966254,-692.181351036406,24758.9168993892
-23791.9664887659,-25382.7222943076,-24538.8527798219,843.869514485596,-24697.0273062994,210.542826444969,-1380.21297909666,-536.343464611069,-694.51799108856,24846.3788296965
-24171.9284325229,-25567.626367212,-24582.573376166,985.05299104594,-24650.6996326073,-218.51221205668,-1614.21014674573,-629.157155699788,-697.283412141081,24938.4692115122
-24501.8799384943,-25691.6795994308,-24655.9387187867,1035.74088064418,-24686.6255477132,-515.544273911566,-1705.34393484808,-669.603054203912,-700.289883130422,25022.0765452269
-24773.5572144534,-25753.6025118103,-24844.0265038581,909.576007952214,-24878.0008542316,-598.914652857654,-1578.95995021464,-669.383942262425,-703.358292635894,25084.2185695479
-24979.0263734772,-25751.1191498874,-25077.1387519657,673.980397921754,-25146.8219532163,-538.687601387168,-1310.78037779742,-636.799979875669,-706.483181126282,25114.3191700118
-25108.2671954505,-25674.3107448639,-25301.3220761656,372.988668698359,-25437.961110515,-380.057498975156,-946.101048388598,-573.112379690232,-709.751414039608,25101.1983651737
-25151.3476758592,-25526.3337762777,-25357.7384018681,168.595374409529,-25584.3556786719,-280.009818460499,-654.995918878958,-486.400544469426,-713.017821273145,25039.9332318082
-25107.20538341,-25311.6377617611,-25322.16767908,-10.5299173189537,-25651.9921877591,-171.721083594687,-376.153461945794,-386.683379264748,-716.507887943832,24924.9543824963
-24991.938357105,-25042.6927253174,-25076.1531437131,-33.460418395704,-25507.3661929401,-204.800032865198,-255.554401077556,-289.014819473257,-720.227868700276,24753.6779058441
-24800.3532097415,-24716.1628228739,-24651.7611948575,64.4016280164405,-25205.2938151642,-319.293569322822,-235.103182455232,-170.701554438792,-724.234174745502,24545.4612684351
-24548.5905028611,-24353.9357419928,-24149.3650562428,204.570685750025,-24833.0590772488,-443.843134757688,-249.188373889431,-44.6176881394064,-728.311709145417,24309.3180538534
-24232.8391633945,-23960.4938597772,-23586.173439444,374.320420333242,-24402.4071265083,-562.513360649975,-290.168057032673,84.1523633005664,-732.081323763737,24044.6462230778
-23866.8771254387,-23551.3903021517,-23130.6373790009,420.75292315077,-24052.4976867363,-549.839245424646,-234.352422137669,186.400501013103,-735.459806722261,23737.7908031648
-23470.1930458826,-23135.354334112,-22748.8109861197,386.543347992318,-23727.8293861745,-480.861623956039,-146.022912185422,240.520435806895,-738.497964247928,23375.8747699189
-23058.305592754,-22723.0383656862,-22553.5252407653,169.513124920908,-23537.594165518,-262.033158917465,73.2340681503404,242.74719307125,-741.321731681444,22965.7855587575
-22640.2554150336,-22313.6091227743,-22523.9077672229,-210.298644448572,-23436.7071766785,52.5786093896643,379.224901648954,168.926257200381,-743.873152255164,22482.5353799747
-22244.1879819711,-21914.5966404774,-22518.2940911635,-603.697450686121,-23281.1000219342,290.813261599903,620.404603093544,16.7071524074296,-746.098778363243,21931.3037928849
-21872.387197229,-21513.193159997,-22328.5627569923,-815.369596995347,-22910.8319986744,290.404804704109,649.598841936152,-165.770755059194,-748.039996741276,21347.4224049378
-21528.9370490831,-21110.3981685519,-21987.9153685738,-877.517200021879,-22381.3564475479,102.770149313078,521.309029844289,-356.208170177587,-749.649249151725,20754.1899983743
-21201.8565783651,-20697.3638679897,-21706.5310818573,-1009.16721386768,-21909.3588700069,-43.4689444094504,461.023765965982,-548.143447901702,-750.97123605126,20149.220420088
-20895.6789128225,-20273.1399137443,-21530.6766893888,-1257.53677564452,-21531.7886502509,-115.945124380388,506.59387469781,-750.94290094671,-752.054861808728,19522.1970127976
-20617.9451310368,-19838.9447185067,-21195.175611795,-1356.23089328822,-20990.5940333654,-380.131327398637,398.869085131412,-957.36180815681,-752.780229727273,18881.5829103499
-20358.9970341507,-19385.3752268645,-20813.6091794235,-1428.23395255901,-20438.7905173021,-673.505467087583,300.116340198559,-1128.11761236045,-753.298950239015,18257.2576145041
-20106.0305652212,-18902.7211584135,-20522.8367640735,-1620.11560566009,-20010.3627107153,-849.120852623155,354.188554184556,-1265.92705147554,-753.452998117256,17636.7941069379
-19860.5185773433,-18388.0535276551,-20313.6922387959,-1925.63871114087,-19662.7425847566,-950.737429700929,521.727619987357,-1403.91109115351,-752.961437114184,16984.1424365015
-19627.6892901273,-17836.6258287259,-19948.9391328527,-2112.31330412679,-19157.1372546392,-1222.41955411984,568.643907281577,-1543.66939684521,-751.867518631674,16292.9564318807
-19384.3228389911,-17231.932117443,-19424.6850140492,-2192.75289660614,-18532.6875074374,-1601.69248729093,550.69823425714,-1642.054662349,-750.057155737226,15589.877455094
-19102.5023430423,-16560.5327402337,-18845.5910662708,-2285.05832603715,-17919.065540575,-1931.18768556677,610.781917241853,-1674.2764087953,-747.750883099465,14886.2563314383
-18772.3642511145,-15819.3448264772,-18304.1112557407,-2484.7664292635,-17396.0664110567,-2121.4358156884,831.583608948948,-1653.18282031455,-745.1379756306,14166.1620061626
-18382.8124582571,-15005.6841322715,-17680.3473996898,-2674.66326741831,-16845.2481658994,-2279.9449489433,1097.18337704236,-1577.47989037596,-742.380656585567,13428.2042418955
-17913.8121239873,-14114.0426808234,-16968.8495013591,-2854.80682053576,-16269.7968287413,-2383.48964586247,1416.27979730143,-1438.52702323432,-739.474350616456,12675.515657589
-17360.0871344871,-13153.7711039315,-16274.0204457877,-3120.24934185628,-15766.6878977845,-2329.73704818418,1876.57898237147,-1243.67035948481,-736.337811481596,11910.1007444466
-16710.0316938443,-12128.5183313035,-15611.5939348041,-3483.0756035006,-15338.0507217767,-2105.15024390261,2476.3631186382,-1006.71248486239,-733.169271834979,11121.8058464411
-15971.194621608,-11054.288381135,-14858.3080467053,-3804.01966557029,-14851.5557256833,-1849.68879819527,3067.21744227773,-736.802223292555,-730.049902270556,10317.4861578425
-15134.1541060588,-9935.17853958643,-13860.3769699319,-3925.19843034551,-14145.8509779794,-1715.24948929599,3483.72607717637,-441.472353169138,-726.946361216563,9493.70618641728
-14201.7866356898,-8779.39997989648,-12610.1505971645,-3830.75061726797,-13239.6827572736,-1685.87409371373,3736.51256207963,-94.2380551883455,-723.770215297534,8685.16192470811
-13174.8937403257,-7599.83170973157,-11303.8336253648,-3704.00191563323,-12334.8521903084,-1560.74659748975,4014.31543310439,310.313517471158,-720.705047472397,7910.14522720272
-12043.5860386952,-6403.71244549534,-9959.47616291977,-3555.76371742444,-11449.1937027288,-1312.21010549531,4327.66348770453,771.89977028009,-717.81776952892,7175.61221577541
-10816.1428251698,-5209.0993663153,-8658.18342665204,-3449.08406033675,-10635.9484149501,-895.428956155277,4711.61450269928,1262.53044236253,-715.234545935515,6471.62980867783
-9502.81249595268,-4036.36184681197,-7498.63448874036,-3462.27264192839,-9962.4026037748,-253.227142683259,5213.22350645747,1750.95086452908,-712.817250505361,5787.31271134105
-8115.45543184209,-2897.21870840351,-6451.53668591391,-3554.3179775104,-9368.96336257827,543.046143970967,5761.28286740955,2206.96488989915,-710.461786765209,5104.18359830266
-6684.55444998335,-1814.52740419526,-5357.6234789011,-3543.09607470583,-8674.22693101744,1281.34195548878,6151.36900127688,2608.27292657106,-708.330525545291,4422.80033076631
-5223.36227750965,-801.291712827517,-4146.74935566052,-3345.45764283299,-7814.34397278136,1884.65782370903,6306.72838839116,2961.27074555818,-706.32387156266,3762.5624583857
-3762.22285165214,118.475516019532,-2903.78173560963,-3022.25725162916,-6884.49290154469,2417.68453303234,6298.38290070404,3276.12564907488,-704.58551686019,3157.65013305534
-2321.31962363886,931.718519132421,-1688.67694690186,-2620.39546603426,-5952.25248451544,2927.92100733251,6180.9591501038,3560.56368406954,-703.011853544044,2628.84516493713
-919.887145012411,1623.50945341251,-456.781620331308,-2080.29107374383,-4971.87731714839,3350.37434377495,5893.77094219989,3813.47986845607,-701.615828360994,2189.97041504356
421.92858803601,2180.88744897205,723.059994733357,-1457.8274542387,-4017.36973078675,3739.03340099718,5497.99226193324,4040.16480769454,-700.264917825547,1859.2773587225
1684.39776517918,2587.99895578343,1751.04026004633,-836.958695737079,-3182.35998717385,4167.86608980892,5071.46728041317,4234.5085846761,-698.891662544081,1646.50962889268
2833.06197909708,2827.4945665567,2495.93687246065,-331.557694096048,-2574.91598156513,4710.40533874447,4704.83792620411,4373.28023210806,-697.572621917722,1545.78566555137
3855.94366977074,2896.80637521048,2910.35341805861,13.5470428481278,-2219.64685760236,5379.22779002787,4420.09049546762,4433.63753831575,-696.362737345208,1536.83116310528
4725.59792749127,2784.62668791879,2983.87911177354,199.252423854766,-2120.12114786054,6150.56234495137,4209.59110537889,4408.84352923365,-695.156730400429,1624.21684131487
5414.47110792836,2482.39997743646,2801.77916218091,319.379184744453,-2169.94744953884,6890.48176025471,3958.41062976282,4277.78981450727,-693.936797212471,1795.38983707081
5905.51312166027,1989.99898365694,2396.88429178029,406.885308123352,-2326.46013971222,7539.21235090748,3623.69821290415,4030.5835210275,-692.760910464992,2040.58453737057
6183.0594369143,1310.99672757648,1908.76639207082,597.769664494347,-2464.98955574069,7956.14910608839,3084.08639675057,3681.85606124492,-691.899886566582,2370.85933366844
6228.98055694127,447.858470179651,1359.83563298011,911.977162800475,-2576.32888596122,8114.20662663466,2333.08453987304,3245.06170267351,-691.102816267813,2797.20323249386
6038.33043983748,-584.94419098409,749.133973391377,1334.07816437547,-2673.44968852599,8021.42420032161,1398.14956950005,2732.22773387552,-690.355928041844,3317.17192485961
5605.65345939089,-1775.43869677969,96.1905606835212,1871.62925746324,-2741.64920462494,7657.60159519243,276.509439021822,2148.13869648506,-689.701068823404,3923.57739326476
4932.492301228,-3109.23630225057,-648.203820685556,2461.03248156502,-2836.61385977458,7079.72632177199,-962.002281706589,1499.03019985843,-689.379839230587,4608.266502109
4032.79447325429,-4562.28318690461,-1605.69498212273,2956.58820478189,-3086.66816278482,6430.01841155802,-2165.05924860089,791.528956181002,-689.444224481085,5353.81214308562
2914.16453248326,-6115.89018871803,-2700.1229505025,3415.76723821555,-3418.39481305127,5642.66170862984,-3387.39301257144,28.3742256441033,-689.897636904674,6144.26441436212
1588.96595328758,-7754.41461055856,-3941.04294428542,3813.37166627315,-3846.03804858275,4744.28535229513,-4599.095211551,-785.723545277855,-690.718649575186,6968.6910652807
71.3645825252277,-9457.05308287076,-5303.13644793289,4153.91663493788,-4345.20719138308,3724.39240202346,-5804.02526337252,-1650.10862843465,-692.179371884842,7806.9444544361
-1629.76899798282,-11208.1677388242,-6767.80731167415,4440.36042715008,-4901.10823827451,2577.26598584439,-7001.13275499701,-2560.77232784693,-694.073254447272,8647.3954109773
-3500.72292962521,-12982.8365267787,-8175.2191302852,4807.61739649344,-5368.65873020797,1171.52799705301,-8310.58560010042,-3502.96820360698,-696.407803529744,9479.86832317167
-5533.39448226767,-14761.7676410552,-9495.32093941613,5266.44670163911,-5742.62090003626,-489.770968651706,-9718.14412743925,-4451.69742580015,-698.997386420277,10310.0702152551
-7702.40520457556,-16515.8551841927,-10860.2337720845,5655.62141210819,-6203.40764196707,-2200.52546375283,-11013.97544337,-5358.35403126179,-701.527901144339,11157.5011529309
-9982.56355405743,-18221.8072839631,-12301.620638091,5920.18664587208,-6789.07730063984,-3897.51903018339,-12136.762760089,-6216.57611421692,-704.032776765775,12005.2311697461
-12330.946848296,-19840.6117940517,-13871.1610606614,5969.4507333903,-7560.99577289568,-5476.60196463184,-12986.2669103875,-7016.81617699723,-706.650889231553,12823.7956170544
-14710.7227517728,-21342.3432002006,-15535.9593829609,5806.38381723969,-8488.41653794184,-6931.77969466601,-13563.4001430937,-7757.01632585406,-709.473480835024,13585.3268743465
-17082.890146198,-22700.0846341973,-17178.6269013929,5521.45773280438,-9476.87379731971,-8318.54589418821,-13935.7403821875,-8414.28264938311,-712.529545309877,14285.8019848142
-19409.2983266286,-23887.1606051936,-18694.3227544557,5192.83785073793,-10442.615556196,-9682.51850502168,-14160.3807835867,-8967.5429328488,-715.835734589094,14919.6176723448
-21645.1481498462,-24876.3897267117,-19947.9460824913,4928.44364422044,-11277.1583476646,-11087.1712368853,-14318.4128137508,-9389.9691695304,-719.181434703753,15486.4205571813
-23744.4533598453,-25649.4167509163,-20953.3187212307,4696.09802968562,-12020.2721157249,-12446.6222879651,-14351.5856790361,-9655.48764935049,-722.441043844643,15993.9291015659
-25654.8492346196,-26187.8258426828,-21714.6191499913,4473.20669269151,-12701.2140910344,-13679.3307788098,-14212.307386873,-9739.10069418152,-725.695635224614,16448.7251485013
-27328.2820362253,-26476.1991788256,-22045.9319072077,4430.26727161789,-13150.8102439763,-14906.1729806955,-14054.0901232958,-9623.82285167792,-728.701188446441,16852.3763271477
-28727.6414932008,-26517.1126268937,-22006.6720571132,4510.44056978048,-13439.7493063061,-16019.1627695144,-13808.6339032073,-9298.1933334268,-731.27058261972,17218.9192934669
-29824.5058576511,-26320.2317646913,-21673.681704472,4646.55006021925,-13643.3277044542,-16914.4709251909,-13410.196832231,-8763.64677201177,-733.29277199397,17556.5849926795
-30590.2003920751,-25903.0319724158,-21107.4995770363,4795.53239537949,-13812.3376096243,-17512.5750970604,-12825.4066774011,-8029.87428202161,-734.712314609663,17873.1576903941
-31009.5006956149,-25292.9163796292,-20345.6647776301,4947.25160199914,-13977.6827649442,-17767.3476028865,-12050.7632869008,-7103.51168490169,-735.529672215847,18189.4046947275
-31077.6252675184,-24521.5479071989,-19533.4043454424,4988.14356175657,-14253.5730944298,-17559.8490469001,-11003.7716865807,-6015.6281248241,-735.796873811564,18505.9197823748
-30809.0368851649,-23630.8003935956,-18811.2380699525,4819.56232364319,-14730.3353079914,-16814.26311883,-9636.02662726079,-4816.4643036176,-735.561541656502,18814.336089978
-30235.4164249368,-22666.1440641183,-18184.6490090377,4481.49505508061,-15342.4373675235,-15627.7783209478,-8058.50596012928,-3577.01090504866,-734.799263534486,19089.1331590696
-29397.0539930118,-21668.9566879537,-17527.072755371,4141.88393258275,-15912.7995741182,-14217.7827764061,-6489.685471348,-2347.80153876526,-733.528357512455,19321.1551491885
-28363.7320150482,-20692.0113972571,-16894.073922987,3797.93747427009,-16462.4815163042,-12633.2343501382,-4961.51373234711,-1163.57625807702,-731.983851394172,19528.4351391801
-27194.5933322316,-19775.5632399323,-16220.8192282796,3554.74401165269,-16899.8573831502,-11024.7464698712,-3605.71637757194,-50.9723659192457,-730.010520789776,19724.5908740131
-25951.8646802177,-18950.9701171299,-15307.8328666358,3643.13725049417,-17010.3543721825,-9669.11192881304,-2668.21736572531,974.919884768864,-727.60162077792,19925.8900018988
-24685.5193023526,-18237.626228143,-14320.4723349199,3917.15389322315,-16994.0395236068,-8416.25413405081,-1968.36105984119,1948.79283338197,-724.77435530496,20186.419061525
-23452.4299950343,-17664.6440025664,-13500.2035939827,4164.44040858365,-17072.2455521755,-7101.95291443642,-1314.1669219685,2850.27348661515,-721.768471577633,20514.9174891815
-22289.1449763006,-17238.0680158409,-12846.9405740937,4391.12744174725,-17219.0543105849,-5788.76145409424,-737.684493634543,3653.44294811271,-718.670788378522,20891.5109639536
-21222.6338704994,-16960.3884025359,-12161.9803613784,4798.40804115745,-17243.3609632421,-4694.70649569491,-432.461027731331,4365.94701342613,-715.433588437546,21326.335415962
-20279.6585874807,-16827.5791790393,-11521.9208563537,5305.65832268553,-17251.2200391475,-3740.59211522059,-288.512706779156,5017.14561590638,-712.153566887351,21844.7247949456
-19465.0294022966,-16835.0391000433,-11113.9697030374,5721.06939700587,-17422.0235634539,-2751.97182697003,-121.981524716669,5599.08787228921,-708.965988127336,22434.1269723325
-18769.0986268255,-16965.1227154031,-10893.8296772313,6071.29303817177,-17698.3520251383,-1776.86008282652,27.1158285958682,6098.40886676763,-706.113481139326,23063.5315821707
-18200.5144146276,-17214.6510843398,-10833.205146623,6381.44593771678,-18059.7208437712,-844.416671249589,141.446659038134,6522.89259675492,-703.623100393246,23737.5436810947
-17733.1737250347,-17559.5078714758,-10921.0127837112,6638.49508776463,-18519.649285407,85.0056611507166,258.671514709585,6897.16660247423,-701.46989922155,24456.6744739501
-17342.5411421583,-17987.2157230086,-11290.8550750575,6696.36064795112,-19200.3671150381,1158.21379798425,513.539217133915,7209.89986508504,-699.612174895495,25197.1155880937
-17017.4032966371,-18482.6602070637,-11817.3431422768,6665.31706478694,-19956.082692414,2240.68173302291,775.424822596319,7440.74188738327,-697.997662753916,25923.402094447
-16747.8146026202,-19035.9345173117,-12266.2280564437,6769.70646086795,-20577.4212800135,3132.78198048294,844.662065791491,7614.36852665945,-696.824696910349,26650.3030439711
-16517.5257849217,-19648.0020445764,-12796.5096965317,6851.49234804471,-21242.5801662043,4029.0935390569,898.617279402189,7750.1096274469,-695.960842225689,27398.1116720233
-16320.0071331722,-20316.9771283088,-13691.6737487978,6625.30337951099,-22203.4342406617,5187.96466300376,1190.99466786713,7816.29804737812,-695.462444485752,28133.2751756869
-16170.3622359481,-21043.9758063638,-14752.6975350096,6291.27827135415,-23222.8090657567,6357.13595222754,1483.52238181189,7774.80065316605,-695.310877581001,28818.7764595298
-16079.9444203133,-21830.6878980254,-15920.0322183596,5910.65567966581,-24254.6199193954,7479.37878129377,1728.63530358169,7639.29098324751,-695.296717788267,29469.9788812729
-16060.2842600994,-22681.1666280475,-17179.9110445646,5501.25558348294,-25301.4070480765,8545.65049213617,1924.76812418806,7426.023707671,-695.472295840878,30107.1903357185
-16112.9042569015,-23592.5835791947,-18569.3437548353,5023.23982435934,-26380.0403606743,9571.43658502133,2091.75726272822,7114.99708708756,-695.699518751414,30707.5806662822
-16259.2694795196,-24574.2510601805,-19759.9525841447,4814.29847603588,-27163.3842733755,10208.0971917453,1893.11561108435,6707.41408712023,-696.017602110633,31281.6651473008
-16509.9046620987,-25624.9393257192,-20759.6957362739,4865.24358944526,-27699.6272440089,10493.4029519271,1378.36828830666,6243.61187775192,-696.319629983121,31868.5512034711
-16864.2032525679,-26737.7791573941,-21918.2512668755,4819.52789051859,-28349.8198921387,10789.057484317,915.481579490829,5735.00947000942,-696.559155253788,32472.7886274035
-17324.0285788781,-27917.1043121824,-23132.4119725786,4784.69233960387,-28988.1636991047,10967.3988039885,374.32307068414,5159.01541028801,-696.736316238079,33076.1197224704
-17892.3921352977,-29160.8410586166,-24374.4664590531,4786.37459956343,-29586.0853395093,10996.8663007913,-271.582622527581,4514.79197703585,-696.826903420274,33675.6330356524
-18560.876666768,-30450.2566650639,-25481.3419730824,4968.9146919815,-30011.5460261478,10753.5831678335,-1135.79683046241,3833.11786151909,-697.086191546261,34283.374526583
-19321.9404322623,-31779.4266039179,-26592.0261952683,5187.4004086496,-30419.1656958215,10399.7128768331,-2057.77329482254,3129.62711382706,-697.51238672613,34909.053717745
-20168.6817441839,-33141.484407843,-27796.3912139267,5345.09319391633,-30899.3441226381,10032.4669898887,-2940.33567377047,2404.75752014585,-698.195388565517,35546.2419279889
-21101.6522983096,-34531.8578239046,-29124.0155561147,5407.84226778987,-31475.203514218,9674.5187611459,-3755.68676444906,1652.15550334081,-699.032454762499,36184.0133272454
-22116.9572076418,-35951.4781638812,-30594.07240747,5357.40575641117,-32157.645728384,9340.57471673972,-4493.94623949969,863.459516911478,-700.11380400251,36814.9376807927
-23224.9835390469,-37405.6925244937,-32294.2222121453,5111.4703123484,-33008.6666019896,9082.22170911295,-5098.48727633379,12.9830360146134,-701.461353829695,37418.6755605083
-24420.4168070898,-38884.7587266913,-34116.3741302576,4768.38459643375,-33903.190410545,8779.95222251124,-5684.38969709028,-916.005100656532,-702.821380943933,37968.7536260348
-25739.4375435639,-40407.5921095583,-35911.134389009,4496.45772054927,-34690.1155065603,8246.73727383839,-6421.41729215591,-1924.95957160665,-703.940689157974,38482.6325379516
-27181.3624683877,-41961.7356272002,-37554.4706886981,4407.26493850209,-35274.4844768852,7387.95405108949,-7392.41910772301,-2985.15416922091,-705.167957408066,38976.5814579793
-28740.3955171239,-43536.9610801886,-39094.5267353944,4442.43434479422,-35724.7657519208,6277.89740190546,-8518.66816115923,-4076.23381636502,-706.472832891433,39460.7272638236
-30405.1548025166,-45109.3516740201,-40611.0624450942,4498.28922892591,-36139.1124454662,5026.05908240922,-9678.13778909432,-5179.84856016841,-707.898560540435,39929.5031138517
-32184.1747712562,-46674.7335319936,-42311.027448485,4363.70608350855,-36726.9112731878,3833.2758729992,-10657.2828877382,-6293.57680422966,-709.460628932463,40381.1567277639
-34070.4027857799,-48216.062888827,-44103.3443766435,4112.71851218344,-37389.3350201793,2608.01043002567,-11537.6496730214,-7424.931160838,-710.921804373763,40791.131727989
-36046.3090352378,-49703.9572415822,-45877.9591394929,3825.99810208932,-38035.8763701647,1277.47800266551,-12380.1702036789,-8554.17210158959,-712.08933226139,41149.7851399926
-38098.883002263,-51110.5271766532,-47605.230998521,3505.29617813222,-38672.7599011887,-139.149894145434,-13150.7940685356,-9645.49789040339,-713.026793071071,41465.0292862498
-40210.8856956166,-52419.1687739026,-49246.1785479436,3172.99022595897,-39260.1436666128,-1664.57057029007,-13872.853648576,-10699.863422617,-713.82854128619,41719.3053512856
-42362.801654291,-53601.2720008456,-50633.8375210638,2967.43447978176,-39662.4098175196,-3414.94964709966,-14653.4199936542,-11685.9855138725,-714.5578103282,41915.2864869731
-44514.602176494,-54629.1745336149,-51833.8161097553,2795.35842385957,-39982.2459454444,-5247.6955496019,-15362.2679067227,-12566.9094828632,-715.339318552292,42062.2650507517
-46628.0417248976,-55482.1660076459,-52921.3208587816,2560.8451488643,-40314.0950038778,-7029.96227623013,-15884.0865589784,-13323.2414101141,-716.015555210323,42158.9245975318
-48668.9120917547,-56137.1875846075,-53891.0042296035,2246.18335500393,-40643.3914854711,-8742.12163271547,-16210.3971255682,-13964.2137705643,-716.601026431874,42172.9738140432
-50598.895603682,-56567.0748396198,-54568.6702110036,1998.4046286162,-40835.5644123786,-10480.3617919304,-16448.5410278683,-14450.1363992521,-717.030600627053,42116.9384403678
-52347.6036182079,-56740.4083062786,-55024.6946324343,1715.71367384432,-40992.8882199153,-12072.0916474156,-16464.8963354863,-14749.182661642,-717.376249122918,41991.2256446367
-53892.4940320935,-56662.450941388,-55238.969173661,1423.48176772704,-41077.129899454,-13533.0271314251,-16302.9840407196,-14879.5022729925,-717.662998785585,41782.9486683955
-55203.3844220778,-56326.2860772512,-55096.3236074706,1229.96246978055,-40991.3257748695,-14930.0725613709,-16052.9742165443,-14823.0117467637,-718.013914162577,41503.2743304874
-56247.1547411557,-55733.4524425725,-54496.9365825573,1236.51586001523,-40658.2057793567,-16307.3982518033,-15793.6959532201,-14557.1800932049,-718.449290004277,41176.2723493677
-57022.8621210394,-54914.8997712986,-53687.0307130192,1227.86905827943,-40325.8554833596,-17415.8924433107,-15307.9300935699,-14080.0610352904,-718.885805630769,40834.8387360082
-57531.2254736867,-53893.522705453,-52850.8827739536,1042.63993149939,-40141.9469833978,-18108.5926047438,-14470.8898365101,-13428.2499050107,-719.314114454915,40465.2728004423
-57763.3286411613,-52681.7531819369,-52009.1612327649,672.591949171992,-40087.7550576469,-18395.1613595829,-13313.5859003585,-12640.9939511865,-719.587776068414,40040.7592307504
-57747.2248934021,-51320.8276316559,-50904.1866016851,416.641029970744,-39899.2076607209,-18567.5312630557,-12141.1340013095,-11724.4929713387,-719.514030374514,39596.3346603171
-57495.9188398061,-49838.0448205536,-49526.5231577199,311.521662833728,-39576.2900017329,-18638.7641709083,-10980.8901516558,-10669.3684888221,-719.135332835152,39168.6763317315
-57024.3432729726,-48256.5587866332,-47971.5670680027,284.991718630535,-39193.5916507518,-18549.0041478055,-9781.21966146611,-9496.22794283558,-718.252525584731,38760.3308437976
-56343.3689336604,-46597.9914930175,-46261.212304297,336.779188720584,-38762.4571709401,-18297.656260375,-8552.27881973217,-8215.49963101158,-716.744497654753,38382.491862006
-55469.4980842372,-44889.1417457786,-44439.4718277513,449.669918027224,-38321.1793694229,-17863.2385873801,-7282.8822489214,-6833.21233089418,-714.919872565776,38055.9294148844
-54443.6080528248,-43169.083836153,-42738.7011974233,430.382638729645,-38072.2641664868,-17084.3687315671,-5809.84451489525,-5379.4618761656,-713.024845229077,37789.6219599874
-53266.8585538008,-41446.64079397,-41294.2545743958,152.386219574251,-38115.0638066807,-15863.1470755103,-4042.92931567958,-3890.54309610533,-711.352328390206,37556.0976978647
-51953.6723639888,-39733.9457885086,-39797.8784332086,-63.9326446999961,-38122.5878078663,-14540.8166617012,-2321.09008622103,-2385.022730921,-709.732105578698,37348.9230575876
-50531.0323847289,-38063.1555193015,-38242.8519100613,-179.696390759804,-38070.7781688767,-13168.5037890838,-700.626923656509,-880.323314416303,-708.249573231694,37182.8322048852
-49008.4539277256,-36443.0354260278,-36613.2316671687,-170.196241140853,-37936.4859292635,-11778.9187315183,786.499770179471,616.303529038602,-706.95073305618,37059.3389550664
-47397.9150347703,-34884.0590847268,-34998.599153804,-114.540069077225,-37802.9900803192,-10300.7121314999,2213.14381854367,2098.60374946643,-705.787177048696,36982.6628341932
-45710.8819866144,-33390.4696792799,-33516.8130732027,-126.34339392285,-37794.1391454211,-8621.46337092158,3698.94893641292,3572.60554249007,-704.720529728314,36963.07522177
-43952.1303870595,-31976.2935895848,-32302.8277862961,-326.534196711336,-38007.5487531277,-6648.47919606285,5327.35760141177,5000.82340470045,-703.897562131091,36977.1169942853
-42143.2989271379,-30653.8883378301,-31231.9596413435,-578.071303513372,-38274.5252771797,-4571.83017201406,6917.58041729375,6339.50911378036,-703.056522055855,36993.3974516105
-40294.4765853767,-29432.9582698564,-30251.6854428908,-818.727173034412,-38527.1903203669,-2469.70947136191,8391.8088441584,7573.081671124,-702.423206352062,37006.0399409804
-38426.4778137396,-28321.9024229194,-29185.4470580816,-863.544635162184,-38614.2581011177,-514.04183874572,9590.53355207442,8726.98891691225,-701.822126123863,37048.8913398317
-36553.0462065466,-27328.6938126742,-28081.3575307901,-752.663718115896,-38591.7628798922,1337.41786949839,10561.7702633708,9809.10654525494,-701.298803847125,37137.8003579291
-34692.8240338956,-26465.54733367,-27168.4251224821,-702.877788812089,-38662.3331330007,3268.43429039728,11495.7109906229,10792.8332018108,-701.074808707827,37258.3805354808
-32872.411930047,-25738.4198415124,-26544.3611195944,-805.941278082007,-38907.2671921177,5333.69557516312,12467.6876636977,11661.7463856157,-701.15968690757,37400.1662271281
-31105.9573725207,-25157.7937571774,-26149.6257142488,-991.83195707133,-39226.7888933038,7419.28713686679,13367.45075221,12375.6187951387,-701.544383916358,37533.4125523161
-29434.476105255,-24736.8737224495,-25883.7896879959,-1146.91596554647,-39494.1404964962,9357.42614820551,14055.0285310111,12908.1125654646,-702.238243035667,37644.9862879141
-27904.3134983055,-24493.2211156112,-25586.8834903056,-1093.66237469442,-39541.6157794571,10934.0616713304,14345.1540540247,13251.4916793303,-703.240609821265,37744.7127949414
-26527.0752202578,-24432.0564112203,-25334.4778171803,-902.421405960035,-39467.6581628212,12236.1196132037,14331.1384222412,13428.7170162812,-704.463329359717,37860.7734275014
-25314.9608047507,-24562.9807371164,-25133.3942989432,-570.413561826857,-39277.5461998126,13256.7612193299,14008.7412869643,13438.3277251374,-705.824175732,38001.3084622538
-24275.291199465,-24872.4304008268,-25220.9039585521,-348.473557725322,-39207.8280617232,14225.5645204411,13628.4253190793,13279.951761354,-706.972341817067,38152.3821621808
-23423.0118010816,-25355.0142214885,-25638.1871448368,-283.172923348216,-39290.1591864772,15159.0930135257,13227.0905931187,12943.9176697705,-708.054371869931,38298.931891259
-22761.0582850153,-25991.7780171616,-26344.0311510702,-352.253133908615,-39490.5405434082,16020.5478046985,12789.8280725522,12437.5749386436,-708.934453694521,38429.3529558051
-22308.1269195017,-26777.1224668104,-27433.5400724481,-656.417605637674,-39896.8391204195,16878.9905476518,12409.9950003431,11753.5773947054,-709.721653265915,38530.6998615159
-22081.3441702812,-27703.7677737116,-28748.3751575023,-1044.60738379072,-40331.5886023344,17540.0464074857,11917.6228040553,10873.0154202646,-710.198024567549,38576.7831939761
-22085.7827664294,-28756.5575389335,-30125.794841803,-1369.23730286954,-40651.6224294023,17855.3514685684,11184.5766960644,9815.33939319483,-710.488194404506,38571.8969321283
-22348.5788236778,-29932.8667231455,-31403.5072620527,-1470.64053890717,-40711.0033787951,17651.8441691985,10067.5562697309,8596.91573082371,-710.580385918746,38529.7824539692
-22878.0133932697,-31217.4879774423,-32681.4594101557,-1463.97143271347,-40643.7301629263,17055.093027475,8715.61844330247,7251.64701058899,-710.623742181569,38469.1349880313
-23677.8475662631,-32597.1878604414,-33947.5663155174,-1350.37845507601,-40456.3053965338,16068.1027193183,7148.76242514007,5798.38397006406,-710.355110952365,38395.5718305054
-24741.8590818495,-34044.4644845494,-35292.2040564946,-1247.73957194517,-40279.5484953308,14827.784616884,5525.17921418416,4277.43964223899,-709.904796597269,38321.9041267884
-26047.0416282787,-35530.5971966467,-36744.3555221848,-1213.75832553808,-40142.9811323444,13386.7013660108,3903.14579764278,2689.38747210471,-709.238138054899,38219.9846687514
-27590.6716926864,-37048.0497954693,-38247.0952535802,-1199.04545811092,-39992.9483280233,11694.0301982834,2236.65209550048,1037.60663738956,-708.246437053503,38085.6564328589
-29357.7264959728,-38568.3203072813,-39803.5070262887,-1235.18671900743,-39865.8531281815,9801.06140691349,590.467595605082,-644.719123402346,-707.065225295146,37923.6011838789
-31300.6872550372,-40040.0897315145,-41354.4835289166,-1314.39379740208,-39759.201266762,7752.8314899382,-986.570986539069,-2300.96478394115,-705.682521786566,37739.1249475733
-33370.7946536741,-41427.3029745219,-42640.0337604887,-1212.73078596681,-39460.5363822888,5385.26017039214,-2671.24815045568,-3883.9789364225,-704.481558222565,37543.3240380994
-35524.7315623092,-42709.3027552367,-43631.9691354268,-922.666380190067,-38989.7740567522,2761.60876355038,-4422.96242937715,-5345.62880956722,-703.433730892617,37363.6739456695
-37690.7598721858,-43847.8255528403,-44399.0223769778,-551.196824137577,-38461.193948802,67.6745539751679,-6089.3911266793,-6640.58795081687,-702.759522641039,37207.2376020234
-39806.2719486675,-44818.612807941,-44977.5290779243,-158.916269983341,-37946.4443731029,-2562.2295787638,-7574.57043803727,-7733.48670802061,-702.402003199238,37085.1260999203
-41824.4790741044,-45616.436633433,-45441.2293887681,175.207244664913,-37524.1722100488,-5002.66351785011,-8794.62107717864,-8619.41383251373,-702.356653794474,36997.0228009192
-43726.0374978208,-46268.524216388,-45785.1266804129,483.397535975029,-37169.3166163775,-7259.23164719224,-9801.71836575936,-9318.32082978434,-702.510765748823,36950.2033866036
-45500.1368078082,-46785.5789165743,-45982.3946387765,803.184277797759,-36832.9020531818,-9369.8908069123,-10655.3329156784,-9852.1486378806,-702.656052285879,36933.4302786937
-47141.2045493026,-47177.5083011055,-46086.2253246412,1091.28297646422,-36558.2834737969,-11285.7480608209,-11322.0518126237,-10230.7688361595,-702.826985315171,36946.739464946
-48656.7465859081,-47457.1341523468,-46202.0353630137,1255.09878933308,-36446.9279770179,-12912.8065264921,-11713.1940929309,-10458.0953035978,-702.987917601949,36999.038848749
-50067.4123957272,-47637.6811712937,-46309.4284231576,1328.25274813613,-36461.4856457807,-14309.0935623132,-11879.3623378797,-10551.1095897436,-703.166812366662,37086.5715815501
-51379.4955523635,-47725.8457027506,-46351.9503382903,1373.89536446034,-36534.7075145419,-15548.1958645642,-11894.5460149513,-10520.650650491,-703.407826742548,37205.1950522597
-52600.6730859766,-47719.7456085136,-46324.5657457135,1395.17986280013,-36666.6252056558,-16637.6110841679,-11756.6836067049,-10361.5037439048,-703.563203847085,37358.2418646088
-53739.436163978,-47619.7743079314,-46277.8364020268,1341.93790590458,-36910.3649165292,-17532.8123932052,-11413.1505371586,-10071.212631254,-703.741145756456,37548.5616766773
-54810.7345581344,-47429.2829015526,-45973.6872198094,1455.59568174322,-37033.7097186715,-18481.0758314855,-11099.6241749037,-9644.02849316052,-704.050992022672,37785.2544083921
-55797.7884714483,-47131.5641828689,-45504.5562204313,1627.00796243764,-37157.9029301488,-19344.4762592687,-10678.2519706893,-9051.24400825167,-704.590717969231,38080.3201746173
-56686.5215744989,-46728.5899260983,-45014.2760526262,1714.31387347215,-37413.4929364308,-19978.1623402851,-10020.2306918845,-8305.91681841236,-705.133702217049,38422.673107686
-57454.808342126,-46208.266116161,-44423.9447893409,1784.32132682008,-37729.5742996574,-20430.7605774175,-9184.21835145253,-7399.89702463246,-705.526534948907,38808.3690915285
-58069.9991401939,-45562.4986644275,-43821.537297232,1740.96136719547,-38192.9935008964,-20582.9395814083,-8075.4391056418,-6334.47773844633,-705.933942110732,39228.0209259812
-58508.65696507,-44789.7120843275,-43184.8320364177,1604.88004790976,-38769.5220175634,-20445.4756414511,-6726.53076070858,-5121.65071279882,-706.340693944519,39668.0613715286
-58734.9407321071,-43870.2989567504,-42502.6106290802,1367.68832767026,-39436.7833733189,-20004.9788242432,-5140.33704888652,-3772.64872121626,-706.821465454962,40097.6502355342
-58709.0560290137,-42804.6339664958,-41619.3970343185,1185.23693217724,-40033.8516358651,-19382.667096654,-3478.2450341361,-2293.00810195887,-707.46270350541,40511.6258645369
-58391.3885158322,-41592.2878793678,-40632.6411549966,959.646724371194,-40658.5502347509,-18440.8762964833,-1641.77566001886,-682.128935647672,-708.038015401985,40910.1589437201
-57743.6030924031,-40232.7491396909,-39663.3300164255,569.419123265348,-41405.9542378698,-17046.1392927997,464.714659912609,1034.13378317796,-708.490438266325,41266.8829228688
-56761.5500783249,-38754.1318644772,-38627.5783516299,126.553512847274,-42145.0659926208,-15325.2721988274,2682.14601502035,2808.69952786762,-708.788113123292,41562.8313923448
-55444.6659886034,-37189.0889652271,-37537.5464130262,-348.457447799154,-42853.6363333633,-13300.0333045419,4955.5437188344,4607.08627103524,-709.003649301882,41796.1752362623
-53793.8991420903,-35555.3344561215,-36372.6129449062,-817.278488784627,-43484.9672649691,-11018.1936743272,7220.37101164159,6403.09252285696,-709.261797206017,41958.4269789785
-51822.9237547739,-33889.6657734854,-35136.4723520351,-1246.80657854973,-43989.7435367918,-8542.84139459407,9390.41658669442,8143.61000814468,-709.661176612016,42033.2757816301
-49574.3079974122,-32217.13777652,-33949.8798037931,-1732.74202727319,-44449.3245799518,-5834.82875791621,11522.341462976,9789.5994357028,-709.845340455855,42006.7372122228
-47101.1542667348,-30569.5472363361,-32809.5550075032,-2240.00777116716,-44833.315988743,-2977.58232804,13554.0247023587,11314.0169311916,-709.744050048169,41883.5641675276
-44439.3046417565,-28958.3779461518,-31652.3879443843,-2694.0099982325,-45091.4839677509,-57.404661614637,15423.5220339901,12729.5120357576,-709.58398760905,41687.8899819093
-41611.9216101147,-27407.3502361501,-30556.6124668996,-3149.26223074956,-45260.6280983107,2939.40410865253,17143.9754826171,13994.7132518676,-709.3023795435,41402.0634880176
-38670.3731060404,-25943.4780946196,-29395.918029673,-3452.43993505334,-45196.4070342228,5817.16744071061,18544.0624521314,15091.622517078,-708.866487471823,41035.1006116976
-35662.6829418049,-24589.1710982644,-28290.7666480596,-3701.59554979521,-45003.2533056631,8632.16520612897,19705.6770496695,16004.0814998743,-708.405157729276,40593.2525981386
-32629.8977673941,-23366.5493299486,-27284.9085892282,-3918.35925927956,-44725.6536567647,11387.7524126664,20651.1008501118,16732.7415908322,-708.003476704259,40099.2909207809
-29601.4811104696,-22286.1849226391,-26369.078193029,-4082.89327038986,-44346.1293855901,14036.9069938309,21352.2031816614,17269.3099112715,-707.741281289647,39555.4948339106
-26623.7066091009,-21369.5672027937,-25713.6214460957,-4344.054243302,-44008.126562231,16676.9465054327,21931.08591174,17587.031668438,-707.473447697277,38956.5988712317
-23743.3315754498,-20632.5574708535,-25245.1844173892,-4612.62694653569,-43611.2427437786,19160.7304558678,22271.5045604641,17658.8776139284,-707.180712460935,38291.4350847819
-20989.9503756969,-20077.3629133659,-24915.7439801245,-4838.38106675863,-43104.773053333,21408.0232477457,22320.6107100767,17482.229643318,-706.799429890425,37559.5925566839
-18407.670041201,-19715.5280287719,-24938.8851838366,-5223.35715506472,-42687.8389783462,23573.851434516,22265.9934469452,17042.6362918805,-706.317502629168,36758.1643206523
-16036.0109440859,-19554.3032137045,-25152.0168356599,-5597.71362195538,-42198.5539324469,25456.7676523565,21938.4753827379,16340.7617607825,-705.775336004511,35895.064974487
-13913.4926045294,-19591.0990464541,-25537.1767321234,-5946.07768566932,-41622.888952238,27004.3245684424,21326.7181265177,15380.6404408484,-705.071779266212,34971.7394873025
-12071.9490382022,-19821.0951704939,-26044.0726081799,-6222.97743768595,-40932.2374624105,28156.2271657525,20407.0810334608,14184.1035957749,-704.061258455773,34005.1987662688
-10527.9622779762,-20226.1860465506,-26634.4893401208,-6408.30329357026,-40118.7913167524,28887.9815057903,19189.7577372159,12781.4544436456,-702.847532985852,33007.6404901962
-9318.55215462835,-20811.5335575959,-27412.8222741648,-6601.28871656895,-39290.0549755482,29270.0954089405,17777.114005973,11175.825289404,-701.407411979346,31987.3588469999
-8486.96485954602,-21570.614345222,-28232.06987193,-6661.45552670797,-38323.2278335487,29136.6406705646,16052.9911848886,9391.53565818064,-699.622303438076,30962.1500034027
-8034.83415302367,-22488.339959554,-29093.8910200481,-6605.55106049412,-37236.2326213757,28503.8849369818,14050.3791304515,7444.82806995742,-697.513531370192,29933.1680295114
-7973.79081953244,-23553.140880438,-29910.5590866731,-6357.41820623509,-35972.6566505475,27303.6729534313,11724.3228925257,5366.90468629063,-695.19287758369,28920.0455667287
-8330.96800444024,-24760.9749426663,-30746.2412395466,-5985.26629688031,-34619.2148633548,25595.6376257547,9165.63068752861,3180.3643906483,-692.609233159911,27941.3393333146
-9123.25182504688,-26096.4229700384,-31704.0295557207,-5607.6065856823,-33303.6751107223,23490.6706795038,6517.49953451229,909.892948829987,-689.752606171528,27006.3159188684
-10329.457251764,-27527.663556969,-32790.605584407,-5262.94202743795,-32062.0051734674,21045.6481216504,3847.44181644534,-1415.50021099261,-686.899800053018,26112.1633459764
-11930.3159982375,-29024.1442557502,-33809.900478397,-4785.75622264678,-30745.9298976665,18131.5110726352,1037.68281512245,-3748.07340752433,-684.102826793845,25276.0708482259
-13897.2538927597,-30549.6623259035,-34647.4099145281,-4097.74758862461,-29319.8918193184,14741.3092440507,-1911.09918909308,-6008.84677771768,-681.328682507967,24540.8155481858
-16169.2405438562,-32062.3680191724,-35308.5055332205,-3246.13751404813,-27855.1095775524,11007.262664042,-4885.86481127408,-8132.00232532221,-678.606369654076,23930.3656938501
-18673.4424065651,-33513.1695760978,-35756.1871412733,-2243.0175651755,-26388.0114192258,7038.4235286063,-7801.30364092639,-10044.3212061019,-676.14548405436,23468.8483699959
-21339.0608299098,-34869.8358913495,-35946.7362814805,-1076.90039013094,-24921.358581032,2908.22115927755,-10622.5539021622,-11699.4542922931,-674.076591844627,23170.3815990564
-24076.9644612871,-36092.0353580061,-35961.4953244788,130.540033527353,-23575.953579913,-1173.35184756071,-13188.4227442798,-13057.8827107524,-672.340966186621,23034.1526472537
-26792.2333465054,-37143.5345687731,-35717.9854941388,1425.54907463431,-22298.3762750002,-5164.79930831181,-15516.1005305795,-14090.5514559452,-670.94223680665,23052.9831128279
-29404.0174871489,-37999.7033348108,-35350.9884241467,2648.71491066415,-21225.1127482157,-8848.84757329928,-17444.5334209612,-14795.818510297,-669.942834366038,23203.8848245138
-31837.8706243128,-38642.8285860537,-34985.4668103347,3657.36177571899,-20465.2140812006,-12042.2226960298,-18847.1806577707,-15189.8188820517,-669.566152917633,23453.009704002
-34035.2056928056,-39068.1705601101,-34587.3786991776,4480.79186093251,-19967.106954742,-14737.9176149482,-19770.8824822527,-15290.0906213202,-669.818876884593,23778.07993879
-35932.3653686127,-39265.7434488213,-34137.1939816949,5128.5494671264,-19686.7475104165,-16916.2139917098,-20249.5920719185,-15121.0426047921,-670.59613351363,24144.7008440292
-37518.6860215628,-39266.9342648437,-33736.6568985151,5530.27736632854,-19680.8906930198,-18509.5799290878,-20257.8281723687,-14727.5508060402,-671.78460054489,24539.3834588035
-38793.2402627412,-39099.5517439742,-33483.5450645576,5616.00667941663,-19980.5273560105,-19486.2207926614,-19792.5322738944,-14176.5255944777,-673.507885930661,24923.0261494965
-39798.9959011581,-38809.1230670175,-33345.485780057,5463.63728696045,-20478.9865908358,-19995.421073253,-19005.5482391123,-13541.9109521519,-675.41176293069,25267.2121148656
-40559.1769547661,-38416.3352792909,-33196.3466385185,5219.98864077232,-21014.6639096014,-20221.8145586615,-18078.9728831862,-12858.9842424139,-677.301513496805,25557.3510368769
-41122.5631117523,-37955.0799953575,-33149.2142264531,4805.86576890438,-21659.5967833393,-20142.2028605533,-16974.7197441585,-12168.8539752541,-679.236532140395,25786.2260201033
-41542.1218958193,-37456.2140947133,-33189.3246798047,4266.88941490855,-22362.6489843119,-19860.6279140806,-15774.7201129746,-11507.830698066,-681.155002573196,25948.3833966472
-41854.9148534786,-36935.8232839918,-33317.8622709838,3617.96101300807,-23111.5310694698,-19426.3271759467,-14507.2356064598,-10889.2745934517,-682.94339193778,26046.5486905401
-42072.666859524,-36384.7701884666,-33351.3069961513,3033.46319231533,-23749.8145394776,-19007.3108603238,-13319.4141892664,-10285.9509969511,-684.458540277423,26098.8191915155
-42224.8747908327,-35806.750193647,-33276.0120814623,2530.73811218473,-24285.3492171705,-18625.3333396308,-12207.2087424452,-9676.47063026045,-685.807765968649,26130.2795633866
-42314.0777723664,-35195.2892406348,-33117.2688697723,2078.02037086245,-24763.5741324353,-18237.4392279286,-11118.650696197,-9040.63032533456,-686.935587997534,26154.6589153002
-42339.8763543071,-34543.7925807657,-32807.8593492808,1735.93323148495,-25121.2028260639,-17906.54204135,-10110.4582678086,-8374.52503632361,-687.868513106715,26169.2675444421
-42270.2536869831,-33832.9155597724,-32327.8374273991,1505.07813237333,-25357.1496753813,-17601.567476723,-9164.22934951232,-7659.151217139,-688.463465121232,26173.7643426334
-42108.2163427573,-33061.8233472267,-31755.2694907585,1306.55385646816,-25561.6580886386,-17235.5380478007,-8189.14505227009,-6882.59119580193,-688.979793682019,26179.2321514247
-41847.4848121701,-32226.6052334419,-31093.6301866872,1132.97504675476,-25745.2993513055,-16791.6559657012,-7170.77638697304,-6037.80134021829,-689.470504836642,26188.8038932236
-41471.6651901042,-31316.322036272,-30388.5588466264,927.763189645654,-25960.1132689196,-16201.8923500503,-6046.54919621817,-5118.78600657252,-690.340428865739,26197.5360296995
-40969.659959798,-30325.4349823952,-29505.8840681711,819.550914224129,-26073.6234282742,-15587.4712448111,-4943.24626740828,-4123.69535318415,-691.434713287299,26201.7396292111
-40315.6118648516,-29242.8199788676,-28584.1519572724,658.66802159513,-26237.2321612471,-14770.9332098331,-3698.14132384906,-3039.47330225393,-692.553506228564,26203.3466766136
-39503.7564982522,-28066.9694783016,-27625.7009306445,441.268547657128,-26445.2059769279,-13752.439525862,-2315.65250591136,-1874.38395825423,-693.889004537586,26192.5855200474
-38514.3413976454,-26805.4249171724,-26617.6062518283,187.81866534408,-26670.3475531447,-12539.3843865156,-830.46790604257,-642.649240698492,-695.390542014849,26162.7756764739
-37331.8306689133,-25459.3061446234,-25549.5643723454,-90.2582277219832,-26897.7672560385,-11130.851677187,741.672847102998,651.414619381013,-696.788264312056,26110.7207640044
-35944.4387933416,-24038.3064935785,-24480.1505010285,-441.844007450017,-27165.8795503156,-9476.54076417479,2429.5915355884,1987.74752813838,-697.98152114874,26026.0540217168
-34361.075958777,-22562.3627599694,-23333.2436197104,-770.880859740915,-27377.1280322781,-7682.85475078298,4115.85844802459,3344.97758828367,-698.906824284051,25907.3403482531
-32582.58386169,-21048.5738244645,-22087.8871247406,-1039.31330027607,-27506.8587387422,-5775.24080040736,5758.76923681812,4719.45593654204,-699.515677459544,25768.0297610065
-30607.1055806309,-19515.944376856,-20731.8823370608,-1215.93796020472,-27529.682011044,-3777.12256171996,7314.03864205485,6098.10068185013,-699.698992133052,25614.0450587062
-28453.0014773043,-17997.557199562,-19271.0145570597,-1273.45735749768,-27413.0728897515,-1739.3994770587,8716.04480068361,7442.58744318592,-699.47088950587,25440.1446427479
-26156.3879009027,-16531.1983341257,-17818.49158202,-1287.29324789423,-27232.1934093108,376.937262688746,10002.1268294657,8714.83358157148,-698.868245719372,25246.0319156972
-23757.6387364747,-15159.326150085,-16440.4320157899,-1281.10586570489,-27023.1895047289,2567.49624941269,11165.8088358024,9884.7029700975,-698.054518841465,25044.0291201825
-21309.9120711261,-13929.2323045911,-15209.2644863802,-1280.03218178911,-26818.3261410552,4811.24611494754,12191.9258814826,10911.8936996935,-697.167954981542,24841.1260042846
-18864.8506364587,-12881.1776719872,-14096.8356848648,-1215.65801287763,-26558.3998907218,6997.41934809251,12981.092312564,11765.4342996864,-696.129906170586,24646.6119716736
-16481.0164339222,-12048.0055892972,-13197.9649697061,-1149.95938040884,-26300.564920493,9124.10942183249,13557.1202664575,12407.1608860486,-695.439064738337,24455.1664753458
-14221.0219065293,-11460.496805013,-12524.5498954262,-1064.05309041317,-26034.111106227,11118.5349687471,13879.0600702634,12815.0069798502,-694.554230950614,24275.5037848632
-12151.8299750697,-11144.9768101718,-12177.1655385516,-1032.18872837973,-25848.6974360404,13003.3766536703,14010.2298185681,12978.0410901884,-693.490807300468,24123.0179003603
-10325.4969095078,-11108.5812137077,-12123.1783057811,-1014.59709207336,-25703.6276650857,14685.9699999336,13902.8856957336,12888.2886036602,-692.160755644394,23996.869817368
-8800.67916866774,-11359.5069063254,-12374.7039538545,-1015.19704752909,-25600.3295062336,16108.8610408445,13550.0333031869,12534.8362556578,-690.78929672133,23894.3431619832
-7628.12137028145,-11898.281417698,-12919.0593196923,-1020.7779019943,-25535.2208233376,17217.7936440499,12947.6335966334,11926.8556946391,-689.305809006284,23825.137112337
-6833.43534383595,-12711.7896312883,-13685.3868502224,-973.597218934141,-25460.9146012458,17939.5918069048,12061.2375194524,11087.6403005183,-687.887450505076,23799.4299318066
-6427.4499953039,-13768.5285433019,-14740.1479437952,-971.61940049328,-25468.8598565602,18354.9466056074,11013.8680576093,10042.248657116,-686.463255648973,23810.777200418
-6431.81854618007,-15050.9476370537,-15946.615087355,-895.667450301302,-25437.6876693645,18320.2981560191,9701.16906514545,8805.50161484415,-685.570967165399,23856.4492518979
-6851.24680741241,-16527.6271004641,-17247.1159308654,-719.488830401286,-25355.467668978,17818.9737484878,8142.59345543613,7423.10462503485,-685.247113077791,23950.7317254989
-7645.96795810368,-18148.4075384381,-18776.8096170246,-628.402078586462,-25414.0772059469,17082.7474980351,6580.30791770068,5951.90583911422,-685.361749808106,24100.3133775523
-8788.85085825441,-19878.2686565452,-20475.8068458645,-597.538189319267,-25577.2020513485,16102.5211781076,5013.10337981687,4415.5651904976,-685.830014986414,24293.8338470428
-10248.3313551846,-21672.4626719796,-22208.8876674881,-536.424995508454,-25736.6481644139,14801.711722072,3377.58040527688,2841.15540976843,-686.605087157401,24513.6180817481
-11970.6217795163,-23477.3653372108,-23896.6855989406,-419.320261729804,-25872.7954167699,13214.5014094404,1707.75785174597,1288.43759001617,-687.672227813183,24765.8029272269
-13894.1562839892,-25246.8729714937,-25508.9949674112,-262.121995917428,-26004.8138391463,11421.7009046977,68.9842171931372,-193.137778724288,-688.956650459456,25053.7351927694
-15954.0142783072,-26935.8481411104,-26919.6594477554,16.1886933549955,-26061.0006349538,9416.66410690187,-1565.16975590134,-1548.98106254634,-690.322249744688,25386.8670785641
-18085.156084,-28506.6750787015,-28045.7799589082,460.895119793364,-25999.1687722173,7222.16858884091,-3199.35040586058,-2738.45528606721,-691.844099376402,25768.2197926343
-20216.0334792436,-29931.5199520615,-28956.2105265397,975.309425521839,-25914.4632185906,5005.09541610709,-4710.39105671079,-3735.08163118895,-693.334323239904,26196.4383208725
-22285.6757613297,-31192.0309658904,-29761.0317469099,1430.99921898053,-25930.7395513245,2950.44548161946,-5955.90972294132,-4524.91050396078,-694.618308375341,26667.1204619297
-24250.7780818935,-32288.0572880205,-30427.379144807,1860.67814321352,-26019.6350325117,1073.05646970584,-6964.22273642123,-5103.5445932077,-695.800480912411,27184.5126948128
-26082.5556207329,-33229.6977036954,-31032.8325796882,2196.86512400716,-26244.7362588552,-534.796793485338,-7681.93887644779,-5485.07375244063,-696.977431607714,27744.6239512547
-27753.487065832,-34027.0733290851,-31514.9154318416,2512.15789724352,-26519.7893683957,-1931.99377126635,-8205.58003451949,-5693.42213727597,-698.29607383003,28333.6511918092
-29262.5394516287,-34709.9682139053,-31779.2330171782,2930.73519672716,-26723.4061168657,-3238.62855130796,-8686.05731358465,-5755.32211685748,-699.495216545024,28954.6460970479
-30619.4240754309,-35305.5071507073,-31908.9285922827,3396.57855842455,-26902.0766690405,-4417.75269462773,-9103.83576990417,-5707.25721147962,-700.405288237422,29598.2499392277
-31844.3807571641,-35849.8491627557,-31940.4251750992,3909.42398765646,-27053.9988179379,-5491.22527580788,-9496.69368139947,-5587.269693743,-700.843336581716,30262.5794690126
-32954.8975240463,-36360.9911850008,-31934.155490155,4426.83569484583,-27219.548797953,-6436.16099959051,-9842.25466054505,-5415.41896569922,-700.812273497202,30945.5722193016
-33983.0410217637,-36873.4234033545,-32091.8947522813,4781.52865107322,-27583.4529307353,-7100.17771007576,-9990.56009166656,-5209.03144059333,-700.589619047398,31664.3919627611
-34952.7203268182,-37407.1312139166,-32252.2542805318,5154.87693338479,-27970.6060244278,-7682.52603380525,-10136.9369209036,-4982.05998751884,-700.411731414808,32425.0712263978
-35861.8003276015,-37939.0518339066,-32356.1525830948,5582.89925081178,-28333.9814277707,-8228.09652405491,-10305.3480303599,-4722.44877954815,-700.277624224092,33216.6030543584
-36706.4412737061,-38459.4781492153,-32420.2986946247,6039.17945459057,-28698.937231522,-8707.54241991279,-10460.579295422,-4421.39984083139,-700.038377728693,34038.0783083839
-37471.6577623328,-38940.8626268129,-32517.2110330656,6423.65159374723,-29133.8127218725,-9037.51216956926,-10506.7170340494,-4083.06544030214,-699.667129109042,34857.7971865107
-38161.4930105649,-39389.0855052845,-32723.1991080824,6665.88639720208,-29697.1816238224,-9163.62522345239,-10391.2177181719,-3725.33132096987,-699.313836709846,35663.7541843146
-38760.7963332774,-39786.6598902684,-33054.9963057783,6731.66358449005,-30403.3749259533,-9056.49016922741,-10082.3537262183,-3350.6901417283,-699.068761903273,36435.9697485401
-39289.8648972419,-40159.9191794204,-33492.0405476566,6667.87863176383,-31213.467722472,-8775.17207692526,-9645.22635910378,-2977.34772733995,-698.774902155373,37182.5714520804
-39756.4614381111,-40513.9764807433,-33971.4301055742,6542.54637516914,-32051.8583529829,-8403.01158350203,-9160.52662613428,-2617.98025096514,-698.408498373862,37895.9962297782
-40170.9503467258,-40860.6765889399,-34486.9817968792,6373.69479206068,-32899.1784591497,-7969.72256040928,-8659.44880262344,-2285.75401056276,-697.950672833198,38574.9225783772
-40522.9447694919,-41180.8556249874,-34981.5613269975,6199.29429798986,-33696.1592326075,-7524.13439874492,-8182.0452542404,-1982.75095625054,-697.348861860505,39198.1046687369
-40804.5124096358,-41459.9794134008,-35360.6718232209,6099.30759017985,-34357.813831255,-7143.28182349085,-7798.74882725583,-1699.44123707599,-696.583245110035,39760.5381763248
-40996.004420797,-41669.162712801,-35814.2740641973,5854.88864860369,-35082.093060519,-6609.76704076761,-7282.92533277162,-1428.03668416793,-695.855680489555,40241.1260286331
-41066.9227213664,-41779.6978288999,-36256.1858763231,5523.51195257682,-35776.2757756668,-5985.85899970384,-6698.63410723735,-1175.12215466053,-695.212054004213,40604.5756742394
-41049.0860450904,-41810.5179108644,-36679.2809804218,5131.23693044255,-36420.1899418689,-5323.28234477322,-6084.71421054723,-953.477280104681,-694.386241551775,40857.0406307597
-40932.8966875247,-41747.8788033032,-37187.1043451215,4560.77445818173,-37118.6575389105,-4507.6306530307,-5322.61276880924,-761.838310627517,-693.39150441647,40986.0404926757
-40718.0227060315,-41583.9857831433,-37687.050542068,3896.9352410753,-37771.0905664711,-3638.96982651789,-4504.93290362962,-607.997662554322,-692.037686957456,40975.9881205889
-40390.7612371744,-41301.1184570849,-38137.8473176527,3163.2711394322,-38348.009923992,-2732.97092345446,-3643.32814336493,-480.057003932738,-690.219610272007,40821.0614531521
-39983.4328808917,-40924.9109546744,-38462.679003474,2462.23195120042,-38766.6564848652,-1905.07352724928,-2846.55160103203,-384.319649831603,-688.297131222789,40540.5913048428
-39514.0226058858,-40474.1678150051,-38739.902268452,1734.26554655315,-39109.390573446,-1091.00175989787,-2051.14696901718,-316.881422464023,-686.369727458015,40157.2863925411
-38990.3064905025,-39965.2766160456,-38954.7610097464,1010.51560629926,-39344.4264410893,-330.132299795534,-1305.10242533869,-294.586819039431,-684.252250382394,39670.6897970062
-38398.2710156414,-39386.4650305364,-39134.0851693138,252.379861222624,-39498.9103500397,418.381315202327,-569.812699692625,-317.432838470002,-682.258019195899,39069.0321920664
-37819.3444085365,-38804.4156421649,-39295.6654200312,-491.24977786633,-39554.8469228038,1055.22543804475,70.1542044163506,-421.095573449984,-680.277076222619,38383.3200687149
-37252.7258904578,-38215.1599731575,-39411.0564670944,-1195.89649393686,-39490.4376156912,1559.42023540253,596.986152702812,-598.910341234043,-678.291489830882,37616.2496319235
-36681.6824560626,-37602.590730038,-39454.9710434828,-1852.38031344478,-39292.6341695206,1934.5836457794,1013.67537180401,-838.704941640769,-676.368067678592,36763.8857883973
-36129.5603434298,-36969.5355264827,-39579.3063852834,-2609.77085880067,-39101.6870362023,2297.50373136501,1457.52854831206,-1152.24231048861,-674.62296140756,35817.2932159941
-35656.1383036221,-36356.9308411836,-39751.9677780361,-3395.03693685249,-38865.6679724562,2536.45813530769,1835.66559774625,-1559.37133910624,-673.071533526381,34797.5595020773
-35293.3268725342,-35775.0416579769,-40062.2171746934,-4287.17551671654,-38668.3821245221,2703.40081730385,2221.68603186115,-2065.48948485539,-671.65443468408,33709.5521731215
-35105.872538794,-35256.1271644223,-40365.6203421051,-5109.49317768279,-38374.279813479,2597.97101179683,2447.71638616851,-2661.77679151428,-670.436262888136,32594.3503729081
-35135.2686144745,-34812.9959349816,-40710.3667590643,-5897.37082408275,-38034.4476932229,2229.77347799741,2552.04615749034,-3345.32466659242,-669.405600751008,31467.6712683891
-35412.7580150783,-34451.8977368178,-41045.3442032824,-6593.44646646461,-37614.7584706684,1533.55895158999,2494.41922985056,-4099.02723661405,-668.441504000122,30352.8705002037
-35911.3897223889,-34145.1719251223,-41333.2905525034,-7188.1186273811,-37106.1053557229,527.328219201512,2293.54601646805,-4894.57261091304,-667.387414132482,29250.5993142093
-36623.9881090339,-33868.3202957718,-41559.9505128851,-7691.63021711321,-36537.227672178,-752.93778914664,2002.7300241154,-5688.9001929978,-666.177352290717,28179.420102774
-37538.6308169328,-33601.845508882,-41670.2334195733,-8068.38791069126,-35902.2787094172,-2301.22109153757,1635.56421651325,-6432.82369417801,-664.868984021903,27169.021814704
-38606.7207218536,-33309.7290463723,-41634.9097464346,-8325.18070006232,-35217.2704502041,-4053.18065135693,1243.81102412438,-7081.36967593794,-663.730379707405,26228.3593704344
-39755.3742319563,-32952.6685347444,-41403.4017648731,-8450.73323012865,-34473.8752944901,-5944.45795880589,858.247738405982,-7592.48549172266,-662.959021339711,25360.1830430217
-40901.0659778488,-32481.0187254937,-40977.0872133427,-8496.06848784903,-33712.8091178599,-7851.04980222117,568.997450134026,-7927.071037715,-662.792942232216,24553.9476877786
-42040.8811140279,-31894.8406905258,-40311.4385441516,-8416.59785362583,-32938.9816636654,-9765.24717882394,380.793244678209,-8035.80460894762,-663.347728461458,23859.0360815782
-43099.1082721545,-31162.5046609407,-39414.7147893789,-8252.2101284382,-32193.5158179341,-11570.0937646626,366.509846551229,-7885.70028188697,-664.501310442193,23276.8043790537
-44001.8568057026,-30262.8351051204,-38317.1048820204,-8054.26977690002,-31513.3175399929,-13154.8092180671,584.212482515213,-7470.05729438481,-666.269952357351,22792.7778107356
-44685.3213109772,-29177.7987506488,-37017.9238567816,-7840.12510613282,-30902.9921061115,-14451.2266143541,1056.29594597434,-6783.82916015848,-668.897409488342,22393.9695904903
-45094.4304452024,-27907.2284566057,-35571.0519427303,-7663.82348612466,-30401.2239259799,-15365.5978805702,1821.60410802652,-5842.21937809814,-672.391361347705,22065.0090785075
-45153.0691626437,-26440.1317224852,-33868.3075626366,-7428.17584015144,-29873.8539036713,-15955.9029888429,2757.03445131558,-4671.14138883586,-676.687729870547,21768.9903336493
-44810.2815302417,-24785.7828326867,-32019.7639425747,-7233.98110988803,-29401.4640472266,-16090.3028776804,3934.19581987462,-3299.78529001341,-681.485394665318,21485.9975426733
-44044.7693128213,-22962.6740929735,-29995.1494587164,-7032.47536574291,-28912.911398952,-15818.4404774858,5263.65474236206,-1768.82062338086,-686.582563616447,21193.8534695926
-42840.6461766005,-20983.5791126661,-27880.3048319851,-6896.72571931904,-28463.5709497398,-15068.9923838118,6788.07468012263,-108.651039196419,-691.917156951093,20874.9280734696
-41204.5271024546,-18868.9753065437,-25728.9592725604,-6859.98396601672,-28074.0556427053,-13827.6870748215,8507.86472108934,1647.88075507261,-697.215615072303,20516.8560616163
-39163.5097755676,-16671.4926816092,-23475.7841841155,-6804.29150250621,-27630.1054379647,-12235.6988345866,10256.3182593718,3452.02675686554,-702.294496983641,20123.5194384748
-36757.6516890216,-14445.4519542077,-21275.4531726117,-6830.00121840405,-27227.6871193629,-10236.8575621971,12075.3421726168,5245.3409542128,-706.892992538381,19690.7929084205
-34030.86631442,-12232.1822419245,-19215.8935823821,-6983.71134045755,-26903.5728371091,-7838.10265320298,13960.5814192924,6976.87007883488,-710.809175892119,19209.0523207594
-31040.0093338196,-10073.6980213084,-17227.6569707043,-7153.95894939586,-26537.270416851,-5216.70177460174,15749.6095379095,8595.65058851362,-713.962857633089,18669.348609822
-27854.6603044652,-8018.51777686015,-15374.8633571128,-7356.34558025267,-26158.6169753014,-2412.52390303073,17423.6186245743,10067.2730443217,-716.480573866957,18085.7908211818
-24551.1295196728,-6112.69487593713,-13633.5045989611,-7520.80972302397,-25717.0279113448,447.395430944836,18885.8300746805,11365.0203516565,-718.502960727142,17477.7152275937
-21161.2095148212,-4359.40834177281,-11848.0194890234,-7488.61114725058,-25055.2681034609,3174.18500992051,19975.9861829689,12487.3750357183,-719.873578719174,16846.7833774912
-17729.6988221556,-2776.80640685264,-10026.9777896247,-7250.17138277203,-24188.4004432422,5738.1909453202,20691.0833606231,13440.9119778511,-720.51067576644,16217.7183847037
-14290.7504251961,-1374.67809657771,-8191.05038057561,-6816.37228399788,-23154.8653823225,8143.51871849116,21059.5910471095,14243.2187631116,-720.596238635342,15617.8968596893
-10898.8108821566,-176.721623235501,-6398.57671153756,-6221.85508830206,-22013.121908201,10394.0723361198,21116.161595041,14894.3065067389,-720.238689924498,15071.0281299744
-7563.05340592615,823.871822246617,-4671.64364040653,-5495.51546265313,-20786.8347729934,12504.3733177815,20891.2985459543,15395.7830833012,-719.408049285736,14571.9112610545
-4341.0623595917,1593.74669706754,-3063.3895198981,-4657.13621696561,-19533.0818680658,14473.8868281037,20408.6958847629,15751.5596677973,-718.132680370445,14157.8129707298
-1248.49255378104,2133.28706101023,-1609.7238640616,-3743.01092507182,-18278.9074484357,16313.8854658636,19695.6650806549,15952.6541555831,-716.529428791008,13819.3670945729
1687.87382803545,2433.4809587454,-383.499277921616,-2816.98023666701,-17097.3560560751,18070.4231968284,18816.0303275383,15999.0500908713,-714.806687282187,13565.5691321259
4421.32522287601,2475.7039879853,583.02519977807,-1892.67878820722,-15997.0597893652,19705.356024437,17759.7347895463,15867.0560013391,-713.028987804216,13391.3520133538
6878.91353247307,2228.48898236807,1203.82963972381,-1024.65934264424,-15034.9335079338,21202.4368087052,16552.0122586002,15527.352915956,-711.410231701676,13298.8639335879
9023.60010085796,1681.64969686391,1415.04459325903,-266.605103604873,-14266.1125397352,22579.968010892,15238.017606898,14971.4125032931,-709.744629701171,13289.7628064292
10827.2223992735,839.85601204831,1187.68095976067,347.824947712375,-13713.2132748821,23832.4171366325,13845.0507494074,14192.8756971197,-708.018537523049,13353.0196850714
12234.2444001001,-311.183284211891,610.741485466549,921.924769678438,-13274.5126940595,24802.6201335907,12257.1924492787,13179.1172189571,-706.1369605689,13490.300503169
13189.7409931195,-1772.63495112758,-359.485972688194,1413.14897843939,-12997.4372200258,25483.0902245779,10520.7142803308,11933.8632587702,-704.08798856739,13706.4982098978
13678.3844488979,-3528.95397286571,-1637.49265297881,1891.46131988692,-12798.0750086244,25774.4382035878,8567.09978182422,10458.5611017111,-702.021253934434,13987.5150745768
13669.1628576124,-5563.66864040578,-3263.32606237872,2300.34257802706,-12720.8575446247,25690.1510659388,6457.31956792069,8757.66214594776,-699.869336298258,14321.3307863535
13107.5608501676,-7875.84814724268,-5234.22479032032,2641.62335692237,-12773.4242142033,25183.2661126608,4199.85711525047,6841.48047217284,-697.718951710186,14717.3286194155
11977.6504605617,-10427.2635303819,-7544.85393117726,2882.40959920467,-12979.785733047,24262.0312444494,1857.11725350577,4739.52685271044,-695.404949159331,15166.7903830924
10272.6658467943,-13176.2366483684,-10105.3321315298,3070.90451683863,-13281.2892333403,22861.128370411,-587.774124751627,2483.13039208701,-692.826709723568,15659.3670404554
8011.65402144029,-16061.4908035062,-12800.3982575329,3261.09254597336,-13615.9317586061,20937.6478031272,-3135.49702181935,125.595524154015,-689.937976919201,16187.0863276602
5237.81245886456,-19016.6902770945,-15634.0272700782,3382.6630070163,-14031.8915287109,18583.0211852143,-5671.48155074475,-2288.81854372845,-686.682802361235,16727.871733366
1994.2286017163,-21985.1095576949,-18500.4300301485,3484.67952754636,-14469.7180659967,15780.5513540622,-8198.78680534893,-4714.10727780256,-683.395313650713,17271.0022798923
-1663.69994107914,-24902.1585371399,-21298.8908954108,3603.26764172915,-14906.2126341654,12562.4026121644,-10676.0559838964,-7072.78834216726,-680.110080921892,17829.3701949726
-5671.6103959098,-27699.7053682671,-23986.7379242197,3712.96744404741,-15366.3016706929,9018.02702788979,-13010.0679444675,-9297.10050042009,-676.664246893247,18402.604867847
-9922.16785349497,-30292.3695718752,-26562.0138736937,3730.35569818146,-15902.9243313031,5307.51977928259,-15062.6819390976,-11332.3262409162,-673.23669852556,18960.043330959
-14308.3332638836,-32608.6190839653,-28943.7955147084,3664.8235692569,-16493.1370158205,1514.93023116185,-16785.3555889199,-13120.532019663,-669.873520775066,19488.0870643024
-18714.2770117118,-34576.0442026405,-31059.6442660688,3516.3999365717,-17133.7017890143,-2247.21338391951,-18108.9805748483,-14592.5806382766,-666.638161222025,19983.463564364
-23032.7289326484,-36148.3280535328,-32827.5873968523,3320.74065668047,-17794.7064693151,-5901.66474108196,-19017.2638619664,-15696.5232052859,-663.642277748676,20451.8048482469
-27161.4187984454,-37291.3788700629,-34233.2817572234,3058.09711283952,-18503.2321808024,-9319.01882285222,-19448.9788944698,-16390.8817816303,-660.832205209246,20900.4970884327
-30978.0567289867,-37977.3718961197,-35130.8834509585,2846.48844516121,-19134.8057722906,-12501.453724328,-19500.7688914609,-16654.2804462997,-658.202767631812,21323.09144982
-34370.2613890936,-38192.7007287693,-35558.8679170299,2633.83281173938,-19742.1695580726,-15284.0723516414,-19106.511691317,-16472.6788795777,-655.980520620357,21720.0218491916
-37257.757563399,-37952.5472698532,-35572.8707630946,2379.67650675863,-20366.5228880594,-17545.4300120063,-18240.2197184605,-15860.5432117018,-654.195336666695,22092.0040581513
-39561.6315563639,-37275.155083736,-35212.8820580114,2062.27302572465,-21011.9919615228,-19202.3951594879,-16915.91868686,-14853.6456611354,-652.755564646812,22421.5094226006
-41251.7041011468,-36211.5555036738,-34386.9630801273,1824.59242354648,-21542.3209061885,-20361.0917340024,-15320.9431365295,-13496.350712983,-651.708539044168,22715.2047906908
-42304.0721298485,-34821.5684091003,-33275.8520221239,1545.71638697645,-22066.1871736594,-20888.8035504776,-13406.2998297294,-11860.583442753,-650.918594288479,22960.9849663474
-42754.8576470666,-33194.2655165945,-32030.0341044902,1164.23141210435,-22659.2933671609,-20745.9339517881,-11185.341821316,-10021.1104092116,-650.369671882329,23173.1551073829
-42636.5631718209,-31400.0447055854,-30647.9570013846,752.087704200806,-23233.2597306734,-20053.4515870097,-8816.9331207742,-8064.84541657339,-650.148145862246,23335.199289012
-42009.3446698965,-29509.0830554839,-29073.6174676586,435.465587825318,-23666.2680063472,-18993.1433603825,-6492.88174596994,-6057.41615814462,-650.066696833264,23451.6668973393
-40944.9125072009,-27596.5253466406,-27466.0465134478,130.478833192804,-24052.7784543166,-17542.2721440798,-4193.88498351948,-4063.40615032667,-650.13809119546,23533.1191963139
-39524.9936001619,-25728.1438289456,-25899.725204379,-171.581375433351,-24395.3595313131,-15780.0705303854,-1983.22075916913,-2154.80213460248,-650.436461536584,23573.3416943432
-37816.8875620264,-23945.4250804335,-24456.6109598537,-511.185879420219,-24727.989523187,-13739.8541250282,131.608356564691,-379.577522855526,-650.956086188828,23565.847557578
-35903.7693612885,-22290.3859371599,-23162.2136306146,-871.8276934547,-25033.9099241072,-11521.5106367379,2091.87278739073,1220.04509393603,-651.651199556576,23510.4310310959
-33888.2914334392,-20812.8063446558,-22019.0625863792,-1206.25624172338,-25271.7366052411,-9268.88360461577,3806.60148416766,2600.34524244428,-652.328776417668,23413.1515871001
-31866.209293926,-19553.1405870894,-21106.4891749242,-1553.34858783477,-25497.7569181494,-7021.57833093354,5291.49037590305,3738.14178806827,-653.125955156925,23291.2823751577
-29902.0832907954,-18520.0985227966,-20349.873534569,-1829.7750117724,-25636.8118904845,-4919.27581911284,6462.70894888599,4632.93393711359,-654.004418801926,23153.0324599102
-28038.7637800859,-17702.4282007902,-19631.0366019195,-1928.60840112939,-25591.3908353196,-3102.12244338466,7234.21313591105,5305.60473478166,-654.749498618397,23008.0329355718
-26318.6333363127,-17100.1274492911,-18926.1904669346,-1826.06301764356,-25375.6514100078,-1598.44177077662,7620.06411624502,5794.00109860146,-655.459844471732,22894.1285478925
-24759.1574403301,-16703.1861405599,-18376.9366353874,-1673.75049482746,-25143.7474481127,-271.466267591258,7784.50503217893,6110.75453735147,-656.05627537384,22813.9406779114
-23376.8772588885,-16496.1250264231,-18048.1698969231,-1552.04487050003,-24971.9411567319,938.368241879155,7819.12047434458,6267.07560384454,-656.69565596421,22763.2006302676
-22178.1483673129,-16466.1216833509,-17789.8177223129,-1323.69603896195,-24725.288764259,1889.78712852156,7601.81381248346,6278.11777352151,-657.353268424622,22744.2394568725
-21182.433715517,-16616.0716012603,-17695.7206532099,-1079.64905194967,-24497.8570335199,2657.28401502198,7223.64612927874,6143.99707732907,-658.139302980901,22760.0686785893
-20394.2196404625,-16932.9667788443,-17812.8830307076,-879.916251863357,-24342.529111683,3289.27088302232,6750.52374464059,5870.60749277723,-659.038588198086,22803.5742716215
-19806.0800698716,-17394.4610298302,-18042.0252072343,-647.564177404119,-24170.5831205009,3704.68925907133,6116.30829911277,5468.74412170865,-659.813791557943,22863.2051515388
-19427.531075426,-17993.3840457178,-18402.7530442382,-409.368998520356,-24023.4355695346,3935.19525262326,5369.34228233144,4959.97328381109,-660.709241485323,22953.3573295289
-19262.0603372415,-18718.0206098687,-18831.143035653,-113.12242578431,-23858.1922263917,3934.45666313793,4478.49639051069,4365.37396472638,-661.67522601224,23083.3945745951
-19302.8058227269,-19549.1660597739,-19398.3079334744,150.858126299523,-23750.3846462484,3785.04430454248,3538.6840674955,3689.54219379503,-662.534518979061,23238.7082535689
-19542.4859265926,-20465.225390659,-20120.4158371417,344.809553517257,-23718.9443111192,3513.30173132121,2590.56226725478,2935.37182077204,-663.156653205402,23400.597211431
-19971.5746730496,-21442.4409510491,-20898.0715521429,544.369398906304,-23670.665434307,3035.63610784622,1564.76982984667,2109.13922875297,-663.454653411189,23551.5801798021
-20590.1008185592,-22460.457111331,-21655.7569000755,804.700211255563,-23564.6617901045,2310.76379264646,440.407499874592,1245.10771113015,-663.797178898862,23705.5648224612
-21389.5090791098,-23499.3993158924,-22379.3072033559,1120.09211253646,-23410.6287536913,1356.98287701378,-752.907359768808,367.184752767656,-664.136797567744,23866.58406866
-22347.8619639238,-24525.1023279086,-23097.6926003892,1427.40972751943,-23282.1877787531,269.82911472579,-1907.41124925895,-480.00152173953,-664.496700103463,24045.100806169
-23428.8840081773,-25504.0729152384,-23776.0352549431,1728.03766029532,-23178.0845046839,-915.914510244119,-2991.10341730527,-1263.06575700994,-665.115006750737,24241.0071582285
-24589.7289574967,-26405.5164814755,-24408.3133082473,1997.20317322822,-23110.041917994,-2145.65045973863,-3961.43798371745,-1964.23481048923,-665.963420235905,24441.2816709863
-25806.1888930177,-27208.0664746207,-25004.5914727529,2203.47500186781,-23117.5554127112,-3355.5495933788,-4757.42717498183,-2553.95217311401,-666.916113072374,24654.1143015067
-27019.5963648458,-27871.3269607148,-25520.6331142621,2350.69384645272,-23183.2200399008,-4504.29811339077,-5356.02870925978,-3005.33486280706,-667.921788445848,24865.9920979077
-28193.6564295718,-28376.1433718676,-25945.0027451305,2431.14062673713,-23312.6220146716,-5549.75768189864,-5732.24462419443,-3301.1039974573,-668.723266998412,25075.0393744103
-29271.9961747944,-28696.5803048948,-26263.603921233,2432.9763836618,-23508.9018835836,-6432.41431184927,-5856.99844194962,-3424.02205828783,-669.320020638446,25272.558246607
-30200.3053317836,-28813.7632034382,-26510.9458141131,2302.81738932511,-23820.6837709807,-7049.49331807959,-5662.9511897342,-3360.13380040909,-669.871757276606,25453.6294030292
-30954.2292546162,-28740.3088310959,-26699.7198898574,2040.58894123847,-24235.4154737655,-7389.16324634929,-5175.24282282898,-3134.6538815905,-670.349465498612,25605.6549495054
-31499.2798635096,-28468.9794173053,-26799.4568923256,1669.52252497973,-24731.2832562573,-7438.76298899455,-4408.46254279027,-2738.94001781054,-670.766381742331,25730.0393994948
-31787.1713610321,-27982.4249920833,-26757.7993438368,1224.62564824651,-25257.0783609626,-7201.23566647924,-3396.48929753053,-2171.86364928402,-671.142666409793,25810.5613427993
-31779.2939942867,-27283.4963272405,-26586.4550532282,697.041274012329,-25805.7877109907,-6645.0613281756,-2149.26366112943,-1452.2223871171,-671.555044879614,25831.2739401234
-31479.871962625,-26405.5837990223,-26264.1229067919,141.460892230378,-26320.0763300547,-5831.8285511448,-757.540387542067,-616.079495311687,-672.032918574535,25789.5043037106
-30876.0711361113,-25360.034780432,-25820.2965906686,-460.261810236607,-26813.3204595265,-4735.37064963166,780.665706047678,320.403895811076,-672.619973046838,25680.438676243
-29964.906059643,-24163.9078354957,-25198.9504000714,-1035.04256457575,-27215.6744813936,-3422.53739711028,2378.46082703704,1343.41826246129,-673.305818860885,25507.326097957
-28770.5056751817,-22855.7520631091,-24434.834420034,-1579.0823569249,-27530.5089772678,-1914.02697327399,4000.72663879863,2421.64428187373,-674.030275360126,25277.3963449828
-27322.216828192,-21477.622404619,-23544.4298294376,-2066.80742481859,-27738.507925777,-258.341240982568,5586.25318259043,3519.44575777184,-674.632338567611,24997.0681623908
-25630.0534734198,-20052.8592748317,-22538.0442594344,-2485.18498460276,-27816.6414632316,1511.65621366192,7088.85041225005,4603.66542764729,-674.931776149861,24656.524702479
-23748.6946231457,-18625.395741766,-21427.239919858,-2801.84417809203,-27751.2093015952,3327.69632643203,8450.99520781178,5649.15102971975,-674.818352017446,24274.5467714857
-21730.7074971643,-17234.4973889367,-20334.5761254549,-3100.07873651825,-27640.7396798509,5235.43380197096,9731.64391019863,6631.56517368038,-674.598380715632,23866.062562617
-19613.5045439391,-15908.9985063615,-19203.6487339979,-3294.65022763647,-27398.0320995268,7110.47383184843,10814.979869426,7520.32964178954,-674.053723739291,23429.328148151
-17451.6261047901,-14691.2642560064,-18106.1808662574,-3414.91661025105,-27069.3728015307,8944.55037055196,11704.9122193357,8289.99560908468,-673.196326188666,22981.259865091
-15306.60194472,-13620.9572688396,-17119.8685617727,-3498.91129293315,-26698.0149226131,10719.3969618514,12405.0416377319,8906.13034479878,-672.016016041581,22527.0876136383
-13233.2047900111,-12727.1897782977,-16351.9916557354,-3624.80187743769,-26367.5250980072,12464.0188741848,12970.0338858982,9345.23200846053,-670.301433811291,22072.4217867582
-11280.4197638678,-12031.7381256471,-15776.0017443023,-3744.26361865524,-26038.1702065548,14089.5770656796,13338.2587039003,9593.99508524508,-668.173377007426,21625.7332108922
-9493.08305894383,-11548.0287474085,-15321.6445756375,-3773.61582822899,-25641.1051752972,15482.3605151917,13427.414826727,9653.79899849805,-665.661601161658,21201.8277459066
-7908.81605170383,-11284.4237623284,-15067.8898337965,-3783.46607146807,-25257.8976833181,16686.3421858399,13310.7344752153,9527.26840374722,-662.739445774414,20811.6921660756
-6566.06193159013,-11251.6700827682,-14933.9127785844,-3682.24269581624,-24815.0133803756,17589.3491479701,12903.740996792,9221.49830097577,-659.602300815426,20473.168383744
-5488.37222668646,-11447.3357747453,-14965.5305674478,-3518.19479270247,-24364.2168164897,18219.7197204852,12260.7561724264,8742.56137972389,-656.124869318101,20189.8971544692
-4697.61776589823,-11872.0965902707,-15128.7127487586,-3256.6161584879,-23892.3139795402,18542.1474170241,11367.6685926516,8111.0524341637,-652.548796617897,19983.1490244344
-4207.50393771487,-12523.6276872543,-15483.2389145636,-2959.61122730928,-23472.9689315024,18616.5599383538,10300.4361888143,7340.82496150501,-648.905055433787,19864.4526487594
-4023.17213770411,-13382.6953784029,-15941.5744140383,-2558.8790356354,-23043.2147162272,18374.7598789328,9015.23663823396,6456.35760259856,-645.282699590316,19839.0529810015
-4130.9970660348,-14426.675590378,-16544.9737132533,-2118.29812287538,-22666.548131808,17893.9457226043,7598.26719826112,5479.96907538574,-641.605343168882,19906.6446657637
-4525.13494302273,-15641.3826986149,-17214.5370068141,-1573.15430819922,-22274.4264668882,17111.2120130781,5994.96425748596,4421.80994928674,-638.079510787364,20063.1926479016
-5199.5360234083,-17018.4006704875,-18008.2515779069,-989.85090741946,-21931.1634201234,16096.824879896,4277.96023281689,3288.10932539742,-634.802516819097,20306.5099958849
-6154.65306167941,-18545.6978807238,-18866.7825676181,-321.084686894314,-21589.7246423193,14803.3631087744,2412.31828973,2091.23360283569,-631.708471865541,20636.9314835595
-7380.72365249427,-20210.4328569746,-19799.6766430838,410.756213890782,-21270.5529428968,13261.0957336143,431.386529133906,842.142743024686,-628.733556788266,21052.5755999993
-8867.63467091993,-21991.3848330704,-20920.160987803,1071.2238452674,-21100.4627449918,11607.0305640978,-1516.71959805265,-445.49575278525,-625.797509974075,21545.8890802852
-10593.6664514793,-23864.2645565094,-22097.0087264931,1767.25583001632,-20959.9689832944,9743.13417180936,-3527.4639332208,-1760.20810320448,-623.168360005747,22104.0564533049
-12538.0804512458,-25795.7880623499,-23353.8105367648,2441.9775255851,-20905.8827544185,7747.15423838902,-5510.55337271506,-3068.57584712996,-620.648064783643,22727.2122152199
-14666.864491206,-27753.2227704493,-24711.4693995554,3041.7533708939,-20975.3422577453,5690.06310779969,-7396.29517144358,-4354.54180054968,-618.414658739642,23398.6809698996
-16960.0937325128,-29713.3929601683,-26104.6170580707,3608.77590209761,-21117.2783820106,3540.52904986306,-9212.77017779241,-5603.99427569481,-616.655599634695,24109.3986844735
-19382.1255796593,-31642.2836998473,-27460.4082168947,4181.87548295266,-21278.1423046424,1280.59602113518,-10979.5620990528,-6797.68661610015,-615.420703847885,24844.5970837472
-21895.6272919607,-33507.3473018761,-28869.8658761382,4637.48142573791,-21557.5051507114,-952.860129395993,-12564.5801393114,-7927.09871357353,-614.737988146704,25580.2485883026
-24460.2297178441,-35274.4348299782,-30278.7271697034,4995.70766027479,-21923.2740001363,-3151.47062124824,-13965.6757333823,-8969.96807310753,-614.514903540429,26304.4667568707
-27031.5199549971,-36911.7433656379,-31635.2633717483,5276.47999388958,-22346.1339745376,-5299.97804949054,-15180.2014601313,-9903.72146624171,-614.592069031054,27008.0218993961
-29559.138166168,-38382.2341397605,-32881.7573542995,5500.47678546105,-22786.7906728949,-7387.31952212966,-16210.4154957222,-10709.9387102612,-614.972028856543,27672.2954294993
-32007.8144164141,-39663.08700619,-34085.2084093065,5577.87859688355,-23317.1231871026,-9306.42042000452,-16961.6930097804,-11383.8144128969,-615.729190693013,28279.2725932931
-34344.3448500121,-40732.7279269386,-35170.5594592826,5562.16846765604,-23876.1551937966,-11084.9426476852,-17473.3257246117,-11911.1572569557,-616.752991469725,28821.5706699829
-36531.6289891929,-41577.218519781,-36187.4672911723,5389.75122860864,-24514.4775946169,-12635.1519620987,-17680.7414926868,-12290.9902640782,-618.000567522749,29286.2282557028
-38542.9221051473,-42178.4031330313,-37132.4070472805,5045.99608575074,-25228.1646546975,-13934.3784274452,-17569.8594553291,-12523.8633695783,-619.620976995337,29654.5397634529
-40336.2627938066,-42523.5604442301,-37917.9033968136,4605.65704741657,-25929.7090484904,-15028.252308514,-17215.5499589375,-12609.892911521,-621.698563197789,29913.6675327092
-41899.8434946984,-42615.8996080512,-38504.131088272,4111.76851977914,-26576.9502021798,-15947.1052817161,-16663.1613950689,-12551.3928752897,-624.211989197548,30064.5067327614
-43211.460822259,-42449.4343034414,-38895.7494414421,3553.68486199937,-27175.1141263595,-16663.3995534242,-15901.3730346066,-12347.6881726072,-627.052857524623,30101.7461308342
-44250.6159859766,-42016.4913102292,-39011.8765202049,3004.61479002432,-27653.1995493446,-17227.5588073644,-14993.434131617,-11988.8193415926,-630.14237073239,30027.6719686365
-45002.3154115475,-41322.7397206853,-38964.8170437181,2357.92267696715,-28111.8325360067,-17523.6317908997,-13844.0561000376,-11486.1334230704,-633.148915358959,29836.6062976149
-45485.3779640053,-40394.2001885385,-38661.2440468233,1732.95614171514,-28446.991302495,-17674.2238283319,-12583.0460528651,-10850.0899111499,-635.837166821566,29544.1102773885
-45708.1028257816,-39252.315175475,-38099.8432441572,1152.47193131781,-28652.1440804434,-17694.2635881178,-11238.4759378112,-10086.0040064934,-638.304842779591,29166.3111689816
-45672.6150666332,-37914.2203230266,-37306.1428877189,608.077435307663,-28758.8251027965,-17554.4209282854,-9796.02618467873,-9187.94874937107,-640.630964448688,28726.2715736555
-45391.9285631311,-36404.2579235937,-36307.1654978672,97.0924257265087,-28790.1760514579,-17244.5811041123,-8256.91046457492,-8159.81803884842,-642.828592439089,28244.4398847453
-44869.2499857274,-34736.5827459514,-35071.8312467454,-335.248500793911,-28721.0561943408,-16792.9245117513,-6660.25727197533,-6995.50577276924,-644.730720364697,27741.0769731822
-44082.4750919492,-32916.5763713345,-33565.8972165883,-649.320845253759,-28531.9455127664,-16196.9186168347,-5031.01989622008,-5680.34074147384,-646.389037651983,27236.2356298607
-43026.0148216743,-30963.0847990723,-31885.3655495209,-922.280750448675,-28308.6543150241,-15365.1302031944,-3302.20018059233,-4224.48093104101,-647.769696544209,26738.6038680313
-41683.0766385543,-28891.0338846022,-30029.1315749103,-1138.09769030814,-28041.1029917732,-14290.9014354701,-1498.85868151796,-2636.95637182611,-648.927788688997,26254.0775127761
-40065.6816689811,-26747.8017545937,-28071.9653387016,-1324.16358410797,-27781.2806362932,-12934.1838944206,383.696019966897,-940.467564141067,-649.782861732655,25807.3341904526
-38197.8188945808,-24576.9703889703,-25937.3994486149,-1360.42905964459,-27428.5345809285,-11419.5950547681,2201.25345084238,840.824391197792,-650.310741115835,25417.7947801681
-36109.3889918107,-22425.5131940991,-23696.4175618116,-1270.90436771244,-27020.3032020493,-9739.71232923434,3944.16346847717,2673.25910076472,-650.62653947297,25098.7722948639
-33827.1172928304,-20348.3324791788,-21478.796698226,-1130.46421904724,-26635.7776662911,-7842.25140261996,5636.53341103164,4506.0691919844,-650.911776080689,24854.4016711632
-31396.5837301875,-18401.3557568612,-19342.3497127363,-940.993955875134,-26270.4354717374,-5777.33801075784,7217.88996256842,6276.8960066933,-651.189752307754,24678.2517635545
-28871.7749600851,-16633.4528493052,-17381.0387197548,-747.585870449625,-25970.6549878073,-3552.44157773459,8685.88053304528,7938.29466259565,-651.321605456876,24571.7475119008
-26323.0325971579,-15101.0376209324,-15654.2951844169,-553.257563484503,-25732.9263937829,-1241.47231568978,9980.52266053577,9427.26509705127,-651.366112314741,24528.3027179836
-23808.637329342,-13831.3581067101,-14196.4881387137,-365.130032003561,-25556.2795178396,1096.40536373701,11073.6845863689,10708.5545543653,-651.236824760635,24539.9126610754
-21380.3818413355,-12845.0228027556,-13097.6969341865,-252.67413143089,-25481.1381349945,3449.6547875045,11985.0138260843,11732.3396946535,-651.101506154458,24577.3624974091
-19109.8311164836,-12168.6112168556,-12341.1056855222,-172.494468666631,-25456.3115675465,5695.62395859402,12636.8438582221,12464.3493895555,-650.856492468851,24632.960606411
-17056.1152574077,-11812.1136365995,-11890.7131197833,-78.5994831838587,-25438.9565920248,7732.25358578785,12976.255206596,12897.6557234122,-650.587748829293,24709.7693600117
-15294.651967453,-11774.4242562331,-11791.740748569,-17.3164923358558,-25469.9463431905,9524.93486128692,13045.1625725068,13027.846080171,-650.359514450558,24802.2703364041
-13873.3173207514,-12043.6348973781,-11872.4465353768,171.188362001327,-25383.1577266522,10859.5506994239,12689.2331227972,12860.4214847986,-650.289706476843,24904.0563821766
-12822.8173410154,-12597.0278276076,-12212.9872874382,384.040540169432,-25286.4859920359,11813.3888313014,12039.1783447092,12423.2188848787,-650.279819719105,25020.2467124862
-12137.7423396837,-13381.9809137502,-12708.7503415198,673.230572230391,-25141.1625592744,12353.1228448736,11108.884270807,11782.1148430374,-650.297374717158,25164.0957567876
-11796.9597116208,-14346.6564765206,-13363.5912491367,983.065227383973,-25008.7718839933,12561.6093432428,10011.9125783429,10994.9778057269,-650.202829129675,25341.6342822475
-11778.3920821708,-15446.9923314178,-14094.064759962,1352.92757145575,-24852.3081512023,12423.8083564359,8755.20810718895,10108.1356786447,-650.107712595532,25555.1280100625
-12034.9531365492,-16617.1600258197,-14931.8570203248,1685.30300549489,-24764.607531229,12079.5095410356,7497.30265176513,9182.60565726003,-650.144853644185,25799.7656830797
-12503.0326972991,-17803.4611982184,-15756.3214663974,2047.13973182098,-24673.1677549696,11519.8248355591,6219.39633463987,8266.53606646085,-650.310222111296,26069.9972646792
-13139.5926643071,-18970.4366376051,-16573.2183162421,2397.21832136298,-24616.9903243505,10826.7692607007,4995.9252874027,7393.14360876568,-650.628399342671,26363.5802463708
-13871.8006043119,-20073.3685300643,-17306.3048735012,2767.06365656308,-24552.3117409552,10029.2385229502,3827.67059719784,6594.73425376091,-651.272613693111,26668.1027838252
-14668.4421989594,-21101.2703439273,-18049.507004405,3051.76333952236,-24587.2909354912,9266.76686427674,2833.93871930883,5885.70205883119,-652.081872255044,26986.9724027585
-15479.7536406967,-22038.7267499311,-18777.6056499395,3261.12109999162,-24698.5967404639,8565.71329769265,2006.74018845829,5267.86128844991,-653.129802074552,27306.588038381
-16255.9036430275,-22884.4488609316,-19489.7919098538,3394.65695107771,-24879.8786213095,7969.77316921212,1341.2279513081,4735.88490238581,-654.201809069828,27620.3337633174
-16985.4425032032,-23643.6317124634,-20249.6206103343,3394.01110212911,-25188.0975101599,7547.69105717996,889.501847919703,4283.51295004881,-654.963949776711,27927.1446625122
-17638.2727610584,-24305.2782617875,-20971.7794098308,3333.49885195671,-25532.4074296266,7238.64736107736,571.641860348228,3905.14071230493,-655.487307490877,28210.4189740924
-18210.410820275,-24888.7297445308,-21694.8807233791,3193.8490211517,-25920.9914785077,7054.97211237263,376.653188116898,3570.5022092686,-655.608545860037,28459.2319537994
-18700.2403486921,-25425.6514120231,-22406.0555704928,3019.59584153036,-26302.1675336624,6946.55847467309,221.147411342125,3240.74325287248,-655.368710297214,28666.3946648956
-19123.3360344038,-25949.1390970932,-23203.327132984,2745.8119641092,-26735.1139562876,6957.05546072933,131.252398039932,2877.06436214912,-654.722461154526,28826.2034592423
-19493.6459551388,-26478.4990347716,-24052.5340676842,2425.96496708739,-27159.4806257795,7011.893828317,27.040748684143,2453.00571577153,-653.940842323779,28931.5047505431
-19844.459278423,-27027.9035589028,-24965.6602115492,2062.24334735364,-27573.8180477753,7076.30487580033,-107.13940467947,1955.10394267416,-653.053893551995,28983.0075015769
-20222.6078808811,-27611.4014701817,-25923.8768200597,1687.52465012196,-27949.1348581985,7074.47100297118,-314.322586329389,1373.20206379257,-652.055974346211,28984.6035339742
-20649.8855097189,-28229.4251450765,-26875.7449527761,1353.68019230046,-28239.6380572758,6938.96616576311,-640.573469594463,713.106722706,-650.78638179376,28942.5318677825
-21149.6468393069,-28889.3327592819,-27886.1230925362,1003.20966674573,-28515.3740739028,6716.60673925582,-1023.07918071913,-19.8695139734081,-649.12049534001,28869.4632453085
-21771.1427329074,-29610.0093218741,-28937.903399736,672.105922138054,-28742.1219968451,6323.4909350139,-1515.37565395283,-843.269731814785,-647.488328923851,28766.7395900593
-22519.6313929335,-30381.6809991613,-30028.37105684,353.309942321281,-28926.8278534514,5761.36206930071,-2100.6875369271,-1747.37759460581,-645.834391217225,28634.3034045555
-23422.3677350861,-31205.1475907185,-31130.3088157134,74.8387750051221,-29054.2275429528,4987.67188300464,-2795.10797262772,-2720.26919762259,-644.187924862083,28484.8783930959
-24489.3786963044,-32074.9924572215,-32311.8901732832,-236.897716061681,-29207.8858846684,4075.8281385637,-3509.78562235336,-3746.68333841504,-642.679049800243,28328.3091188065
-25693.6114010159,-32956.5673507173,-33391.5359062433,-434.968555526052,-29241.3746314255,2906.331949403,-4356.62400029835,-4791.5925558244,-641.431281006522,28164.9747948929
-27016.4946483906,-33834.4850712758,-34397.3711339989,-562.886062723082,-29200.6997841387,1543.73718196874,-5274.25324091649,-5837.13930363958,-640.467953779389,27997.3457676362
-28418.5819246503,-34672.4208350431,-35291.0196689028,-618.598833859724,-29096.2191096554,37.817103613178,-6216.02180677967,-6834.62064063939,-639.820081391951,27837.8001944037
-29869.8903910252,-35453.0363053782,-36073.0511309137,-620.014825535485,-28955.7818816993,-1553.70616057032,-7136.85207492339,-7756.86690045887,-639.597651244443,27696.1694049194
-31342.3140242429,-36155.160123196,-36783.1786560368,-628.018532840807,-28848.0625601442,-3134.11136744893,-7946.95746640202,-8574.97599924283,-639.85990335024,27580.1841239532
-32814.1019696348,-36762.4489372128,-37356.1940462697,-593.745109056915,-28718.0728635165,-4736.50662256836,-8684.85359014639,-9278.59869920331,-640.477516450029,27483.8502380095
-34237.7715898925,-37249.8659310099,-37829.5907106762,-579.724779666263,-28623.8809358727,-6255.09609195907,-9267.19043307654,-9846.91521274281,-641.205437939264,27402.9507182672
-35591.5499403199,-37614.4299520925,-38208.0570969978,-593.627144905229,-28568.1235652978,-7665.52778060844,-9688.40779238106,-10282.0349372863,-642.101405586336,27332.3950148063
-36835.9545135795,-37836.5776882345,-38517.9207097942,-681.343021559647,-28589.139178429,-8889.93499293281,-9890.55816758786,-10571.9011891475,-643.119657782357,27264.676499087
-37964.5190203073,-37918.1736202997,-38665.9172502494,-747.743629949746,-28584.2604104635,-10024.4348422317,-9978.08944222402,-10725.8330721738,-644.176232387838,27192.3405481259
-38960.6249840922,-37860.1859939311,-38733.2523208225,-873.066326891412,-28627.1138502944,-10978.6791338941,-9878.24014373291,-10751.3064706243,-645.168000096281,27108.8795233067
-39815.9103804391,-37663.8634920437,-38778.6917226648,-1114.82823062117,-28765.1654784315,-11696.8364612893,-9544.78957289384,-10659.617803515,-646.091559281717,27004.2456885286
-40536.0596703904,-37337.7586288069,-38778.3900569635,-1440.63142815656,-28953.3652765135,-12229.5506552007,-9031.24961361729,-10471.8810417738,-646.85626132391,26865.8775870331
-41123.0481979346,-36882.9210540016,-38625.1130631966,-1742.192009195,-29089.0177656037,-12681.4683103835,-8441.34116645052,-10183.5331756455,-647.437878052665,26699.3878783561
-41574.1123634984,-36301.4928263852,-38297.4052342289,-1995.9124078437,-29146.1949101491,-13075.7690085393,-7803.14947142616,-9799.06187926986,-647.851555190055,26502.4309471154
-41880.2202332235,-35580.9643694612,-37733.2665556215,-2152.30218616027,-29077.66226587,-13450.5846734006,-7151.32880963836,-9303.63099579862,-648.026706047109,26277.3333736626
-42027.5193818684,-34729.4154191093,-36987.0258998919,-2257.61048078255,-28929.2413532092,-13746.219567369,-6448.11560460993,-8705.72608539248,-647.941538709811,26023.6893337168
-42030.2495536613,-33766.3186037283,-36066.8484107554,-2300.52980702715,-28697.0552957007,-13980.6990388432,-5716.76808891024,-8017.29789593738,-647.504780882595,25749.0207077909
-41894.6161141641,-32708.7125300225,-34986.9449988254,-2278.23246880287,-28386.3533044027,-14155.1482575275,-4969.24467338594,-7247.4771421888,-646.885447766072,25461.2353878338
-41631.5245013048,-31564.743436056,-33778.6735103602,-2213.93007430424,-28027.0895511256,-14250.649615354,-4183.8685501052,-6397.79862440943,-646.214665174826,25166.9448116465
-41234.6726305194,-30338.4081632244,-32323.7966815608,-1985.38851833634,-27506.5120982247,-14373.8861979117,-3477.62173061671,-5463.01024895306,-645.725665616992,24875.3979142714
-40700.8111867062,-29043.0132188329,-30753.8445369368,-1710.83131810388,-26958.1488505348,-14388.0274342335,-2730.22946636028,-4441.06078446416,-645.365098062133,24601.9524343688
-40037.8432939767,-27691.8029431373,-29073.7149121836,-1381.91196904631,-26384.6956352766,-14298.2749596691,-1952.23460882974,-3334.14657787606,-645.127300969059,24357.6563652612
-39216.6980903654,-26280.5790004862,-27336.185568275,-1055.60656778881,-25840.7628605,-14021.0973019604,-1084.97821208111,-2140.58477986992,-645.162072094957,24139.9942206162
-38232.6592050951,-24821.2134511846,-25535.7572253273,-714.543774142706,-25313.6982644262,-13564.3570076509,-152.911253740303,-867.455027883008,-645.396066981878,23953.7584233016
-37035.685210211,-23291.9031185397,-23664.0472286653,-372.144110125624,-24808.1144247074,-12873.4176962265,870.364395444856,498.220285319238,-645.846910722897,23790.1234038589
-35621.1691058008,-21708.8558768314,-21883.7780748881,-174.922198056722,-24465.2054487522,-11802.5390747861,2109.7741541834,1934.85195612668,-646.575417737445,23643.7078329581
-34013.4439716513,-20098.7861420419,-20176.4182337109,-77.6320916689563,-24230.6217764228,-10430.3855807074,3484.272248902,3406.64015723305,-647.563385478863,23505.426299275
-32215.3194008144,-18470.1258710999,-18536.9358178924,-66.8099467925406,-24077.7213357427,-8786.48031621843,4958.71321349608,4891.90326670354,-648.882251146697,23362.0291378034
-30227.9951614362,-16844.66643105,-17049.0265388072,-204.360107757228,-24054.0758174939,-6824.33756512909,6558.99116525706,6354.63105749983,-650.41822118682,23199.2974885498
-28073.493763203,-15259.5800554108,-15736.1530512252,-476.572995814389,-24115.5383909783,-4610.09830171394,8203.81540607827,7727.24241026388,-652.142929489267,22986.8224656747
-25801.8904451248,-13746.7502204901,-14652.6045566409,-905.854336150843,-24262.6114240035,-2193.42574507882,9861.71447955589,8955.86014340505,-654.146723957592,22702.6103638951
-23442.63675755,-12301.095216632,-13801.8750119481,-1500.77979531606,-24482.9511219791,383.904445955251,11525.4459868732,10024.6661915571,-656.409918473877,22325.7614081892
-21021.3564969216,-10926.9323826145,-13116.9782991395,-2190.045916525,-24705.1184171493,3025.02850063363,13119.4526149406,10929.4066984156,-658.733419594157,21856.3390810302
-18573.416318749,-9633.78761495808,-12559.0712244394,-2925.28360948135,-24879.1405945164,5644.76826416622,14584.3969679571,11659.1133584758,-660.956011601189,21292.9009734339
-16129.6069049865,-8435.2230132014,-11913.2740139525,-3478.05100075113,-24784.8944775632,7992.16596088394,15686.549852669,12208.4988519179,-663.12161169274,20643.7218651193
-13727.9439640627,-7348.95562723471,-11332.3660797131,-3983.41045247837,-24572.9106535063,10179.8826433545,16558.8709801824,12575.460527704,-665.084046089207,19924.4161549388
-11408.0923507399,-6390.22839623285,-10757.0921197766,-4366.86372354373,-24195.9360125973,12121.2095210529,17139.0734755599,12772.2097520162,-666.634140804587,19162.438148249
-9199.39118255971,-5561.94886332251,-10226.1962462525,-4664.24738292999,-23695.2413571998,13828.053455202,17465.4957744392,12801.2483915092,-667.796719438158,18363.1972548317
-7144.83015113973,-4888.58925793735,-9793.37608860431,-4904.78683066694,-23116.8576712209,15303.4571960353,17559.6980892377,12654.9112585707,-668.570324045826,17543.5005165081
-5254.48502144651,-4358.67229292066,-9318.08620503651,-4959.41391211584,-22346.1584152158,16422.6742569291,17318.4869854549,12359.0730733391,-668.999136840175,16717.7453662598
-3534.95679590164,-3964.12828130723,-8897.74710800516,-4933.61882669793,-21501.8365338743,17297.7244272516,16868.552941846,11934.9341151481,-669.155310721094,15899.0623964553
-1992.53748283311,-3699.34524511653,-8520.89642169023,-4821.55117657368,-20591.0726378514,17929.7334948575,16222.9257325741,11401.3745560004,-668.801660160765,15100.7198011169
-628.394532077062,-3547.99500440159,-8188.0559143711,-4640.0609099695,-19639.7030822955,18343.0942607736,15423.4937884491,10783.4328784795,-668.214289444886,14331.4278828811
540.662450555381,-3521.22581614642,-7884.98625533691,-4363.7604391905,-18642.0070441762,18515.0735227019,14453.1852560002,10089.4248168097,-667.595972029601,13610.6506329561
1531.61380546943,-3611.05403132732,-7532.82192494777,-3921.76789362045,-17548.0638762806,18412.8162753924,13270.1484385956,9348.38054497519,-666.861406357682,12959.4345763025
2362.79889599225,-3809.52672796772,-7266.50202101744,-3456.97529304971,-16507.450798221,18204.1377417029,12031.8121177429,8574.83682469319,-666.111952510444,12384.3635526609
3029.55414502009,-4119.24136499354,-7065.97109387814,-2946.7297288846,-15496.6071244859,17860.6470751346,10711.8515651209,7765.12183623634,-665.514194371393,11884.3632012299
3520.57239697377,-4546.45681310905,-6963.52805187151,-2417.07123876244,-14533.1771317686,17388.7025750873,9321.67336500449,6904.60212624205,-665.046953655068,11451.0589393511
3827.21034128587,-5108.23315156569,-7093.28271261495,-1985.04956104925,-13726.3718470341,16888.901285415,7953.45779256349,5968.40823151425,-664.680902904886,11076.6413830799
3942.10837906013,-5809.10614576257,-7433.0659287418,-1623.95978297922,-13053.5614070723,16331.230985258,6580.01646043525,4956.05667745604,-664.438800874489,10765.1628232186
3844.82508786946,-6653.45409990041,-8088.48779009062,-1435.03369019019,-12605.578363323,15786.063582878,5287.78439510809,3852.75070491789,-664.33986831455,10506.2048048183
3499.2644923707,-7650.8978196038,-8867.70429191235,-1216.80647230853,-12178.7508561336,15013.7482458624,3863.58593388791,2646.77946157938,-664.26710264194,10297.6772811832
2891.44126443015,-8809.13716356609,-9766.90921077407,-957.772047207953,-11760.8424244883,13988.3514062074,2287.77297821116,1330.00093100321,-663.932282711002,10139.1380945693
1999.64145244413,-10128.372041174,-10844.152851662,-715.780810487962,-11412.3202644171,12748.366569468,620.353075849854,-95.4277346381037,-663.595147393183,10032.9443065359
809.939988225613,-11596.5597725339,-12044.6662724393,-448.106499905375,-11094.541974676,11241.2392338777,-1165.26052688184,-1613.36702678722,-663.242729023864,9983.19274574671
-675.487772137986,-13176.8558484289,-13239.9337740815,-63.0779256526438,-10724.4599212773,9386.1201113375,-3115.24796495339,-3178.32589060603,-662.852037801825,9998.52995782284
-2445.53935184875,-14832.2961848586,-14483.1900797151,349.106105143572,-10396.4600381852,7288.56071806413,-5098.19611494577,-4749.0900098022,-662.359968272316,10083.2061750564
-4461.37972554237,-16517.354872811,-15701.4985120942,815.856360716762,-10075.7231603617,4952.75536248264,-7103.21978478593,-6287.36342406917,-661.588072336672,10229.9914487418
-6666.51449931397,-18172.5259117744,-16910.6001582496,1261.92575352485,-9822.43368614899,2495.47313538694,-9010.53827707356,-7748.6125235487,-660.446051448091,10423.9133882257
-9021.82156023377,-19756.9437236643,-18007.5737223235,1749.37000134082,-9582.36559639935,-98.5952261027116,-10833.7173895333,-9084.34738819245,-659.139262268303,10672.5963354719
-11471.6413133221,-21226.4697515784,-19089.9319389797,2136.53781259869,-9490.73564975523,-2638.62071597502,-12393.4491542313,-10256.9113416326,-657.715052408142,10969.5584099458
-13959.0882775273,-22559.8943352482,-20044.6849256261,2515.20940962209,-9447.73494004535,-5167.68878029673,-13768.4948380176,-11253.2854283955,-656.335442814752,11306.6089068527
-16427.7366704495,-23738.2456123246,-20852.3349312151,2885.91068110949,-9434.30005522797,-7648.28198258335,-14958.7909244585,-12072.880243349,-654.845367361873,11665.3653689756
-18820.8645580037,-24734.3369602919,-21545.6434575905,3188.69350270138,-9493.4767468324,-9980.662920067,-15894.1353223552,-12705.4418196538,-653.275108895737,12028.895140638
-21107.1489349565,-25537.0956600705,-22210.1534781996,3326.94218187084,-9717.74044072347,-12041.0855745392,-16471.0322996531,-13144.0901177823,-651.677080306123,12393.0055422882
-23261.759285701,-26137.6718403352,-22860.2783206201,3277.3935197151,-10108.5606807391,-13803.1069571492,-16679.0195117835,-13401.6259920684,-649.90835218737,12736.0458482668
-25254.5006269886,-26520.7540681484,-23376.4696701804,3144.28439796807,-10553.4955619863,-15349.0483326519,-16615.3017738118,-13471.0173758437,-648.043267649608,13049.7366923047
-27055.6668123146,-26684.3473746415,-23706.3983200461,2977.94905459544,-11012.0652415594,-16689.802386484,-16318.4829488109,-13340.5338942155,-646.20081572878,13343.813480426
-28640.3721884369,-26630.1736827785,-23783.3839249605,2846.78975781806,-11431.9973030744,-17852.7414236916,-15842.5429180332,-12995.7531602151,-644.366538329061,13634.4205225634
-29973.5167805412,-26352.1886127699,-23662.0881753825,2690.1004373874,-11861.4313355262,-18754.3827625307,-15133.0545947594,-12442.954157372,-642.297317515741,13909.2344553979
-31030.0621161458,-25854.6861053841,-23377.6024794704,2477.08362591367,-12312.8805477009,-19357.2159778553,-14181.8399670936,-11704.75634118,-640.034409410427,14149.9297642041
-31817.8733669728,-25164.563702548,-23084.75713878,2079.80656376803,-12908.5708819472,-19546.8557432281,-12893.5460788033,-10813.7395150353,-637.553258202519,14350.8241875127
-32318.7836766205,-24285.9161269111,-22784.6703488929,1501.2457780182,-13638.4040910249,-19315.3099979893,-11282.4424482799,-9781.1966702617,-634.930412393734,14504.7194566494
-32522.5120968139,-23237.8413645258,-22429.488438154,808.352926371834,-14433.0588389048,-18721.8065555133,-9437.13582322516,-8628.78289685332,-632.353297604103,14609.0584676725
-32432.6289335607,-22042.6069248241,-21948.7859283761,93.8209964480436,-15183.8673206677,-17878.6632206478,-7488.64121191122,-7394.82021546317,-629.901607754832,14647.7867093609
-32046.8833415974,-20708.1458671499,-21187.502241188,-479.356374038076,-15710.8181904428,-16963.6296084286,-5624.89213398111,-6104.24850801919,-627.564457273998,14603.8973591307
-31386.129313845,-19269.3225750093,-20387.2110461915,-1117.88847118213,-16215.5071646747,-15796.04309274,-3679.23635390434,-4797.12482508647,-625.420943569661,14472.1977499229
-30460.3439135549,-17745.8370711398,-19509.4197403243,-1763.58266918444,-16634.2505730705,-14449.7749436079,-1735.26810119277,-3498.85077037721,-623.681603123388,14246.9863007626
-29283.2722701257,-16158.2443828546,-18536.6529698116,-2378.40858695696,-16934.6057175922,-12971.0910876469,153.936799624137,-2224.47178733282,-622.42453511348,13933.7725955218
-27877.667906305,-14528.4398558544,-17391.2759620068,-2862.8361061524,-17019.1726875363,-11480.2111953765,1869.01685507413,-993.81925107828,-621.715976607761,13534.6206047761
-26264.0056926488,-12879.5790238936,-16101.8185816313,-3222.23955773777,-16909.318778664,-9976.35720083787,3408.0694679174,185.829910179626,-621.670286853007,13065.4089340732
-24455.0457485784,-11222.3065211944,-14673.5514762454,-3451.24495505101,-16610.2442904729,-8467.06664983489,4765.67257754905,1314.42762249805,-622.265191729483,12536.7341436924
-22470.6515787162,-9579.26850865423,-13134.4403515266,-3555.1718428724,-16151.133321782,-6942.99087128309,5948.39219877891,2393.22035590652,-623.472614348851,11972.4888645607
-20336.5879731497,-7967.20731606983,-11588.8100261642,-3621.60271009434,-15618.8756922585,-5342.952798809,7026.4278582709,3404.82514817655,-625.240517917736,11372.0324642464
-18076.9611645685,-6399.30892950398,-9967.56208447524,-3568.25315497127,-14936.1381076909,-3768.21184365355,7909.44039141101,4341.18723643974,-627.388786775883,10740.4961659437
-15714.3224717226,-4886.28814577338,-8446.19866541009,-3559.9105196367,-14272.2776940274,-2071.97317492109,8756.06115102815,5196.15063139145,-629.928397225886,10082.4387771648
-13291.8019776504,-3450.30059843514,-6978.19584878157,-3527.89525034642,-13565.9263022486,-358.231312467018,9483.2700667482,5955.37481640178,-632.355637065265,9405.67541483691
-10844.7401701652,-2105.9263423989,-5572.92347205445,-3466.99712965556,-12822.1208070032,1342.75050458097,10081.5643323473,6614.56720269173,-634.630132257025,8720.49354509063
-8406.47460228979,-861.894404359687,-4364.49235031064,-3502.59794595095,-12166.6315193603,3123.43791518303,10668.0181131131,7165.42016716216,-636.719001887449,8027.31457152184
-6017.98439855806,261.682277543182,-3340.89671786761,-3602.57899541078,-11571.9418874536,4915.59038189906,11195.2570580003,7592.67806258952,-638.36710699651,7330.99578504635
-3725.93970400498,1242.93501707224,-2431.09726101232,-3674.03227808458,-10942.5207306591,6576.98315938993,11545.8578804671,7871.82560238257,-639.597867264217,6628.89058531032
-1606.5721395316,2042.33826919488,-1708.09135046026,-3750.42961965514,-10333.76120309,8086.93189511937,11735.8423038458,7985.41268419071,-640.257168439057,5943.07441499584
292.633596501173,2651.77369053979,-1079.88376050631,-3731.65745104611,-9654.26386552143,9306.4530360264,11665.593130065,7933.9356790189,-640.444425996205,5282.1619884791
1936.35315174761,3066.06400142436,-614.239858006992,-3680.30385943137,-8977.33815662146,10273.3965620956,11403.1074117723,7722.80355234095,-640.294746273512,4656.73955091658
3274.56321912089,3275.03960714463,-254.102318154378,-3529.14192529902,-8264.24954110614,10899.0175658676,10899.4939538914,7370.35202859235,-639.795194359407,4095.31242144771
4289.42191121872,3291.70396330416,74.2857833353819,-3217.41817996878,-7477.23852761691,11127.5849275749,10129.8669796604,6912.44879969158,-639.075511260713,3620.74483638742
5000.29185198697,3149.9778273046,409.725856809023,-2740.25197049559,-6633.55218441872,10995.741219392,9145.42719470961,6405.17522421403,-638.102817013715,3255.19739690942
5413.58807914332,2865.59155246055,822.215888062201,-2043.37566439836,-5708.32003309834,10484.8747852484,7936.87825856567,5893.50259416732,-637.033326993225,3027.91104170677
5566.87959193001,2466.58077042308,1324.9006979075,-1141.68007251559,-4731.05877669584,9662.03573530222,6561.7369137953,5420.05684127971,-635.902633323647,2953.47607085661
5484.39673908302,1960.20873806267,1948.12815851669,-12.0805795459963,-3693.32910818079,8543.03503264092,5018.84703162058,5006.76645207459,-634.690814622897,3046.5577140119
5208.78871822104,1360.31241657153,2528.94212415283,1168.62970758132,-2772.27427226229,7347.44127811728,3498.96497646776,4667.59468404907,-633.621712366057,3307.28226747754
4776.80282772409,681.369812468619,3030.60960981521,2349.2397973466,-2005.48828436281,6149.39461522829,2053.96159997281,4403.20139731942,-632.896496858629,3721.8315848508
4213.63104644437,-72.7016296061217,3297.91649497804,3370.61812458419,-1521.14795643244,5102.20464890926,815.871972858758,4186.49009744295,-632.574353967564,4259.19172704909
3547.11194579682,-892.998178329427,3311.2759954926,4204.27417382202,-1325.86833396631,4240.48303916884,-199.627084957421,4004.6470888646,-632.497240594311,4897.64526719403
2794.79889757569,-1777.86809782188,3013.44485996393,4791.31295778583,-1453.99309940733,3616.4251949251,-956.241800472481,3835.07115731335,-632.36680205793,5612.93925513523
1963.13664178746,-2728.97988087652,2418.95892637669,5147.93880725322,-1870.78850431324,3201.75267650575,-1490.36384615823,3657.57496109499,-632.172469594949,6386.55484197151
1061.83912416845,-3740.04317278919,1575.52861870675,5315.57179149594,-2518.67473138947,2948.52419828584,-1853.35809867181,3462.21369282414,-631.989657272096,7202.25686561331
102.820819469565,-4797.35371566229,640.57557703841,5437.92929270071,-3240.60192616566,2711.768178472,-2188.40635665987,3249.52293604085,-631.654567163235,8046.87665170314
-906.542085548796,-5900.66637163002,-360.017004043841,5540.64936758616,-3993.16873433814,2455.31411815742,-2538.8101679238,3001.83919966237,-631.312530631933,8902.50557129236
-1974.73845388533,-7048.18080672638,-1474.18630196395,5573.99450476243,-4816.68789770965,2211.06521623001,-2862.37713661106,2711.61736815138,-630.884227594335,9759.79817487775
-3089.5297928672,-8216.37659685851,-2572.9237787163,5643.45281814221,-5605.38655995884,1885.69432682857,-3241.15247716274,2402.30034097947,-630.162440263076,10618.676937838
-4237.77407241602,-9387.13553086107,-3709.5442739263,5677.59125693477,-6430.84514275364,1563.77036041789,-3585.59109802717,2092.0001589076,-629.300709919744,11479.1356897687
-5393.80362422185,-10535.6341413529,-4796.96449295875,5738.66964839414,-7229.01541916761,1206.72153072638,-3935.10898640466,1803.56066198949,-628.490264219379,12339.1948033424
-6530.49478417732,-11639.6553067632,-5872.58206228086,5767.07324448236,-8045.57701471529,887.296995165792,-4221.86352742011,1545.20971706226,-627.785235372168,13184.8650238255
-7623.8873569028,-12683.7679311265,-6974.83775063845,5708.93018048807,-8925.27643878879,674.00146988268,-4385.87910434102,1323.05107614704,-627.387612003321,14006.8190072735
-8641.36275669622,-13649.2587708696,-8057.082960241,5592.17581062864,-9824.44978512172,555.660337122263,-4452.23567705116,1139.94013357748,-627.426691303243,14789.1989044471
-9566.09639101087,-14528.7323221834,-9137.12962622028,5391.60269596308,-10758.0744074349,563.98137038871,-4398.65456078379,992.948135179294,-627.996646035321,15521.6804573626
-10375.5385687596,-15312.4294390535,-10229.0177468764,5083.41169217712,-11728.2489871778,723.589105774529,-4213.30176451936,870.109927657753,-629.121312643658,16182.5393667112
-11064.9599990828,-15999.1502068839,-11363.6021597456,4635.54804713833,-12752.500109834,1056.80472759476,-3877.38548020632,758.162566932009,-630.735383156484,16757.3127738159
-11635.1311947027,-16595.2299252007,-12631.4580624697,3963.77186273107,-13889.3079402911,1621.45420467055,-3338.64452582749,625.127336903583,-632.722540917793,17220.3572621043
-12091.1666160226,-17099.5540500933,-13966.3274999706,3133.22655012273,-15055.0430821563,2328.99474212235,-2679.39269194839,453.833858174347,-634.881724011374,17553.3879082677
-12439.8086209918,-17515.0632146385,-15333.8255019009,2181.23771273761,-16199.700380459,3122.73273398573,-1952.52185966099,228.715853076607,-637.159025481436,17743.7790677151
-12698.6375807915,-17852.034074175,-16663.0939329555,1188.94014121951,-17245.0205190281,3906.93853398231,-1246.45795940118,-57.5178181816654,-639.444404254307,17794.5162559933
-12893.2910969122,-18121.5120388896,-17901.0329309503,220.479107939336,-18137.3842437067,4602.62344414036,-625.597497837096,-405.118389897764,-641.469702654141,17716.3936489919
-13042.3877738285,-18330.3917367455,-19086.6957293327,-756.303992587234,-18912.3935610611,5226.75055105414,-61.2534118628163,-817.557404450053,-643.25523617845,17512.8343322954
-13160.4355825525,-18485.5283291928,-20042.3955057497,-1556.86717655685,-19397.0268103999,5591.83658364482,266.743837004501,-1290.12333955235,-644.754644202551,17195.4049896405
-13279.0703826838,-18605.0020613311,-20773.966463451,-2168.96440211985,-19601.7495786903,5676.74567340351,350.813994756114,-1818.15040736373,-645.933522603024,16786.8516539674
-13430.8158207547,-18701.4424184074,-21319.2486054354,-2617.80618702804,-19573.9190150104,5496.36323156687,225.736633914247,-2392.06955311379,-646.73996268878,16309.3728652936
-13627.1395907945,-18776.496803433,-21644.8013962239,-2868.30459279093,-19290.8046262649,5016.61973450664,-132.737478131854,-3001.04207092279,-647.045300963765,15775.4547325102
-13894.7211674417,-18841.3037823145,-21666.8913628418,-2825.58758052733,-18683.9537806579,4142.32285210995,-804.259762762873,-3629.8473432902,-646.909761106303,15211.4564390243
-14245.1920032475,-18899.2709959275,-21454.6533707276,-2555.3823748001,-17847.1206697322,2955.61239938012,-1698.46659329985,-4253.84896809994,-646.316267104638,14645.4220278275
-14676.5815874913,-18945.8675518752,-21100.8131437626,-2154.94559188738,-16894.4329951927,1572.38184280517,-2696.90412157875,-4851.84971346613,-645.469564896284,14094.0178384091
-15191.4900693521,-18983.5880127564,-20608.2635692835,-1624.67555652713,-15846.4303987757,10.3384421498817,-3781.75950125438,-5406.4350577815,-644.601887273696,13577.1529549749
-15778.1682567447,-19003.224395994,-20087.0485874526,-1083.82419145854,-14831.8059877673,-1590.15417230182,-4815.21031155114,-5899.03450300967,-643.791903324417,13104.1898929844
-16420.6574718181,-18994.9284036071,-19492.1433351201,-497.214931512998,-13819.0828891595,-3244.58587101298,-5818.85680280198,-6316.07173431497,-643.011288354418,12678.8566692921
-17082.5253777873,-18934.6241464346,-18900.0242965336,34.5998499010205,-12899.185401092,-4825.69283100878,-6677.79159965605,-6643.19174975502,-642.352854313436,12291.4323966796
-17728.331992503,-18803.2966478665,-18250.6105669239,552.686080942553,-12020.4739284572,-6349.67741773892,-7424.64207310236,-6871.95599215981,-641.819353693052,11931.3406557067
-18326.558258377,-18587.1107928435,-17503.4016883766,1083.70910446688,-11154.3187845177,-7813.57932547186,-8074.13185993831,-6990.42275547143,-641.339851612506,11596.6880373721
-18840.6090566975,-18270.9665194183,-16709.5695778846,1561.39694153369,-10373.5771408249,-9107.90108870375,-8538.25855142459,-6976.86160989089,-640.869172831138,11294.1049095274
-19235.6535497096,-17842.0952919769,-15899.8586292286,1942.23666274831,-9720.90870806812,-10155.225343753,-8761.66708602024,-6819.43042327193,-640.480502111463,11022.664868705
-19479.3994486594,-17298.6563491438,-15117.3237113304,2181.33263781342,-9228.8169206295,-10890.916412387,-8710.17331287147,-6528.84067505805,-640.333884357171,10769.8156740857
-19557.5531901798,-16645.9268472832,-14392.4368534927,2253.48999379049,-8909.68379657962,-11288.3554726802,-8376.72912978355,-6123.23913599306,-640.486079080002,10522.6877112901
-19453.6999881564,-15885.3108086336,-13687.1545499481,2198.1562586855,-8715.59680832974,-11378.8330176959,-7810.44383817315,-5612.28757948765,-640.729837869294,10273.023229146
-19167.4338777279,-15035.1607520954,-12982.3843472762,2052.7764048191,-8610.26271157223,-11198.0282315111,-7065.75510587857,-5012.97870105947,-640.857065355468,10022.1820510359
-18702.2840698388,-14120.2120984154,-12300.1328726871,1820.07922572829,-8598.38196426099,-10744.8157896636,-6162.74381824017,-4342.66459251189,-640.913684085773,9777.54750590351
-18072.8420017057,-13168.465908824,-11705.5477747187,1462.91813410536,-8723.2205851007,-9990.5601816359,-5086.18408875419,-3623.26595464882,-640.938765030855,9545.19995417521
-17302.2560846311,-12208.7196421617,-11237.5459916355,971.173650526245,-8983.76816821467,-8959.53673460505,-3866.00029213562,-2894.82664160938,-641.048818188585,9313.89300055234
-16421.6077493229,-11269.8604752606,-10830.8856996249,438.974775635652,-9289.44838838681,-7773.24785919275,-2621.50058513038,-2182.52580949473,-641.08849825665,9087.33466576582
-15457.8382642422,-10376.4546979708,-10415.8088165329,-39.3541185620694,-9564.37290338359,-6534.62951480896,-1453.24594853755,-1492.60006709962,-641.1641539503,8883.85463087121
-14450.9490623682,-9560.73533656433,-10009.8084622275,-449.073125663131,-9814.69502258173,-5277.48765723166,-387.273931427794,-836.347057090926,-641.233617445196,8724.38827947341
-13440.4468416803,-8850.54796708752,-9564.62316399383,-714.07519690631,-9970.54093363362,-4111.07045045749,478.828424135294,-235.246772771016,-641.164542410813,8615.30119431651
-12463.0286265708,-8269.3948824101,-9140.36441266764,-870.969530257534,-10091.8403676649,-3012.09176236586,1181.54198179481,310.572451537282,-640.903503460019,8579.96733394739
-11548.4511880858,-7834.78257224496,-8714.59174425706,-879.809172012078,-10158.4600254104,-2030.32187504365,1683.34674079717,803.537568785089,-640.330712368247,8638.32014103005
-10723.346697238,-7560.97049497521,-8302.13551270645,-741.165017731249,-10187.1405227709,-1175.76153846702,1986.6146637958,1245.44964606456,-639.555363999884,8806.42014103977
-10004.0365722705,-7454.7858446085,-7845.0716307404,-390.285786131887,-10121.429367637,-521.286134835481,2027.96459282653,1637.67880669464,-638.678930201991,9092.46465130313
-9392.84505875487,-7512.21929646868,-7475.8246475974,36.3946488712771,-10105.1178521209,74.4482930189396,1955.07405530515,1991.46870417643,-637.824500347086,9503.6880006451
-8908.39146539765,-7734.80563630455,-7186.24805871922,548.557577585348,-10127.8627294949,582.472569988745,1756.05839908186,2304.61597666721,-636.998694108467,10039.4216129718
-8548.2671479582,-8111.40825912633,-6974.96497967934,1136.443279447,-10192.8123649309,1008.2888910494,1445.14777988126,2581.59105932826,-636.256325923276,10692.9993184546
-8314.29339484068,-8632.06054963101,-6834.82832587226,1797.23222375876,-10300.0275465548,1350.05514734831,1032.28799255798,2829.52021631673,-635.679004365854,11461.5807659478
-8202.86588431425,-9285.05644514229,-6832.11184544682,2452.94459969548,-10519.5545460354,1681.61174867163,599.421187843597,3052.36578753908,-635.076913049483,12337.4222326814
-8214.21222403621,-10060.919723746,-6920.52901958736,3140.39070415867,-10802.7832833988,1953.9991361919,107.291636482089,3247.68234064076,-634.571923170696,13308.6020643868
-8343.79300729699,-10947.431187845,-7068.23638761025,3879.19480023476,-11122.7282620008,2144.92766752047,-458.710513027555,3420.48428720721,-634.007587183297,14367.9154750522
-8588.98089987258,-11936.6358009494,-7305.61789231818,4631.01790863118,-11511.774309035,2289.37107497528,-1058.2838261015,3572.73408252968,-633.422334187163,15509.369883479
-8938.31657687138,-13013.9980115491,-7639.24571383179,5374.75229771728,-11981.0046717998,2409.59177576927,-1666.08965890841,3708.66263880887,-633.096319159152,16722.6606503579
-9391.36012925934,-14174.534538892,-8117.48118215657,6057.05335673541,-12568.135158029,2543.90047802665,-2239.27393160599,3817.77942512942,-632.874550743004,17992.3139640214
-9937.23985685516,-15400.8320152955,-8715.62002527755,6685.211990018,-13261.4508864588,2691.60227368774,-2771.98988475265,3913.22210526534,-632.6087559159,19314.0541205609
-10561.0974193223,-16673.9807681311,-9427.95185582379,7246.02891230736,-14055.7395554363,2862.34230042464,-3250.54104838422,3995.48786392314,-632.299835689402,20669.4686320543
-11250.0591886774,-17978.8303678843,-10260.4219533125,7718.40841457184,-14938.6362512319,3056.82017491529,-3671.95100429164,4046.4574102802,-631.756887639229,22025.2877781645
-11993.7770282268,-19301.5701363195,-11214.9554193349,8086.61471698458,-15900.9772852893,3276.15154734698,-4031.64156074569,4054.97315623889,-631.048709715495,23356.5432925584
-12782.941170595,-20628.8703056968,-12291.1947972349,8337.67550846186,-16943.6468422756,3530.56392569996,-4315.36520940184,4022.31029906002,-630.141745980606,24651.1806047568
-13611.5011292959,-21954.2942504566,-13431.0367433088,8523.25750714788,-18001.1046576019,3760.511605565,-4582.28151559573,3940.97599155215,-629.091922740952,25895.2702420088
-14483.6836683797,-23277.5383995093,-14663.2908492343,8614.24755027504,-19076.608173563,3964.87473076298,-4828.98000036659,3785.26754990844,-628.049774420215,27062.8059494178
-15411.7066596257,-24600.454589721,-16012.8047078852,8587.64988183583,-20178.4040563731,4139.91533189881,-5048.83259819654,3538.81728363929,-626.782064848627,28139.2718733603
-16404.4782112991,-25920.2027017284,-17417.7371929532,8502.46550877517,-21249.4649097614,4219.52438722679,-5296.20010320249,3206.26540557268,-625.462311235462,29126.4681073011
-17478.1264714051,-27235.4054141412,-18945.6033839356,8289.80203020562,-22348.2556300989,4245.93649526929,-5511.34244746675,2778.45958273888,-624.192663424455,30013.86499688
-18643.4371333895,-28535.7545229581,-20580.2835938943,7955.47092906383,-23451.4525567902,4185.34261912995,-5706.97477043861,2248.49615862522,-622.672804270684,30784.2506815833
-19904.879472425,-29806.2103538775,-22267.8246514148,7538.38570246272,-24510.9914878855,3985.19676173922,-5916.13411971329,1622.25158274943,-620.91525372131,31428.4619366269
-21262.850972501,-31026.7360740112,-23945.6994972925,7081.03657671872,-25481.6809576557,3599.77557733347,-6164.10952417671,916.927052542014,-619.054407821248,31943.6631265532
-22715.7910423261,-32179.8816320824,-25638.3070507949,6541.5745812875,-26417.277733391,3084.4838389918,-6379.60675076444,161.967830523063,-617.002852073049,32341.8494626054
-24241.4019638857,-33232.9281869012,-27335.472352874,5897.45583402719,-27330.1755522073,2473.84690054064,-6517.6793224749,-620.223488447701,-614.92668778104,32612.7046984535
-25809.746050905,-34157.3141681926,-28974.2241720458,5183.08999614684,-28168.1374303272,1745.4977659785,-6602.07035130915,-1418.98035516231,-612.893613443765,32738.3338130303
-27388.0711851765,-34925.2273914685,-30495.2762879032,4429.9511035653,-28903.1621685216,904.11654482356,-6633.0396614684,-2203.08855790309,-610.974438521579,32722.1388335654
-28951.9369882164,-35519.6449046675,-31868.0813874115,3651.56351725595,-29538.9869655399,-22.3200653111202,-6590.02798176224,-2938.46446450629,-609.370042634608,32581.1804401612
-30459.4067576934,-35911.4552457833,-33010.2030091962,2901.25223658706,-30030.4830971072,-1036.89723737905,-6488.94572546888,-3587.69348888182,-607.973576792824,32323.7617569015
-31853.1685930369,-36075.7721224887,-34002.559806366,2073.21231612272,-30483.9115141237,-1975.84060083347,-6198.44413028528,-4125.23181416256,-606.583521920273,31950.5403083262
-33084.4879095297,-35995.2600109057,-34734.164072664,1261.09593824171,-30807.1789139258,-2882.56866151041,-5793.34076288643,-4532.24482464472,-605.259665906454,31463.015186261
-34102.8309955013,-35658.4744159498,-35118.4022924352,540.072123514608,-30936.8450393647,-3769.93045476266,-5325.5738752112,-4785.50175169659,-603.944498626088,30872.9726642532
-34859.0142933319,-35061.3482351208,-35259.3513814215,-198.003146300624,-30985.18618198,-4476.38001722912,-4678.71395901808,-4876.71710531871,-602.551905877234,30184.6311298021
-35317.5569475872,-34215.0568285186,-35108.7009577821,-893.644129263539,-30903.2299803649,-5015.35693114155,-3912.85681207287,-4806.50094133641,-601.029963919255,29408.5558871822
-35458.6886296046,-33141.4907061965,-34678.0684452837,-1536.57773908718,-30694.1070152804,-5363.72475788563,-3046.52683447752,-4583.1045735647,-599.143143561337,28558.3861326318
-35279.0770135346,-31871.425199025,-34061.8531507281,-2190.42795170309,-30419.7791785214,-5455.90579279683,-2048.25397828725,-4238.68192999035,-596.607957783613,27632.7432690347
-34784.7131205021,-30443.9496373973,-33245.9716402831,-2802.0220028858,-30040.1148121115,-5338.18447926921,-997.420996164355,-3799.44299905016,-593.586170878615,26644.5066383471
-34004.6827521921,-28907.1469418079,-32282.2446717905,-3375.09772998259,-29578.8564734989,-5016.02260183008,81.5132085540998,-3293.58452142848,-590.196323136884,25613.5624203794
-32975.1935864003,-27314.5458523794,-31136.1700942703,-3821.62424189089,-28967.9664463584,-4593.67477930627,1066.97295471464,-2754.65128717626,-586.447639264377,24559.8945652031
-31744.0528351751,-25715.4230682882,-29873.2115352122,-4157.78846692403,-28246.2878212849,-4080.3961839966,1948.23358289027,-2209.55488403375,-582.631170106478,23505.8681842544
-30354.4368768225,-24153.4051933756,-28631.819604523,-4478.41441114746,-27513.1033081602,-3420.15498522537,2780.8766982216,-1697.53771292585,-578.821416563005,22455.8674804497
-28860.9443261796,-22672.9236559982,-27400.3075692198,-4727.38391322154,-26728.3340961026,-2707.85109905532,3480.16957112606,-1247.21434209547,-575.240868978311,21425.7093139027
-27329.2594728332,-21318.4440370275,-26197.3887260293,-4878.9446890018,-25885.1070608937,-2016.27738477858,3994.53805102712,-884.406637974679,-572.124972839096,20434.0373990528
-25816.6956962983,-20116.7537713937,-25030.8383015507,-4914.08453015696,-24980.3621277255,-1406.02742903826,4293.91449586636,-620.170034290605,-569.693860465466,19496.5837371031
-24381.41191282,-19099.6899572216,-24029.1912740669,-4929.50131684523,-24124.3087308432,-825.242335861415,4456.4796197369,-473.021697108335,-568.139153884681,18626.6682601133
-23078.2491181988,-18281.4224330955,-23215.0410359442,-4933.61860284869,-23328.8025261952,-316.798922496398,4480.02776260691,-453.590840241781,-567.35233049281,17827.8315928537
-21949.0325864146,-17663.3508879907,-22648.4116202227,-4985.06073223193,-22648.5600166638,132.272421360878,4417.95411978476,-567.106612447176,-567.255008888286,17096.2442755436
-21031.808103457,-17237.3919745041,-22231.7567709216,-4994.36479641748,-21995.7282542239,396.158122314343,4190.57425126729,-803.790545150198,-567.762028452503,16433.6014293539
-20362.2865218299,-17001.8682852603,-21960.793719558,-4958.92543429777,-21377.1211417419,446.054505472567,3806.47274204214,-1152.45269225563,-568.780114439442,15849.4155930046
-19939.1818362802,-16924.0755472771,-21773.2327207033,-4849.15717342625,-20763.2298149362,253.590987829096,3268.69727683225,-1580.459896594,-570.45699082689,15343.6156506831
-19759.9401547271,-16975.30643657,-21640.8909160244,-4665.58447945438,-20158.1140943612,-174.709623160624,2609.92409499646,-2055.66038445793,-572.883562794722,14919.6460521121
-19806.1778687124,-17112.7799434819,-21463.3777543125,-4350.5978108306,-19504.7008203651,-877.239403679234,1816.15852155129,-2534.43928927931,-575.76235533195,14578.3406542026
-20042.3921290834,-17293.63332778,-21252.3411132085,-3958.70778542858,-18855.3055273603,-1766.15242922212,982.606372081295,-2976.10141334729,-579.065827499022,14317.5319144327
-20433.0217234225,-17490.5443367934,-21001.1156316166,-3510.57129482313,-18229.5434185365,-2786.24810697129,156.229279657744,-3354.34201516539,-582.769802085297,14136.202321628
-20947.1405732237,-17679.5894397571,-20728.9188956291,-3049.32945587199,-17653.4641940613,-3880.5487808621,-612.997647395549,-3662.32710326754,-586.872401699697,14017.2623364896
-21534.2488067492,-17822.0487601335,-20360.3118869557,-2538.26312682218,-17077.7660980951,-5047.67273818572,-1335.47269157001,-3873.7358183922,-591.190029531665,13948.3129417413
-22158.2832135233,-17895.1811009694,-19935.4530003061,-2040.27189933669,-16561.3143791539,-6192.34871675921,-1929.2466042053,-3969.518503542,-595.379882389812,13925.6625974274
-22782.4107570698,-17882.0713824549,-19492.5078052092,-1610.43642275421,-16153.0649257113,-7228.79683872957,-2328.45746411468,-3938.89388686889,-599.451007371044,13943.177495586
-23361.2842776703,-17755.899613179,-19014.9465492054,-1259.04693602643,-15839.0288376803,-8125.87728826079,-2520.49262376944,-3779.53955979588,-603.621848270738,13976.3600533831
-23847.2360859719,-17498.2954544104,-18413.5243201836,-915.228865773176,-15542.9647791222,-8911.91655916106,-2562.97592759953,-3478.20479337271,-607.64525231133,14020.0906610377
-24206.8438540358,-17096.2817842054,-17679.0972957512,-582.815511545792,-15259.2958169171,-9559.17972086022,-2448.61765102979,-3031.43316257559,-611.63168374147,14064.8486216298
-24409.9995826919,-16549.1647438318,-16773.636922007,-224.472178175268,-14950.8429338516,-10074.6040503173,-2213.7692114572,-2438.24138963248,-615.447401477014,14110.9233541993
-24434.5527795209,-15852.8441179807,-15738.7822264467,114.061891533988,-14654.6561114901,-10398.9223793669,-1817.21371782667,-1703.15182629268,-619.025711336058,14149.692291688
-24265.2690272394,-15011.696040498,-14576.8200029705,434.876037527499,-14364.1663595778,-10523.4044603922,-1269.83147365073,-834.955436123235,-622.301792730538,14176.7406043748
-23872.6358927286,-14020.3176074631,-13319.7010371972,700.616570265925,-14104.331289422,-10393.5457047717,-541.227419506169,159.389150759753,-625.241101465094,14179.7067582228
-23252.4670498046,-12897.5290691634,-12067.7359327661,829.793136397304,-13946.0390992585,-9934.22208261182,420.71589802942,1250.50903442672,-627.794132065695,14148.0381035901
-22413.6111407112,-11663.7589919793,-10989.3002494576,674.458742521684,-14008.3523388567,-9035.14540755803,1714.7067411739,2389.16548369559,-629.886605703473,14052.9244756749
-21364.5307631233,-10342.4235436272,-10106.1734902423,236.250053384886,-14265.0991262535,-7731.04725023886,3291.05996925718,3527.31002264208,-631.615613369117,13869.7335662693
-20115.9665337248,-8953.19717615872,-9417.15827393165,-463.961097772936,-14668.4446165304,-6080.04750720136,5082.72185036471,4618.76075259177,-632.525590006941,13571.9579287505
-18717.8111582479,-7535.51885224389,-8971.09370333585,-1435.57485109197,-15217.2165037517,-4133.27308291908,7049.01922308497,5613.44437199299,-632.678428422871,13148.9632242369
-17203.4792796675,-6107.18355435666,-8700.45330865945,-2593.2697543028,-15800.7861996086,-2034.80824063682,9061.48748467406,6468.21773037125,-632.115160577941,12575.4012847279
-15618.1455844121,-4687.14852511712,-8589.6315892548,-3902.4830641377,-16376.9374372129,127.878100231265,11058.8751595262,7156.39209538853,-630.91375256961,11843.5406205056
-14001.2940255853,-3284.73168423129,-8660.957050425,-5376.22536619371,-16957.5213304436,2327.01834959796,13043.580690952,7667.35532475831,-629.208955260261,10952.0870089896
-12393.0680353286,-1904.51095274132,-8863.77453591801,-6959.26358317669,-17479.4964915165,4459.37296982648,14947.9300524137,7988.66646923706,-627.055486361396,9893.17742197836
-10814.7361663505,-530.600987072343,-9157.05896191065,-8626.4579748383,-17915.9336015788,6476.84032619922,16760.9755054774,8134.5175306391,-624.357109029043,8665.11851771145
-9278.50669420118,851.83069847863,-9524.69808356813,-10376.5287820467,-18281.6056588797,8381.98538659952,18512.3227792793,8135.7939972326,-621.113578078966,7283.96329875396
-7784.20481269117,2260.87881695656,-9795.01131208287,-12055.8901290394,-18437.6181496117,10035.9760587272,20081.059688375,8025.16955933554,-617.437278193285,5764.29074237897
-6309.21049262809,3725.75637450964,-9857.44240397957,-13583.1987784892,-18327.087867872,11404.3508940299,21439.3177611676,7856.11898267841,-613.526481213999,4130.36260816876
-4807.12100385916,5294.76676066116,-9615.84853717084,-14910.615297832,-17922.5261831336,12505.8545129095,22607.7422774298,7697.12697959787,-609.55066636486,2402.36021893672
-3213.42813504595,7014.53901327631,-8950.2210785344,-15964.7600918107,-17170.3932971931,13351.6256255606,23579.5927738828,7614.83268207213,-605.339536586576,600.293668795826
-1459.43431538539,8914.42103336173,-7767.65355235921,-16682.0745857209,-16033.7141267259,13973.1836063509,24347.038955098,7664.96436937707,-601.096204989623,-1249.45666398465
520.870517759639,11012.6358345661,-6125.56849139722,-17138.2043259634,-14603.9051663,14527.8652840767,25019.6306008832,7881.42627491984,-596.910399982998,-3131.2095596463
2798.86806552925,13304.3396788435,-3976.36341616507,-17280.7030950086,-12857.44945004,15063.4845937628,25568.9562070771,8288.25311206851,-592.832921806432,-5016.08656677499
5429.75246360184,15762.3833871555,-1514.87508824952,-17277.258475405,-10980.4067469429,15821.1526096396,26153.7835331933,8876.52505778826,-589.006600905116,-6885.85832936726
8437.9612983664,18346.1634858562,1249.60211823277,-17096.5613676235,-8949.3095405627,16801.8767312571,26710.078918747,9613.5175511235,-585.394107671959,-8732.64593473273
11821.6060864893,20994.7015083888,4256.60308914121,-16738.0984192476,-6788.67490451222,18028.2104565926,27201.3058784921,10463.2074592445,-582.070534408912,-10531.4940491443
15562.4474052393,23621.5205145141,7502.5151547103,-16119.0053598038,-4434.48053228323,19418.1167594119,27477.1898686868,11358.184508883,-578.811178110565,-12263.3360056312
19595.3283201413,26128.2568771429,10705.9184842435,-15422.3383928993,-2080.28349707827,21099.9210797371,27632.8496367386,12210.5112438393,-575.69073748253,-13917.7456333036
23826.3388559275,28408.9999300093,13836.3768704731,-14572.6230595362,341.115060048194,22912.1271922371,27494.7882663189,12922.1652067827,-573.096603642226,-15486.8347232266
28134.9728497155,30361.2869180456,16772.9334128589,-13588.3535051867,2793.27868813225,24770.5472502565,26996.8613185865,13408.5078133999,-571.146911326783,-16952.7791046457
32391.5855461669,31896.7000804883,19454.9232285698,-12441.7768519185,5276.45757334807,26545.4713253638,26050.5858596852,13608.8090077667,-569.656647455002,-18287.8910727215
36461.177181414,32930.66879091,21671.2185752124,-11259.4502156977,7660.88239485907,28231.8781741379,24701.369783634,13441.9195679363,-568.416612417009,-19488.7492229737
40163.2172590216,33372.7062028688,23331.8703619883,-10040.8358408805,9955.01069825437,29640.798621402,22850.2875652492,12809.4517243688,-567.407939365202,-20563.2544785
43344.6593062741,33181.810365797,24454.3865355263,-8727.42383027067,12205.6373032442,30572.1332606823,20409.2843202052,11681.8604899345,-566.88874234766,-21499.9498758625
45881.9767778625,32344.8015630558,24991.7272545988,-7353.07430845701,14361.1848318453,30953.826992984,17416.6517781772,10063.5774697202,-566.964953033204,-22281.2240933355
47634.0774055123,30846.1313538402,24927.8146861439,-5918.31666769634,16410.6059721012,30656.0339057971,13868.087854125,7949.77118642869,-567.437527613982,-22896.3601674115
48486.1720135809,28708.7262639296,24229.274348812,-4479.4519151176,18300.2408828924,29617.466499402,9840.02074975069,5360.56883463309,-568.464631286473,-23348.1574292965
48395.8003445414,26004.2335153792,23003.6758116096,-3000.55770376958,20069.93614513,27755.8683252019,5364.30149603966,2363.74379227008,-569.995874209544,-23640.4897231091
47327.149464524,22803.6055044007,21242.6613386256,-1560.94416577505,21635.3791197583,25119.6576827952,596.113722671894,-964.830443103154,-572.112661970437,-23768.4359475038
45283.4139967751,19206.0008345316,19020.3772787054,-185.623555826186,22979.9919478218,21728.6340935169,-4348.77906872656,-4534.40262455274,-574.787955436347,-23740.4034590843
42319.9990196499,15337.4757704693,16642.7704307055,1305.29466023627,24292.6674674004,17449.5519528883,-9532.9712962923,-8227.67663605603,-577.779599361196,-23565.1524065253
38526.9790103093,11335.9346620654,14172.7957376237,2836.86107555828,25499.3184062245,12446.5852548866,-14744.4590933573,-11907.5980177991,-581.075349198292,-23243.5326798645
34014.9571348541,7337.12722589174,11651.1773937682,4314.05016787646,26498.8964737787,6931.61228286449,-19746.2176260979,-15432.1674582214,-584.448378210932,-22769.2946841132
28940.8987932651,3489.7062898755,9189.75622309079,5700.04993321529,27259.674123406,1093.38649364409,-24357.8060097455,-18657.7560765302,-587.838176215015,-22147.4623664057
23478.8800721604,-75.4939817308427,6804.8628338419,6880.35681557275,27687.4073912742,-4799.82920134579,-28354.203255237,-21473.8464396643,-591.301882232032,-21398.3524579335
17814.1884305354,-3247.77451608223,4721.60174217551,7969.37625825774,27925.1226074472,-10705.4571830305,-31767.4201296481,-23798.0438713904,-594.52300611867,-20550.2693553082
12120.0893873691,-5951.91398864084,3023.32680202101,8975.24079066184,27980.1625160448,-16457.5269546871,-34529.530330697,-25554.2895400352,-597.453826011414,-19602.3755513943
6560.02122265916,-8143.70330733318,1629.56074215131,9773.26404948449,27741.1205509074,-21781.1649866893,-36484.8895166816,-26711.6254671971,-600.065658441034,-18567.922159864
1293.03911581048,-9785.76911585082,679.939346115917,10465.7084619667,27333.2308581097,-26642.5600573971,-37721.3682890584,-27255.6598270916,-602.368315097885,-17469.8907112408
-3553.85628562892,-10875.0895292974,201.561685586013,11076.6512148834,26800.3089088254,-30958.5408253372,-38279.7740690057,-27203.1228541222,-604.375630882805,-16328.0333248248
-7886.75960420055,-11429.1035181578,150.591395579135,11579.6949137369,26121.6226316739,-34614.298012941,-38156.6419268982,-26576.9470131613,-605.915777066514,-15147.8434950035
-11628.786199794,-11473.0787195077,560.594200470352,12033.6729199781,25357.1958618489,-37593.0909199264,-37437.3834396401,-25403.710519662,-607.108858283469,-13930.6318001543
-14725.3835680616,-11046.4204595972,1309.18100825024,12355.6014678475,24445.4454022312,-39778.7020548543,-36099.7389463899,-23744.1374785425,-607.873084561505,-12697.7170189453
-17138.5496438973,-10188.8946105337,2289.04397935471,12477.9385898884,23354.1917930555,-41101.0330256969,-34151.3779923333,-21673.439402445,-608.29158874414,-11484.5447919113
-18850.1964077773,-8934.10620797594,3496.13867080456,12430.2448787805,22139.9551049912,-41598.327248583,-31682.2370487816,-19251.9921700011,-608.175735814384,-10317.8859620251
-19875.3363407663,-7337.50679936196,4958.0213655457,12295.5281649076,20903.548314439,-41386.725086134,-28848.8955447296,-16553.367379822,-607.840430928687,-9215.86058046004
-20219.3235208323,-5438.61982298267,6480.03752545483,11918.6573484375,19515.4990151978,-40341.9210037561,-25561.2173059064,-13642.5599574689,-607.098467725991,-8203.94013448627
-19908.5563196225,-3286.5239914114,7971.47150188597,11257.9954932974,17955.4636118032,-38470.0816004383,-21848.0492722272,-10590.0537789298,-606.061669012615,-7303.52978751847
-18972.6910177043,-925.711748104418,9545.93137524386,10471.6431233483,16403.0214545623,-35980.627692036,-17933.6484224361,-7462.0052990878,-604.915219769321,-6536.29355098339
-17450.9744497445,1599.28831083197,11045.9465805188,9446.65826968685,14756.968392551,-32811.6573589655,-13761.394598389,-4314.73632870218,-603.714516669983,-5914.02463953416
-15374.2647674789,4252.3798944545,12479.3150012699,8226.93510681542,13088.106826188,-29064.7712214795,-9438.12655954607,-1211.19145273066,-602.399627812545,-5463.57134718517
-12819.6901913922,6959.0675617062,13754.7525765829,6795.68501487673,11387.1194677382,-24807.7035609281,-5028.94580782971,1766.73920704701,-600.893901797674,-5192.3283546592
-9870.08522297193,9645.65293327497,14914.170973157,5268.51803988199,9775.06398199654,-20244.5193032951,-728.781147048217,4539.73689283378,-599.370098326647,-5105.91604044121
-6610.52354861791,12254.0616123333,15937.0177990132,3682.95618667989,8296.83266407554,-15505.0984696596,3359.48669129152,7042.44287797142,-597.742256966209,-5211.61873436187
-3125.30999627296,14738.3910762132,16709.9812187649,1971.59014255174,6878.21745092644,-10599.5041729737,7264.19689951248,9235.78704206421,-595.976725774272,-5502.60403414899
466.128002121766,17041.4808084491,17336.9237294777,295.442921028598,5669.77593314309,-5797.90068454153,10777.4521217858,11072.8950428144,-594.252753520197,-5968.58576563469
4066.47418578626,19125.9859154581,17763.7614698562,-1362.22444560191,4633.23728825146,-1159.3467226211,13900.1650070508,12537.9405614489,-592.583620155882,-6588.04535400926
7589.7164371148,20963.6373345711,17982.1849623457,-2981.4523722254,3766.70518221664,3232.06872314695,16605.9896206032,13624.5372483778,-590.942531751227,-7339.10008619325
10976.3047127996,22548.0168679276,17973.8648188472,-4574.15204908034,3039.44684328351,7347.45924982532,18919.1714049533,14345.0193558729,-589.398619690791,-8202.99751205464
14167.1345064388,23872.5359341361,17799.4741516462,-6073.06178248987,2499.88985722155,11079.4208597318,20784.8222874291,14711.7605049392,-587.823789485484,-9160.77542919688
17105.5466762421,24930.5923011896,17673.8200810537,-7256.77222013587,2321.36743437324,14197.809759057,22022.8553840044,14766.0831638686,-586.369482811895,-10164.509137321
19747.1978335244,25719.4119447741,17520.7540404815,-8198.6579042926,2395.13337804518,16766.8162891685,22739.0304004182,14540.3724961256,-585.24816631072,-11179.0394486485
22093.656115692,26266.0707400108,17510.6245987083,-8755.44614130255,2839.42703520578,18669.9626266006,22842.3772509195,14086.9311096169,-584.26645388559,-12179.1396303939
24142.3414199469,26583.7927949893,17710.1492506791,-8873.64354431026,3666.86745374626,19892.2006738649,22333.6520489074,13460.0085045971,-583.273292335708,-13123.7842903922
25910.0177911062,26692.8732417017,18041.7088674369,-8651.16437426477,4748.24717240806,20579.3878544359,21362.2433050314,12711.0789307667,-582.382764262178,-13981.794310935
27372.4533615404,26578.8273684555,18467.4627364636,-8111.36463199193,6034.08301519863,20756.8824937605,19963.2565006757,11851.8918686837,-581.487852581232,-14726.9354997718
28556.3919243204,26263.8087621442,18949.971086695,-7313.83767544916,7465.9179634068,20509.9039371536,18217.3207749774,10903.4830995282,-580.570023760007,-15360.325662616
29476.8722697325,25757.8726975815,19463.5531936936,-6294.3195038879,9000.87767105894,19896.361316638,16177.3617444869,9883.04224059903,-579.63328203561,-15874.8304569825
30141.8512895223,25059.8603738887,19941.6607159705,-5118.19965791819,10574.3762723589,18988.6854188967,13906.6945032631,8788.49484534497,-578.789598266617,-16271.3655285437
30540.7831409027,24167.3914140118,20310.1221040258,-3857.26930998603,12109.7559692952,17852.9487738693,11479.5570469784,7622.28773699239,-578.078397738162,-16545.1036770194
30667.0934035602,23076.9669158561,20424.0294273859,-2652.9374884702,13464.0986121804,16625.4072226571,9035.28073495297,6382.34324648278,-577.587568722664,-16694.6236693733
30520.3997751221,21790.775268347,20258.4568043118,-1532.31846403517,14616.9911803524,15326.2872368157,6596.66273004052,5064.34426600535,-577.121357954081,-16726.4310023416
30081.6202263944,20308.4308462361,19759.2307282864,-549.200117949773,15528.9470395761,13976.0463458741,4202.85696571587,3653.65684776611,-576.626840944184,-16654.77399847
29334.4886753311,18634.6077418554,18955.3140329276,320.70629107217,16243.3025686767,12515.0342708095,1815.15333733383,2135.859628406,-576.151835844928,-16498.7481134494
28274.899664467,16786.4137468053,17962.0875082274,1175.67376142207,16853.6150836335,10845.5538467163,-642.932070945398,532.741690476671,-575.730734117192,-16253.6720563286
26908.2437959563,14789.9312344184,16722.2369070113,1932.30567259289,17274.8276962029,9057.86219261071,-3060.45036892716,-1128.14469633427,-575.553907142687,-15918.0759307527
25243.0810372809,12672.3857975109,15440.3219808015,2767.93618329059,17684.1171576368,6983.22905564843,-5587.46618412158,-2819.53000083099,-575.734823995743,-15491.9157983419
23293.7478596582,10461.4455689766,14008.6144759569,3547.1689069802,17953.5326155273,4763.95232203152,-8068.34996865008,-4521.18106166988,-576.262922099493,-14982.6266306465
21063.6325675732,8177.56170853429,12422.8114286496,4245.24972011526,18066.2928624695,2420.29632686242,-10465.7745321765,-6220.5248120612,-577.043378241303,-14398.0865205955
18594.486142174,5875.99944293259,10699.8843124056,4823.88486947304,18006.4441129848,10.0049189618822,-12708.4817802795,-7884.59691080648,-578.037110227277,-13760.5963537391
15912.978957152,3594.04921888171,8947.00510515827,5352.95588627655,17858.3612685368,-2524.55790547587,-14843.4876437461,-9490.53175746955,-579.17559409103,-13084.5809763513
13055.5781971977,1369.05902617999,7146.6623546135,5777.6033284335,17579.4733615461,-5104.14184122642,-16790.6610122441,-11013.0576838106,-580.246676878008,-12382.1167099906
10063.7441838287,-763.611125638549,5442.38532429049,6205.99644992904,17290.7784304869,-7808.52396758688,-18635.8792770541,-12429.8828271251,-581.489720928629,-11666.2717014865
6988.96759253338,-2758.32764197262,3776.96648729574,6535.29412926834,16899.328279091,-10493.2627374088,-20240.5579719148,-13705.2638426464,-582.902050851181,-10946.9362006738
3866.68174706709,-4572.53702137128,2324.51804664464,6897.05506801591,16541.8461914202,-13259.7454698131,-21698.9642382515,-14801.9091702356,-584.581025460036,-10229.3721488643
747.772684302722,-6154.14973964551,1008.55603662841,7162.70577627393,16107.7451417325,-15946.2350251293,-22848.1574490776,-15685.4516728037,-586.262567699545,-9531.30193315813
-2353.17586632321,-7489.39458425927,-98.5879286591731,7390.80665560011,15657.0420324448,-18597.9917941837,-23734.2105121198,-16343.4038565197,-587.773895415687,-8854.00927226038
-5388.30242585538,-8546.27021855095,-975.382626920652,7570.88759163028,15172.9739499642,-21150.5870762483,-24308.5548689438,-16737.6672773135,-589.310700428697,-8191.39705876259
-8300.30650396933,-9285.24134311187,-1623.16743242051,7662.07391069137,14618.660268319,-23509.7579964809,-24494.6928356234,-16832.618924932,-590.791224192517,-7547.37758182013
-11011.2525717259,-9667.56104731864,-1945.27301788515,7722.28802943348,14058.9996301329,-25662.7219572298,-24319.0304328225,-16596.7424033891,-592.469755371074,-6929.18135607044
-13460.1496767321,-9672.81063357338,-1865.77176082373,7807.03887274965,13545.1440893569,-27599.42659355,-23812.0875503913,-16005.0486776416,-594.132827460936,-6332.23804406822
-15568.6939155171,-9283.81815383637,-1522.64527947427,7761.17287436208,12927.8172247527,-29092.318765996,-22807.4430043152,-15046.2701299531,-595.807625726129,-5762.45197611674
-17247.5904903273,-8479.29128803871,-939.915638108116,7539.37564993059,12179.7921739349,-30024.9971274344,-21256.6979251458,-13717.3222752152,-597.614463172217,-5238.03098717653
-18426.6364770281,-7266.73780181773,-84.6932360903153,7182.0445657274,11367.6138834244,-30393.8469208516,-19233.9482456412,-12051.9036799138,-599.596560399144,-4785.16587809611
-19070.8169129321,-5680.77192632948,1062.70809018888,6743.48001651836,10557.0407784485,-30229.683122704,-16839.6381361013,-10096.158119583,-601.82543132333,-4415.38619325347
-19147.7038751831,-3762.11256934843,2354.09852794827,6116.21109729667,9642.71660161688,-29394.7174011227,-14009.126095288,-7892.9149979913,-604.296924322688,-4130.80242864291
-18640.8342798928,-1552.88361862659,3795.8655438769,5348.74916250349,8688.0258743189,-27935.638980622,-10847.6883193558,-5498.93915685236,-606.778826410362,-3946.05553822577
-17547.748440743,886.18286940254,5355.70725416382,4469.52438476127,7749.33998900192,-25906.3339834288,-7472.40267328324,-3002.87828852197,-609.245553683862,-3889.0611579245
-15900.7984414757,3479.14870556413,6946.86526997434,3467.71656441022,6822.98325446803,-23335.5477420056,-3955.60059496581,-487.884030555595,-611.766046061903,-3967.03273611973
-13758.0644171116,6142.7928188133,8411.5261793081,2268.73336049479,5841.18851184368,-20213.3399234485,-312.482687523576,1956.25067297122,-614.086994493196,-4186.54214584208
-11220.0590599979,8791.35056092689,9669.97758726622,878.627026339336,4820.86111366741,-16657.33003534,3354.07958558486,4232.70661192419,-616.40986167462,-4558.6439490027
-8406.28966549853,11341.113417705,10728.3987908381,-612.714626866892,3863.66390525056,-12888.512603408,6858.89047979547,6246.17585292857,-618.559032658949,-5094.93756477642
-5430.09955186139,13730.4377651953,11631.205122801,-2099.23264239426,3062.91590092533,-9113.55015935191,10046.9871577048,7947.75451531053,-620.534706565167,-5782.68324988476
-2409.11984883024,15910.3502404945,12358.5077864887,-3551.84245400579,2433.28997490178,-5464.4760393021,12854.9940500227,9303.15159601686,-622.066215570067,-6607.19864447765
550.264694016319,17849.2000951822,12856.1009729243,-4993.09912225788,1938.25363849385,-2010.89528556129,15288.0401156046,10294.9409933467,-622.906341083753,-7554.25910183549
3369.24270864922,19553.4749354497,13148.5763940278,-6404.89854142187,1581.27930963149,1164.99884022485,17349.2310670253,10944.3325256035,-622.964558792888,-8609.14240984626
5990.98974354704,21029.748746091,13389.7237322513,-7640.02501383968,1481.24517144422,3887.30795720857,18926.0669597525,11286.0419459129,-622.436614894261,-9743.70680017816
8379.61980566526,22298.9782305669,13676.992835874,-8621.98539469289,1663.65294683005,6094.72965658683,20014.0880814885,11392.1026867956,-621.237202248388,-10906.8755437713
10533.7595145098,23396.1276744814,13935.6894726626,-9460.43820181875,1989.89900007874,7924.43538308998,20786.8035430616,11326.3653412428,-619.425131341058,-12069.7623332386
12475.5877107069,24368.9095913763,14207.3705197381,-10161.5390716383,2429.23192238949,9429.28893220286,21322.6108128723,11161.071741234,-617.066856114588,-13207.8378501423
14235.1380871443,25249.8862983997,14621.1591712497,-10628.7271271499,3047.89212183931,10572.7890528292,21587.5372640846,10958.8101369347,-614.456912475726,-14291.0761614649
15876.273640629,26086.3753994898,15205.8094916646,-10880.5659078252,3793.86847394786,11470.7651529198,21680.8669117806,10800.3010039554,-611.640013761397,-15286.0743955344
17469.6145867805,26915.7141146576,15966.407495963,-10949.3066186946,4621.01480641363,12239.9706088407,21686.0701367178,10736.7635180232,-608.629171526151,-16178.9505966344
19092.7220624544,27768.2396649518,16976.3434843807,-10791.8961805712,5568.32333615894,12919.2023544524,21594.7199569498,10802.8237763787,-605.196371843063,-16965.4158885732
20807.0563682584,28650.0607488605,18224.6086147593,-10425.4521341013,6596.92362635607,13608.5106301557,21451.5150107579,11026.0628766566,-601.622111746587,-17623.9978722039
22679.0053124539,29563.8578092642,19633.0548122335,-9930.80299703067,7632.55945406764,14448.2811260884,21333.1336228987,11402.330625868,-598.164732297859,-18161.5271833962
24732.7444764606,30472.4953082364,21123.2552238576,-9349.2400843788,8636.83659812353,15500.7835805681,21240.5344123439,11891.294327965,-595.124297768991,-18581.2009802713
26975.1316786148,31324.881773081,22600.3431600055,-8724.53861307556,9571.10649466668,16811.7271925185,21161.4772869847,12436.9386739091,-592.2979914297,-18887.9430991719
29383.4225116384,32062.1277183556,24063.0237086225,-7999.10400973309,10491.806623846,18302.1015169044,20980.8067236216,12981.7027138885,-589.514370887985,-19080.4250044671
31889.179493166,32601.3262824765,25401.9870400109,-7199.33924246562,11389.8191097209,19912.7744105536,20624.9211998641,13425.5819573985,-586.585972891504,-19175.744325078
34386.5680056076,32852.7643750708,26418.3014580911,-6434.46291697967,12168.6213421692,21634.4947010734,20100.6910705366,13666.2281535569,-583.451962364999,-19186.5362215139
36763.8744982209,32749.3396253255,27035.7127838626,-5713.62684146291,12849.8362301785,23333.5869452886,19319.0520723931,13605.4252309302,-580.451322753852,-19143.9143943953
38893.6271139412,32232.3430910713,27246.8503828918,-4985.49270817942,13494.9519245328,24821.1467939339,18159.862771064,13174.3700628846,-577.528395474395,-19057.9730281867
40644.5750912053,31262.5831626431,27077.0855986721,-4185.49756397101,14181.8929640765,25887.7553796656,16505.7634511034,12320.2658871324,-574.926747463283,-18942.3172755108
41882.8368910368,29825.104857105,26440.0619821606,-3385.04287494443,14851.4218877362,26458.9268890008,14401.1948550689,11016.1519801245,-572.488114299832,-18808.9528769805
42509.1725321273,27931.0695945898,25290.5096113736,-2640.55998321624,15453.0199241176,26485.9262681513,11907.8233306139,9267.26334739766,-570.226339858391,-18663.8062471922
42443.0011637577,25617.5296613261,23767.9589536333,-1849.57070769281,16082.181920411,25792.7124986971,8967.24099626551,7117.6702885727,-568.106744649567,-18499.8593727534
41630.7387654065,22947.2279346419,21943.4317869065,-1003.79614773542,16734.4698898477,24330.3353072947,5646.82447653012,4643.0283287947,-565.933568264053,-18304.1996058472
40075.9242472094,20007.4690763443,19945.1704492062,-62.2986271381484,17439.7214803915,22072.2188144637,2003.7636435986,1941.46501646046,-563.983952354232,-18066.0040598838
37816.3519976054,16891.7999566307,17882.660948198,990.86099156728,18195.3208218074,19058.5412856585,-1866.01075531626,-875.149763748974,-562.489890139525,-17766.9497203796
34939.2208040468,13716.187228954,15834.7228175745,2118.53558862046,18940.9242588674,15436.8055880407,-5786.22798705198,-3667.69239843152,-561.490957138653,-17383.8796273856
31553.6323890116,10590.2431889816,13834.2372016245,3243.99401264293,19574.2147112678,11418.5839634539,-9544.80523657611,-6300.81122393318,-560.833714289951,-16891.0544129148
27801.2469028341,7614.93892906324,11936.8526685167,4321.91373945345,20056.5654775082,7184.18145884947,-13002.1265149214,-8680.21277546793,-560.499966476454,-16295.1517045312
23840.9738612775,4880.36343239049,10112.3853730055,5232.02194061496,20282.296260276,2998.08772043533,-15962.5227084517,-10730.5007678367,-560.589880566171,-15610.8642002272
19824.3042438371,2456.96756161114,8488.64645759551,6031.67889598436,20330.1929281999,-1066.8139431159,-18434.1506253419,-12402.4717293575,-560.925258753171,-14859.4392909687
15869.1116571075,376.112483182688,7042.08854413847,6665.97606095577,20166.46872258,-4858.97400899925,-20351.9731829241,-13685.9971219683,-561.616943526705,-14062.109605151
12083.0000330556,-1334.78515613864,5850.40906191555,7185.19421805418,19873.6049912459,-8353.36329269802,-21771.1484818923,-14585.9542638381,-562.758334507718,-13251.1691076995
8569.99577094276,-2653.97142516774,4916.21329862341,7570.18472379115,19463.3343942945,-11457.6309548847,-22681.5981509952,-15111.4134272041,-564.292331533034,-12457.4420020363
5387.56567876671,-3592.93068035389,4236.83020202219,7829.76088237609,18958.7056393382,-14137.184084952,-23117.6804440726,-15287.9195616965,-566.044124380488,-11694.9888813426
2568.3073809462,-4177.4161616708,3842.45937521262,8019.87553688341,18434.7064312475,-16434.5139179575,-23180.2374605744,-15160.361923691,-568.114867656214,-10982.9457620202
143.859261704804,-4423.35428640712,3670.33929270239,8093.6935791095,17850.0269940496,-18276.7907698581,-22844.00431797,-14750.3107388605,-570.623037513221,-10326.9564524534
-1882.40742599949,-4374.59887403059,3733.40502714377,8108.00390117436,17255.1511945155,-19710.9174637101,-22203.1089117412,-14095.1050105669,-573.35884319515,-9720.50613653629
-3510.3113665412,-4064.22660674784,4077.49707920507,8141.72368595291,16725.1337628078,-20811.5750871519,-21365.4903273585,-13223.7666414056,-576.129957802894,-9159.54003465779
-4748.41093848803,-3526.92301617795,4646.5066433569,8173.42965953484,16224.2331156133,-21551.5540302513,-20330.0661079412,-12156.6364484064,-578.909976149974,-8629.71343222847
-5612.50286400178,-2805.05261731809,5464.91144940053,8269.96406671861,15797.4318632543,-21991.6615117309,-19184.2112650472,-10914.2471983286,-581.726784474812,-8109.19458101048
-6117.38689979143,-1939.65455568234,6521.37417163797,8461.0287273203,15450.2057147677,-22152.0299659639,-17974.2976218548,-9513.2688945345,-584.437351404763,-7573.61433885217
-6272.8030339268,-958.734267570645,7630.61454294402,8589.34881051467,15020.9173512155,-21880.46225373,-16566.3934873738,-7977.04467685917,-586.741868587681,-7018.31040928852
-6085.28231267265,111.862886177219,8767.67568493804,8655.81279876082,14508.7081411485,-21182.4826113581,-14985.3374125082,-6329.52461374738,-588.492157536883,-6441.38749992461
-5581.40312906019,1235.56142952877,9856.80842907574,8621.24699954697,13889.4262747885,-20060.539378194,-13243.574819605,-4622.32782005805,-589.709974345308,-5857.88924958683
-4787.12588582352,2385.27856706521,10750.3197164714,8365.04114940617,13054.4041630951,-18432.078836098,-11259.6743832093,-2894.6332338031,-590.548787179346,-5279.91180086831
-3726.4227308067,3533.29966808157,11445.1096909107,7911.81002282914,12042.4722093853,-16359.7429280552,-9100.02052916696,-1188.21050633782,-590.847987863242,-4721.51017441939
-2442.80920967633,4647.1502552835,11812.9684638907,7165.81820860719,10782.101016012,-13815.4384084577,-6725.47894349784,440.339265109353,-590.528182769323,-4206.81099017415
-981.07829827758,5699.00107675751,11904.1740796856,6205.17300292812,9377.20448387377,-10947.9664487665,-4267.8870737314,1937.28592919672,-589.683666615138,-3761.71514756077
606.888267997435,6662.00292203406,11642.1928714224,4980.18994938836,7796.6433723415,-7778.24151496639,-1723.12686092977,3257.06308845859,-588.486410622336,-3404.93983357548
2269.68326611095,7512.50535046198,11105.3502717481,3592.84492128608,6169.56674625007,-4486.68285834397,756.139226007062,4348.98414729315,-586.799378204851,-3163.52120316885
3951.95935348028,8238.90090745664,10306.3356559502,2067.43474849355,4524.48817458148,-1157.19955122508,3129.74200275128,5197.17675124484,-584.670730123882,-3041.7241562118
5598.97750177176,8822.53672779079,9444.35865908224,621.821931291448,3063.28759804467,1953.60724149382,5177.16646751287,5798.98839880432,-582.082662233259,-3023.54832898647
7161.24215692052,9246.37941370773,8479.78429359702,-766.59512011071,1756.29582478735,4826.02584007513,6911.16309686235,6144.56797675164,-578.920492058049,-3101.8114369561
8591.67689916867,9505.10871803178,7564.9545891528,-1940.15412887899,752.693420275381,7263.83710241054,8177.26892127365,6237.11479239467,-575.146376482753,-3267.99392563711
9848.48256221329,9601.35062703623,6659.24975811372,-2942.10086892252,-7.38598086005864,9285.03267653193,9037.90074135487,6095.79987243236,-570.835866541424,-3505.55075460388
10902.2947415763,9538.6288251534,5904.32369556337,-3634.30512959004,-420.278597079955,10756.5592290296,9392.8933126067,5758.58818301667,-566.014109626669,-3780.04064213674
11731.7087530955,9322.87806472228,5288.1016276005,-4034.7764371218,-535.262344657647,11706.2704744406,9297.43978606736,5262.66334894555,-560.700623312599,-4060.21471577674
12327.9634275404,8964.50696630322,4852.2777352737,-4112.22923102952,-337.714695497737,12110.7766644634,8747.32020322623,4635.09097219671,-554.901458574741,-4329.41599410652
12685.9088825585,8474.14726745723,4534.57566656485,-3939.5716008924,81.0814320023993,12055.982125647,7844.22051054574,3904.64890965334,-548.845324909094,-4569.4983578039
12813.1254536099,7867.01277964928,4408.74845954064,-3458.26432010865,760.144381176977,11510.2624166647,6564.14974270414,3105.88542259548,-542.718655768177,-4761.12735705379
12713.5415570216,7150.65141039551,4426.25544664064,-2724.39596375489,1622.96475132245,10553.9522999531,4991.06215332704,2266.66618957216,-536.624505746047,-4883.98522082336
12395.1463022265,6335.50478503807,4518.78492950022,-1816.71985553784,2572.9686561297,9291.45278994135,3231.81127275288,1415.09141721504,-530.724856155488,-4920.41336782303
11874.9262155825,5431.78004464931,4675.21369438041,-756.566350268921,3586.32212810292,7763.49885960206,1320.35268866885,563.786338399934,-525.105227877547,-4867.99370624938
11159.9975598827,4449.75839271717,4821.00886795093,371.250475233772,4574.36564357337,6065.7875092469,-644.451657918668,-273.201182684899,-519.844407062486,-4722.95957540206
10250.9334302939,3396.17424635186,4999.77865925052,1603.60441289867,5567.45129415288,4168.47300463089,-2686.28617931115,-1082.68176641248,-515.009131510132,-4478.85601276434
9152.54693440973,2282.82500393675,5075.93163819115,2793.10663425441,6423.61317715341,2218.50260015807,-4651.21933031491,-1858.11269606051,-510.431157098262,-4140.93769999727
7887.88623718323,1135.37662590163,5060.15406765403,3924.77744175238,7140.45126757995,241.211066452233,-6511.29854482935,-2586.52110307698,-506.223903151059,-3721.89772897861
6486.06456445457,-15.9147739704387,4953.2557675834,4969.17054155384,7701.33715160862,-1717.72055552199,-8219.69989394699,-3250.52935239316,-502.447968367933,-3234.61457842272
4977.10148867884,-1150.08494784907,4796.93712859937,5947.02207644844,8127.7583880312,-3649.62530864379,-9776.8117451717,-3829.78966872326,-498.96840929143,-2679.70472087419
3388.76661225369,-2244.14689727819,4519.01783728373,6763.16473456192,8328.62826690184,-5435.78147206362,-11068.6949815955,-4305.53024703359,-495.919817415488,-2061.38334975539
1763.56721837788,-3270.89622215579,4048.89711825994,7319.79334041571,8228.82891805443,-6958.57332745493,-11993.0367679886,-4673.24342757289,-493.311627778399,-1402.34720541712
147.165485269379,-4200.30454551118,3445.57613423428,7645.88067974546,7880.00077570354,-8224.09447362691,-12571.5645044075,-4925.68382466201,-491.25918319275,-725.379279150819
-1432.71771492247,-5019.01339957891,2687.22768076421,7706.24108034313,7265.29488093642,-9187.80116621823,-12774.0968508747,-5067.85577053154,-489.788570359336,-48.8423709526026
-2934.59048201369,-5706.25510087248,1850.66872064,7556.92382151248,6463.78159445694,-9887.13205165591,-12658.7966705147,-5101.87284900223,-488.759975185269,604.38225187026
-4324.89018451517,-6251.09143538966,943.933353224199,7195.02478861386,5502.4877885243,-10315.6406741227,-12241.8419249971,-5046.81713638329,-488.262701083188,1204.27429900638
-5566.14426802623,-6638.94927869898,82.1219015160306,6721.07118021501,4492.17987765548,-10546.530311793,-11619.3353224657,-4898.26414225071,-488.206166111256,1740.68513644827
-6648.19778066878,-6874.40164989334,-682.432526566357,6191.96912332699,3499.86678600506,-10636.7522496969,-10862.9561189215,-4670.98699559449,-488.687683023083,2203.41465429887
-7554.25294254831,-6959.85904062474,-1351.29780728655,5608.56123333821,2528.53844380319,-10572.3586571044,-9977.9647551808,-4369.4035218426,-489.567270752868,2590.45551878216
-8283.0459556436,-6908.18697095667,-2031.56342332816,4876.62354762849,1490.64872983541,-10264.5880040437,-8889.72901935672,-4013.10547172824,-490.893318564644,2895.08149922844
-8825.31145615158,-6720.26752604621,-2627.76034939167,4092.50717665454,485.2390669139,-9803.37442955612,-7698.33049945075,-3605.82332279622,-492.823906490642,3114.44420325
-9188.15912470357,-6410.29348035597,-3100.98654424388,3309.30693611209,-437.75617655484,-9245.50202501962,-6467.63638067201,-3158.32944455993,-495.099076870891,3251.96403579604
-9381.66199387099,-5993.56888971663,-3475.33096903875,2518.23792067788,-1294.52973469157,-8584.81739402192,-5196.72428986756,-2678.48636918968,-497.685134842507,3315.08252052696
-9420.13424637631,-5486.98695654224,-3744.32484360861,1742.66211293362,-2063.17975662578,-7857.60927589754,-3924.46198606346,-2181.79987312984,-500.654786147006,3305.18708341241
-9307.66614690801,-4898.62531945987,-3912.73733104896,985.887988410914,-2735.99487353951,-7075.6501656347,-2666.60933818657,-1680.72134977566,-503.978892266202,3217.90396968422
-9066.23129621887,-4246.30839344977,-3900.97155239065,345.336841059121,-3232.60629960843,-6341.07923021899,-1521.15632744991,-1175.81948639079,-507.454233608574,3070.48890705899
-8694.08918087698,-3530.3083665012,-3711.8572598386,-181.548893337386,-3570.48214061727,-5634.63574245491,-470.85492807914,-652.403821416531,-511.028702195216,2877.90454508468
-8201.50345050527,-2764.40741061977,-3326.15371933056,-561.746308710794,-3733.65760275765,-4982.62331313937,454.472726746126,-107.273581964667,-514.777465391754,2657.1338286551
-7586.98414566879,-1953.6592056216,-2789.85017460625,-836.190968984661,-3772.91493417751,-4332.65381427866,1300.67112576853,464.480156783869,-518.584602787392,2418.13936240547
-6848.58922036289,-1101.20752685233,-2049.03476307133,-947.827236219003,-3650.51396151906,-3720.53060141723,2026.85109209334,1079.02385587434,-522.455342573391,2180.23138272668
-5973.91868464082,-210.146849029045,-1161.22760881616,-951.080759787113,-3441.78122106408,-3058.44582516402,2705.32601044773,1754.24525066062,-526.308361587291,1964.39209968967
-4957.71230521773,711.769444732695,-232.063602888443,-943.833047621157,-3241.76842837488,-2246.17417428255,3423.30757566788,2479.47452804673,-530.230297439694,1767.70508331403
-3789.9143629138,1654.06747612205,690.642663528659,-963.424812593406,-3085.75642587584,-1238.1793696956,4205.80246934026,3242.37765674687,-534.021432657627,1588.31018062481
-2479.49630897869,2589.36912123032,1554.66425956669,-1034.70486166363,-2990.16698023093,-26.739278250621,5042.12615195838,4007.42129029475,-537.409949502872,1418.05216906445
-1046.1629245973,3487.84766158959,2373.72699874352,-1114.12066284606,-2905.61813621881,1319.0842932895,5853.09487947638,4738.97421663032,-540.370918332003,1251.12655504075
478.157682100023,4311.85677960499,2992.29474808208,-1319.56203152292,-2941.08408765021,2876.3712532752,6710.07035078017,5390.50831925725,-542.870516475024,1078.65153965225
2057.03203887036,5028.877954523,3411.88121126595,-1616.99674325704,-3041.33461370928,4553.49789138129,7525.34380703391,5908.34706377687,-544.868761198358,879.46910925388
3629.14601283178,5601.46661653582,3600.11512450042,-2001.3514920354,-3192.40962576478,6275.25584278496,8247.57644648897,6246.22495445358,-546.299795811611,644.758337917769
5129.40306610163,5992.33018234589,3493.44390943508,-2498.88627291081,-3421.94365031806,8004.29152668314,8867.2186429274,6368.33237001659,-547.055189736554,376.0021876707
6487.90290152825,6173.51034808914,3125.10363648896,-3048.40671160019,-3653.86231266527,9594.47280882439,9280.08025538528,6231.67354378509,-547.292405369123,58.163195695967
7643.22795475959,6134.90604461406,2586.00665701816,-3548.8993875959,-3778.42589769584,10874.5947162725,9366.272806127,5817.37341853111,-547.059136182913,-317.532626082962
8525.08284386581,5863.30764924656,1861.50713240988,-4001.80051683669,-3809.04964080735,11787.6513411295,9125.87614651022,5124.07562967354,-546.481143543698,-739.232019573018
9065.08254799395,5353.5924983334,958.233638421543,-4395.35885991186,-3748.80616731613,12268.3398608009,8556.84981114034,4161.49095122849,-545.548854509187,-1192.1015471049
9218.82796360336,4630.4167161501,-63.5022986626417,-4693.91901481275,-3576.24276844957,12250.6644922911,7662.25324483786,2968.33423002511,-544.406239761821,-1662.08248612499
8986.59629607003,3738.29857786717,-1083.11312493382,-4821.411702801,-3237.69587494723,11681.1626956383,6432.86497743543,1611.45327463444,-543.129475378978,-2126.84530323272
8376.18281278829,2725.91679165225,-2013.03574901019,-4738.95254066245,-2713.702863784,10548.2656154821,4897.9995943461,159.04705368365,-541.620061090161,-2566.8697379686
7419.76799495014,1647.18597888876,-2723.4897107499,-4370.67568963867,-1956.64946696163,8836.34313435325,3063.76111829189,-1306.91457134678,-540.074327558517,-2954.10055023555
6163.58900105568,555.757869884893,-3181.5500729274,-3737.3079428123,-1021.80860583589,6646.81796826071,1038.98683708993,-2698.32110572236,-538.579638630835,-3254.07897560725
4685.65601485917,-492.074419480948,-3358.85453563803,-2866.78011615708,41.3980092228742,4106.88698749837,-1070.84344684173,-3937.62356299881,-537.371018137915,-3445.54914351786
3068.79521001279,-1442.0182766861,-3233.38607162867,-1791.36779494258,1172.01554494298,1360.32815487027,-3150.48533182861,-4941.85312677119,-536.451510199544,-3499.83485008509
1399.31063607565,-2253.22883124399,-2953.37046146622,-700.141630222241,2170.55914559339,-1307.04155350951,-4959.58102082912,-5659.72265105136,-535.793043991762,-3406.49381980738
-233.455798613189,-2891.92144346047,-2550.33621843274,341.585225027723,2987.4291655504,-3756.3016290029,-6414.76727385016,-6073.18204882244,-535.416664839296,-3181.26060536198
-1751.00669075978,-3338.61252551594,-2104.93338390081,1233.67914161511,3538.63956039364,-5824.82421845835,-7412.43005321448,-6178.75091159936,-535.17796730492,-2840.13838608343
-3076.31480436449,-3574.30241120735,-1640.22113014116,1934.08128106618,3813.58375848231,-7424.87558725586,-7922.8631940987,-5988.78191303252,-534.977024409056,-2414.47950182518
-4168.90815078217,-3606.83517584507,-1352.48918621115,2254.34598963393,3672.27905608519,-8375.90647662954,-7813.83350169244,-5559.48751205851,-534.719269762177,-1952.65233621344
-4996.43755200489,-3447.23247142347,-1183.35107380806,2263.88139761538,3240.87664569476,-8771.61434732725,-7222.4092667458,-4958.52786913042,-534.300149627595,-1511.29539770697
-5550.56543412502,-3120.63706329437,-1140.09005661933,1980.54700667502,2570.9817273645,-8655.30469026382,-6225.37631943314,-4244.82931275812,-533.757528774294,-1124.19224946377
-5828.97092780943,-2647.54960549033,-1268.04078822109,1379.50881726923,1673.96612959878,-8036.08927019879,-4854.66794787968,-3475.15913061045,-533.152212790588,-827.609525120132
-5849.68653030976,-2054.78891045376,-1528.67395026123,526.114960192513,645.934728154841,-7028.02203425325,-3233.12441439724,-2707.00945420473,-532.400775788646,-652.220543750973
-5638.30501060395,-1366.77545211014,-1794.20969091254,-427.434238802403,-343.614679835107,-5826.16853680997,-1554.63897831616,-1982.07321711857,-531.478206041141,-615.297765008437
-5238.46595363933,-616.783826513218,-2000.41892062904,-1383.63509411583,-1202.63715713748,-4566.39019850938,55.2919286167319,-1328.3431654991,-530.561402007544,-711.559338985871
-4680.03591755134,178.581874560632,-2136.24074380847,-2314.82261836911,-1913.47181157446,-3296.18160815097,1562.43618396102,-752.386434408095,-529.617502174087,-930.968308968737
-4006.56004140919,986.170258528549,-2066.38443907124,-3052.55469759979,-2325.25698888406,-2209.77721720314,2782.95308273461,-269.601614865188,-528.474164678001,-1255.77187339374
-3262.96008110539,1780.92550485479,-1805.55092295971,-3586.4764278145,-2456.36386877141,-1333.70314070127,3710.1824452589,123.706017444391,-527.106928367297,-1657.2194874104
-2480.88016809319,2545.00751208264,-1370.80509094355,-3915.8126030262,-2349.19195527801,-657.312314453037,4368.5753657228,452.762762696602,-525.624101637872,-2092.24474938604
-1675.32619398496,3279.231118181,-821.533254675471,-4100.76437285647,-2093.9359638179,-105.62541666426,4848.93189550172,748.167522645243,-524.235186497188,-2531.06359553576
-861.759503037266,3979.62732332261,-57.3602345750004,-4036.98755789761,-1609.38578804136,224.81475920118,5066.20158556106,1029.21402766345,-522.811525802923,-2950.41329565916
-51.188903329026,4642.36409137371,846.773650290392,-3795.59044108332,-984.701616912989,412.057696798276,5105.61069150101,1310.02025041769,-521.455016785683,-3332.34384095601
752.026748274195,5268.626828034,1828.91658895073,-3439.71023908327,-294.978700535357,526.780127152034,5043.38020691185,1603.66996782856,-520.225321657527,-3664.95686020543
1556.57957229429,5869.40914372879,2876.5553652146,-2992.85377851416,421.711161111277,615.513253801752,4928.34282523623,1935.48904672206,-519.355157381283,-3933.92009700671
2385.96544094412,6461.37856058293,3952.18432661591,-2509.19423396702,1111.11920865338,756.000714552196,4831.41383419102,2322.21960022399,-518.845517738543,-4139.15896035894
3240.19182526489,7038.38752261992,4980.09921717919,-2058.28830544073,1716.20349478228,1005.23417247937,4803.4298698344,2745.14156439367,-518.754158003238,-4293.24595822625
4120.63041407294,7592.56331606956,5871.7731821537,-1720.79013391583,2162.09692351872,1439.58601415528,4911.51891615188,3190.72878223604,-518.947476398944,-4401.83453383349
5039.88498336609,8123.20625657261,6577.3996186018,-1545.80663797079,2428.52806846058,2092.00520791006,5175.32648111658,3629.51984314578,-519.35170699544,-4493.6864134268
6008.8547150716,8638.69594532251,7010.84352099371,-1627.85242432879,2458.39536226277,3030.56264173661,5660.40387198752,4032.55144765872,-519.89671107221,-4606.14449766378
7008.75966519874,9125.9712376313,7223.14870350396,-1902.82253412734,2347.10492868519,4141.14926148117,6258.36083391374,4355.5382997864,-520.505475032371,-4770.43293784491
8015.11303267944,9567.30163966439,7280.19149317081,-2287.11014649358,2185.86085004943,5308.36407627105,6860.55268325601,4573.44253676243,-520.888106358958,-4993.85910290195
9014.91535755562,9953.93788757026,7216.80833569287,-2737.12955187739,2033.16528582708,6460.76360930116,7399.78613931581,4662.65658743842,-520.986462427366,-5291.28130013183
9993.48770721586,10284.3163462515,7153.77328623165,-3130.54306001986,2017.88960849401,7454.75594500213,7745.58458403778,4615.04152401793,-520.842153719723,-5669.2748222336
10935.8199045586,10552.5402880234,7209.53294438541,-3343.00734363803,2248.60667885905,8166.92091521327,7783.64129867809,4440.63395504006,-520.292310486298,-6111.90633298338
11819.8901193914,10743.1810006447,7415.86940761726,-3327.3115930274,2738.90514244704,8561.39203401912,7484.68291527245,4157.37132224504,-519.592942925177,-6585.80967839963
12628.309726836,10850.3788511859,7703.5811680739,-3146.79768311199,3408.90095502939,8700.59789358425,6922.66701793411,3775.86933482212,-518.810878222396,-7074.50951636377
13358.2316868341,10880.6903516899,8137.53317250983,-2743.15717918006,4308.93130319477,8531.20863499308,6053.66729984884,3310.51012066877,-518.0917486463,-7570.18023102111
13969.9770370095,10814.8766364625,8701.14599232118,-2113.73064414138,5404.3946335281,8048.1201360837,4893.0197355367,2779.28909139532,-517.46226739774,-8035.58754506722
14448.564679611,10653.8356624216,9285.62395673759,-1368.21170568402,6559.38255711151,7372.23217515703,3577.50315796766,2209.29145228363,-516.949947342451,-8444.54421013797
14792.1600035512,10404.5508853303,9852.03656997902,-552.514315351257,7719.60633168932,6556.10280115436,2168.49368293345,1615.9793675822,-516.450870707513,-8788.57151774808
14978.1318285372,10061.6491867138,10370.6639300495,309.014743335648,8848.71425575924,5613.46237996873,696.979738145349,1005.99448148099,-515.955192809241,-9055.65470523284
14988.0840183271,9625.81670357052,10802.1453426555,1176.328639085,9885.5038577413,4587.02558066775,-775.241734088838,401.086904996159,-515.554579918077,-9224.72979857437
14836.5314923673,9113.77678473822,10951.2160039753,1837.43921923708,10628.1817868235,3693.18088103962,-2029.57382658948,-192.134607352398,-515.168824504246,-9305.91139209062
14513.0989726843,8527.02140735628,10784.7921040741,2257.77069671777,11066.3067156492,2931.85087765665,-3054.22668767133,-796.45599095356,-514.941379378457,-9323.47739830985
13999.0180341837,7868.41713114001,10271.2912800144,2402.87414887435,11185.1285827435,2299.02510084425,-3831.57580219941,-1428.70165332506,-514.864350595928,-9297.11878446507
13294.5282117429,7158.33403394301,9442.42958361443,2284.09554967142,11011.2681060147,1768.51893290152,-4367.67524489838,-2083.57969522696,-514.74117282668,-9241.91372916999
12416.2501418784,6420.18610711945,8378.96645369517,1958.78034657572,10628.4186099972,1273.1058073478,-4722.95822741116,-2764.17788083543,-514.725724533401,-9184.36398795487
11370.312993654,5671.62300248681,7089.14839233326,1417.52538984642,10043.0069692456,812.53733323717,-4886.15265792994,-3468.62726808352,-514.768691171175,-9140.25027057035
10174.4852818311,4935.41589135644,5652.26818314165,716.852291785199,9309.57350628766,349.934566962289,-4889.13482351235,-4172.28253172716,-514.977208581136,-9107.6984230836
8862.64139259397,4240.63912253815,4288.12476749859,47.4856449604356,8609.55412314283,-262.138781568572,-4884.1410516244,-4836.65540666396,-515.22605101972,-9077.29452920211
7460.39842024474,3601.68478615692,2969.54732675055,-632.137459406368,7887.84096395034,-943.076377767347,-4801.79001185517,-5433.92747126154,-515.633834061755,-9035.61225741848
6016.21805183682,3040.47526652236,1870.85936623567,-1169.61590028669,7306.90816718382,-1806.96291114203,-4782.70569645649,-5952.32159674317,-516.272795795039,-8992.79686326553
4580.85893771164,2582.78217207633,1094.74088393331,-1488.04128814303,6932.57278237425,-2868.96444069952,-4867.04120633479,-6355.08249447783,-517.25059603689,-8937.86466655415
3191.07866548514,2237.33116023521,628.890420096753,-1608.44074013848,6731.42527270248,-4058.73834907408,-5012.48585432399,-6620.92659446247,-518.391741856734,-8858.25775469768
1874.67929615277,2005.66580481351,605.304965888122,-1400.3608389254,6815.88337725028,-5460.9360876673,-5329.94957900653,-6730.31041793193,-519.732006569781,-8735.97622274544
665.636881958209,1887.98201690855,858.22947808125,-1029.75253882729,7012.0332904572,-6867.61845929618,-5645.27332434583,-6675.02586317312,-521.222050797178,-8563.00788008166
-411.611127615528,1876.91888010277,1355.12568476305,-521.793195339705,7284.24494859607,-8218.93609419393,-5930.40608647565,-6452.19928181535,-523.080017982335,-8329.11816191812
-1342.66833702875,1957.734735922,2081.76091078766,124.026174865659,7633.44324930584,-9501.53787916265,-6201.1348062119,-6077.10863134624,-525.42629282806,-8034.84336726824
-2128.25128474005,2113.84864516426,2895.87829358127,782.029648417001,7932.26631823451,-10588.7677983053,-6346.66786840095,-5564.63821998394,-528.250195330692,-7678.4868651482
-2759.3824373768,2339.59302690413,3753.65558312735,1414.06255622321,8142.25033290761,-11433.246417476,-6334.27095319505,-4920.20839697184,-531.613647191574,-7259.80142387597
-3230.60699834237,2623.98371077293,4534.21955813513,1910.23584736219,8184.43477583096,-11950.4526852418,-6095.86197612652,-4185.62612876433,-535.410911068506,-6809.60983953727
-3545.19561892739,2956.11700209204,5101.05668980176,2144.93968770972,7960.93270909738,-12045.289882283,-5543.9772612636,-3399.03757355388,-539.161554258266,-6355.15457564592
-3720.39355461216,3322.29545285911,5546.58576312308,2224.29031026395,7598.00235452442,-11861.2124263079,-4818.52341883662,-2594.23310857267,-542.816517171317,-5916.52856143178
-3765.68540914691,3719.82092118109,5847.6512125954,2127.83029141429,7095.18724232411,-11407.2300017035,-3921.72367137548,-1793.89337996119,-546.357350232473,-5513.71430114227
-3695.25066382205,4143.2606075713,6062.04558717107,1918.78497959975,6522.16967249173,-10767.1482252793,-2928.63695388591,-1009.85197428616,-549.727888965487,-5153.11258185747
-3520.64805797193,4590.55561643082,6101.7458618595,1511.19024542867,5805.18696457202,-9878.81136907585,-1767.60769467312,-256.417449244453,-552.976346531909,-4846.97306567526
-3246.9305117421,5064.72704015852,6044.58251024654,979.855470088016,5038.55603912781,-8841.35144031666,-529.693888416048,450.161581671971,-555.864889446754,-4614.56545848654
-2867.40558040521,5576.54886460814,5971.26456116319,394.715696555042,4329.14286901191,-7754.6375965704,689.31684844295,1084.03254499799,-558.089147153275,-4492.51631961016
-2389.7914097726,6131.42342748242,5903.51954766829,-227.903879814131,3696.42675378219,-6645.95705307966,1875.25778417536,1647.35390436123,-559.738889524871,-4484.06952312118
-1815.72726257627,6737.52477474952,5868.34075104976,-869.184023699761,3166.15924284237,-5542.66500906197,3010.58702826382,2141.40300456406,-560.778503643329,-4596.12177018545
-1141.46343618486,7402.20421949982,5983.94461916781,-1418.25960033202,2842.4983253163,-4545.14584424529,3998.5218114394,2580.26221110738,-561.184082744125,-4821.94200839244
-363.366809298807,8132.69276547344,6132.40428804834,-2000.28847742509,2605.91243381144,-3530.12666215594,4965.93291261626,2965.64443519117,-560.847419045714,-5167.04833028224
521.397955916435,8931.92266720092,6341.83391412327,-2590.08875307765,2490.49759182157,-2528.87811730716,5881.64659397733,3291.55784089968,-559.778481402019,-5640.36482630124
1505.835210549,9800.73220315556,6715.15647688453,-3085.57572627103,2610.16634353144,-1662.34662261393,6632.55036999263,3546.97464372161,-558.015489631483,-6253.75755943395
2592.58923536476,10747.6846510173,7264.57522768684,-3483.10942333045,2951.33126157303,-914.374830276693,7240.72058537582,3757.61116204538,-555.632804068414,-6990.07348897189
3787.28828935828,11780.1644318155,7958.23716191213,-3821.92726990341,3460.83602156876,-226.372802442297,7766.50334001496,3944.57607011156,-552.825070231828,-7835.58836170398
5090.8160877084,12898.6776960756,8666.1242989319,-4232.55339714373,4021.25147273357,520.024278407719,8327.88588677495,4095.33248963123,-549.540336567097,-8803.34520644439
6502.83055827812,14100.305997785,9198.43799012729,-4901.86800765777,4469.24046999104,1487.89071475481,9085.36615426175,4183.49814660398,-545.699373532264,-9916.80785118107
8003.81553727413,15375.8386550064,9659.65726144491,-5716.18139356147,4935.85336572857,2526.51759206809,9898.54070980036,4182.35931623889,-541.444579477467,-11193.4793387675
9579.52977341141,16718.3273396988,10212.7770933194,-6505.55024637944,5575.82068775153,3466.89308653822,10605.6906528256,4100.14040644621,-536.815999121647,-12618.1869332526
11210.9664680629,18117.6413794498,10859.7586069044,-7257.88277254541,6380.887949994,4298.14884460677,11204.8237559936,3946.94098344823,-531.929673462127,-14170.7003960015
12883.3532579732,19566.1663182111,11651.3964977934,-7914.76982041773,7388.88645323682,4967.58366388361,11650.3967241216,3735.62690370384,-526.883140852721,-15830.5394145073
14586.5635950123,21059.092119734,12561.1781006868,-8497.91401904713,8565.79760937216,5498.93622107415,11971.4647457959,3473.55072674875,-521.829764565927,-17585.5413929852
16300.3596217792,22580.3109661493,13688.5135591123,-8891.79740703695,9994.49238130806,5789.07750541451,12069.0288497846,3177.23144274762,-516.789735056668,-19403.0795234017
18001.7510978695,24112.1379022206,15108.2949159576,-9003.84298626303,11723.4062663655,5766.76526390275,11877.1520682539,2873.30908199088,-511.579567601152,-21238.8288202297
19673.7512743224,25629.8590033399,16669.3768695018,-8960.4821338381,13572.0000853217,5595.40344869318,11551.5111777107,2591.02904387258,-506.347740307593,-23038.8299594674
21304.3215773216,27114.1252562936,18356.0011610183,-8758.12409527534,15514.5549148703,5288.49758890974,11098.3012678818,2340.17717260646,-501.26907354156,-24773.9480836872
22871.8256111374,28538.8449432757,20033.787073769,-8505.05786950666,17407.8709039439,4967.54372065181,10634.5630527901,2129.50518328344,-496.410986541684,-26409.3397599922
24355.6302207642,29882.2201258216,21575.7798433225,-8306.44028249908,19117.5144585176,4746.38642092595,10272.9763259834,1966.53604348428,-491.729341320653,-27915.6840823373
25750.7146109197,31126.3269529026,22813.731894573,-8312.59505832967,20509.2688716339,4754.04647715054,10129.6588191335,1817.06376080382,-487.399262135284,-29309.2631920988
27039.6780873653,32256.8720838098,23742.5689738394,-8514.30310997037,21604.4441210941,4951.82013635424,10169.0141327987,1654.71102282833,-483.413829917009,-30602.1610609815
28206.6897796283,33265.0267975444,24316.8010551569,-8948.22574238745,22385.8781916265,5340.98008514699,10399.3171030631,1451.09136067566,-479.831502854783,-31813.9354368687
29223.1127200153,34131.4541370764,24631.9248684511,-9499.52926862527,22977.2129770963,5769.03917400032,10677.3805910614,1177.85132243609,-476.860568918702,-32953.6028146403
30078.4362780772,34852.179622982,24837.0133267401,-10015.1662962419,23508.9541836223,6095.04094554801,10868.7842904527,853.617994210838,-474.441148906893,-33998.5616287711
30761.945787947,35430.8299522282,24961.5941884141,-10469.2357638141,24012.9758606702,6276.321086022,10945.2052503032,475.969486489037,-472.648841254882,-34954.8604657392
31285.0517639935,35889.0539904899,25087.1854676392,-10801.8685228508,24557.2159321173,6256.31009857451,10860.3123250709,58.443802220164,-471.525733301643,-35830.6101882697
31658.4100115675,36245.5249161215,25317.3854798299,-10928.1394362916,25200.247645653,5986.82571693335,10573.9406214873,-354.198814804242,-471.33664898113,-36599.7237309257
31903.6541278429,36529.2695350056,25675.6412005082,-10853.6283344974,25941.6200341194,5490.08498104789,10115.7003882105,-737.92794628685,-471.949112675618,-37267.1974812924
32051.4579892563,36761.9451310044,26285.2951659309,-10476.6499650735,26847.7310333772,4730.19913621664,9440.68627796471,-1035.96368710878,-473.5278196625,-37797.9088181132
32150.0329470155,36969.2177009206,27172.1773824263,-9797.0403184943,27901.6647958209,3772.33583112272,8591.52058502778,-1205.51973346652,-476.032320071943,-38174.7374343871
32237.7473900875,37162.8980545593,28318.0295191603,-8844.86853539901,29059.7704422407,2699.05068343652,7624.20134790836,-1220.66718749065,-478.926264410244,-38383.5652420499
32355.4466470749,37351.228854555,29632.2825438353,-7718.94631071969,30223.09845393,1650.22752437262,6646.00973185266,-1072.93657886703,-482.120668772303,-38424.165433422
32540.4240673338,37536.6207001388,31135.4412961115,-6401.17940402727,31405.614291172,649.269858515098,5645.46649132009,-755.712912707178,-485.539917646702,-38292.333612846
32820.3469568903,37712.1230166666,32724.0472087286,-4988.07580793806,32499.6239700794,-168.424083039496,4723.35197673681,-264.723831201248,-489.14706985037,-37976.8468478679
33198.7900434147,37854.5265010913,34299.8124086734,-3554.71409241787,33431.4175249802,-725.745333884679,3929.99112379188,375.277031374016,-493.117852319174,-37479.2494697173
33677.7349800791,37942.7485987554,35856.2158326135,-2086.53276614187,34238.0885242484,-1057.57536188756,3207.43825678867,1120.90549064679,-497.221817718253,-36821.8431081086
34244.3346291919,37954.5113657511,37277.8506552477,-676.660710503384,34844.0915395172,-1101.18426632387,2608.9924702353,1932.33175973191,-501.427355998563,-36022.1796060192
34880.67019232,37865.0171354067,38625.2534593712,760.236323964462,35351.508428068,-976.593109948579,2007.75383313813,2767.99015710259,-505.754874200621,-35097.0269783041
35544.3549104003,37639.7319686877,39866.0563507086,2226.32438202086,35765.8714892439,-731.466111327091,1363.91094696033,3590.23532898119,-509.949532483455,-34049.4966397065
36206.8220101382,37261.8075459003,40858.9699842617,3597.16243836139,35972.5709288314,-279.798802794425,775.18673296767,4372.34917132905,-514.049884101224,-32889.4583745713
36823.4850551199,36706.0034578961,41413.5490476461,4707.54558974998,35835.4454300771,469.856402455149,352.374805231361,5059.92039498134,-518.18322258763,-31646.0830629148
37342.6469717223,35952.4624680541,41490.6119561426,5538.14948808859,35379.0459060483,1441.53418951351,51.3496858453015,5589.4991739339,-522.066876160461,-30362.9632941201
37710.1407027186,35000.3691935511,41093.6644129791,6093.29521942796,34662.2615667664,2522.36526789109,-187.406241276313,5905.88897815164,-525.51386806104,-29094.4802153995
37877.6535325362,33860.9089394574,40301.664529816,6440.7555903586,33792.5289770221,3556.715554919,-460.029038159784,5980.72655219881,-528.4090005951,-27880.1823872586
37812.4193556281,32556.6213502226,39164.5405590554,6607.91920883286,32807.3045765343,4474.37665113193,-781.421354273619,5826.49785455924,-530.738127961853,-26730.1234956633
37487.2053765861,31120.7780795017,37743.599355258,6622.82127575634,31758.3451895496,5196.11004922865,-1170.31724785576,5452.50402790058,-532.75013780785,-25668.2740516011
36892.4824740581,29597.3515519143,35979.2002249631,6381.84867304886,30565.5114380685,5792.76126809066,-1502.36965405311,4879.47901899576,-534.209767898851,-24717.8725329185
36026.9925924396,28028.5792840221,33983.9007798103,5955.32149578828,29338.1094449093,6153.8808699239,-1844.53243849363,4110.78905729464,-535.002277606381,-23917.7902267274
34908.1159808036,26467.3469325616,31953.0633399581,5485.71640739646,28229.3937148571,6143.62442104399,-2297.14462719801,3188.57178019846,-535.097844902499,-23278.7751523632
33568.3054218731,24967.9101802913,30027.6411627853,5059.73098249398,27304.6932508917,5728.94088895995,-2871.45435262183,2188.27662987215,-534.671282021407,-22779.6335504192
32061.5690861037,23588.9009347606,28234.2374397674,4645.33650500684,26521.2659871411,5006.4657816489,-3466.20236969424,1179.13413531259,-533.837317313726,-22409.766799448
30455.9481554315,22384.180346909,26700.4935961051,4316.31324919613,25953.227651275,3970.27135938425,-4101.49644913827,214.816800057865,-532.449144772303,-22169.3635468511
28824.2889323241,21400.8558563164,25349.1717265594,3948.31587024305,25468.2569283186,2825.48946059766,-4597.94361541011,-649.627745167055,-530.54254340791,-22050.4836014834
27243.8530509995,20676.6579673959,24230.5756987506,3553.91773135464,25072.7294909617,1643.08323396488,-4924.11184963863,-1370.19411828399,-528.040326072919,-22046.8520856799
25784.7226560272,20232.3970762261,23213.3099352078,2980.91285898173,24606.3387978952,653.485277957974,-4898.84030184317,-1917.92744286143,-524.898580174065,-22150.3245190875
24523.3081393887,20082.125191061,22317.7331140245,2235.60792296347,24076.9493756218,-74.7274003379939,-4515.91034866572,-2280.30242570226,-521.086164104945,-22362.4276167633
23514.6127815911,20215.3380507178,21506.520617399,1291.18256668117,23462.8168609087,-465.030973503493,-3764.30570437679,-2473.12313769561,-516.826894185863,-22688.4611884134
22780.8362763451,20605.471358629,20866.0254375778,260.554078948773,22867.1330693308,-598.643327412499,-2774.00824512852,-2513.45416617974,-512.346534426791,-23118.9255248088
22342.7847137059,21227.7371643524,20491.0754502377,-736.66171411466,22400.1312650754,-564.80287328335,-1679.85042263689,-2416.51213675154,-507.456321913888,-23644.2493011039
22214.8713965153,22055.1899912563,20404.9543964323,-1650.23559482393,22102.6299952216,-390.071538217692,-549.752943476744,-2199.98853830068,-502.312939511431,-24255.178529557
22388.4227566352,23047.5870202418,20582.6368399119,-2464.95018032997,21979.6989616068,-88.5177631555044,570.646500451133,-1894.30367987883,-497.241558183952,-24941.8907001207
22844.8887415297,24163.5704023097,20855.6331817202,-3307.93722058956,21902.2704972344,450.300221371798,1768.9818821518,-1538.95533843775,-492.318022923583,-25702.5257407475
23555.1369051912,25359.2806004027,21296.6257970003,-4062.65480340245,21975.5004136694,1092.01583591577,2896.15953112732,-1166.49527227512,-487.620655605968,-26525.7758726779
24476.7073163005,26587.5788525997,21923.7374758548,-4663.84137674498,22241.1681298267,1752.35643532157,3863.22797162084,-800.613405124134,-483.182751152236,-27388.1922577239
25583.0564100014,27824.2371210359,22712.1075354412,-5112.12958559466,22683.4885116913,2420.61899675537,4661.79970778989,-450.329877804764,-478.948901554675,-28274.5669988406
26843.4501516597,29047.3477714266,23701.6038511324,-5345.7439202942,23342.063252408,3026.3343812941,5230.23200106095,-115.511919233246,-475.052517957715,-29162.8596906599
28241.1141136212,30253.9323007265,24658.5736662273,-5595.35863449928,23980.2235210147,3789.44195410568,5802.26014121097,206.901506711691,-471.448638500905,-30047.0307940148
29743.1707321816,31416.2991118192,25554.1030589609,-5862.19605285822,24586.8717865327,4688.11533578974,6361.24371542727,499.047662569057,-468.183609859197,-30917.2514492501
31322.8161467311,32507.5229971499,26392.1253915031,-6115.39760564677,25199.6369130329,5657.65168887146,6842.35853929023,726.960933643464,-465.52754482675,-31780.5620635064
32937.1661174515,33494.1458135261,27223.7722662153,-6270.37354731084,25885.8695595941,6587.66574564243,7144.64544171704,874.27189440621,-463.630812215,-32619.8739191199
34556.7025838126,34354.9903761859,28089.9670562164,-6265.02331996956,26696.3690723067,7397.98425906987,7196.27205144316,931.248731473596,-462.349252436062,-33423.7416447123
36133.5737633193,35052.5155274594,28963.8643330829,-6088.65119437652,27616.4221205632,8055.56550910868,6974.50727324879,885.856078872272,-461.586133647444,-34166.6594485871
37624.4119917271,35557.2556980716,29706.9457100397,-5850.30998803192,28533.0570276088,8630.05748652157,6562.90119286607,712.591204834151,-461.297477596741,-34844.6644932375
38965.7134863097,35834.9965028165,30461.7302775591,-5373.26622525746,29617.2030802321,8886.91204615164,5756.19506265848,382.928837401017,-461.598359925931,-35452.0676654155
40104.8549897672,35865.5691925297,31159.4813984097,-4706.08779412005,30784.8547604432,8857.67596123734,4618.3901639999,-87.6976301201482,-462.324268086578,-35953.2668226499
40999.8690117175,35643.1917328588,31570.3745385261,-4072.81719433272,31805.9509825497,8730.39316599222,3373.71588713357,-699.101307199149,-463.524863175571,-36342.293040058
41609.7232631377,35162.455380267,31549.6762513682,-3612.77912889876,32559.5703667016,8584.91252922384,2137.64464635307,-1475.1344825457,-465.240367212366,-36637.5898628127
41855.1651651684,34400.8876086261,31227.0218902231,-3173.86571840294,33216.7885644649,8170.8764202468,716.598863704484,-2457.26685469845,-467.500180456725,-36858.1544633245
41701.0420966621,33368.6159453292,30715.7095362514,-2652.90640907786,33876.4952123556,7354.38145765264,-978.044693680238,-3630.95110275809,-470.16542665389,-36999.5670480873
41111.729692641,32085.3880632497,30029.7411162277,-2055.64694702199,34522.4712400262,6116.16919038913,-2910.17243900223,-4965.81938602422,-473.089262225717,-37051.2074492739
40066.2533007221,30574.4252453848,29210.6886856902,-1363.73655969465,35170.6763458492,4419.37463727599,-5072.45341806132,-6436.18997775597,-476.2023175969,-37010.6152231408
38548.3356166992,28877.3855357592,28367.2091952183,-510.176340540889,35895.9427483189,2172.94916861236,-7498.00091232772,-8008.17725286861,-479.443699768001,-36885.5627886278
36586.9244530369,27057.4855156816,27638.2368795512,580.751363869649,36762.5046347383,-658.167198319902,-10187.6061356753,-9606.85477180562,-482.587016618501,-36664.3402874872
34227.6953506644,25183.195000059,27106.7326301589,1923.53763009992,37754.880220494,-4012.73367385951,-13057.234024465,-11133.6963943651,-485.548804029983,-36316.891394424
31539.4097610175,23321.544526305,26643.5597083802,3322.01518207522,38677.4706778721,-7626.81363752582,-15844.6788722383,-12522.6636901631,-488.752720671253,-35844.2082164682
28603.6566776958,21550.7616775266,26345.0660140286,4794.304336502,39562.051616343,-11450.458020954,-18503.3530211231,-13709.0486846211,-492.063082306816,-35259.8103621478
25520.0306246419,19943.2288270679,26384.6962817134,6441.46745464547,40507.9009254931,-15483.1168564928,-21059.9186540668,-14618.4511994213,-495.246555641639,-34561.6800264892
22403.5554677325,18565.8333072457,26588.7633472073,8022.93003996162,41266.0981330884,-19360.8174213639,-23198.5395818508,-15175.6095418891,-498.274756007965,-33741.4428491348
19353.8561027239,17468.1579250013,26897.0042343933,9428.84630939208,41746.7132256657,-22894.0015258466,-24779.6997035693,-15350.8533941772,-501.144402904834,-32819.0113191785
16479.1572333175,16693.5178613081,27302.7979892074,10609.2801278993,41922.5593769009,-25947.3821467116,-25733.021518721,-15123.7413908217,-503.980003128226,-31817.2592521299
13876.9892766721,16262.2132667789,27843.9873443344,11581.7740775555,41833.7183373476,-28463.5371663998,-26078.313176293,-14496.5390987375,-506.808105724314,-30758.7523655164
11641.1897092561,16189.5103701019,28322.4755572653,12132.9651871633,41289.9170384526,-30158.3699041274,-25610.0492432817,-13477.0840561183,-509.642574931,-29666.5944262203
9832.5071836778,16469.9080548083,28801.2065687749,12331.2985139667,40394.7415652904,-31074.6228951849,-24437.2220240544,-12105.9235100877,-512.388513572291,-28575.831564896
8506.43510868179,17076.016667633,29302.5458239995,12226.5291563666,39231.8267880954,-31240.2876170984,-22670.7060581472,-10444.1769017807,-514.895937684806,-27520.1935694136
7678.60121795972,17945.5831214967,29683.2135376722,11737.6304161755,37747.5696926816,-30585.9263633071,-20318.9444597701,-8581.31404359462,-516.957888585192,-26526.8971650913
7325.04827827172,19014.1552851185,29902.1263835091,10887.9710983906,35994.8373857115,-29188.3086948395,-17499.2016879928,-6611.23058960217,-518.519587399783,-25625.3858747207
7393.13215311741,20212.6972168446,30027.7699954466,9815.07277860199,34141.8304696324,-27268.2130699251,-14448.6480061979,-4633.57522759593,-519.514753410114,-24846.2724444406
7827.91325903141,21489.5145184183,30341.8873725514,8852.37285413309,32516.8645289069,-25208.8311673872,-11547.2299080004,-2694.85705386727,-519.87989751172,-24184.3715722855
8577.63888251124,22818.8371699095,30645.3794982803,7826.54232837075,30933.1707432392,-22875.1344340821,-8633.93614668383,-807.393818313077,-519.602573354142,-23626.2309882226
9604.21640622677,24190.6027247214,30904.5956942921,6713.99296957069,29395.4982833584,-20310.1417782334,-5723.75545973884,990.237509831849,-518.859901101806,-23200.3652148895
10870.9940458809,25596.0339403914,31233.534003514,5637.50006312257,28013.6777824019,-17660.2849708531,-2935.2450763425,2702.25498678007,-517.601234331997,-22893.7789536114
12362.7676501547,27027.7930100658,31568.8662152664,4541.07320520058,26711.9650071136,-14864.8617927514,-199.836432840273,4341.2367723603,-515.664435792498,-22686.5562377055
14014.1789592124,28435.8371989785,31858.0180609481,3422.18086196956,25489.7095855405,-11988.6350746878,2433.02316507837,5855.20402704792,-513.104448359612,-22580.6331719306
15772.9593276193,29796.4198522252,32095.3433135053,2298.92346128009,24370.2387309206,-9107.20908569954,4916.25143890637,7215.17490018646,-509.929682398189,-22581.2449520387
17596.4652642087,31105.4940692796,32236.1064861434,1130.61241686378,23299.1988751484,-6209.31810645262,7299.71069861824,8430.32311548202,-506.584495512904,-22675.1709537976
19485.8802384672,32382.1469703595,32383.874242998,1.72727263853247,22344.9428422718,-3362.14302543478,9534.12370645751,9535.85097909603,-503.080421630168,-22846.2959912635
21422.0512489061,33615.6932978528,32214.6312508805,-1401.06204697235,21201.1159595948,-278.477052874919,11915.1649960718,10514.1029490994,-499.412342186246,-23101.5903487534
23362.0300690983,34785.4415954584,31754.5383589969,-3030.90323646154,19940.2775353796,2926.1727387419,14349.584265102,11318.6810286405,-495.579794976812,-23466.760566818
25290.0155438068,35888.8293747188,31323.9233820998,-4564.90599261901,18873.9002948065,5924.53372228287,16523.3475531949,11958.4415605759,-491.581526717465,-23930.3878141429
27207.7132045925,36932.4167416582,30827.542011925,-6104.87472973326,17874.9294689476,8845.43290251657,18570.1364395823,12465.261709849,-487.350833128341,-24467.1550318093
29117.2503464923,37926.8922372077,30203.7681898807,-7723.12404732695,16872.3935312322,11761.6737760693,20571.3156667847,12848.1916194578,-483.183039190774,-25078.7006177499
31011.0147936942,38869.3396821735,29633.4888519329,-9235.85083024062,16060.7240881666,14471.2264079798,22329.551296459,13093.7004662184,-479.064297547905,-25775.6392159551
32882.521332481,39742.8472155596,29262.1781322322,-10480.6690833274,15593.6230176174,16814.0041385319,23674.3300216105,13193.6609382831,-474.894176331666,-26549.1862772765
34759.6292476949,40558.1086910474,29221.0020388414,-11337.106652206,15533.9549785991,18754.8379593059,24553.3174026583,13216.2107504523,-470.836309790033,-27341.8979405951
36683.6264192663,41323.4285667062,29412.4224441196,-11911.0061225867,15742.6048889009,20474.0113172899,25113.8134647297,13202.8073421431,-467.010213075581,-28120.6212245632
38651.5446125106,42004.4236216646,29966.4909244787,-12037.9326971859,16368.6886526878,21819.3469587403,25172.2259678943,13134.2932707084,-463.509001082462,-28870.1303509562
40649.3517474957,42572.1599845375,30806.4059182271,-11765.7540663104,17333.9295788232,22855.0466317975,24777.8548688394,13012.100802529,-460.375536874939,-29560.0591820085
42681.1351248309,43005.472126478,31795.0752019396,-11210.3969245384,18506.1437579655,23717.3231524124,24041.6601540595,12831.2632295211,-457.668214453077,-30174.2088969569
44723.8606006066,43262.646333653,32898.1286788514,-10364.5176548016,19885.9522188593,24382.6046317225,22921.3903647689,12556.8727099673,-455.303750024902,-30705.7736236858
46737.4624230344,43306.133101792,34169.8356550654,-9136.29744672671,21544.4598954646,24739.6938330255,21308.3645117832,12172.0670650565,-453.308694544226,-31134.0660367356
48658.5795474813,43094.3825040236,35512.906706057,-7581.47579796657,23402.8047437328,24804.2080601753,19240.0110167176,11658.535218751,-451.566743573147,-31435.8472852725
50414.7239186215,42586.9148211708,36704.0349461095,-5882.87987506123,25265.5799562323,24699.1737088528,16871.3646114021,10988.4847363409,-449.970253536409,-31598.4300848299
51920.7001476291,41747.1529880513,37557.0319331718,-4190.12105487949,26987.8375144733,24484.1225077382,14310.5753481604,10120.4542932809,-448.740125417605,-31626.6986947704
53101.8779398049,40548.1869275572,37860.5591012376,-2687.62782631958,28413.488061996,24240.5178676069,11686.8268553591,8999.19902903954,-447.872010202066,-31548.9878985176
53871.5139875446,38971.7521817647,37704.1679422297,-1267.58423953502,29664.7184875407,23759.3197152587,8859.55790947881,7591.9736699438,-447.475784745185,-31379.7785118209
54120.9956855925,36992.4686760275,37011.2087734665,18.7400974389492,30691.237564007,22982.4284722611,5853.90146269617,5872.64156013511,-447.32964932441,-31119.8271158924
53817.340763743,34645.5470209777,36015.930556949,1370.38353597127,31700.4551427082,21669.5014930009,2497.70775023558,3868.09128620686,-447.38412803392,-30777.4557347709
52892.8181703899,31949.4083879894,34733.5890397714,2784.18065178208,32678.0388615116,19767.1222931239,-1176.2874892767,1607.89316250538,-447.657015754495,-30341.515225484
51312.497064207,28948.9722353809,33059.0598236349,4110.08758825399,33482.591986077,17381.8311815644,-4981.69364726169,-871.606059007691,-448.073896565601,-29820.5782943886
49065.7701240451,25706.0848443356,30996.0932246032,5290.00838026758,34080.0748370713,14536.9570477808,-8822.72823192872,-3532.71985166114,-448.738239193027,-29238.8046959967
46176.269098567,22293.6473690285,28620.3234340994,6326.67606507094,34486.3524491334,11240.2562503046,-12642.3654792339,-6315.68941416298,-449.660399129033,-28609.3367831915
42677.9022896604,18789.0541846078,26153.3330507618,7364.27886615405,34846.7518365245,7380.31101936565,-16508.5370856869,-9144.25821953289,-450.839433770215,-27933.3124041406
38616.608138868,15258.8071947887,23633.6407362049,8374.8335414162,35128.0303307753,3036.19530153849,-20321.6056425408,-11946.7721011246,-452.382506554225,-27205.5792959133
34073.5426223341,11785.9956156464,20985.3535903977,9199.35797475129,35178.6295498879,-1559.19047760765,-23846.7374842953,-14647.3795095441,-454.103550053816,-26433.3751251905
29146.3696122771,8463.7629856674,18332.6492682936,9868.88628262618,35041.7483227969,-6351.20421285931,-27033.810839469,-17164.9245568428,-455.825502339576,-25628.6875425102
23932.6115409574,5372.45713517897,15648.2831002587,10275.8259650798,34631.7810680535,-11156.6162031396,-29716.7706089181,-19440.9446438383,-457.446676043552,-24813.4017790173
18524.6938677388,2577.60618234928,12866.4875595014,10288.8813771521,33853.9336807119,-15788.3057949687,-31735.3934803582,-21446.5121032061,-459.065981995604,-24024.1182855554
13044.779489931,180.515058650348,10125.3724845231,9944.85742587279,32777.8065721744,-20193.3332264139,-33057.5976576946,-23112.7402318218,-460.306144170568,-23293.2552904722
7627.23354816,-1728.70462635687,7661.867000993,9390.57162734985,31563.7939319754,-24397.6946343683,-33753.6328088852,-24363.0611815353,-461.134250552881,-22634.3565551785
2419.26960702231,-3057.79703820965,5512.43811430587,8570.23515251553,30177.5850659537,-28219.9395662394,-33697.0062114714,-25126.7710589558,-461.624107308037,-22068.9740207462
-2403.49618534453,-3722.29888114801,3945.76221187027,7668.06109301829,28817.5086524309,-31682.5563510719,-33001.3590468753,-25333.2979538571,-461.551513296452,-21610.999072709
-6692.69488260096,-3683.16978465882,2974.44905135236,6657.61883601119,27477.0623239926,-34630.7577890044,-31621.2326910623,-24963.6138550511,-461.000582410868,-21280.4440703923
-10290.7023443481,-2898.99878651439,2682.91508889274,5581.91387540714,26202.3756005354,-36953.0813022354,-29561.3777444017,-23979.4638689946,-460.003357351923,-21080.4650824802
-13074.8095387727,-1359.70421129381,3142.10442296886,4501.80863426269,25056.0371000093,-38589.4097802182,-26874.3044527393,-22372.4958184766,-458.563141436151,-21012.7916071828
-14941.5870694702,915.050737806286,4352.14967217036,3437.09893436406,24069.6276316181,-39468.0858305604,-23611.4480232838,-20174.3490889198,-456.871129472077,-21089.3998267261
-15811.1509401534,3876.89086114785,6266.39235839063,2389.50149724277,23246.1858444934,-39512.6277053133,-19824.5859040121,-17435.0844067693,-455.290920666525,-21311.9752679171
-15608.3424617177,7466.45743669542,8897.58272305903,1431.12528636364,22631.5483816017,-38693.5968924485,-15618.7969940354,-14187.6717076718,-453.706049129096,-21654.1291443672
-14280.8340805121,11594.2415297571,12121.8584383041,527.616908547017,22177.0191469332,-36910.0042278342,-11034.9286175651,-10507.3117090181,-452.151000388904,-22101.5532387751
-11852.5553563998,16130.7890780565,15742.0373773673,-388.751700689289,21794.4706016138,-34097.4098019911,-6114.06536753476,-6502.81706822405,-450.383843977498,-22633.6061462806
-8372.40221377936,20933.061904068,19583.0882318152,-1349.97367225281,21442.6145598982,-30263.7299185135,-958.265800666176,-2308.23947291898,-448.713144835951,-23241.301376987
-3958.07242166335,25833.2697225851,23558.8648120739,-2274.40491051117,21187.0493620355,-25592.1937455856,4199.14839866282,1924.74348815165,-447.071961886731,-23908.5262344334
1210.78327518287,30645.6814833167,27399.134579041,-3246.54690427568,20895.7132242093,-20130.3291266652,9304.56908146857,6058.02217719289,-445.399177638759,-24587.6593061238
6958.68819083444,35221.4296869816,30801.6513209901,-4419.77836599157,20425.5584086603,-13910.6541462661,14352.0873498811,9932.30898388956,-443.783928440221,-25289.1207030921
13081.529861051,39417.5245536109,33709.5595006719,-5707.96505293898,19895.9683529727,-7256.56658472262,19079.4281078373,13371.4630548984,-442.128092800837,-26046.0614987126
19370.5183806236,43111.0736978955,36334.7225859678,-6776.3511119277,19625.9743971674,-695.919954827296,23044.6353624447,16268.2842505169,-440.463938283479,-26842.7894473786
25596.2554300689,46193.825856992,38554.9435434739,-7638.88231351811,19560.3511387799,5597.31927759274,26194.8897045158,18556.0073909977,-438.585013696296,-27637.8184659943
31544.0276249819,48590.9835158022,40179.6148585609,-8411.36865724129,19587.5106708438,11519.9905730186,28566.9464638389,20155.5778065976,-436.526381119482,-28435.4057092046
37010.3690014735,50259.6642480637,41229.2660953136,-9030.39815275013,19776.2441156982,16799.9510674468,30049.2463140371,21018.848161287,-434.173818328479,-29240.8160867768
41836.00579095,51200.2031823798,41756.0277228302,-9444.17545954957,20175.3355377854,21229.2377415441,30593.4351329739,21149.2596734243,-431.432511620523,-30050.9435089555
45881.6861508007,51434.82069573,41668.3996504592,-9766.42104527073,20649.4977265532,24803.8527688797,30356.9873138089,20590.5662685382,-428.335655367854,-30844.2544271918
49046.3806175173,51012.09732301,41055.6125466648,-9956.48477634524,21244.4583252036,27376.7755493036,29342.4922547963,19386.007478451,-425.146743010181,-31626.089844559
51290.3458844581,50022.0448279945,40196.745447018,-9825.29938097647,22151.1977560722,28717.3160743001,27449.0150178364,17623.71563686,-421.832054085791,-32398.3291911345
52621.0659268659,48574.0584251521,39023.6678942499,-9550.3905309022,23153.1320097201,29049.450447181,25002.4429454672,15452.052414565,-418.483469964781,-33122.0060105871
53083.3992048144,46779.2122801306,37695.2995374856,-9083.91274264497,24269.5061756937,28398.6553430863,22094.4684184025,13010.5556757575,-415.237686034389,-33768.6566043731
52755.0833160074,44750.1513860592,36347.3057434313,-8402.8456426279,25516.2763824091,26826.6348448488,18821.7029149007,10418.8572722728,-412.172088749491,-34331.2941137865
51745.5530455347,42597.0204017112,35265.3218031872,-7331.69859852397,27033.8963300651,24302.4160409952,15153.8833971717,7822.18479864771,-409.240674474415,-34774.8356030635
50190.7207734131,40425.3895021608,34527.5645110696,-5897.82499109121,28743.2334135407,21041.0318191515,11275.7005478992,5377.87555680799,-406.45554072094,-35047.5139453528
48230.0196837473,38313.0141591295,34041.9403397529,-4271.0738193766,30437.0007314085,17389.5225148896,7472.51699027186,3201.44317089526,-403.496437449156,-35111.5709882342
46006.973012423,36325.2372955194,33582.2607589887,-2742.97653653077,31835.8487000068,13770.6931016631,4088.95738475953,1345.98084822876,-400.431210753112,-34979.2564472907
43650.9355210032,34505.8450700455,33231.0596533874,-1274.78541665809,32992.8497412909,10261.0135007635,1115.92304980585,-158.862366852231,-397.072278948718,-34664.7074368977
41293.8676142126,32894.0132292362,33030.2797201606,136.266490924371,33938.3265478656,6962.03465307462,-1437.81973190177,-1301.5532409774,-393.506413272377,-34195.5664702136
39035.9279278717,31499.54291067,32934.9845501826,1435.44163951267,34628.5852057879,4017.63190060034,-3518.75311660136,-2083.31147708869,-389.710821483461,-33582.8543877587
36973.1757279739,30334.7000180327,32984.2764912802,2649.57647324756,35109.1275510517,1478.06515866789,-5160.41055127339,-2510.83407802582,-385.98301825434,-32845.5340960585
35172.0674438541,29380.7635588342,33135.7527308348,3754.9891720005,35389.761558769,-599.9901375641,-6391.29402258399,-2636.30485058349,-382.296022649305,-32017.0684094178
33668.0850476712,28609.9504720782,33395.9439496696,4785.99347759145,35513.3462540277,-2224.03213243507,-7282.16670802808,-2496.17323043663,-378.770926078489,-31106.1237025148
32476.4736147741,27980.1746175171,33630.9316418302,5650.75702431311,35417.497785418,-3316.46634249491,-7812.76533975193,-2162.00831543882,-375.442171851008,-30142.1829329559
31569.1386928879,27434.9323807467,33815.9472061614,6381.0148254147,35161.8497187553,-3964.91668422016,-8099.12299636136,-1718.10817094667,-372.205658352769,-29153.0405516933
30909.6843547738,26934.4150085216,33866.8730366972,6932.45802817565,34727.6000070703,-4186.95021081423,-8162.2195570664,-1229.76152889075,-369.034558517718,-28164.1765374124
30453.0027352665,26438.9475276265,33761.5354737937,7322.58794616722,34149.3388671683,-4062.11973265386,-8076.17494029395,-753.58699412673,-365.78360075213,-27192.5345217532
30153.0293436257,25918.695999927,33553.277543389,7634.581543462,33540.4111510773,-3749.88455781009,-7984.21790150874,-349.636358046739,-362.502750358506,-26268.3323579738
29941.8645087447,25346.2413049146,33123.3241612175,7777.08285630291,32808.8372160109,-3226.46759985735,-7822.09080368743,-45.0079473845219,-359.494892591168,-25391.2492522991
29756.1105172545,24710.9427214109,32448.7952928169,7737.85257140596,31947.7172498896,-2548.3886736764,-7593.55646951991,144.296101886053,-356.78194104123,-24566.6466195249
29544.7846673124,24008.6293027421,31502.9732153127,7494.3439125706,30937.8975058622,-1747.30412436147,-7283.45948893177,210.884423638836,-354.191285811681,-23797.7448791032
29254.9386200865,23240.5211690374,30340.3489086455,7099.82773960812,29830.5792665555,-927.370899089676,-6941.78835013881,158.03938946931,-351.730252620692,-23082.481779568
28867.8072636486,22429.1012490597,29149.4658638176,6720.36461475797,28785.2799936577,-267.035135959647,-6705.74115054856,14.6234642094104,-349.562405950547,-22414.4777848502
28389.8038092354,21604.9788210421,27902.8588009396,6297.87997989756,27730.6259145927,311.602542909228,-6473.22244528409,-175.342465386523,-347.575351733504,-21780.3212864286
27837.7772307534,20788.2337080499,26584.595442586,5796.36173453603,26635.2240952199,856.562607396653,-6192.98091530678,-396.619180770747,-345.990528136842,-21184.8528888207
27236.1574478248,20000.9647969178,25143.1806429854,5142.21584606761,25442.0666098064,1449.31584677138,-5785.87680413554,-643.660958067935,-344.774991246985,-20644.6257549858
26597.7421412027,19255.7823716402,23612.94509588,4357.16272423985,24193.6015692895,2060.14466870087,-5281.81510086166,-924.652376621807,-343.995903212292,-20180.434748262
25945.6264085908,18572.6590800433,22151.993855691,3579.33477564775,23030.9013234759,2571.18404089117,-4801.7832876564,-1222.44851200865,-343.541044223749,-19795.1075920519
25284.639577187,17957.0772076383,20653.8761119486,2696.79890431028,21842.9904826985,3098.16415028836,-4229.39821926035,-1532.59931495007,-343.484944200151,-19489.6765225884
24624.0536711728,17411.6020669713,19157.8170552761,1746.21498830477,20693.4784781625,3586.56905020753,-3625.88255399396,-1879.66756568919,-344.006142802714,-19291.2696326605
23962.4142936161,16940.921121027,17861.0260344051,920.10491337815,19763.9985086075,3853.25694201428,-3168.2362305749,-2248.13131719676,-345.158842994364,-19189.0524382237
23309.2983927466,16550.8237634655,16820.4637556357,269.639992170213,19090.2748143551,3872.40598470465,-2886.06864457646,-2616.42865240624,-346.617593686874,-19167.2524158718
22662.6337864766,16233.7740964973,15989.7887077328,-243.985388764492,18611.775148135,3702.52791132953,-2726.33177864975,-2970.31716741424,-348.330727012053,-19204.0912639116
22021.1976229094,15985.0340719984,15401.2756700607,-583.758401937668,18356.3139571988,3314.27292802942,-2721.89062288161,-3305.64902481928,-350.610737681262,-19290.6830968177
21380.7567328184,15801.3609991454,15100.8336286882,-700.527370457163,18368.8971851527,2658.65422943133,-2920.7415042417,-3621.26887469886,-353.205318234393,-19422.6298738442
20753.4843348974,15679.1737991008,15002.9977810274,-676.176018073403,18550.1640376336,1847.35567380277,-3226.95486199387,-3903.13088006727,-355.964623461092,-19582.3046791681
20135.9855402586,15612.0336327385,14997.9106353645,-614.122997374016,18788.4877997917,988.743331959899,-3535.20857556019,-4149.33157293421,-358.754408507004,-19761.3652056727
19527.1782419154,15593.356809755,15199.58095156,-393.77585819494,19205.1943059593,-39.4558079413612,-3973.27724010185,-4367.05309829679,-361.439743897489,-19960.4099080518
18922.5688407815,15615.6638649879,15592.497866997,-23.1659979908925,19780.3259760262,-1221.81825779164,-4528.72323358531,-4551.88923157621,-364.061122546985,-20167.5530965641
18333.6367695571,15674.6178855242,16028.8036807854,354.185795261132,20363.9346694071,-2396.69164240422,-5055.71052643704,-4701.52473117591,-366.393742554118,-20376.1426167001
17768.7879527534,15765.6981850812,16371.6433060704,605.945120989158,20843.8819926638,-3443.26484327156,-5446.35461094367,-4840.40948995452,-368.170803361144,-20606.1076750358
17227.8372422557,15885.942600068,16556.7965276216,670.853927553654,21183.4579154992,-4325.1588601643,-5667.05350235202,-4996.19957479836,-369.53818692078,-20882.1421748663
16710.8226920448,16033.0239216379,16746.9421553421,713.918233704183,21544.443454593,-5204.23728080383,-5882.03605121067,-5168.11781750649,-370.616518255603,-21201.1417391444
16212.8611056886,16194.3994155502,16810.7145237451,616.315108194893,21799.4970477166,-5958.0950423331,-5976.55673247154,-5360.24162427663,-371.459100305184,-21554.6410398269
15732.5891890575,16364.0674674577,16835.6233382776,471.55587081991,22035.3838689301,-6674.62765521609,-6043.14937681591,-5571.593505996,-371.832975343513,-21935.6609734537
15270.5099994056,16537.4216714376,17008.6412463329,471.219574895347,22420.9783212905,-7522.32271159725,-6255.41103956524,-5784.19146466989,-371.854389712356,-22321.6131361075
14826.1804864936,16710.4552262985,17317.2458001167,606.790573818194,22927.339439264,-8472.59627475592,-6588.32153495108,-5981.53096113288,-371.437321985549,-22691.9861874313
14404.7403114614,16885.3551669084,17729.7511830087,844.3960161003,23498.5707598727,-9464.64635180335,-6984.03149635631,-6139.635480256,-370.815903392053,-23024.9906471645
14010.1728537697,17061.9716669041,18194.3410820058,1132.36941510177,24057.4446995823,-10417.156037751,-7365.35722461668,-6232.98780951491,-369.884191938438,-23294.959476419
13645.7740286231,17240.5894809659,18638.7016139782,1398.11213301227,24535.1109348696,-11258.0935609648,-7663.27810862206,-6265.1659756098,-368.756654718325,-23505.7554565757
13315.7036637364,17421.9292833698,19169.4993213197,1747.57003794993,25032.2793981523,-12083.942083447,-7977.71646381368,-6230.14642586376,-367.366349031215,-23652.0757092336
13014.7824075333,17602.77157881,19675.883625871,2073.11204706099,25422.4043048876,-12773.5226960355,-8185.53352475875,-6112.42147769775,-365.900798681205,-23715.1930565078
12741.0935532032,17784.5629293456,20155.6365056969,2371.07357635124,25701.6064746069,-13324.8914164304,-8281.42204028788,-5910.34846393664,-364.378495026601,-23694.9113932823
12487.3127875869,17964.9336936669,20515.0528435569,2550.11914989005,25786.7372585276,-13662.4093595112,-8184.78845343121,-5634.66930354116,-362.984888570452,-23599.602997208
12252.8627520514,18152.932564152,20799.4385214468,2646.50595729485,25722.9921080712,-13831.6978149076,-7931.628002807,-5285.12204551215,-361.568458887823,-23438.0546096641
12036.9459738531,18347.2625214103,20939.8617854019,2592.59926399157,25442.5712920333,-13765.7972885978,-7455.48074104057,-4862.88147704901,-360.171970417597,-23210.1439984593
11834.1635679853,18552.7069738961,20853.129120815,2300.42214691885,24880.8795804664,-13405.713471011,-6687.17006510016,-4386.74791818132,-358.997458529921,-22939.4548920775
11650.0993348341,18786.3227363831,20646.8901780544,1860.56744167133,24151.0081347173,-12858.9025734241,-5722.67917187503,-3862.11173020371,-357.993773540796,-22648.4344665868
11496.3917459111,19064.1754050781,20585.9585837854,1521.78317870724,23498.6148004382,-12359.4545613081,-4791.67090214105,-3269.88772343382,-357.231506781047,-22334.063128512
11386.2768273177,19399.7565100579,20584.5264239712,1184.76991391332,22814.3436594685,-11784.7775897428,-3771.29790700261,-2586.52799308929,-356.710757591976,-21986.2845031472
11352.8159498361,19811.4169390048,20656.7052615795,845.288322574711,22107.0164037695,-11110.4883385046,-2651.88734933588,-1806.59902676117,-356.287884571183,-21618.015965766
11424.6131606604,20317.5453893292,20936.1792960627,618.633906733525,21489.8586796161,-10421.2051579599,-1528.27292929108,-909.639022557557,-355.959639004188,-21227.1844118867
11644.0686622075,20930.83325243,21364.0937929776,433.260540547584,20883.4357902174,-9594.97835329694,-308.213763074502,125.046777473079,-355.611225287034,-20805.7864749569
12053.1129519324,21659.6551133813,21905.5167990414,245.861685660079,20252.982788656,-8555.05700527122,1051.48515617774,1297.34684183782,-355.187168547518,-20362.3082715435
12694.3701357634,22503.8265349326,22459.2960011511,-44.530533781522,19508.6475298516,-7168.96399185769,2640.49240731156,2595.96187353004,-354.686597769456,-19907.8646614026
13589.9190792834,23451.1370703753,23012.1390342253,-438.99803615008,18674.3784532328,-5438.70953774487,4422.50845334706,3983.51041719699,-354.25016379546,-19467.6266531783
14755.5471709645,24473.6167440342,23692.2069678526,-781.409776181581,17932.1652171471,-3530.58307754044,6187.48649552932,5406.07671934774,-353.965031357844,-19067.5400246865
16188.6331827477,25542.9809173375,24428.1119721611,-1114.86894517639,17256.2671822955,-1421.49645983294,7932.85127475681,6817.98232958042,-353.862460285172,-18724.998587757
17859.4717411783,26614.5687244836,25152.7619084969,-1461.8068159867,16637.779709224,867.808988101467,9622.90597140673,8161.09915542003,-353.883043852846,-18453.4695690636
19726.3270784199,27647.3479762215,25783.7479612262,-1863.60001499539,16056.1055851945,3316.24284206487,11237.2637398665,9373.66372487107,-353.978651160563,-18273.6842513505
21721.6806384676,28589.5978133874,26288.2392816649,-2301.3585317225,15551.3553063723,5816.25842324618,12684.1755981659,10382.8170664434,-354.06690884915,-18206.780746944
23776.933763194,29399.719383239,26575.540020784,-2824.17936245506,15090.8373745626,8331.76408225651,13954.5497023015,11130.3703398465,-354.332306374847,-18269.3490433925
25798.8514186359,30035.1536272729,26618.5813661202,-3416.57226115267,14696.4920609738,10747.6725720652,14983.9747807022,11567.4025195495,-354.68678559685,-18467.7511077234
27698.2401580754,30470.4390882805,26482.7056665096,-3987.7334217709,14469.665561607,12873.5481909376,15645.7471211427,11658.0136993718,-355.026405530763,-18812.4253889087
29386.1851062482,30687.8362408242,26180.3469681499,-4507.48927267426,14412.2345033332,14618.4275623445,15920.0786969205,11412.5894242462,-355.52304057047,-19275.2468165779
30802.8861198201,30692.1859198479,25751.2669888325,-4940.91893101532,14530.2673189171,15916.3596056224,15805.6594056502,10864.7404746349,-356.259195280627,-19827.445445213
31909.0863421111,30497.181556689,25298.9625778388,-5198.21897885021,14874.9493971465,16676.8743431775,15264.9695577554,10066.7505789052,-357.262601787161,-20430.4309777838
32685.3308453249,30129.0271900578,24809.586659431,-5319.44053062677,15374.0050514243,16952.7791248495,14396.4754695824,9077.03493895566,-358.546669051092,-21051.9922511021
33130.5885645481,29607.958493197,24241.7788886722,-5366.17960452484,15939.8106233185,16830.8962152797,13308.2661439286,7942.08653940379,-359.881725949881,-21665.8719537932
33254.9812801108,28968.828672519,23701.4384765243,-5267.39019599467,16621.056119581,16272.5022062458,11986.3495986539,6718.95940265921,-361.422954284035,-22249.8692698597
33088.622907022,28252.7186757009,23234.5752504648,-5018.14342523608,17408.9168920099,15316.4129413055,10480.5087099843,5462.36528474822,-363.293073706625,-22790.3533909526
32681.4921376618,27504.6944018022,22821.0578224634,-4683.63657933883,18221.8654446253,14094.2342077915,8917.43647193194,4233.79989259311,-365.392485245009,-23270.8945092091
32074.6933950361,26753.7936773464,22509.7227750606,-4244.07090228583,19073.1723004,12633.6808575897,7312.78113990004,3068.71023761421,-367.840237046347,-23685.0834397322
31337.9137309593,26041.8948920906,22272.3912081968,-3769.50368389383,19876.48169564,11090.7974692065,5794.7786303379,2025.27494644408,-370.634566112733,-24016.6199456466
30524.2569019203,25392.4180112254,21990.5649031057,-3401.85310811965,20496.9414855418,9653.47866304714,4521.63977235225,1119.7866642326,-373.836753331329,-24272.6313469928
29691.5684304282,24827.3673283833,21712.6569702392,-3114.71035814414,20994.193675565,8319.98510806913,3455.78400602422,341.073647880085,-377.389646794128,-24486.2936805032
28877.3046081887,24362.0084261341,21500.1747010638,-2861.83372507026,21428.7430824201,7067.40975775249,2552.11357569789,-309.720149372381,-381.151768016131,-24671.7285755065
28115.1874004629,23999.5938060426,21320.4756096102,-2679.11819643249,21781.4555503583,5948.63518826042,1833.04159384015,-846.076602592334,-385.096661844213,-24845.670408635
27427.1366778172,23741.7747333039,21261.2013447919,-2480.57338851207,22149.4918635279,4888.54012652724,1203.178182014,-1277.39520649808,-389.104687762046,-25019.169939802
26822.1056495482,23578.830696587,21327.6701288315,-2251.16056775554,22549.6663229566,3879.48994670123,636.214993740082,-1614.94557401546,-392.949379890334,-25193.7762706025
26317.2619345457,23511.2948372773,21449.4069335854,-2061.88790369185,22922.7461270777,2998.15329027218,192.186193003768,-1869.70171068807,-396.362517195791,-25380.9965479653
25911.7063112598,23528.2709216226,21568.6303836319,-1959.64053799078,23235.7651611181,2276.69354334757,-106.741846289566,-2066.38238428034,-399.247606794139,-25594.653305903
25589.9686042033,23616.1034505998,21750.5321990997,-1865.57125150008,23579.5181890058,1608.69686912449,-365.168284479066,-2230.73953597915,-401.75354607305,-25846.8429865789
25338.1316530046,23761.2028788816,22028.4637294121,-1732.73914946951,23990.442435327,943.953509651098,-632.975264471964,-2365.71441394147,-403.73570802649,-26126.9172928231
25158.4994211571,23959.5704455446,22296.817441991,-1662.75300355359,24365.0023929268,388.449747004384,-810.479228608124,-2473.23223216171,-405.047281225919,-26432.8026777063
25038.4172894017,24205.0936601962,22542.9980756478,-1662.09558454844,24702.2110682513,-69.3807057915617,-902.704334997046,-2564.79991954548,-405.586926942022,-26769.8935797417
24974.3354715609,24497.630129087,22761.421515521,-1736.20861356604,24997.3131852644,-428.34546043503,-905.050802908937,-2641.25941647497,-405.367746731531,-27138.889545562
24954.8762339467,24833.3274305084,23104.5433911485,-1728.78403935988,25405.5359171052,-855.224226971948,-976.773030410238,-2705.55706977012,-404.564543813462,-27538.8845002785
24984.9613824677,25214.7110144546,23465.2258984622,-1749.48511599249,25801.307859495,-1219.70685098669,-989.957218999716,-2739.4423349922,-403.360373959302,-27954.1533494468
25084.4668910729,25651.0514298303,23772.7803994233,-1878.27103040698,26117.0808935414,-1434.2944380732,-867.709899315778,-2745.98092972276,-401.680435604694,-28397.0323595531
25261.2429300396,26150.6506950441,24139.1119300799,-2011.53876496425,26455.1458956466,-1593.54271543135,-704.134950426806,-2715.67371539106,-399.639749824375,-28866.3244104352
25531.2525796361,26714.8249303881,24761.079058631,-1953.74587175707,26990.8278068933,-1856.99538594633,-673.423035194361,-2627.16890695143,-397.420158689204,-29341.9938373395
25894.9292097207,27332.2282730914,25610.89547545,-1721.33279764149,27667.2084482598,-2167.29183051366,-729.992767142935,-2451.32556478442,-395.012591974593,-29783.5538378759
26369.6128756453,27996.7787145729,26573.4633015885,-1423.3154129844,28365.2281828383,-2388.20604517857,-761.040206251009,-2184.35561923541,-392.590737985606,-30181.1343338083
26966.1778160797,28697.0489261158,27647.1883220431,-1049.86060407271,29095.9878957636,-2520.02859618153,-789.157486145409,-1839.01809021812,-390.218516497618,-30536.0670163339
27677.9914873541,29404.8035746049,28894.392952246,-510.410622358927,29927.8887336109,-2637.85628085125,-911.044193600418,-1421.45481595934,-387.95903459442,-30826.2583905642
28478.5212722046,30083.4893317572,30134.9031340719,51.4138023147262,30702.8976947195,-2610.33903381194,-1005.37097425934,-953.957171944622,-385.962611296997,-31037.4465037018
29340.8034746426,30700.6105674489,31241.2519204709,540.641353022013,31348.515916465,-2391.89713824595,-1032.09004543966,-491.448692417645,-384.184696423603,-31192.0592598666
30224.3840340822,31220.9866421461,32313.9758932056,1092.98925105942,32003.2963256657,-2161.49785807517,-1164.89525001128,-71.9059989518641,-382.585566491672,-31292.892641098
31067.9142407274,31600.3635065795,33211.3805329124,1611.01702633292,32558.7464716718,-1872.059998729,-1339.61073287697,271.406293455951,-381.227767784611,-31328.9572131235
31819.5856615039,31818.3823989471,33888.2361568734,2069.85375792619,32990.2482698976,-1550.71315870959,-1551.91642126635,517.93733665984,-380.050550315891,-31300.4450622873
32425.0061366086,31857.8297171148,34191.7019999621,2333.87228284734,33190.9373841813,-1144.99154444531,-1712.16796393917,621.70431890817,-379.060296872608,-31236.1253982066
32815.3363207195,31703.2083699125,34154.050197853,2450.84182794046,33237.3402614497,-800.252832570199,-1912.38078337717,538.46104456328,-378.248891840014,-31164.7473253493
32947.1938998453,31367.8730920616,33860.8634324175,2492.99034035585,33224.9116539578,-655.132293713251,-2234.45310149691,258.537238858932,-377.4145396007,-31109.3358532027
32789.6525348035,30875.3441911707,33394.1205916,2518.77640042929,33211.8563218284,-798.762381629035,-2713.07072526176,-194.294324832474,-376.558594604039,-31069.6385160032
32330.9598341291,30265.5357862196,32773.5973858234,2508.06159960377,33174.4681078204,-1219.22452413697,-3284.64857204648,-776.586972442717,-375.716250445666,-31042.1227586623
31575.9367225554,29585.4498362404,32074.7706607269,2489.32082448646,33153.6595952326,-1952.59601541704,-3943.08290173195,-1453.76207724549,-374.87314273982,-31039.2119134859
30572.3903858092,28903.2287648753,31290.6574526316,2387.42868775629,33069.1477672448,-2870.84507802904,-4540.00669896298,-2152.5780112067,-374.087696593482,-31055.806776082
29377.4277148531,28289.7025917497,30503.6538667572,2213.95127500753,32939.4160148837,-3935.37337528698,-5023.09849839041,-2809.14722338289,-373.385075256396,-31098.8498151326
28077.1645485068,27823.6108030851,29760.0340669372,1936.42326385207,32750.8457385556,-5046.33241386549,-5299.88615928713,-3363.46289543507,-372.651223816697,-31187.0736985202
26761.5376872186,27567.1902540498,29208.9503324457,1641.76007839585,32601.5199414319,-6212.0412940221,-5406.38872719088,-3764.62864879504,-372.059039808807,-31331.8189028449
25513.519080132,27565.5155739224,28856.6001328289,1291.08455890647,32443.4422792026,-7301.4466325341,-5249.45013874371,-3958.36557983725,-371.523433463529,-31523.8811537597
24433.4045267732,27860.9182162672,28673.0630128868,812.144796619605,32210.6685679391,-8148.10254175136,-4720.58885225736,-3908.44405563776,-370.838500585511,-31769.362271905
23612.6638413118,28476.3913251009,28642.0985662355,165.707241134554,31890.9973342339,-8648.33423298629,-3784.60674919715,-3618.8995080626,-370.000740064175,-32095.2908331635
23112.8334691606,29414.0228591153,28716.9778973824,-697.044961732942,31454.8422486714,-8710.82533799176,-2409.63594803707,-3106.68090977002,-368.816558480971,-32520.7037688853
22973.029244241,30647.840381537,28900.1314740322,-1747.70890750486,30955.1212874281,-8349.71812618926,-674.906988893193,-2422.61589639806,-367.626083002122,-33070.4562779351
23204.4541501853,32136.3960290574,29148.509557772,-2987.88647128546,30395.2872688394,-7557.28525268043,1374.65662619171,-1613.22984509375,-366.452134026357,-33749.6258741512
23815.4226130183,33847.0254332606,29472.8503138112,-4374.17511944946,29841.2901087727,-6391.37218314671,3640.23063709562,-733.944482353844,-365.504687392331,-34580.9699156145
24788.8721431506,35739.759972484,29829.504986872,-5910.25498561201,29299.6320258603,-4875.60086262166,6075.28696671176,165.031981099752,-364.840979911982,-35574.7279913843
26069.9386244611,37757.6240723068,30184.754191939,-7572.86988036779,28802.4164032261,-3096.66368185954,8591.02176598613,1018.15188561834,-364.185903094547,-36739.4721866884
27594.6864505489,39835.3343257994,30496.0043716103,-9339.32995418914,28385.176182084,-1153.81712396706,11086.8307512835,1747.50079709434,-363.327392431956,-38087.8335287051
29296.2413326365,41922.5283968606,30717.4514014558,-11205.0769954048,28056.3192213176,877.679651927643,13503.9667161518,2298.88972074703,-362.242459391238,-39623.6386761136
31080.908545307,43960.4415110518,30843.2633598414,-13117.1781512104,27867.0267920342,2853.03799633205,15732.5709620768,2615.39281086643,-360.843756940766,-41345.0487001853
32849.5069346351,45900.2541937673,30942.7013709538,-14957.5528228135,27919.9369996952,4570.39517382,17621.1424329522,2663.58961013862,-359.174761119871,-43236.6645836287
34509.730002948,47704.3670499177,31066.3748803806,-16637.9921695371,28288.7625949504,5863.7931167382,19058.4301637079,2420.43799417083,-357.174291259448,-45283.9290557469
35978.3677811592,49356.1836259599,31300.4273582152,-18055.7562677446,29043.8451607068,6579.67828502376,19957.4941298244,1901.73786207981,-354.844335428652,-47454.4457638801
37183.9792947775,50845.3954183588,31682.4623319085,-19162.9330864503,30185.9145447413,6645.63035878127,20307.0464823626,1144.11339591232,-352.43439125488,-49701.2820224465
38100.5049997697,52203.1284186166,32334.6900805627,-19868.4383380539,31768.8529688112,5981.44497608094,20084.0683949277,215.63005687384,-350.207054877586,-51987.4983617427
38731.3033290616,53472.3140080274,33280.7893591321,-20191.5246488953,33715.1019396872,4667.96590112926,19408.9765800951,-782.548068800178,-348.235488245128,-54254.8620768276
39078.3536734777,54678.5793098979,34524.9438755659,-20153.635434332,35945.6633007666,2786.09888523544,18386.3245216556,-1767.31091267635,-346.591487475654,-56445.8902225742
39190.1542729833,55870.7421526832,35964.516697516,-19906.2254551673,38292.2049627153,552.723210599292,17233.3110902993,-2672.91436486798,-345.226099668685,-58543.6565175512
39134.9446659344,57107.2161101264,37674.2244583225,-19432.9916518039,40755.6328678529,-1964.89194997246,16007.3794942195,-3425.61215758437,-344.203748054017,-60532.8282677108
38998.7170545767,58448.8709937063,39694.2211163966,-18754.6498773096,43290.6320380998,-4635.52116856282,14814.6327705667,-3940.01710674292,-343.606185039795,-62388.8881004492
38854.4657721493,59931.6294845815,41950.8277059297,-17980.8017786519,45769.8319934283,-7258.50999327323,13818.653719159,-4162.14805949292,-343.143771994235,-64093.7775440745
38780.5823686668,61582.3434680914,44474.7364211628,-17107.6070469286,48188.8190510474,-9751.20858640981,13050.5525130148,-4057.05453391384,-342.971904029171,-65639.3980020053
38884.2849642759,63443.9275287293,47210.7809327378,-16233.1465959915,50461.9880151435,-11920.6338984721,12639.0086659814,-3594.13793001008,-342.930847604485,-67038.0654587394
39280.8870166745,65549.1956582185,50099.5015167941,-15449.6941414244,52505.2390881935,-13567.4360056695,12700.8726358744,-2748.82150554998,-343.08393415062,-68298.0171637685
40047.3718722539,67899.6265362785,53027.6118703015,-14872.014665977,54220.731947397,-14516.8298805801,13335.4247834444,-1536.58988253253,-343.469805436998,-69436.216418811
41277.3989052832,70507.7429320727,55967.6383249672,-14540.1046071055,55594.5748654842,-14661.259111473,14569.0849153165,28.9803082110225,-344.083151272001,-70478.7626238616
43052.9273248111,73360.4287120758,59092.6671435348,-14267.761568541,56840.4816985292,-14132.5060802734,16174.9953069913,1907.23373845024,-344.951706555367,-71453.1949736256
45421.7614994842,76426.2096207994,62415.8999246496,-14010.3096961498,58012.3543443545,-12936.5666810666,18067.8814402485,4057.57174409874,-345.97383619634,-72368.6378767007
48400.2898207025,79647.3175291439,65903.3276021429,-13743.989927001,59138.4673149229,-11085.3189032395,20161.7088052018,6417.71887820082,-347.141409019189,-73229.598650943
51990.8394500829,82958.1836096888,69623.8385304009,-13334.3450792879,60360.992343571,-8718.72691595416,22248.6172436517,8914.27216436377,-348.574022466145,-74043.911445325
56151.2505089965,86275.4293816154,73572.2233377531,-12703.2060438623,61749.7102203221,-5948.62679423355,24175.5520783853,11472.346034523,-350.167082907968,-74803.0833470924
60807.5952741821,89498.8974891328,77520.7272991424,-11978.1701899904,63145.9202722151,-2690.12487557279,26001.177339378,14023.0071493876,-351.799877539779,-75475.8903397453
65866.1971612918,92520.0436482175,81336.5722134665,-11183.4714347509,64520.0666515657,992.834341253678,27646.6808281793,16463.2093934284,-353.296168472416,-76056.8342547891
71237.5664455683,95255.9303644466,85016.9704878336,-10238.959876613,65959.3189185432,4923.49416817853,28941.8580870568,18702.8982104438,-354.753358846505,-76553.0321540027
76768.2508742203,97603.1153268143,88427.3819246644,-9175.7334021499,67412.1050602438,9000.15676168119,29835.0212142752,20659.2878121253,-355.989052295313,-76943.827514689
82333.9231242201,99496.8157409081,91491.4136619141,-8005.40207899392,68876.399981444,13100.6982670456,30263.5908837335,22258.1888047396,-356.82487573053,-77238.6269361684
87780.6933815497,100862.939430492,94098.082953409,-6764.85647708301,70300.5764286255,17122.6754737003,30204.9215226425,23440.0650455595,-357.441479223874,-77422.8743849324
92947.6002479546,101639.95920793,96054.4939226576,-5585.46528527295,71554.8944998838,21034.92308609,29727.282046066,24141.816760793,-357.782661980727,-77498.1424471374
97721.9434999104,101825.703977471,97411.3131103053,-4414.39086716525,72711.6583857604,24652.2072400388,28755.9677175989,24341.5768504337,-358.07787411113,-77484.1271270368
101949.308243566,101392.707809079,98198.515858249,-3194.19195082987,73810.5539623275,27780.4560784915,27223.8556440047,24029.6636931749,-358.298202746648,-77363.044115904
105489.759037583,100333.341746273,98501.9462841001,-1831.39546217245,74914.5207879949,30217.0039717513,25060.5866804404,23229.191218268,-358.234277837273,-77104.1505280046
108280.591114213,98696.6478660404,98267.0967093575,-429.551156682894,75935.2866160732,31987.3968111546,22403.4535629821,21973.9024062992,-357.907686985034,-76722.7454597411
110262.545536727,96531.2362071401,97472.664536065,941.428328924818,76804.5038156231,33100.8353204707,19369.525990884,20310.9543198088,-357.206400632971,-76220.2818873313
111373.804962954,93880.5155510039,96081.0425540892,2200.52700308536,77440.6608252794,33577.0441515786,16083.7547396283,18284.2817427136,-356.099986096199,-75596.2338082902
111630.747912574,90844.9364988851,94182.4283210662,3337.49182218107,77870.0770827224,33405.8259275459,12620.0145138575,15957.5063360386,-354.844902305215,-74887.4301628465
111076.768243113,87532.5349370161,91774.2829962739,4241.74805925781,78003.7462085264,32719.6331663917,9175.39986029502,13417.1479195528,-353.388868194643,-74115.3870174632
109797.692467431,84066.9860333575,88962.994167728,4896.00813437049,77867.6990603801,31578.3351768111,5847.62874273802,10743.6368771085,-351.658230239353,-73323.349156249
107878.412349115,80554.5119479163,85868.7402341461,5314.22828622981,77497.0952279512,30031.5519976838,2707.65159648466,8021.87988271447,-349.765123480428,-72532.6320652018
105428.428225008,77101.2393631435,82713.0350753532,5611.79571220968,77034.4693037403,28046.3260658298,-280.862796034929,5330.93291617476,-347.63285543819,-71770.3064469688
102591.948134635,73821.9373594622,79632.428513386,5810.49115392382,76525.3027902841,25721.2627287547,-3048.74804641853,2761.74310750528,-345.382615596587,-71060.1942519569
99483.9923795208,70786.0881227324,76664.5281995163,5878.4400767839,75951.8653567131,23189.3723822352,-5508.53187455323,369.908202230667,-342.754640572532,-70416.1799205017
96204.7062152616,68027.2396567021,73791.7592112235,5764.51955452131,75267.7245056181,20597.1540257023,-7580.31253285712,-1815.7929783358,-339.827683941185,-69843.0326350379
92887.9803874639,65597.4065186726,71042.5606987055,5445.15418003294,74488.0281021086,18063.1305209309,-9227.44334786044,-3782.28916782751,-336.821764424459,-69379.6956865001
89603.1531549878,63492.6763354531,68498.0437149375,5005.36737948434,73694.5343706883,15574.7137528086,-10535.7630667261,-5530.39568724176,-333.905031490891,-69023.0720226949
86382.8412509471,61690.1505976218,66253.8284525151,4563.67785489338,72991.4096916769,13060.5878666874,-11632.102786638,-7068.42493174462,-330.843692582823,-68758.5755293664
83267.2318660189,60168.9692262727,64393.0014695264,4224.03224325369,72441.5678987888,10497.9382102426,-12600.3244295036,-8376.29218624992,-327.725756987534,-68545.2614125226
80317.9291580834,58918.0811667383,62867.1379992573,3949.05683251903,71995.0462441173,7998.39497609928,-13401.4530152458,-9452.39618272674,-324.487937866698,-68370.477349465
77546.8186921555,57897.9150949311,61569.8225913635,3671.90749643244,71570.6403960069,5654.93780008525,-13993.9657971391,-10322.0583007067,-321.240496063257,-68219.9733956378
74968.3449016579,57085.4845903149,60517.977208923,3432.49261860815,71195.1653167539,3455.39668472687,-14427.4636266161,-10994.971008008,-317.782900177083,-68080.4555983229
72575.8680657326,56442.3871970316,59691.8712303514,3249.48403331977,70852.8563531429,1408.89786004201,-14724.5830086589,-11475.0989753392,-314.113852547709,-67917.4861723708
70339.5959971464,55925.8558022047,59173.8174364489,3247.96163424412,70621.8734293063,-592.499787008641,-15006.2399819503,-11758.2783477062,-310.222354848716,-67684.1341499109
68243.995026661,55503.2481663637,58951.6989045662,3448.45073820252,70483.652936901,-2545.92010804042,-15286.6669683378,-11838.2162301353,-306.262197800447,-67341.4643964989
66296.3106178117,55149.9198601956,58927.5584968558,3777.63863666013,70330.0825139858,-4335.94947914931,-15482.3402367654,-11704.7016001052,-302.177582975203,-66854.6214603009
64500.2777255966,54847.2665635503,58945.0031496091,4097.73658605878,70020.8971846978,-5818.56326848844,-15471.5744305347,-11373.837844476,-297.943809387292,-66221.1044080263
62861.3188931675,54577.4886745979,59033.1584254591,4455.66975086123,69621.7507289512,-7054.09704119158,-15337.9272597612,-10882.2575088999,-293.665205407865,-65459.7461834978
61366.5445591524,54319.0737410868,59123.908415269,4804.83467418216,69081.945718305,-8004.89208845483,-15052.3629065204,-10247.5282323383,-289.490929302234,-64566.6019734251
59990.3268525003,54044.9687717022,59143.9191589396,5098.9503872374,68354.2765912311,-8649.27714677219,-14594.6352275703,-9495.6848403329,-285.327408041456,-63540.6536120352
58746.2742613568,53739.9810261927,59147.5233890795,5407.54236288682,67534.6034458691,-9069.50772227062,-14075.8009574348,-8668.25859454793,-281.178537758279,-62408.2396207406
57615.6089784516,53377.1963240045,59067.732524079,5690.53620007446,66595.2033217277,-9256.74604760089,-13495.1587020479,-7804.62250197347,-277.151704324804,-61181.818825978
56591.9354345228,52945.0628847826,58850.9356675498,5905.87278276719,65503.748482888,-9185.28694459586,-12832.1594943361,-6926.28671156889,-273.47389623071,-59871.3495963515
55660.6565927745,52440.0575256196,58440.9449180162,6000.8873923966,64231.0477160138,-8840.66197297424,-12061.2610401291,-6060.37364773249,-270.270849734969,-58500.4311733521
54808.2950608137,51854.0715386924,57879.9351876202,6025.86364892778,62849.8452169622,-8309.26146455814,-11263.4849866795,-5237.62133775168,-267.711308409657,-57091.6928764441
54039.1121072372,51200.1407612356,57272.5472175217,6072.40645628613,61487.5354126413,-7714.25459751761,-10553.2259435192,-4480.81948723309,-265.831292113513,-55680.9602484687
53332.6062757471,50473.288719096,56778.9631097426,6305.67439064652,60308.1754144665,-7240.14285615384,-10099.4604128049,-3793.7860221584,-264.573717434483,-54267.0747412544
52700.4139703148,49702.0175874644,56439.4993000978,6737.48171263338,59343.8779928447,-6907.50479261282,-9905.90117546315,-3168.41946282977,-264.040770082905,-52870.4370502942
52154.0381654744,48905.4257012495,56468.7725137495,7563.3468125,58787.7472471788,-6898.02051847115,-10146.6329826961,-2583.28617019611,-264.311436766784,-51488.7118714456
51705.2331226202,48102.7886243264,56906.8872004848,8804.09857615835,58630.0870424456,-7190.36439504038,-10792.8088933342,-1988.71031717585,-265.510475215016,-50091.4989415023
51374.3681059677,47302.3111990633,57672.4134536241,10370.1022545608,58750.957460391,-7644.08991884278,-11716.1468257472,-1346.04457118642,-267.500564419488,-48648.3557702497
51187.6095603346,46517.6228869751,58508.961828529,11991.3389415539,58870.4039175258,-7953.22375582512,-12623.2104291847,-631.871487630806,-270.429398633972,-47149.4943746059
51207.7402834836,45783.1663629063,59285.8795580479,13502.7131951416,58866.5012783916,-7932.62393581049,-13357.1978563878,145.515338753829,-273.862940902419,-45637.6510241524
51424.3100530063,45080.7447839455,59872.073826717,14791.3290427715,58640.6170376875,-7494.11104596914,-13837.67631503,953.652727741521,-277.804061288028,-44127.092056204
51820.2365567666,44383.5165541481,60201.1615267238,15817.6449725756,58182.0202475062,-6643.61984041943,-14080.339843038,1737.30512953766,-281.836149679888,-42646.2114246105
52364.5066057124,43658.7687739603,60396.2679817551,16737.4992077948,57659.4330543515,-5580.65075232238,-14286.3885840745,2451.1106237203,-285.724303683299,-41207.65815024
53032.2977283564,42888.5639843727,60447.1120127615,17558.5480283887,57088.2150015472,-4345.33278464391,-14489.0665286275,3069.48149976117,-289.415511453094,-39819.0824846116
53779.814789174,42043.5673358142,60309.8473285963,18266.2799927822,56438.8684331422,-2951.84920709957,-14688.0966604595,3578.18333232269,-292.795563131446,-38465.3840034915
54530.7918647638,41068.4045109667,59816.2808201214,18747.8763091548,55584.2160791568,-1349.22806341356,-14811.6154172107,3936.26089194405,-295.803849020557,-37132.1436190226
55215.8366422261,39918.9149570758,58912.5997657223,18993.6848086465,54529.9684428267,387.394031276567,-14909.5276538737,4084.15715477278,-298.474168122838,-35834.7578023031
55798.0948061549,38592.0020320069,57683.1100856913,19091.1080536845,53407.4376324837,2089.82032317067,-15116.2724509773,3974.83560270712,-300.836850500558,-34617.1664292998
56194.3052780333,37055.7881053616,56296.1646433505,19240.3765379889,52411.4697342163,3480.03243206994,-15658.4847406018,3581.89179738707,-302.803111747161,-33473.8963079746
56290.8234035619,35266.637663837,54835.2086903358,19568.5710264988,51621.913184588,4364.6262234345,-16659.5595162904,2909.01151020844,-304.283995539399,-32357.6261536286
56029.9285515247,33223.1953219447,53220.7217326964,19997.5264107517,50920.7288089891,4803.8940871295,-18002.8391424505,1994.68726830125,-305.305655406125,-31228.5080536435
55370.1878566956,30938.1617447963,51260.645922062,20322.4841772657,50090.8311330131,4973.5398093152,-19458.4863025841,863.997874681555,-305.816914367385,-30074.1638701148
54260.841210522,28424.7094996291,48889.9109965505,20465.2014969214,49066.0327297351,4888.94091495433,-20947.1907959386,-481.989299017185,-305.867565832596,-28906.6987986463
52675.2656423098,25714.6505317125,46238.9649945206,20524.3144628081,47947.9028585808,4421.86631178704,-22538.7487988103,-2014.43433600221,-305.496471942012,-27729.0848677147
50612.7007412489,22854.6025357137,43493.4826130577,20638.8800773441,46863.1208972689,3444.82252992033,-24313.2756756149,-3674.39559827083,-304.757314059636,-26528.9981339845
48089.1806287674,19899.574363669,40663.1940386212,20763.6196749521,45730.6473495433,2054.73222041244,-26134.8740446859,-5371.25436973376,-303.801058811572,-25270.8287334028
45147.9344181825,16909.9915520363,37649.9163856552,20739.9248336189,44374.9163840357,470.241129721125,-27767.7017364251,-7027.77690280618,-302.776904425611,-23937.7684548425
41865.8287651085,13958.4654669129,34456.7880349258,20498.3225680129,42762.1466799023,-1197.94219789659,-29105.3054960922,-8606.9829280793,-301.624283102784,-22565.4483949922
38316.2674022664,11099.6877043286,31146.5934330613,20046.9057287327,40920.258405376,-2904.33220880545,-30120.9119067433,-10074.0061780106,-300.341205695889,-21173.6938823392
34569.7356495476,8395.36970460244,27862.9269865217,19467.5572819193,38947.5170075376,-4676.78623083913,-30851.1521757842,-11383.594893865,-299.004872849068,-19778.9645984674
30706.9538058692,5895.05229823698,24723.4873632423,18828.4350650053,36919.51769803,-6510.05407928406,-31321.9555869162,-12493.5205219109,-297.490187123176,-18388.5728201479
26820.7388194492,3646.87891673013,21744.5410900434,18097.6621733132,34816.1542326211,-8291.22846788574,-31465.0883706049,-13367.4261972916,-295.81305471392,-17014.3051140218
23022.1409506444,1690.20512661077,18931.807947323,17241.6028207122,32636.0521214712,-9907.80494897156,-31239.7407730052,-13998.1379522929,-293.893778144729,-15688.3430789037
19392.0971902106,47.3804359596451,16285.8995770842,16238.5191411246,30379.308964339,-11279.0290142576,-30623.7457685086,-14385.226627384,-291.817240129215,-14432.6070633437
15987.5009379332,-1283.13903317989,13861.8301070468,15144.9691402266,28112.7654621272,-12414.7616834956,-29685.4016546086,-14540.432514382,-289.49715930156,-13257.2934812021
12859.1664866122,-2299.01008672717,11695.9324313838,13994.942518111,25889.4501805991,-13317.031066414,-28475.2076397533,-14480.2651216423,-286.747372427027,-12181.2550349152
10046.8464973113,-3014.37830761464,9750.54311299324,12764.9214206079,23706.5022069668,-13943.432094588,-27004.6568995139,-14239.735478906,-283.776384932458,-11225.3571712914
7555.06845798398,-3463.67908450519,8034.76831967133,11498.4474041765,21613.4278077828,-14339.1384009371,-25357.8859434263,-13859.4385392497,-280.779051138265,-10395.7594547446
5388.75111007502,-3673.59772166166,6580.26674913601,10253.8644707977,19668.0639047873,-14557.0851555459,-23619.4339872826,-13365.5695164849,-277.77236083369,-9691.9717948233
3517.33230804504,-3692.65584799857,5395.22324554632,9087.87909354488,17919.4079326174,-14676.8043273877,-21886.7924834314,-12798.9133898865,-274.728702815376,-9106.2575418879
1928.89948758981,-3550.72737731888,4498.92193042179,8049.64930774067,16426.271102242,-14768.8793151485,-20248.5061800572,-12198.8568723165,-271.507700496321,-8648.12949499763
585.899634907299,-3294.72937713435,3878.75324009832,7173.48261723266,15191.0363971598,-14873.3302116978,-18753.9592237394,-11580.4766065067,-268.193449445257,-8285.7472293724
-560.280571073609,-2966.95663544229,3482.45203695234,6449.40867239461,14167.7485083134,-14992.8744641962,-17399.5505285649,-10950.1418561703,-264.845384809176,-7983.18522072801
-1546.75971126282,-2594.53745777996,3131.54258600437,5726.08004378432,13203.4469798368,-15011.6823109746,-16059.4600574918,-10333.3800137075,-261.475619875042,-7738.8425559275
-2402.14720666177,-2186.93435642013,2902.53725785,5089.47161427013,12393.2598554003,-15053.7741427165,-14838.5612924749,-9749.08967820476,-258.367080654454,-7562.15532178464
-3184.43636905543,-1773.49589491495,2804.79646792129,4578.29236283623,11762.2171665632,-15202.1835098396,-13791.2430356991,-9212.95067286286,-255.529974220916,-7439.4547779479
-3930.7437811445,-1369.51688873056,2836.03314913082,4205.55003786137,11284.8859311043,-15468.515629169,-12907.2887367551,-8701.73869889373,-252.885916920201,-7332.22181016318
-4635.90182443483,-962.746736292871,2867.00886305339,3829.75559934625,10803.9604715008,-15690.3341513533,-12017.1790632113,-8187.42346386507,-250.47185541769,-7224.67672757221
-5299.10480259567,-543.148994839215,2785.69852301152,3328.84751785075,10224.6692757267,-15772.1303734572,-11016.1745657007,-7687.32704784996,-248.356295134748,-7144.17805301073
-5932.63584349668,-103.892494669454,2690.7835617841,2794.67605645356,9646.44037698673,-15825.5671013093,-9996.82375248206,-7202.1476960285,-246.490880825864,-7098.25520135904
-6535.17993633747,361.419435060595,2796.91768037942,2435.49824531883,9264.43136732861,-16044.5326086738,-9147.93323727579,-6712.43499195695,-244.921305007755,-7073.85442701754
-7058.68741568106,897.936132401311,3054.6895378746,2156.7534054733,8984.57326890465,-16286.8843673962,-8330.2608193138,-6173.50741384051,-243.62368281044,-7071.44354624181
-7485.38208707017,1515.65952904984,3529.80470329762,2014.14517424778,8852.35255471789,-16580.4165595735,-7579.37494345349,-5565.22976920571,-242.681917785422,-7080.88929825555
-7777.11061597706,2236.85775409856,4314.0069774273,2077.14922332873,8922.18592953413,-16941.277060047,-6927.30868997137,-4850.15946664264,-241.980514535802,-7087.0172207412
-7898.51741362404,3064.49119794117,5281.50798433207,2217.0167863909,9021.44785823703,-17161.4839786123,-6198.47536704712,-3981.45858065622,-241.518706751242,-7045.94977859739
-7802.55746644429,4009.87479007994,6168.22917504209,2158.35438496215,8877.84207711875,-16921.6263848285,-5109.19412830431,-2950.83974334216,-241.226841265504,-6960.71453342209
-7449.80580379923,5072.2659056102,6944.93483702629,1872.66893141609,8515.34409705771,-16206.3667633024,-3684.295053893,-1811.62612247691,-241.216862445464,-6883.89202808711
-6817.86956700194,6241.28456211986,7854.73661441985,1613.4520523,8220.13539314687,-15279.5846977028,-2220.43056858098,-606.97851628098,-241.579737553975,-6848.26307840085
-5889.47708093928,7503.30779505078,9116.25096188233,1612.94316683153,8204.47800303854,-14336.15454039,-943.369664399939,669.573502431583,-242.199456412184,-6833.7342926192
-4651.63763655158,8837.03069680864,10727.5675512705,1890.53685446184,8432.60573770224,-13327.2722818708,161.396051489442,2051.93290595128,-243.028907616948,-6785.09779085734
-3105.54712171373,10211.5918131531,12344.6374939585,2133.04568080543,8573.12169979957,-11922.6799144376,1394.45902042916,3527.5047012346,-244.011092924336,-6684.08711191846
-1284.98632881889,11572.6548041564,13864.9107476246,2292.25594346822,8597.0566404526,-10127.216431251,2730.4247017243,5022.68064519252,-245.17346197951,-6549.9741589639
787.032043833394,12884.0357756455,15274.2377377428,2390.20196209722,8559.20332939118,-8018.53138923125,4078.47234258088,6468.6743046781,-246.360103673463,-6415.3614709674
3057.95380417515,14094.7479435732,16600.6593907394,2505.9114471662,8534.05502590866,-5723.42500884842,5313.36913054961,7819.2805777158,-247.323787114915,-6275.46736585738
5463.55476425136,15162.5004647813,17788.0051915581,2625.5047267768,8486.94080693316,-3271.50947244913,6427.4362280808,9052.94095485759,-248.123429767331,-6109.55950992369
7921.24099169873,16026.7988233704,18654.5846611855,2627.78583781516,8296.42897702237,-624.097455398206,7481.4603762734,10109.2462140886,-248.909470074563,-5917.55260928178
10351.1405384944,16646.0419842462,19180.9854173972,2534.94343315094,8008.4778321366,2092.99865986276,8387.90010561461,10922.8435387655,-249.664046494992,-5723.19844548066
12664.2218938733,16985.8764919811,19363.6414862506,2377.76499426945,7670.82892605989,4743.05723262946,9064.71183073726,11442.4768250067,-250.335735183946,-5543.3996669744
14786.2845677174,17038.7021186166,19242.2107109587,2203.5085923422,7328.93335801273,7206.63736498116,9459.05491588029,11662.5635082225,-250.713844723517,-5376.13861039406
16655.7466286116,16803.2551940073,18869.6929583187,2066.43776431141,7036.46954719202,9368.47244623586,9515.98101163155,11582.418775943,-250.804635183713,-5220.83641806432
18215.6625271693,16288.6464757018,18324.6821397831,2036.03566408131,6855.45024004879,11109.5863272501,9182.57027578262,11218.6059398639,-250.625959870412,-5070.04053583792
19412.482058744,15511.4633849337,17636.2880683713,2124.82468343762,6785.40582413689,12376.9951465384,8475.97647272799,10600.8011561656,-250.081088068782,-4910.66222876804
20246.1832134034,14519.7955303726,16830.0176358454,2310.22210547281,6805.01013414392,13191.981154628,7465.59347159711,9775.81557706992,-249.191924631538,-4743.97995330266
20713.832461488,13355.6910216074,15899.1964773901,2543.50545578266,6854.04057673235,13611.7002980887,6253.55885820819,8797.06431399084,-248.091586666851,-4558.62670761654
20825.4754354936,12062.2201923504,14800.0327608658,2737.81256851536,6846.75126152636,13732.0620445278,4968.80680138462,7706.61936989998,-246.662129439435,-4355.60082245044
20618.9131073381,10700.6525131791,13596.5025182357,2895.85000505662,6800.64050617495,13573.3424021347,3655.08180797571,6550.93181303233,-244.930199028446,-4149.72070014678
20137.0902220284,9323.27430023454,12230.730262824,2907.45596258943,6624.8932720371,13269.2739415599,2455.45801976604,5362.91398235546,-242.923008431393,-3960.36031787909
19423.9205373137,7978.87291190118,10795.8546450808,2816.98173317957,6376.28857437999,12806.9652324449,1361.91760703241,4178.89934021197,-240.666730488799,-3799.97357168922
18532.1821636871,6710.97293202535,9454.30816571869,2743.33523369332,6180.57534878491,12113.2539310599,292.044699398187,3035.37993309151,-238.352883842267,-3675.59299893387
17520.8924653867,5555.80499896263,8227.81345944944,2672.0084604868,6007.74076245635,11277.1278085791,-687.959657844978,1984.04880264183,-236.023894351256,-3571.75619632082
16449.4800231356,4537.92289736849,7057.97237125595,2520.04947388745,5784.58235914753,10431.0158694767,-1480.54125629041,1039.50821759704,-233.88179451138,-3498.41467977145
15355.285910633,3660.3595910935,5890.90832250872,2230.54873141521,5459.23585681224,9663.96138718,-2030.96493235953,199.583799055686,-232.088666640798,-3460.77579203782
14290.8727078979,2936.56212882813,4812.94462718576,1876.38249835762,5114.25878499456,8946.01930171775,-2408.29127735201,-531.908778994389,-230.594621185583,-3468.47090782253
13285.5180460878,2358.25753011921,3829.32669419645,1471.06916407724,4769.74523167001,8286.47888276443,-2640.78163320416,-1169.71246912691,-229.293931653348,-3527.96999924613
12340.85867879,1903.83788346855,3058.23121996108,1154.39333649252,4552.40608265582,7560.12953966028,-2876.89125566117,-1722.49791916865,-228.323056473907,-3626.33580263723
11478.3063302919,1563.00578527262,2519.69064735277,956.684862080133,4485.98669297421,6764.51529957861,-3150.78524544063,-2194.10038336049,-227.804337739043,-3757.10616863313
10683.8837232357,1308.03497740488,2171.7621664903,863.727189085409,4527.13304373185,5929.02860679805,-3446.82013903278,-2583.09294994737,-227.722072705816,-3891.12792735225
9954.63373203048,1112.29231675476,1977.53512586951,865.242809114734,4640.25134303243,5086.28846894906,-3756.05294632665,-2890.81013721191,-228.09392004898,-4003.10245396667
9274.83997992567,944.996562916416,1846.14923554062,901.152672624195,4745.08884331312,4300.95096648346,-4028.89245052579,-3127.73977790159,-228.800170129076,-4072.73634081801
8627.31230574472,780.724036992136,1723.22921526745,942.505178275308,4805.64322733919,3591.77787302277,-4254.81039572981,-3312.30521745449,-229.891205382762,-4093.02925444665
7995.73668618863,599.898745107878,1653.67064126476,1053.77189615686,4889.02174626847,2875.32686078818,-4520.51108029257,-3466.7391841357,-231.388079131986,-4066.63792924359
7366.65276905468,390.63180208692,1724.87286810236,1334.24106601543,5085.92755058926,2047.61767309292,-4928.40329387484,-3594.16222785941,-233.107545372503,-3984.79402994633
6729.25937355396,138.541480725698,1966.56822971219,1828.02674898649,5406.39094836087,1088.0264715732,-5502.69142125507,-3674.66467226858,-234.841953619902,-3813.20615299427
6066.74665510511,-165.962541722945,2250.10069482478,2416.06323654773,5694.86714488097,135.321511387449,-6097.38768544063,-3681.32444889289,-236.5579988367,-3515.36190716994
5375.88954854091,-528.806642287102,2527.0340772991,3055.8407195862,5917.1999090351,-779.528511010587,-6684.22470183861,-3628.38398225241,-238.218150516393,-3099.5773399653
4657.6759570753,-948.836391563246,2784.07055232956,3732.90694389281,6056.22343993693,-1638.44886000635,-7244.9612086449,-3512.05426475209,-239.901377144739,-2563.21787318885
3911.57485732345,-1425.07516885633,3032.7609994427,4457.83616829903,6117.86457830291,-2447.84810541502,-7784.4981315948,-3326.66196329577,-241.55838443556,-1901.58679443944
3161.84571790894,-1944.57466079333,3208.33366006898,5152.90832086232,6029.23075576276,-3110.57143532818,-8216.99181403045,-3064.08349316813,-243.186397474353,-1119.5088323748
2421.70808015024,-2504.10453778133,3230.3172706341,5734.42180841542,5724.77745856297,-3547.79515207549,-8473.60777000706,-2739.18596159164,-244.725773662766,-235.081423810315
1701.78907979912,-3099.70258432664,3032.31898764679,6132.02157197342,5163.85068266646,-3708.13175163484,-8509.62341576059,-2377.60184378717,-246.070148767487,722.100740539473
1004.31163778794,-3732.38705377288,2616.36536162172,6348.7524153946,4384.73411657407,-3627.46854286504,-8364.16723442588,-2015.41481903128,-247.046064078929,1716.9722347416
347.215121742121,-4392.01535190755,2050.81575617048,6442.83110807802,3487.52722585476,-3387.91647601631,-8127.146949666,-1684.31584158797,-247.604371903673,2707.69951031958
-275.661108338689,-5081.52741495554,1381.18900756505,6462.71642252059,2541.37402406878,-3064.62251125408,-7870.48881787093,-1407.77239535034,-247.587378846603,3673.75501960521
-865.62947955821,-5796.52034125699,756.603604313062,6553.12394557005,1696.97758542218,-2809.73778792577,-7740.62864962456,-1187.50470405452,-247.130722945386,4609.01563720248
-1423.15900809955,-6530.13888843499,140.108227849919,6670.24711628491,913.840958192876,-2583.13701211808,-7690.11689245354,-1019.86977616863,-246.137045825658,5510.26911226635
-1946.81261244381,-7272.53512671047,-452.249679496152,6820.2854472143,212.757830884941,-2404.22417874254,-7729.94669300918,-909.661245794882,-244.653735413777,6362.87388091558
-2432.53776563535,-8008.76912362669,-842.908200836187,7165.86092279049,-242.429402633249,-2432.84744641642,-8009.07880440774,-843.217881617248,-242.739083414288,7165.55124200944
-2883.07287800114,-8734.30616569422,-1157.23967619108,7577.06648950316,-601.554220117636,-2521.81471462132,-8373.04800231441,-795.981512811254,-240.296056737829,7938.32465288296
-3296.00565769271,-9437.80374505555,-1523.76472045789,7914.03902459767,-998.111464066226,-2535.36374524913,-8677.161832612,-763.122808014335,-237.469551622655,8674.68093704124
-3681.40790266045,-10120.2329396843,-2075.34342200127,8044.88951768308,-1533.74215066447,-2382.14380603764,-8820.96884306153,-776.079325378446,-234.478054041653,9344.1536143059
-4047.92816095552,-10778.8823766218,-2708.82724163246,8070.05513498933,-2098.55533771018,-2180.56249334595,-8911.51670901226,-841.461574022913,-231.18967010062,9937.42080259888
-4412.11777050766,-11418.8309464028,-3488.52904969641,7930.30189670641,-2753.73970645208,-1886.01959381825,-8892.73276971342,-962.430873007018,-227.641529762689,10456.4000733958
-4796.02547435441,-12046.9300463799,-4336.70487098465,7710.22517539521,-3407.91648540683,-1612.33292928963,-8863.2375013151,-1153.01232591989,-224.223940342054,10893.91772046
-5222.08436194708,-12667.9502856884,-5203.73361355412,7464.21667213429,-4001.70025632689,-1441.43429291103,-8887.30021665236,-1423.08354451807,-221.050187290846,11244.8667411703
-5688.3525947058,-13264.4714945379,-5912.07371235916,7352.39778217875,-4394.59966685736,-1511.91444512703,-9088.03334495916,-1735.63556278041,-218.16151727859,11528.8359317575
-6201.54961664419,-13834.5367608518,-6559.26883920108,7275.26792165067,-4710.79408574243,-1706.04541540228,-9339.03255960983,-2063.76463795916,-215.289884500509,11770.7721228926
-6757.96882564725,-14376.0256049974,-7238.70512967737,7137.32047531999,-5058.78187700987,-1911.59811489566,-9529.65489424579,-2392.3344189258,-212.411166258301,11983.6911860716
-7368.01574011437,-14892.4390213389,-7998.21446975038,6894.22455158856,-5475.5595901989,-2102.05541590941,-9626.47869713398,-2732.25414554542,-209.599265993929,12160.1848757935
-8026.23656604991,-15371.7051861514,-8803.08689867178,6568.61828747961,-5944.93586053827,-2288.29666859412,-9633.76528869562,-3065.147001216,-206.995963082463,12306.5581849354
-8735.41147087756,-15816.5017659496,-9873.15322765229,5943.34853829733,-6677.93898437911,-2262.2310347297,-9343.32132980175,-3399.97279150442,-204.758548231242,12416.5289744452
-9491.85644230456,-16216.9298419897,-11168.356776476,5048.57306551368,-7594.78312629576,-2099.93541232369,-8825.00881200883,-3776.43574649515,-202.862096314891,12440.4940954945
-10305.7010022153,-16573.1014956264,-12267.837938055,4305.26355757139,-8292.31730886725,-2214.77099154096,-8482.17148495204,-4176.90792738065,-201.387298192917,12396.1935682457
-11151.6545850593,-16865.769118671,-13144.9029678332,3720.86615083775,-8813.76495584376,-2538.21577054681,-8252.33030415855,-4531.46415332081,-200.326141331312,12334.3049653502
-12019.4935019863,-17097.5982780215,-14011.4552954679,3086.14298255362,-9367.30338626863,-2851.79408406881,-7929.89886010405,-4843.75587755045,-199.60396835115,12253.8424004711
-12901.7568622087,-17265.64679934,-14771.7578974577,2493.88890188228,-9850.24507059491,-3250.77740492483,-7614.66734205615,-5120.77844017388,-199.265613311078,12144.8683591661
-13779.7528652199,-17361.4341636194,-15381.5044554324,1979.92970818703,-10237.2930553788,-3741.94219199253,-7323.62349039203,-5343.693782205,-199.482382151363,12017.7403814144
-14625.9886931169,-17371.3447020931,-15840.3383477792,1531.00635431394,-10551.4880495165,-4274.91349829525,-7020.26950727149,-5489.26315295754,-200.412854694866,11882.0815491355
-15419.8452720869,-17293.498442136,-16300.3873877145,993.11105442144,-10949.1576737184,-4672.43686661116,-6546.0900366603,-5552.97898223886,-201.749268242664,11740.5194598971
-16150.5575096639,-17133.1359609791,-16758.4536139465,374.682347032625,-11409.2155879774,-4944.77622596309,-5927.3546772783,-5552.67233024569,-203.434304276517,11580.4636307335
-16798.5560359552,-16888.399189743,-17090.796757461,-202.397567717993,-11801.7067726755,-5202.48153883427,-5292.32469262202,-5494.72226034002,-205.63227555449,11393.676929403
-17360.0703320764,-16569.4081218449,-17256.9026285374,-687.494506692518,-12099.297518096,-5469.10458777387,-4678.44237754228,-5365.9368842348,-208.331773793384,11203.4712376101
-17815.269293574,-16176.0027443803,-17282.4214865483,-1106.41874216792,-12332.6064319351,-5694.1085036535,-4054.84195445988,-5161.26069662781,-211.445642014635,11014.7420477525
-18170.7362158547,-15730.4422175185,-17234.9565946625,-1504.51437714398,-12542.5894174665,-5842.89399412717,-3402.59999579097,-4907.11437293495,-214.747195739026,10823.3278445835
-18411.7409822317,-15233.8266128295,-16947.2039526987,-1713.37733986912,-12557.6230324048,-6072.13645528471,-2894.22208588249,-4607.59942575162,-218.018505457781,10626.2271870779
-18547.9745508814,-14705.9978783104,-16394.1354756003,-1688.13759728987,-12364.1447023488,-6405.03361773222,-2563.05694516128,-4251.19454245114,-221.203769199662,10454.8033358593
-18568.1368644472,-14149.4322650039,-15840.986838297,-1691.55457329308,-12238.9489632625,-6553.53043847617,-2134.82583903286,-3826.38041232594,-224.342537291489,10323.0518526779
-18488.8166065768,-13586.540278088,-15417.6466197616,-1831.10634167362,-12272.1297314941,-6443.88217999091,-1541.60585150217,-3372.71219317579,-227.195304908249,10213.8280849122
-18308.0621070229,-13022.0983884441,-15086.0182050637,-2063.91981661959,-12391.2871307526,-6146.41258393926,-860.448865360466,-2924.36868198005,-229.637607669023,10097.729706464
-18042.5300527049,-12465.6831804766,-14860.2095523925,-2394.52637191589,-12580.081430658,-5694.05431730898,-117.207445080673,-2511.73381699657,-231.605695261995,9953.9493634801
-17703.617834141,-11919.5670980255,-14680.5933411563,-2761.02624313082,-12791.4130349919,-5145.15590175766,638.894834357902,-2122.13140877292,-232.951102608512,9797.43568925257
-17312.6032238499,-11392.7017778051,-14504.5414400176,-3111.83966221251,-12968.1899991212,-4578.11283407424,1341.78861197057,-1770.05105024194,-233.699609345553,9622.65072756318
-16878.7841925102,-10886.0193286334,-14268.4475495264,-3382.428220893,-13045.8776805431,-4066.86784998094,1925.89701389588,-1456.53120699712,-233.961338013835,9429.48812163631
-16419.005338433,-10399.1159115279,-13815.5255942106,-3416.4096826827,-12877.8225163085,-3774.94552760154,2244.9438993035,-1171.46578337919,-233.762705477082,9227.65012814877
-15940.3616022822,-9932.49051515913,-13269.7844308949,-3337.29391573581,-12613.7093637492,-3559.7198277002,2448.15125942284,-889.14265631297,-233.06758916724,9043.34785884617
-15446.5027949865,-9485.96910595627,-12813.4504702531,-3327.48136429682,-12420.9022561081,-3257.40661912947,2703.12706990076,-624.354294396064,-231.806080251027,8861.61481156022
-14937.6624415695,-9055.65196997877,-12217.8542811686,-3162.20231118988,-12044.4513658992,-3123.28348974136,2758.72698184934,-403.475329340536,-230.072414071033,8652.17664063826
-14425.7857222701,-8639.93603082962,-11423.6018720782,-2783.66584124857,-11457.1783374686,-3196.45054864282,2589.3991427977,-194.266698450865,-227.843163841303,8445.66933237876
-13906.218212809,-8232.5343302904,-10445.7660486939,-2213.23171840355,-10701.682336129,-3429.71421048014,2243.96967203844,30.737953634891,-225.178333800176,8263.27228392527
-13374.1658168063,-7827.42732074385,-9445.85696187988,-1618.42964113603,-9947.06072620093,-3649.19069441908,1897.54780164332,279.118160507288,-222.085603813742,8106.54548125115
-12816.2998466476,-7415.89748211867,-8384.89744778097,-968.999965662311,-9156.88100472403,-3878.06705471836,1522.33530981054,553.335344148224,-218.648212794816,7969.23282626691
-12229.5440252534,-6994.99800913638,-7470.48433038879,-475.486321252432,-8534.56922030798,-3909.9366980635,1324.60931805356,849.122996801127,-214.961893118055,7844.12100593748
-11616.9538779327,-6569.88242311907,-6758.2234173033,-188.340994184256,-8110.41596816126,-3717.7851589476,1329.28629586602,1140.94530168176,-211.247249176191,7710.82772480082
-10974.7336756314,-6135.63164014634,-6140.46787415905,-4.83623401272003,-7765.55080610611,-3416.88565273226,1422.21638275279,1417.38014874007,-207.702783206985,7553.01178888641
-10301.1215290091,-5687.79624750469,-5574.98354990333,112.812697601351,-7460.83125314119,-3044.61446474561,1568.71081675878,1681.52351436013,-204.324188877716,7369.3197618648
-9592.72764825701,-5222.74462661222,-5065.88357192175,156.861054690464,-7202.98874677988,-2590.95011275039,1779.03290889441,1935.89396358488,-201.211211273248,7158.63859019708
-8841.77521094588,-4736.7055861555,-4619.55557948848,117.15000666702,-6989.96610588949,-2050.04724430856,2055.02238048183,2172.17238714884,-198.23813925217,6908.87797330435
-8061.77508363727,-4237.78215562094,-4211.32148037821,26.4606752426936,-6788.64396333034,-1468.25850123934,2355.734426777,2382.19510201969,-195.127380932409,6619.97725764062
-7269.48860053819,-3737.01226646254,-3913.23434736898,-176.222080906447,-6654.06667867284,-807.27246929792,2725.20386477775,2548.98178387131,-191.850547432553,6285.99405033386
-6479.74232119851,-3241.93509987529,-3778.16069366729,-536.225593791999,-6633.01539914324,-35.3076272402429,3202.49959408297,2666.27400029097,-188.580705184983,5908.20910016625
-5692.68903146675,-2749.62987237521,-3777.04248749553,-1027.41261512033,-6688.87043137362,810.742928974367,3753.80208806593,2726.3894729456,-185.438470932496,5476.0193453208
-4926.65783941718,-2267.08474853932,-3816.78570508491,-1549.70095654557,-6727.06204219137,1617.93198515951,4277.50507603735,2727.80411949179,-182.472217614677,4994.88886803113
-4202.72701273673,-1805.99275521831,-3873.33797479488,-2067.34521957657,-6722.29208008498,2339.84814477856,4736.58240229696,2669.23718272039,-179.716922569686,4475.22993793874
-3535.80228689314,-1374.30467207602,-3999.96888074713,-2625.66420867112,-6732.55494416809,3019.53777394281,5181.03538875991,2555.37118008879,-177.214883332159,3929.67585216481
-2921.13725243626,-966.012283283417,-4034.4949936069,-3068.48271032349,-6609.52617865855,3513.23804711923,5468.36301627207,2399.88030594859,-175.150879103057,3365.89258923202
-2367.37656084419,-585.401256207858,-4044.86846601726,-3459.46720980937,-6435.13775590233,3894.1507504499,5676.1260550862,2216.65884527683,-173.610444608234,2802.06010148472
-1887.14225223702,-244.222335607241,-4100.48941140094,-3856.2670757937,-6275.04558692158,4215.4862025471,5858.4061191769,2002.1390433832,-172.417132137435,2246.36137899044
-1480.93786243735,57.5941953608229,-4095.55434200927,-4153.14853737011,-6029.37362906068,4376.8225642237,5915.35462202188,1762.20608465177,-171.61320239962,1704.61188929096
-1132.51785651271,331.887751948389,-4263.20385909358,-4595.09161104197,-5949.38718222868,4645.91491680764,6110.32052526874,1515.22891422678,-170.95440890833,1183.34116227839
-853.833206248802,572.211035784417,-4473.563858472,-5045.77489425642,-5870.11625349723,4845.69044484381,6271.73468687701,1225.95979262059,-170.592602404624,653.748756836191
-647.535659457761,784.624163523736,-4498.72041126598,-5283.34457478971,-5584.27891250725,4766.16015156709,6198.31997454857,914.975399758864,-170.583101482397,130.351236235166
-511.332074342276,970.610248257166,-4317.05727229834,-5287.66752055549,-5099.47784864709,4417.11394035009,5899.05626294953,611.388742394038,-171.031833954715,-359.221505863116
-430.935162219502,1138.99095460452,-4174.94748923108,-5313.9384438356,-4677.22751855747,4074.52784020312,5644.45395702713,330.51551319153,-171.764516134851,-808.475441412984
-404.204086816838,1290.84732098797,-4338.21034411279,-5629.05766510077,-4563.21221419918,3986.39008175143,5681.44148955624,52.3838244554767,-172.618045630919,-1238.4634965325
-430.783137212755,1435.36758774492,-4727.0836152528,-6162.45120299774,-4653.08108738717,4048.72461652502,5914.8753414827,-247.575861515046,-173.573333649408,-1682.94344925998
-501.1938781559,1580.85439600882,-5060.76716144559,-6641.62155745441,-4658.8749528527,3982.86686268228,6064.91513684698,-576.706420607423,-174.814212014531,-2157.56081661623
-605.928111265813,1734.39393252309,-5097.46518865882,-6831.85912118192,-4373.28121510991,3591.03448344025,5931.35652722914,-900.502593952776,-176.318620403861,-2634.89652647589
-745.919486696406,1888.73856918992,-4929.72611825743,-6818.46468744735,-3903.88671817675,2980.00811248829,5614.66616837461,-1203.79851907274,-177.959118992061,-3092.53708826266
-908.227734358523,2046.82888859118,-4607.31380907053,-6654.1426976617,-3303.67532535776,2215.61011178624,5170.66673473592,-1483.47596292577,-179.837479213011,-3530.30485151695
-1086.68756205961,2212.92245777836,-4268.20063770811,-6481.12309548646,-2724.17056442097,1455.64594552493,4755.25596536292,-1725.86713012355,-181.837056836407,-3938.78958790193
-1280.91501757877,2384.66867424971,-3988.6518456792,-6373.32051992889,-2234.86236333729,769.999908444433,4435.5836002729,-1937.73691965599,-183.94743731407,-4322.40559390569
-1488.51547197599,2568.32196393744,-3856.96746382718,-6425.28942776461,-1911.98248056216,237.395611524788,4294.23304743822,-2131.0563803264,-186.071397061379,-4699.37834426385
-1695.37022258843,2771.56383113042,-3706.56909949653,-6478.13293062693,-1574.83830279746,-308.736503675064,4158.19755004376,-2319.93538058317,-188.204583884109,-5091.49921171358
-1893.58002326582,3005.75262909688,-3387.46420081464,-6393.21682991153,-1089.81538870577,-994.164773509578,3905.16787885312,-2488.04895105843,-190.400138949533,-5493.80158015531
-2084.16054351545,3269.47521710458,-2998.38730732519,-6267.86252442975,-572.758188366919,-1703.98715199344,3649.64860862657,-2618.21391580318,-192.584796844909,-5887.68913290774
-2248.95864800372,3579.40549306533,-2529.84470201277,-6109.2501950781,-25.1178031929264,-2418.41629555384,3409.9478455152,-2699.3023495629,-194.575450743047,-6278.70784262823
-2378.60078379952,3941.31040822602,-2022.59902555609,-5963.90943378211,511.601761783155,-3086.4832984637,3233.42789356185,-2730.48154022025,-196.280752881,-6671.79194844627
-2447.24771023338,4372.30640728002,-1385.88727352572,-5758.19368080573,1117.80667241015,-3762.72523183836,3056.82888567505,-2701.36479513069,-197.670849194828,-7073.67120241071
-2442.66650174989,4865.7849320708,-567.287167049886,-5433.07209912066,1837.27278186171,-4478.74785354394,2829.70358027673,-2603.36851884394,-198.808569932355,-7469.15345091473
-2345.25265411192,5429.74038295939,526.98679029733,-4902.75359266204,2748.74473746378,-5293.66443890124,2481.32859817008,-2421.42499449197,-199.667047325525,-7851.16537745136
-2145.87255981273,6062.69086285652,1870.59726120207,-4192.09360165444,3802.92180129343,-6149.00875154258,2059.55467112666,-2132.53893052778,-200.2143904364,-8195.2297933843
-1813.37947237384,6776.25590349713,3351.55665052878,-3424.69925296833,4854.02844735719,-6867.76829813852,1721.86707773244,-1702.83217523589,-200.360378407483,-8479.08807873301
-1346.11669784881,7557.09752500668,4875.05627569465,-2682.04124931203,5830.658969846,-7376.8662336665,1526.34798918899,-1155.69326012304,-200.090565971676,-8712.79078512972
-723.936606733862,8403.40384215333,6286.06951829961,-2117.33432385372,6586.7308132576,-7509.94186845933,1617.39858042786,-499.935743425865,-199.274448467866,-8903.3395855792
68.5388901539299,9312.0617372474,7594.7148914819,-1717.34684576551,7155.01426318082,-7284.41688356283,1959.10596353065,241.759117765133,-197.941510535938,-9070.30261948228
1033.33150881618,10264.9172620402,8882.32763457076,-1382.58962746944,7641.31606552448,-6804.16576735257,2427.41998587145,1044.83035840201,-196.181210644271,-9220.08690363818
2162.62340544248,11239.6665402091,10193.3105781981,-1046.35596201094,8095.53018379181,-6126.93069001049,2950.11244475612,1903.75648274518,-194.023911661159,-9335.91005746391
3447.29199615832,12214.2885234344,11531.6099230774,-682.678600357052,8536.20085799526,-5280.38607930233,3486.61044797376,2803.93184761671,-191.477217465385,-9410.3566758177
4863.59118631907,13159.2242122025,12782.8113959562,-376.412816246285,8882.97943618164,-4207.91247681568,4087.72054906777,3711.30773282148,-188.524226953116,-9447.91647938103
6382.27524458709,14046.482172817,13954.9679295366,-91.5142432803834,9168.98512356986,-2971.99683484186,4692.21009338802,4600.69585010763,-185.286955859066,-9445.78632270933
7972.49628784008,14851.2281478381,15038.4326850127,187.204537174661,9409.96359261948,-1619.39462764919,5259.3372323488,5446.54176952345,-181.927322869808,-9404.68637831462
9599.7072354594,15548.198551584,15952.1911443824,403.992592798381,9557.453083385,-136.317686716323,5812.17362940824,6216.16622220662,-178.571838790723,-9332.03232937734
11224.0223964827,16122.0064880036,16674.4897413585,552.483253354911,9616.27219163689,1432.62158267192,6330.60567419287,6883.08892754779,-175.128622173856,-9238.91756045584
12800.7165167514,16546.8271224577,17145.0086684316,598.181545973943,9554.81900888823,3074.21801955701,6820.32862526331,7418.51017123725,-171.67948830615,-9128.31695122044
14282.5541868023,16808.027629325,17404.4292768948,596.401647569814,9435.59046860636,4678.59126559431,7204.06470811701,7800.46635568682,-168.372452601642,-9007.56127363816
15633.1991797674,16896.8065958589,17453.3115914975,556.504995638584,9271.36835614023,6196.36239505318,7459.96981114466,8016.47480678324,-165.468428573981,-8880.33178907563
16810.8015511867,16816.7558447269,17403.5028322374,586.746987510437,9174.72995322893,7472.86485123988,7478.81914478006,8065.5661322905,-163.206746717931,-8751.18971243642
17793.77951072,16579.1601541769,17120.3341285465,541.173974369531,8992.94814508432,8639.22756873902,7424.60821219599,7965.78218656551,-161.603796896618,-8613.37796761143
18567.570019763,16199.6153002957,16594.9699773645,395.354677068807,8703.75320974921,9703.27087673412,7335.31615726678,7730.67083433558,-160.545933279699,-8468.94446596011
19120.4519317397,15688.1399129179,15843.4217047342,155.281791816287,8319.86850898083,10640.5787545113,7208.2667356895,7363.54852750579,-160.004668247575,-8324.5913854121
19449.7672074674,15062.7486568272,14897.0433616907,-165.705295136406,7870.36399154535,11419.449747695,7032.43119705476,6866.72590191835,-159.953468227063,-8196.02275490881
19552.7423396949,14337.0632332091,13877.6146923067,-459.448540902502,7445.2837775833,11947.1988465325,6731.51974004673,6272.07119914422,-160.259715579121,-8064.99203406493
19443.3392015144,13531.1179479729,12667.1025067606,-864.01544121233,6908.53505042936,12374.0658818887,6461.84462834725,5597.82918713491,-160.738269196277,-7933.28876083799
19130.3015664835,12662.469837456,11330.657064746,-1331.81277270999,6326.62946183716,12642.3108036868,6174.47907465937,4842.66630194938,-161.361300959478,-7819.80353550664
18637.4242699805,11757.5127611028,9973.52096545263,-1783.99179565014,5790.07032641949,12685.1846776994,5805.27316882163,4021.28137317148,-162.16926586166,-7736.23138793131
17974.8416074195,10834.4032528327,8769.9312503414,-2064.47200249129,5442.31477378357,12369.4220434667,5228.98368887989,3164.5116863886,-163.104790169223,-7669.89156644408
17153.3208758326,9900.18459040683,7633.71713929795,-2266.46745110887,5175.39062037824,11813.838084823,4560.70179939732,2294.23434828845,-164.092170631273,-7605.95024211838
16180.9948317741,8960.7183475855,6471.52779345728,-2489.19055412822,4897.81702080236,11118.1986802149,3897.92219602628,1408.73164189807,-164.979130756849,-7551.98670568743
15070.840234197,8026.73747084889,5374.6486905843,-2652.08878026459,4697.34294968296,10207.5787595775,3163.47599622939,511.387215964809,-165.918524936517,-7515.35025488408
13840.7723117312,7119.25120876796,4259.73752021804,-2859.51368854991,4482.4704184266,9191.54781276218,2470.02670979897,-389.48697875094,-166.754080542374,-7508.73818751889
12504.4121240188,6257.25365805433,3206.95918102754,-3050.29447702678,4326.17209055402,8010.78302726089,1763.62456129643,-1286.66991573035,-167.457006203861,-7543.92357378466
11085.2428010738,5460.2935198289,2290.26615780108,-3170.02736202782,4285.93042361061,6631.27345031998,1006.32416907505,-2163.70319295277,-168.038927143242,-7623.99671278168
9606.14493491336,4746.37545572873,1575.26431085012,-3171.11114487864,4397.35024522298,5040.07764147426,180.308162289646,-2990.80298258899,-168.717048216114,-7737.17843831772
8092.63770940986,4131.83314354861,1035.28751914717,-3096.54562440143,4601.71138701525,3321.44499076904,-639.359575092203,-3735.90519949363,-169.481331625575,-7867.73834304224
6579.49912337856,3635.36989537677,569.646449029848,-3065.72344634695,4785.5761500687,1623.63347554957,-1320.49575245222,-4386.21919879917,-170.289497760294,-8021.58909417595
5107.45394867015,3283.12983435366,190.707960176438,-3092.42187417721,4953.72474198059,-17.3457970339465,-1841.66991135045,-4934.09178552766,-171.075003723518,-8217.22161988131
3710.99035861927,3090.56546036804,-40.7088778132846,-3131.27433818132,5155.67086926208,-1616.50092727006,-2236.92582552131,-5368.20016370262,-171.820416627254,-8458.76562407065
2410.44687627476,3061.88190352277,-126.913871750522,-3188.79577527328,5377.68429578007,-3139.74881915528,-2488.31379190726,-5677.10956718054,-172.511399649957,-8738.9914707033
1257.82862917814,3219.971149435,35.6245571095008,-3184.34659232551,5705.79524464269,-4621.02712463094,-2658.88460437408,-5843.23119669959,-173.06050916639,-9063.20234613459
284.018520101496,3572.45833021809,480.869380184032,-3091.58895003406,6164.28374836477,-6053.76406670006,-2765.32425658347,-5856.91320661752,-173.498838436802,-9429.3715368356
-481.953297632128,4117.48569756146,1196.95212143319,-2920.53357612828,6730.56724044988,-7386.27563334697,-2786.83663815339,-5707.37021428166,-173.755095264966,-9824.85591184312
-1014.11229312827,4851.88166132173,2156.21598278847,-2695.66567853324,7365.04886452277,-8553.00494416722,-2687.01098971724,-5382.67666825048,-173.843786516174,-10234.5583295722
-1276.89222561601,5777.32459870458,3380.43604465164,-2396.88855405293,8091.97711527124,-9542.59866478017,-2488.3818404596,-4885.27039451253,-173.729323892938,-10662.5949932171
-1257.01630999641,6879.07903621186,4767.05092153511,-2112.02811467674,8816.50144356983,-10246.9104970494,-2110.81515084113,-4222.84326551787,-173.392743483153,-11101.9223017297
-939.261440737124,8138.83491408529,6293.83167237643,-1845.00324170886,9520.45367297743,-10632.4511028153,-1554.35474799293,-3399.35798970179,-172.735989100782,-11538.1929037871
-318.452158738507,9528.85001352412,7869.1678343947,-1659.68217912943,10142.0183948566,-10632.4436149318,-785.141442669146,-2444.82362179857,-171.973061336626,-11973.6736353227
598.341685987187,11017.5802792004,9402.62014679395,-1614.9601324064,10627.5279738288,-10200.1549286817,219.08366453144,-1395.87646787496,-170.968640840059,-12413.4567470753
1788.91885084701,12566.2672717486,10942.5275625481,-1623.73970920056,11084.1052567909,-9465.21742735547,1312.13099354614,-311.608715654421,-170.031021411545,-12877.875987403
3214.95898736764,14134.1736692148,12568.9799325309,-1565.19373668389,11624.2616524093,-8578.37812497918,2340.83655686802,775.642820184128,-169.075459937475,-13358.5308490307
4844.88267040653,15681.4600902359,14168.7890370572,-1512.67105317879,12162.0978783785,-7485.31537288792,3351.26204694149,1838.5909937627,-168.100164915953,-13842.8690964733
6634.97879022077,17171.298733739,15741.670606263,-1429.62812747592,12731.0123710322,-6263.19709694414,4273.12284657404,2843.49471909812,-167.163516132728,-14327.8040146408
8536.972880238,18574.2929616446,17257.6002923282,-1316.69266931633,13321.2090717219,-4950.46268449284,5086.85739691372,3770.16472759739,-166.226493008915,-14804.1282340472
10492.9106030951,19852.967757549,18587.2022087308,-1265.76554881818,13832.0343233171,-3504.32950079327,5855.72765366056,4589.96210484238,-165.205780571336,-15263.0056527066
12446.8294809697,20977.3264509665,19744.5337491127,-1232.7927018538,14299.445893837,-2016.88896264976,6513.60800734706,5280.81530549326,-164.272549782419,-15696.5111454733
14357.4153851361,21935.9756214406,20707.2299799739,-1228.74564146674,14722.1158114193,-528.007142216178,7050.55309408836,5821.80745262161,-163.306715932983,-16114.168168819
16165.4682433748,22715.2927962383,21475.0830339767,-1240.20976226153,15107.7770548723,895.393502607497,7445.21805547099,6205.00829320946,-162.297685894993,-16510.2845030288
17837.9799747252,23317.7432552006,22135.0194089645,-1182.72384623618,15528.9021738448,2147.56655784042,7627.32983831586,6444.60599207968,-161.511243039979,-16873.137263121
19350.0987734882,23748.9371775386,22557.4391540245,-1191.49802351407,15845.4384080404,3343.73053137594,7742.56893542629,6551.07091191222,-160.929834071879,-17197.8662656264
20678.5230676161,24016.8288125533,22833.8921957699,-1182.9366167834,16146.0706557817,4371.85107659318,7710.15682153042,6527.22020474702,-160.601335241157,-17489.6086078063
21809.6478575122,24128.506353292,22990.9652034599,-1137.54114983213,16440.8988265517,5208.44708515925,7527.30558093908,6389.76443110695,-160.301945801244,-17738.7419221851
22730.1789204558,24092.8897789805,23033.2405750267,-1059.64920395376,16712.5441568674,5857.37718173007,7220.08804025483,6160.43883630107,-160.2575818583,-17932.4509426795
23443.8702238398,23926.486760598,22972.9474109636,-953.539349634416,16953.9595292612,6329.50018494474,6812.11672170294,5858.57737206852,-160.410509633842,-18067.9093885295
23953.6536651219,23650.2743782066,22725.5839484061,-924.690429800496,17065.2065651533,6727.8138096869,6424.4345227716,5499.74409297111,-160.633290281677,-18150.5302852355
24284.4064793682,23298.6436647,22366.0223326241,-932.62133207594,17092.96088127,7030.69447047459,6044.9316558064,5112.31032373046,-160.75112762358,-18186.3333409695
24452.2546106891,22891.2575225932,21953.1401407854,-938.117381807759,17062.6292702268,7228.79495046625,5667.79786237032,4729.68048056256,-160.830389996029,-18161.5770420306
24483.9402962343,22449.8119024805,21410.0821789017,-1039.72972357881,16884.6316607555,7438.39339490927,5404.26500115552,4364.53527757671,-160.915240569451,-18085.2766249038
24396.5767329768,21978.2683561842,20778.418999521,-1199.84935666323,16610.2388853448,7625.37044183312,5207.06206504049,4007.21270837727,-160.967405798867,-17971.055647807
24212.572144478,21495.5720872416,20030.5495701423,-1465.02251709932,16210.8931109815,7840.91535936926,5123.91530213289,3658.89278503357,-160.763674127228,-17836.6793022081
23953.6479955337,21014.3189068011,19242.0223570001,-1772.2965498009,15763.3969662989,8029.91899283578,5090.58990410315,3318.29335430225,-160.332036398982,-17696.0255524988
23644.5801935635,20546.7648242892,18495.204813634,-2051.56001065527,15346.5605107722,8138.25083163197,5040.43546235768,2988.8754517024,-159.768851159385,-17557.8893725868
23300.7859996214,20096.2399737538,17750.4545156243,-2345.78545812943,14918.7379695368,8222.94529688074,5018.39927101315,2672.61381288371,-159.102733203825,-17423.6261608701
22935.6483395788,19667.1847237501,17059.7290376379,-2607.45568611215,14541.3514220915,8236.03189155219,4967.56827572352,2360.11258961138,-158.265025935121,-17307.0721341387
22559.7724674869,19259.8694868698,16444.486484136,-2815.38300273377,14241.3580522336,8161.05903768713,4861.15605707003,2045.77305433625,-157.355377566229,-17214.0964325336
22168.3191721136,18870.0199644346,15916.2854301262,-2953.73453430844,14026.2669064395,7985.66764331444,4687.3684356355,1733.63390132706,-156.384622359542,-17136.3860631075
21758.8415197845,18489.8355981498,15321.1063208769,-3168.72927727292,13751.6375203622,7851.92954701019,4582.92362537546,1414.19434810254,-155.274452412136,-17075.6412500472
21345.2780549781,18126.240778466,14663.0424930642,-3463.19828540182,13445.743267061,7745.39203667012,4526.35476015797,1063.15647475615,-154.142751246986,-17063.0843037099
20906.3593661485,17768.7261874079,14077.9909753745,-3690.73521203338,13259.4307161895,7494.12933824743,4356.49615950689,665.76094747351,-152.79931171153,-17102.9652399344
20432.0222913569,17413.4191303159,13523.6449967663,-3889.77413354962,13145.3253255163,7135.3340752438,4116.73091420277,226.95678065315,-151.362890596831,-17186.4623496628
19920.922424949,17064.6009150042,12989.8266006505,-4074.77431435366,13083.481545625,6687.65864869196,3831.33713874717,-243.437175606497,-149.782230632068,-17308.0380906107
19372.4096415632,16726.3628539034,12518.3877879736,-4207.9750659298,13113.4671165255,6110.70007187901,3464.65328421928,-743.321781710527,-148.242453158667,-17469.684635614
18779.4635915174,16404.1052603505,12165.1974001222,-4238.90786022835,13274.9005581349,5357.90603603482,2982.54770486797,-1256.36015536037,-146.656997347601,-17660.4654157109
18145.2243946815,16110.2434524476,11924.1042584193,-4186.13919402831,13548.1923988324,4451.94652704773,2416.96558481383,-1769.17360921448,-145.085468801293,-17879.4170616621
17484.6732766411,15862.1097094982,11772.8588545952,-4089.25085490304,13891.5271002814,3449.62973822407,1827.06617108124,-2262.18468382181,-143.516438135577,-18124.29439332
16806.5767129316,15671.3707487669,11674.112120106,-3997.25862866088,14250.9091814105,2413.77830720327,1278.57234303859,-2718.68628562229,-141.889224317833,-18390.0570343892
16127.2236333513,15552.6703105034,11684.7449492442,-3867.92536125917,14662.542652245,1324.5501364536,749.996813605691,-3117.92854765347,-140.130844652633,-18670.5988581568
15466.9140123099,15515.0252464356,11811.6691944353,-3703.35605200033,15110.2804008177,218.423649589616,266.534883715292,-3436.82116828504,-138.209961902656,-18951.8464147206
14857.0153455195,15574.392910303,11975.3230007652,-3599.06990953772,15502.3054003731,-781.433699282702,-64.0561344992182,-3663.12604403693,-136.14364442903,-19237.5189543399
14326.6692525843,15742.3457672811,12243.2017798239,-3499.1439874572,15905.0688090771,-1712.12689188253,-296.45037718578,-3795.59436464298,-133.727335389767,-19537.9401319241
13899.0835147702,16027.0188193359,12627.835956225,-3399.18286311088,16318.3385981705,-2550.29682086381,-422.361516298136,-3821.54437940902,-131.041737463564,-19848.5631987449
13599.8543785692,16432.1674331793,13117.9080925514,-3314.25934062791,16721.2529509888,-3249.77585989039,-417.462805280341,-3731.72214590825,-128.37728747081,-20163.8895790875
13451.1844979702,16957.7251408326,13766.7811282163,-3190.94401261636,17163.1692540826,-3837.75631887885,-331.215676016403,-3522.15968863277,-125.771562766465,-20479.8848294654
13476.6014048206,17602.2586807239,14570.1638307821,-3032.09484994188,17630.4239955767,-4277.01711172217,-151.359835818882,-3183.45468576076,-123.194520966109,-20785.7133664847
13697.7447285271,18360.7932763529,15492.3393175613,-2868.4539587916,18081.7523886395,-4504.96376934416,158.084778481641,-2710.36918030996,-120.956109231808,-21071.1624566629
14127.8473947614,19215.6704487379,16456.5237994694,-2759.1466492685,18458.080207432,-4449.22656434444,638.596489632057,-2120.55015963645,-118.993751673819,-21336.2206083744
14775.1022244764,20147.1898721147,17526.3545819164,-2620.83529019823,18841.2465887066,-4183.49559723279,1188.59205040546,-1432.24323979278,-117.351233002655,-21579.4331119074
15638.9066084216,21129.5970035184,18643.4255695842,-2486.1714339342,19199.485672334,-3676.51085138455,1814.17954371227,-671.991890221931,-115.931787472065,-21801.5888937403
16705.7092016966,22129.8987759682,19845.0860246664,-2284.81275130178,19587.0999116557,-2996.01994098103,2428.16963329055,143.356881988772,-114.629231021988,-21986.5418939794
17965.0028979589,23115.2118304822,21074.7722430774,-2040.43958740481,19963.8384931086,-2112.33702734271,3037.87190518064,997.432317775821,-113.501432193033,-22117.7795127064
19381.0849441879,24037.3641234345,22333.4209986286,-1703.94312480591,20364.7623443464,-1096.22988744085,3560.04929180574,1856.10616699983,-112.552487282302,-22181.2579564346
20907.1527204471,24841.5971018357,23588.3311513148,-1253.26595052089,20788.9730861926,6.4754846530294,3940.91986604154,2687.65391552065,-111.704149601513,-22153.943186315
22505.0118943424,25495.1105254091,24858.3368105947,-636.773714814398,21279.4905173828,1114.59225595248,4104.69088701913,3467.91717220474,-110.929121007155,-22027.1933532043
24143.9608726155,25978.0353565274,26068.302615995,90.2672594675993,21766.488205915,2267.00457494878,4101.07905886074,4191.34631832834,-110.468091751658,-21786.6890381991
25789.5542550113,26264.3969067573,27210.5568007107,946.159893953391,22251.6236353038,3427.53267754746,3902.37532929346,4848.53522324685,-110.397942160093,-21415.8616835105
27414.8822780533,26343.6164459794,28257.6122302815,1913.99578430216,22716.9170440038,4587.42129568629,3516.15546361236,5430.15124791452,-110.543938363226,-20913.4651980649
28972.4891121618,26177.9716180161,29123.677886543,2945.70626852689,23110.5504144228,5750.93838722206,2956.42089307637,5902.12716160327,-111.000310516947,-20275.8444564128
30421.8873887549,25748.9065687398,29795.3455916161,4046.43902287628,23439.107639925,6871.23425142828,2198.2534314132,6244.69245428948,-111.545497401662,-19504.2141144503
31697.4076242965,25018.086234357,30159.1469124374,5141.06067808037,23617.3711611206,7967.77955606523,1288.45816612579,6429.51884420615,-112.256907110612,-18588.5673901509
32761.9539707531,23985.0305303355,30177.7683715945,6192.73784125893,23627.6350908411,9021.03972539673,244.116284979101,6436.85412623803,-113.279154515339,-17548.1764040975
33555.2861269707,22627.9769076057,29842.8436251985,7214.86671759277,23485.6095304808,9955.13948755308,-972.169731811933,6242.69698578084,-114.537108936812,-16385.2799218249
34038.4045828394,20956.3454346454,29106.8928213855,8150.54738674014,23149.4016197427,10773.0207329761,-2309.03841521798,5841.50897152217,-115.98223012067,-15114.8364631232
34175.3375125833,18978.6988806088,27943.212846906,8964.51396629724,22604.1382550439,11453.728486044,-3742.91014593048,5221.60382036677,-117.470771495308,-13757.095060242
33949.9314496981,16731.4837822132,26357.5033710358,9626.01958882258,21851.2199756657,11979.679281678,-5238.76838580687,4387.25120301571,-119.032192354432,-12344.2325791975
33323.8981175023,14229.7130493767,24514.0727406655,10284.3596912888,21046.7348808659,12156.5892644567,-6937.59580366895,3346.76388761984,-120.573972179746,-10882.9491617569
32287.2764596813,11512.5389244751,22384.0060802544,10871.4671557792,20139.7742910473,12025.3858983943,-8749.35163681184,2122.11551896741,-122.116270239671,-9390.42340550772
30851.2932282122,8629.73676277658,19973.5596535606,11343.822890784,19119.2383822882,11608.4082906284,-10613.1481748073,730.674715976697,-123.646555295651,-7899.0620467999
29016.2610148914,5624.05149466369,17357.0705641215,11733.0190694578,18038.2971110725,10852.9538526364,-12539.2556675913,-806.236598133487,-125.010051182485,-6430.28809279719
26809.0214751756,2562.00312308667,14626.0192569482,12064.0161338616,16947.6759610513,9735.07994702148,-14511.9384050675,-2447.9222712059,-126.265567102849,-5009.92539429257
24234.7886986631,-524.997660725027,11756.464352736,12281.4620134611,15788.9006396951,8318.53353482371,-16441.2528245644,-4159.79081110334,-127.354524144238,-3634.79315037832
21336.3219579833,-3571.88600337132,8802.78864852547,12374.6746518968,14583.2399864865,6624.84227197434,-18283.3656893803,-5908.6910374835,-128.239699522432,-2336.80503411219
18149.9483811869,-6531.54609202607,5895.34458675098,12426.890678777,13419.7821190399,4601.42225084968,-20080.0722223633,-7653.18154358623,-128.744011297307,-1121.63545156018
14742.8684877002,-9334.28174722082,3117.5695148773,12451.8512620981,12321.6883072426,2292.07206930372,-21785.0781656173,-9333.22690351922,-129.108111153962,1.05484370158151
11180.2799050183,-11925.2790783189,355.496569283238,12280.7756476021,11132.9184366392,-81.9196086068576,-23187.4785919441,-10906.7029443419,-129.281076986001,1018.57613397696
7549.51081739287,-14235.8844094183,-2247.5401702194,11988.3442391989,9964.66601219052,-2544.19679281171,-24329.5920196229,-12341.247780424,-129.041598014061,1894.63662899436
3895.03112215397,-16243.1451001108,-4682.09425681539,11561.0508432954,8798.61494469569,-5031.95178309572,-25170.1280053605,-13609.0771620651,-128.367960553991,2634.06793804575
305.026383004833,-17900.712124537,-6844.31361038141,11056.3985141556,7695.34660129449,-7517.78739581641,-25723.5259033582,-14667.1273892027,-127.467177526738,3233.58473533433
-3130.62669250877,-19171.5159975389,-8754.74925898603,10416.7667385529,6607.80601577177,-9865.1071177373,-25905.9964227674,-15489.2296842145,-126.674409456737,3682.28631332438
-6380.51842837659,-20066.2152235778,-10382.605545826,9683.60967775177,5559.75786527185,-12066.1000981029,-25751.7968933041,-16068.1872155523,-125.823804454438,3998.02800802548
-9399.26524534365,-20599.355417638,-11716.3634287258,8882.99198891213,4555.53837451576,-14079.7260817339,-25279.8162540282,-16396.8242651161,-124.922461874481,4202.53115252187
-12123.2784059919,-20764.3083796596,-12742.3961051543,8021.91227450528,3604.65989009734,-15851.875460439,-24492.9054341067,-16470.9931596015,-123.937164349784,4293.31522005816
-14514.7805366375,-20579.0036128887,-13472.5166778589,7106.48693502979,2703.96704818537,-17341.6685964395,-23405.8916726907,-16299.4047376609,-122.921011616622,4279.5988752278
-16563.812537689,-20088.6330439099,-13976.5766286038,6112.05641530614,1805.22969520783,-18491.0205084129,-22015.8410146337,-15903.7845993276,-121.97827551599,4184.8484445823
-18274.0853293362,-19350.8810746894,-14230.9403944043,5119.94068028504,967.088066997982,-19362.2050750752,-20439.0008204284,-15319.0601401434,-121.03167874106,4031.82093454598
-19633.9435006944,-18396.0603370272,-14196.0866786092,4199.97365841808,247.68992515455,-20001.7765854496,-18763.8934217824,-14563.9197633643,-120.143159600552,3832.14057366297
-20662.4687044369,-17282.5753044728,-13946.9158545472,3335.6594499256,-400.624364229439,-20381.16903911,-17001.2756391459,-13665.6161892203,-119.324698902578,3616.95911525246
-21364.5832983452,-16050.9037007081,-13534.1483653014,2516.75533540666,-993.331192825471,-20489.8888995832,-15176.209301946,-12659.4539665393,-118.6367940634,3391.44973416873
-21775.5886139194,-14746.1040374387,-12987.6180809465,1758.48595649219,-1529.42529275407,-20364.1435632936,-13334.6589868129,-11576.1730303207,-117.980242128297,3169.93100711795
-21943.0493147764,-13408.4865965731,-12334.7197528044,1073.76684376869,-2016.39935534316,-20043.8471334289,-11509.2844152255,-10435.5175714568,-117.197173995656,2972.96902511619
-21893.4578354051,-12067.9920024112,-11529.4131872951,538.578815116086,-2386.84116422124,-19622.9727445076,-9797.50691151365,-9258.92809639757,-116.356073323708,2809.0639060136
-21698.2360470281,-10788.6407734501,-10714.0850075562,74.5557658939341,-2759.68641637924,-19054.0419933563,-8144.44671977836,-8069.89095388443,-115.492362707468,2718.74981956572
-21373.7639401057,-9591.46935880208,-9934.09820827774,-342.628849475657,-3145.07147815063,-18343.3333613532,-6561.03878004953,-6903.66762952518,-114.640899398073,2687.80172927689
-20970.2973093027,-8523.12944632848,-9234.64129538101,-711.511849052539,-3551.65595105943,-17532.4917496876,-5085.32388671331,-5796.83573576584,-113.850391444254,2726.29371056264
-20547.2752370511,-7609.37144917093,-8615.28134179996,-1005.90989262902,-3957.87135641797,-16702.3952793399,-3764.49149145973,-4770.40138408875,-112.991398706751,2838.97006508219
-20121.9590031965,-6836.2581998031,-7964.49702625029,-1128.23882644718,-4262.72224837661,-15971.3041474002,-2685.60334400681,-3813.84217045399,-112.067392580309,3022.41602934911
-19654.9735893078,-6160.62697162637,-7310.05666374003,-1149.42969211366,-4500.71874029837,-15265.4320462486,-1771.08542856714,-2920.5151206808,-111.177197239127,3240.11185094558
-19188.8615080779,-5600.04436909978,-6651.48609170861,-1051.44172260883,-4677.11866880005,-14622.0319198296,-1033.2147808515,-2084.65650346033,-110.289080551753,3515.38786563946
-18738.657527999,-5154.02959188995,-6035.94700290747,-881.917411017515,-4855.18880408297,-13992.912526425,-408.284590315978,-1290.20200133349,-109.443802508991,3863.82759055647
-18281.7350609657,-4786.42332325186,-5483.93751094151,-697.514187689636,-5068.82793946448,-13321.6372822806,173.674455433194,-523.839732256443,-108.730160779422,4262.58359099543
-17783.6085798918,-4460.76060146526,-4877.45045174877,-416.689850283494,-5230.7551745484,-12660.9086903042,661.939288122285,245.249437838793,-108.05528496084,4706.01003930407
-17255.2182613728,-4173.57040121071,-4269.61873225215,-96.0483310414454,-5411.52921824151,-11951.2017441546,1130.44611600749,1034.39778496605,-107.512701023315,5207.96818617677
-16657.4582599583,-3897.44646067146,-3597.19707770481,300.249382966663,-5570.59306646869,-11194.0376250686,1565.97417421817,1866.22355718483,-107.172431579051,5763.6700178563
-15884.3000934269,-3560.31650060798,-2824.52883074649,735.787669861496,-5699.05334027962,-10292.2917301234,2031.6918626955,2767.47953255699,-107.044976976144,6327.79603316497
-14912.4811559384,-3150.78562466531,-1928.3710264917,1222.4145981736,-5777.87060473938,-9241.6641731396,2520.03135813347,3742.44595630707,-107.05362194062,6893.23158097235
-13709.0458940749,-2673.53450325076,-911.770651135268,1761.7638521155,-5798.45335268189,-8017.71236504897,3017.79902577514,4779.56287789064,-107.119823655982,7453.0973811414
-12286.5399847352,-2158.99742731271,200.713064524484,2359.71049183719,-5778.34034743966,-6615.57215133864,3511.97040608389,5871.68089792108,-107.372514043073,8030.67832523376
-10668.4595787365,-1649.10508221254,1299.58647094193,2948.69155315446,-5799.03023240514,-4977.24058177446,4042.1139147495,6990.80546790396,-107.811235443095,8639.91055011649
-8817.66492246141,-1133.83518188643,2424.52197889594,3558.35716078238,-5795.21972037411,-3130.7823236791,4553.04741689584,8111.40457767822,-108.337121591851,9245.23975956465
-6743.77901158022,-636.267462031002,3554.70562490507,4190.97308693607,-5757.99878590083,-1094.65360492988,5012.85794461933,9203.8310315554,-108.8733792505,9840.09849358643
-4487.54916030533,-201.974885270068,4601.29050490685,4803.26539017691,-5727.83601084219,1130.79761694589,5416.37189198115,10219.6372821581,-109.489233590975,10421.6121674281
-2120.25348640734,109.292559626452,5520.63290782985,5411.34034820341,-5698.22123181434,3467.89070280046,5697.43674883424,11108.7770970376,-110.077042606524,10999.4845374112
284.569535551294,248.213867284115,6273.79025575966,6025.57638847555,-5663.97014722236,5837.92212108953,5801.56645282235,11827.1428412979,-110.617561684116,11578.9289740138
2640.07918803823,164.848435458524,6808.7058457367,6643.85741027819,-5631.880229204,8161.09685286768,5685.86610028797,12329.7235105662,-110.862564374531,12164.8750751076
4869.9872141324,-176.378985428091,7075.82477054979,7252.20375597789,-5607.20795712205,10366.4716899141,5320.10549035357,12572.3092463315,-110.723481340381,12748.6882317596
6877.94712594607,-815.704988480661,7005.45965178392,7821.16464026458,-5624.86788764993,12392.486688796,4698.83457436925,12519.9992146338,-110.328324800008,13335.7042031145
8572.84855147566,-1766.78457197099,6548.24560596472,8315.03017793572,-5723.25445834623,14186.3404184883,3846.70729504165,12161.7374729774,-109.762591333585,13928.5220449484
9892.64364762893,-3021.41772787689,5690.24686841792,8711.66459629485,-5917.22668160629,15700.6642458324,2786.60287032653,11498.2674666214,-109.20608340283,14519.6851944983
10754.0914032596,-4587.61882928517,4404.49437724706,8992.11320653225,-6225.12323432937,16870.5496978181,1528.83946527335,10520.9526718056,-108.664939770828,15108.5715010908
11123.760975874,-6433.98099639089,2720.10989851781,9154.09089490873,-6626.15950356845,17641.8673733419,84.1254010770604,9238.21629598579,-108.053106100473,15672.1972923767
10960.5588309234,-8527.08128288279,694.678653488122,9221.75993637092,-7095.51666037694,17948.74397369,-1538.89614011625,7682.86379625467,-107.331517610384,16209.9450791375
10239.1293011629,-10831.7960241186,-1676.20148945317,9155.59453466547,-7666.97889687133,17799.6516518681,-3271.27367341344,5884.32086125203,-106.456546166141,16716.1168853707
8960.16534691182,-13296.4669303344,-4446.86973028457,8849.59720004984,-8426.40003156233,17281.0979245927,-4975.53435265347,3874.06284739636,-105.46745388141,17170.5297777308
7138.93726350993,-15863.450922413,-7459.20448668202,8404.24643573101,-9267.50295523749,16301.99298963,-6700.39519629291,1703.8512394381,-104.447229117376,17567.3021618511
4778.24219865418,-18486.1173147368,-10680.6294242401,7805.48789049673,-10216.7093450844,14891.5548628488,-8372.80465054218,-567.316760045455,-103.39668088982,17918.8005546913
1899.61097507761,-21107.9093788306,-14001.7945823738,7106.11479645679,-11246.5345245785,13043.6689519619,-9963.85140194633,-2857.73660548953,-102.476547694214,18250.1727733411
-1383.53422698837,-23631.2271163635,-17266.8617651906,6364.36535117288,-12262.8050185593,10777.6141084292,-11470.0787809459,-5105.71342977301,-101.656683141678,18525.5136865904
-4959.46685253736,-25958.6144310843,-20363.8958860069,5594.71854507747,-13235.3978864174,8175.05928261978,-12824.0882959272,-7229.36975084975,-100.87175126028,18729.2446802346
-8692.62864159365,-27990.499182575,-23131.201945872,4859.29723670309,-14089.387591177,5296.55694103716,-14001.3135999442,-9142.01636324115,-100.202008546161,18848.4828193339
-12476.5699438773,-29660.1160440793,-25540.6327095257,4119.48333455359,-14872.893927798,2296.72199163817,-14886.8241085638,-10767.3407740102,-99.6019922825235,18892.7752700691
-16223.2725426897,-30934.8462010132,-27569.7432842239,3365.10291678928,-15633.9054108509,-688.335448040995,-15399.9091063644,-12034.8061895752,-98.9683162022016,18900.040011438
-19778.6118727123,-31760.2471013562,-29144.6362611119,2615.61084024433,-16337.0457614774,-3539.71971571168,-15521.3549443556,-12905.7441041113,-98.1536044767972,18854.502997245
-23019.6245850283,-32116.8450129948,-30211.4149736374,1905.43003935741,-16950.7315564057,-6166.06439951031,-15263.2848274768,-13357.8547881194,-97.1713708877077,18758.9902248754
-25854.8364307944,-32012.258293183,-30792.0432179306,1220.21507525238,-17501.7226602236,-8449.2435643836,-14606.6654267722,-13386.4503515198,-96.1297938127511,18625.8079416632
-28217.8954802851,-31475.9277734846,-30883.7115685968,592.216204887737,-17978.8696666986,-10334.112777474,-13592.1450706735,-12999.9288657858,-95.0869638875838,18475.9989076988
-30051.886020692,-30555.2556609717,-30617.8127160237,-62.5570550520144,-18475.1745844595,-11670.7415317851,-12174.1111720648,-12236.6682271169,-94.0300955525911,18318.5874338549
-31333.9459512861,-29314.5271750612,-29997.0419736358,-682.514798574544,-18940.433993148,-12486.4590746434,-10467.0402984185,-11149.5550969931,-92.9471165052625,18164.9720780682
-32057.7656682683,-27823.1192295248,-29028.6738139867,-1205.55458446184,-19320.731281914,-12828.8790679532,-8594.2326292097,-9799.78721367153,-91.8446815988598,18023.3320158533
-32242.3709098974,-26164.5145514933,-27803.1794119528,-1638.66486045946,-19636.2788944842,-12696.8900163214,-6619.03365791725,-8257.69851837672,-90.7980009081632,17906.8160331166
-31973.4432997425,-24457.2244116501,-26454.7777193313,-1997.55330768121,-19931.8447707552,-12131.3392537541,-4615.12036566174,-6612.67367334296,-89.7407247668704,17844.5507383071
-31308.5649712,-22781.4963322885,-25019.0894762438,-2237.59314395528,-20160.3505185139,-11236.7939067492,-2709.72526783766,-4947.31841179295,-88.5794540631282,17834.1779204955
-30328.1414888457,-21222.6305134978,-23609.4314206306,-2386.80090713286,-20356.9572419539,-10058.4903409188,-952.979365570926,-3339.78027270379,-87.3060940270946,17882.850240794
-29125.0806141103,-19850.097191055,-22287.3234365139,-2437.22624545886,-20516.0427103081,-8695.05168752597,579.931735529369,-1857.29450992949,-86.0137837237834,17992.8026811255
-27813.2390618215,-18732.1957168189,-21138.9099266842,-2406.71420986539,-20659.833066435,-7238.1770113975,1842.86633360517,-563.847876260222,-84.7710160110108,18168.3478405586
-26513.3715689572,-17927.7630312504,-20188.3585023392,-2260.59547108886,-20766.9939849944,-5829.95728507187,2755.65125263491,495.055781546062,-83.5797011091133,18422.8188127965
-25321.0945141144,-17462.0406147258,-19462.0305438793,-1999.98992915345,-20844.9871424945,-4558.57749670149,3300.47640268704,1300.4864735336,-82.4701250816134,18762.5270882594
-24309.5943978442,-17335.1786842619,-18970.6837811295,-1635.50509686761,-20894.4327199548,-3496.64862983297,3477.76708374933,1842.26198688171,-81.4869519435323,19177.4406711436
-23544.8557661124,-17536.8800425371,-18723.2608321584,-1186.38078962128,-20919.3841807056,-2706.08330866045,3301.89241491483,2115.51162529354,-80.6117232536611,19652.3916678306
-23054.4246472917,-18025.3727389053,-18717.3737185402,-692.000979634892,-20943.3266289319,-2191.00025811148,2838.05165027488,2146.05067063998,-79.9022397516997,20171.4234095453
-22848.5752181545,-18746.4944112579,-18859.7969873293,-113.302576071323,-20910.7746282599,-2017.1107716444,2084.97003525217,1971.66745918084,-79.3101817497747,20718.1618704388
-22939.5649652425,-19654.6242865016,-19220.2932050349,434.331081466678,-20925.4776597767,-2092.88190076061,1192.05877798023,1626.38985944691,-78.7945952948754,21281.0141459485
-23298.231718955,-20677.5752579359,-19728.0105936361,949.564664299775,-20962.5447353211,-2414.03575554661,206.620705472496,1156.18536977227,-78.3487719127473,21833.7606277081
-23883.1026646947,-21743.5590559095,-20269.0112541713,1474.54780173825,-20956.3833836357,-3004.68829185074,-865.144683065547,609.4031186727,-77.9690107916895,22352.9621745822
-24653.5945183963,-22786.5899370073,-20889.4935451129,1897.09639189443,-21011.3404848339,-3719.94700769952,-1852.94242631051,44.1539655839097,-77.6929741370627,22830.7439025912
-25551.252795871,-23747.038444258,-21504.7160073716,2242.32243688649,-21091.9904547829,-4536.74132896966,-2732.52697735672,-490.204540470234,-77.4789878815881,23256.8339037878
-26500.00642358,-24563.5121208811,-22152.9678155754,2410.54430530568,-21271.120060431,-5306.27631162992,-3369.782008931,-959.237703625326,-77.3899484808536,23604.2744172558
-27414.0204918763,-25178.006572364,-22798.4792877409,2379.5272846231,-21537.8060312416,-5953.63352574763,-3717.61960623534,-1338.09232161224,-77.4190651129717,23839.9142507518
-28222.2391750637,-25550.9244761195,-23328.5058977234,2222.41857839615,-21804.1060712702,-6495.75853887774,-3824.44383993359,-1602.02526153745,-77.6254350842942,23948.8992145821
-28868.521718921,-25666.7177423608,-23726.4431554145,1940.27458694629,-22056.5199725098,-6889.99172725865,-3688.18775069847,-1747.91316375218,-77.9899808475103,23918.8045786086
-29297.8797527156,-25514.9024210323,-23948.2717958997,1566.63062513262,-22251.4743071038,-7124.90853164554,-3341.93119996229,-1775.30057482967,-78.5030860337936,23739.6018462026
-29461.9150468671,-25092.3507408139,-23951.7202143905,1140.63052642344,-22348.2604702922,-7192.73640137123,-2823.17209531804,-1682.54156889461,-79.0818247963573,23409.8091719193
-29337.1103848558,-24417.8412408463,-23743.226442103,674.614798743276,-22344.1777864598,-7072.80527438217,-2153.5361303727,-1478.92133162943,-79.8726759862316,22938.9199092169
-28961.6420747939,-23543.291109882,-23330.0284653325,213.262644549562,-22236.0806658108,-6806.44603389609,-1388.09506898425,-1174.83242443469,-80.8846249129993,22368.4586854473
-28356.7023111519,-22509.8934935257,-22752.6628048835,-242.769311357771,-22051.7200210712,-6386.95914887009,-540.150331243971,-782.919642601739,-81.9768587894869,21726.973850924
-27543.3891097256,-21358.1859330516,-22016.4720412117,-658.286108160093,-21766.6327857081,-5859.89398515645,325.309191517557,-332.976916642533,-83.137661138915,21025.2090164091
-26545.0131174112,-20129.5437672082,-21230.2583569969,-1100.71458978875,-21472.1534489548,-5157.23994778989,1258.22940241304,157.514812624287,-84.3802793336078,20287.0585798325
-25386.0473443646,-18861.7324716498,-20396.7813839577,-1535.04891230791,-21150.1498283079,-4321.55530906513,2202.75956364959,667.710651341683,-85.6577930084903,19529.4431229915
-24117.7389125279,-17601.7059629246,-19536.3091577637,-1934.60319483914,-20799.6306674269,-3405.01111292129,3111.02183668203,1176.41864184289,-86.9028678202752,18778.1246047675
-22799.0644491552,-16393.7823950488,-18652.1457429127,-2258.3633478638,-20416.3893798443,-2470.75660283019,3934.52545127611,1676.16210341231,-88.0815335193135,18069.9444984612
-21470.9078012813,-15269.8835408416,-17824.0496757619,-2554.16613492026,-20065.2276263029,-1494.99271809012,4706.03154234961,2151.86540742936,-89.3125431116568,17421.7489482709
-20165.8059067666,-14252.1746927953,-16976.9767089361,-2724.80201614078,-19664.2856336035,-592.033992491391,5321.59722147994,2596.79520533917,-90.5137193282903,16848.9698981344
-18914.7024198819,-13360.6673439522,-16157.9607379415,-2797.29339398924,-19255.3053011012,248.982358846867,5803.01743477647,3005.72404078723,-91.6205223724525,16366.3913847395
-17764.2170635363,-12623.9245364379,-15397.0342387729,-2773.10970233497,-18866.8389918929,1009.99003208209,6150.28255918045,3377.17285684547,-92.631896274571,16001.0973932834
-16726.1079772425,-12045.2660606629,-14764.8084425079,-2719.54238184498,-18578.6716047096,1759.06775335944,6439.90966993905,3720.36728809408,-93.4958741076044,15765.633348757
-15804.1769321486,-11620.047553129,-14276.1399233838,-2656.09237025474,-18396.9320662656,2498.51728317105,6682.64666219059,4026.55429193586,-94.23785094595,15646.6018450649
-14997.457709206,-11343.568542347,-13904.2433245769,-2560.67478222992,-18290.039806319,3197.79843196671,6851.68759882577,4291.01281659586,-94.7836651462484,15634.5813589428
-14311.7883975955,-11215.2602244976,-13723.8901434528,-2508.62991895527,-18329.0480876559,3922.06143623684,7018.58960933479,4509.95969037952,-95.198253823566,15725.2199148771
-13744.8287024981,-11225.5572805938,-13710.8786247505,-2485.32134415677,-18494.1138863281,4653.78612090699,7173.05754281132,4687.73619865455,-95.4990629229628,15913.2934792483
-13287.8684069952,-11356.9034010817,-13810.8726013513,-2453.96920026957,-18736.9956668245,5353.39808943987,7284.36309535332,4830.39389508376,-95.7291703894569,16187.2972961655
-12923.1345524154,-11589.5516465731,-13930.1823256229,-2340.63067904981,-18966.0742365242,5946.97805473918,7280.56096058155,4939.93028153174,-95.9616293695844,16529.4819281048
-12640.5060097017,-11911.2211215058,-14097.3122361649,-2186.09111465911,-19214.0049399421,6477.26180965551,7206.54669785136,5020.45558319225,-96.2371205848834,16931.6767046981
-12416.7805075013,-12300.1083790905,-14327.5764099837,-2027.46803089317,-19497.6328489935,6984.30278739288,7100.97491580373,5073.50688491056,-96.5495540993098,17373.615264001
-12233.6445890524,-12740.1721438108,-14639.5235196855,-1899.35137587468,-19833.2112385086,7502.58463905795,6996.05708429955,5096.70570842486,-96.9820103982929,17836.8778522356
-12072.8029654209,-13213.2737868105,-14932.3731301958,-1719.09934338537,-20119.3148034322,7949.02766232454,6808.55684093494,5089.45749754957,-97.4841756867443,18302.73128436
-11908.4624449694,-13699.6578976588,-15258.4589153996,-1558.80101774073,-20402.571919401,8396.14418113096,6604.94872844149,5046.14771070076,-97.9652933006524,18745.8056083596
-11739.8114180087,-14197.3631762084,-15582.9367464004,-1385.57357019203,-20633.552741327,8795.32756866595,6337.77581046627,4952.20224027424,-98.4137546522918,19149.5654164826
-11576.7813271984,-14708.4056603653,-15909.457210332,-1201.05154996675,-20807.6943178175,9132.11160295753,6000.48726979059,4799.43571982384,-98.8013876616177,19507.8413801891
-11422.8396660508,-15227.256048631,-16233.2330525913,-1005.97700396031,-20924.1897349363,9402.15476152177,5597.73837894156,4591.76137498124,-99.1953073637393,19819.0174236123
-11281.0195700787,-15751.313676532,-16547.8574849492,-796.543808417219,-20975.8355726044,9595.24477821601,5124.95067176271,4328.40686334549,-99.5712243097227,20079.7205398775
-11157.7614663066,-16281.8384808182,-16848.9763397764,-567.137858958217,-20957.4470749712,9699.9076064572,4575.83059194565,4008.69273298743,-99.778002207377,20290.5312138056
-11070.4544615628,-16824.4332138284,-17140.2220515197,-315.78883769131,-20874.2306765155,9704.03183809849,3950.05308583299,3634.26424814168,-99.7443768541632,20458.69746197
-11019.322190234,-17373.1654092142,-17408.9739303233,-35.808521109166,-20720.3497559731,9601.5645829028,3247.72136392264,3211.91284281347,-99.4629828362857,20585.0782520276
-11015.648957626,-17931.3337557324,-17644.7722486376,286.561507094715,-20491.4223341431,9376.88460683617,2461.19980872978,2747.7613158245,-98.8887696809212,20679.0950715569
-11075.0471522023,-18507.8851321298,-17887.6980890349,620.187043094912,-20225.7519222824,9052.57789058671,1619.73991065922,2239.92695375413,-98.1268794933808,20747.8120858839
-11210.4594515192,-19111.3498367295,-18077.0240768559,1034.32575987363,-19867.9416914142,8560.30935430305,659.418969092708,1693.74472896634,-97.1728855919573,20805.0945656959
-11441.8145626973,-19750.1567428581,-18348.4594968285,1401.69724602962,-19562.074531505,8024.25319767163,-284.088982489183,1117.60826354044,-96.0067711360706,20867.7650063986
-11773.6912919778,-20422.2524344757,-18633.0403590481,1789.21207542757,-19245.66637443,7377.28165796884,-1271.27948452903,517.932590898542,-94.6934244833731,20940.1850253742
-12222.8374533796,-21134.1142494856,-19021.4739035109,2112.64034597474,-19010.8530416426,6694.6179933996,-2216.65880270645,-104.018456731723,-93.397594863414,21030.0957927539
-12797.3178649887,-21888.5970325963,-19471.2640144112,2417.33301818519,-18820.7331816857,5931.31158683013,-3159.96758077752,-742.634562592325,-92.1037298669296,21145.962470004
-13496.7201569098,-22680.2429267793,-19953.6747764721,2726.56815030718,-18651.7721233281,5064.22486929096,-4119.29790057851,-1392.72975027134,-90.8270971272971,21287.5131765079
-14318.2436769249,-23497.6167742343,-20484.5017596305,3013.11501460386,-18538.4186271187,4130.64211154113,-5048.73098576829,-2035.61597116443,-89.5328386526524,21462.0008030699
-15257.9668191001,-24332.4624202544,-21086.4780405171,3245.98437973728,-18511.6059903015,3165.29426282734,-5909.20133832693,-2663.21695858965,-88.3449083740195,21669.2454616647
-16296.0158698302,-25162.822305901,-21765.9509743412,3396.8713315598,-18585.869253654,2202.61653954677,-6664.18989652393,-3267.31856496413,-87.2368442769452,21895.5037409368
-17430.4991160827,-25984.965652973,-22556.2955392342,3428.67011373879,-18794.9384399525,1278.27651670791,-7276.19002018239,-3847.51990644361,-86.1628071618686,22137.4457465294
-18660.3464094057,-26792.7396137698,-23374.6204870047,3418.11912676514,-19068.1756514573,322.711252212059,-7809.68195215201,-4391.56282538688,-85.1179898395014,22401.1767883829
-19965.8201907017,-27571.9895857724,-24236.8790917015,3335.11049407083,-19428.7713467458,-621.092793376544,-8227.26218844725,-4892.15169437643,-84.043949420652,22679.8378913959
-21324.0017336327,-28306.8479209081,-25179.4619180507,3127.38600285738,-19917.6782079086,-1489.30161869216,-8472.14780596752,-5344.76180311014,-82.9780929680532,22962.0861177979
-22723.6895913775,-28991.968024179,-26083.5585024305,2908.40952174845,-20410.1958158535,-2395.42939012161,-8663.70782292305,-5755.2983011746,-81.9356145975789,23236.6697230044
-24141.9605983544,-29607.6847982312,-26947.637846498,2660.04695173314,-20917.9383621904,-3304.84075569434,-8770.56495557116,-6110.51800383801,-80.8185195303757,23497.1667943932
-25570.8689620085,-30146.6873259568,-27787.8897945521,2358.79753140468,-21472.0935361163,-4178.52769745778,-8754.34606140602,-6395.54853000134,-79.7522715655839,23751.1387959554
-26978.5305130019,-30591.0908442768,-28612.3079850495,1978.78285922728,-22082.0080542517,-4975.26570436393,-8587.82603563883,-6609.04317641156,-78.743245613747,23982.0476678652
-28329.50348389,-30921.7343788973,-29366.3532251504,1555.38115374684,-22696.6511242772,-5710.55567102781,-8302.78656603508,-6747.40541228824,-77.7033114150346,24174.3289666091
-29601.0400386723,-31136.2683333313,-30014.9248305539,1121.34350277746,-23284.8648648832,-6392.83276405823,-7928.06105871722,-6806.71755593977,-76.6575902691191,24329.5507773916
-30778.4324947512,-31232.8977626593,-30570.4759592808,662.4218033785,-23862.8917695978,-6991.14192504339,-7445.60719295149,-6783.18538957299,-75.6011998899813,24449.7123730863
-31840.5029539212,-31203.3856988598,-31047.5466546519,155.839044207855,-24440.3053856573,-7474.76469098582,-6837.6474359244,-6681.80839171654,-74.567122721879,24521.5773071432
-32769.9748018369,-31043.6561624815,-31431.9250968906,-388.268934409083,-25002.915878368,-7840.7078188686,-6114.38917951319,-6502.65811392228,-73.6488953997105,24540.9980485592
-33557.1223109682,-30758.1132879307,-31680.8551161702,-922.741828239513,-25509.0861885015,-8120.86251670732,-5321.85349366975,-6244.59532190925,-72.8263942406074,24513.5179660214
-34190.0164103801,-30353.5260987657,-31819.3882386359,-1465.86213987025,-25978.7478214856,-8283.27804777498,-4446.78773616056,-5912.64987603081,-72.0094588805021,24440.8762227348
-34657.2799681091,-29834.9156622648,-31751.0271129276,-1916.11145066284,-26307.8731489228,-8420.69514439724,-3598.33083855296,-5514.4422892158,-71.2883252109998,24320.473373049
-34945.7140012109,-29205.7735985733,-31558.0382041852,-2352.26460561188,-26573.6080586241,-8442.76248328727,-2702.82208064972,-5055.0866862616,-70.656540700498,24150.6869123117
-35068.3173972148,-28487.9721410629,-31221.9816377102,-2734.00949664736,-26749.3745336997,-8389.16356298723,-1808.81830683527,-4542.82780348263,-70.2206994721183,23945.1443375803
-35032.524594553,-27700.0454941948,-30855.1589633544,-3155.11346915965,-26930.1491185962,-8172.3961559012,-839.917055543007,-3995.03052470265,-70.0206799443943,23705.0149694922
-34833.8855855158,-26848.8689925982,-30382.7937884027,-3533.92479580452,-27028.9325907276,-7875.017171177,109.999421740611,-3423.92537406391,-70.064176388778,23424.9436185343
-34483.2784780579,-25947.3073462459,-29757.2396524756,-3809.93230622971,-26989.4683097797,-7564.10069605376,971.870435758234,-2838.06187047146,-70.2905277755143,23109.2454757744
-33997.1701823337,-25013.8520695465,-29081.3496624554,-4067.49759290886,-26909.7174872765,-7158.18075850563,1825.13735428157,-2242.36023862729,-70.7280634484575,22771.4918309192
-33393.2850927724,-24066.4418460028,-28371.7015467241,-4305.25970072127,-26791.3106959682,-6673.35939989377,2653.48384687583,-1651.77585384545,-71.3850030895671,22414.6659921574
-32690.49756096,-23122.4672852954,-27616.1840152164,-4493.71672992095,-26611.0196485328,-6151.78598890293,3416.24428676163,-1077.47244315932,-72.3080764756748,22044.9948421361
-31898.7417781848,-22187.6780450378,-26831.8491981269,-4644.17115308908,-26382.3899993615,-5589.80371223729,4121.26002090969,-522.911132179389,-73.4519334139261,21664.7669128584
-31045.693344448,-21283.9210088903,-25999.1894114118,-4715.26840252151,-26075.8684323768,-5044.56536939084,4717.20696616688,1.93856364537883,-74.7404573196275,21285.8595725357
-30143.1537753294,-20415.271837203,-25167.6734179625,-4752.40158075954,-25733.8115751311,-4485.49504273864,5242.38689538774,489.985314628204,-76.1528425403997,20905.2571518312
-29200.3511558218,-19586.3321563917,-24316.7281318072,-4730.39597541553,-25334.0492373171,-3943.92808380798,5670.09091562214,939.694940206613,-77.6261653032214,20526.0270965983
-28234.1822999937,-18804.8229460654,-23469.6854646092,-4664.86251854382,-24897.8274596465,-3415.46526980431,6013.89408412401,1349.03156558019,-79.1104294570458,20153.8545116456
-27265.0954053515,-18079.8890251028,-22652.1306901735,-4572.24166507072,-24444.1021432266,-2901.43148134234,6283.77489890633,1711.53323383561,-80.4382192174926,19791.4222589384
-26306.0869203041,-17412.3636182877,-21863.1273662424,-4450.76374795472,-23975.6106771192,-2412.0709046857,6481.65239733072,2030.888649376,-81.5946615007963,19443.2522676636
-25359.0339117971,-16797.0231676261,-21109.2116021693,-4312.18843454318,-23501.5580235281,-1940.0544870252,6621.95625714587,2309.76782260269,-82.5785987561371,19106.7909902288
-24434.9504831416,-16232.9298262917,-20403.9082010746,-4170.97837478286,-23042.673149011,-1475.54418873812,6726.47646811182,2555.49809332896,-83.2668546074913,18788.4279196207
-23537.4340458041,-15713.3838873492,-19752.7012093839,-4039.31732203468,-22614.657600993,-1006.36488618461,6817.68527227028,2778.36795023559,-83.5884413735042,18491.7518375848
-22662.0081964432,-15230.4522300747,-19136.0129529181,-3905.56072284343,-22202.1127005608,-543.497390997754,6888.05857537068,2982.49785252725,-83.601895115353,18212.950082602
-21804.9265273592,-14776.264076253,-18582.7175967889,-3806.45352053589,-21839.9924647183,-48.2579467697494,6980.40450433639,3173.9509838005,-83.3238841288903,17950.2150600535
-20966.4280532376,-14352.6789110908,-18008.987666786,-3656.30875569528,-21447.0839761113,397.815660573798,7011.5648027206,3355.25604702532,-82.8402622999146,17707.9349581161
-20140.9677525786,-13954.0695556689,-17478.9321078539,-3524.86255218496,-21102.9990354374,879.895157602926,7066.79335451252,3541.93080232757,-82.1361252559256,17496.0003579965
-19318.3077908208,-13575.6093732029,-16966.1033462741,-3390.49397307125,-20784.1693525797,1384.67954933042,7127.37796694834,3736.8839938771,-81.1820124284294,17312.49336708
-18489.5911649504,-13214.3322901391,-16506.4883639669,-3292.15607382776,-20526.8837357326,1957.23372025727,7232.49259506854,3940.33652124078,-80.0588505249581,17154.6688113799
-17652.1078649965,-12871.7549018312,-16086.3102463141,-3214.55534448287,-20312.9053570404,2582.02884606198,7362.38180922725,4147.82646474438,-78.7686459819214,17019.5813665756
-16803.3913406132,-12551.6155010916,-15635.2918260482,-3083.67632495656,-20070.180345224,3189.39145221371,7441.16729173521,4357.49096677865,-77.3975523971761,16909.1064678703
-15934.5009592319,-12253.8921190615,-15233.4850999775,-2979.59298091602,-19872.0260728531,3861.63791067151,7542.24675084189,4562.65376992587,-75.8872029497021,16816.5458889874
-15061.6862376646,-11996.2247703724,-14889.5010486862,-2893.27627831381,-19713.7767228898,4577.86468561945,7643.32615291169,4750.04987459788,-74.2257996056825,16746.2746449703
-14189.4776667857,-11784.8551050352,-14538.4092368547,-2753.55413181945,-19521.6163190778,5259.63575279858,7664.25831454908,4910.70418272963,-72.5028994935404,16695.5592877649
-13319.5892699234,-11622.3629317769,-14271.7015318967,-2649.3386001198,-19384.8076286306,5994.44680886952,7691.67314701603,5042.33454689624,-70.7715498377061,16664.6974786731
-12476.4568741254,-11529.7582916701,-14095.3393237298,-2565.5810320597,-19290.5074878804,6745.04510923648,7691.74369169178,5126.16265963208,-69.0055045184825,16655.9209513022
-11698.5244140514,-11533.5116514363,-14008.6192625749,-2475.10761113858,-19215.5093788074,7449.74137599691,7614.75413861193,5139.64652747335,-67.2435887591628,16673.1581789097
-10989.1915592476,-11628.3139131001,-13968.1446833896,-2339.83077028954,-19115.6873489848,8061.13875615379,7422.01640230133,5082.18563201179,-65.3570335833824,16710.4995451119
-10371.8166043189,-11823.4915847229,-13970.3619695964,-2146.87038487352,-18983.0882006389,8547.80646590834,7096.13148550436,4949.26110063084,-63.4651304116634,16772.7526853537
-9881.00132388774,-12134.2144478361,-14060.9716228239,-1926.75717498784,-18852.6928541238,8910.12605355826,6656.91292960988,4730.15575462205,-61.5654766777979,16864.3702024582
-9530.26820068803,-12554.9726494612,-14300.5478140988,-1745.57516463756,-18781.3702280556,9191.40527165049,6166.70082287733,4421.12565823977,-59.6967557170356,16976.098307701
-9323.80585559972,-13073.0062546421,-14633.9579230691,-1560.95166842695,-18715.5063700214,9333.85505886789,5584.65465982548,4023.70299139853,-57.84545555374,17096.7092460406
-9278.28176205565,-13683.0401028458,-15016.9401801542,-1333.90007730839,-18618.3617129262,9284.02010932549,4879.26176853537,3545.36169122698,-56.0598415450436,17228.4017940728
-9409.77038082545,-14378.8991853123,-15471.2456402673,-1092.34645495498,-18522.966320216,9058.88169187699,4089.75288739016,2997.40643243517,-54.3142475135172,17376.3056177474
-9715.43134943818,-15143.4379774975,-15987.7672266425,-844.32924914501,-18438.5747310448,8670.59175635746,3242.58512829816,2398.25587915315,-52.5516252491644,17541.6938566506
-10185.4450085033,-15958.1816376483,-16580.2330303791,-622.051392730788,-18392.6992175014,8156.43587344438,2383.69924429939,1761.6478515686,-50.8183355537397,17719.8294892169
-10817.0960380492,-16812.863042297,-17261.4321361396,-448.569093842561,-18411.2819586084,7545.01878257481,1549.25177832704,1100.68268448448,-49.167137984328,17913.5457267815
-11589.9367700339,-17680.5512853143,-18063.7494819031,-383.19819658877,-18540.8869322936,6903.17062699133,812.556111710881,429.357915122107,-47.7795352684371,18109.9092004364
-12497.8619237369,-18550.3254835489,-18886.3932923286,-336.067808779741,-18697.3208799564,6152.72962117793,100.266061366024,-235.80174741372,-46.7293350415269,18314.5237361351
-13508.2835471429,-19392.3811577663,-19691.6536832083,-299.272525442009,-18866.0121535371,5311.77067280325,-572.326937820149,-871.59946326216,-45.9579335910068,18520.7816945041
-14593.8549906873,-20190.0363541427,-20449.1906422741,-259.154288131404,-19033.9630990039,4394.54838945219,-1201.63297400315,-1460.78726213456,-45.5597188643713,18729.2490920081
-15711.9681989801,-20914.1210778439,-21189.4394265921,-275.318348748145,-19248.3680496805,3490.8998141699,-1711.2530646939,-1986.57141344205,-45.500036530531,18927.5496644018
-16836.2789678339,-21556.0786475666,-21833.8008652708,-277.722217704208,-19438.1428816828,2556.09783389722,-2163.70184583547,-2441.42406353969,-45.76607995169,19114.6545840269
-17939.8632802061,-22108.0710890784,-22430.0594984667,-321.988409388228,-19665.5957987105,1679.47350724685,-2488.73430162548,-2810.72271101371,-46.2590112575256,19297.3483780647
-19006.8789283141,-22572.6930772576,-23004.4965829401,-431.803505682498,-19952.8393945773,899.09724331788,-2666.71690562561,-3098.5204113081,-46.8632229453026,19474.1726659495
-20011.6647533261,-22939.5980287893,-23482.8381760177,-543.24014722841,-20234.1988085745,174.969552557172,-2752.96372290594,-3296.20387013435,-47.5645026911554,19643.3941586549
-20932.7286943001,-23208.7413466183,-23855.0986367715,-646.357290153144,-20501.8166385282,-479.232499825454,-2755.24515214371,-3401.60244229685,-48.3204440535279,19807.1389043215
-21751.129578617,-23384.1409513828,-24095.5212458288,-711.380294446014,-20728.8221055852,-1071.48295445252,-2704.49432721827,-3415.87462166429,-49.1754814206814,19968.2663297185
-22443.4470760466,-23465.9243349736,-24231.6854730501,-765.761138076483,-20942.0282173355,-1551.39241544901,-2573.86967437598,-3339.63081245247,-49.9735567379105,20126.2935225211
-23011.7468542689,-23472.8067625,-24248.7519191252,-775.94515662518,-21112.428717123,-1950.02748578025,-2411.08739401138,-3187.03255063656,-50.7093486343796,20285.7742118635
-23451.9830575958,-23416.3632875738,-24164.6150179438,-748.25173036999,-21240.1255801924,-2263.23016795602,-2227.61039793404,-2975.86212830403,-51.3726905526485,20440.5011592698
-23754.5548646151,-23304.4487184755,-24031.7026236458,-727.25390517036,-21368.6391557652,-2437.85373836872,-1987.74759222912,-2715.00149739948,-51.9380295189157,20589.447221076
-23926.0108912873,-23150.2086118158,-23812.4366578296,-662.228046013816,-21445.9937887781,-2532.44914061097,-1756.64686113949,-2418.87490715331,-52.4320381018374,20731.3337046625
-23997.0612156886,-22989.9318933503,-23563.4986787045,-573.566785354133,-21505.7397962423,-2544.14933835355,-1537.0200160153,-2110.58680136943,-52.8279189072762,20879.3450919809
-23977.9972838942,-22831.3582657689,-23305.5859309525,-474.227665183619,-21557.1212000275,-2474.08257554465,-1327.44355741932,-1801.67122260294,-53.2064916778859,21029.6870431659
-23889.8538290631,-22694.6804634062,-23030.6532005125,-335.972737106248,-21576.5412117407,-2366.83083724824,-1171.65747159139,-1507.63020869764,-53.518219925878,21187.0502547086
-23765.7225397664,-22601.4748257445,-22789.8943703676,-188.419544623148,-21595.3339720887,-2224.20333335482,-1059.95561933294,-1248.37516395608,-53.8147656771592,21353.0996617884
-23637.2944951921,-22569.2745267844,-22635.3472188385,-66.0726920540668,-21649.6484315078,-2041.74156794554,-973.721599537851,-1039.79429159192,-54.0955042611734,21529.4802351925
-23529.0213357937,-22604.9836713837,-22513.9926844621,90.990986921605,-21680.2287800189,-1903.1990435267,-979.161379116638,-888.170392195032,-54.4064877518695,21716.8132791886
-23457.0603374212,-22706.8514457984,-22451.0093064029,255.842139395473,-21710.8287078021,-1800.99958494214,-1050.7906933194,-794.948553923924,-54.7679553230871,21911.9028918745
-23427.6796856393,-22866.8948031627,-22468.3616959414,398.533107221317,-21765.4013125943,-1717.42555270707,-1156.64067023054,-758.107563009221,-55.1471796620677,22108.7872401535
-23465.7160747643,-23089.9601012356,-22535.9347256285,554.025375607072,-21808.4230864153,-1712.8808309115,-1337.12485738277,-783.099481775704,-55.5878425624735,22306.8606194599
-23576.1023243683,-23366.6058132895,-22693.3591324557,673.246680833779,-21883.9642992907,-1748.29587752554,-1538.79936644672,-865.552685612941,-56.1578524479216,22501.0531276765
-23762.4262950328,-23680.9755605117,-22854.0057199683,826.969840543415,-21922.3076054687,-1896.89985165852,-1815.44911713746,-988.479276594043,-56.7811620944584,22692.4962839177
-24021.8014226707,-24017.9694594439,-23072.3640636479,945.605395796085,-21991.5116843076,-2087.73796990019,-2083.90600667343,-1138.30061087735,-57.4482315371159,22879.6688485666
-24343.2608147215,-24355.7620562307,-23346.9078455185,1008.85421071222,-22094.7270884507,-2306.69000287609,-2319.19124438532,-1310.3370336731,-58.1562766052902,23045.4250225576
-24712.0802556296,-24675.2147528174,-23577.2156012672,1097.99915155014,-22145.058469051,-2625.86477593158,-2588.99927311936,-1491.00012156922,-58.8429893530145,23184.2146312481
-25117.3978974266,-24960.036444078,-23795.7764251406,1164.26001893743,-22198.7951486637,-2978.11695185623,-2820.75549850767,-1656.49547957024,-59.5142030933332,23303.5409645078
-25526.8873364313,-25183.7116388285,-23993.113299361,1190.59833946749,-22262.3541007185,-3324.6550746365,-2981.47937703375,-1790.88103756625,-60.1218389237917,23392.8306012622
-25915.5074694678,-25331.5667297102,-24161.8249680548,1169.74176165542,-22333.4469479202,-3642.69493655819,-3058.75419680061,-1889.0124351452,-60.634415010575,23442.554294565
-26264.7772870045,-25393.5090227864,-24254.8336750286,1138.67534775784,-22374.5265512183,-3951.33708748441,-3080.06882326632,-1941.39347550848,-61.0863516982083,23452.115547278
-26552.9670212747,-25361.7437173281,-24287.4441033242,1074.29961400384,-22411.11638561,-4203.33154877846,-3012.10824483178,-1937.80863082795,-61.4809131137211,23423.9350865001
-26764.6714150933,-25237.738266029,-24224.7551707034,1012.98309532563,-22417.3972392725,-4409.02141372954,-2882.08826466523,-1869.10516933961,-61.7472379087432,23368.6330966894
-26888.971792735,-25027.2083648768,-24087.249453686,939.95891119074,-22405.5419141454,-4545.36850243306,-2683.60507457482,-1743.64616338408,-61.9386238434724,23283.5622014927
-26920.8378409884,-24736.259025758,-23863.016881051,873.242144707049,-22361.0259930855,-4621.84006929522,-2437.2612540648,-1564.01910935775,-62.0282213923269,23172.2399164002
-26859.0147349189,-24379.0052081895,-23534.9981315099,844.007076679626,-22260.9409632297,-4660.11901515505,-2180.10948842572,-1336.10241174609,-62.045243465836,23042.9027964435
-26707.1429836687,-23969.1363320545,-23158.5839241192,810.552407935228,-22152.1297646259,-4617.04981315169,-1879.04316153741,-1068.49075360218,-62.0365941088298,22900.6455784523
-26475.9366034767,-23525.4580318294,-22798.7679638711,726.690067958292,-22084.0040087506,-4454.03570672204,-1503.55713507479,-776.867067116492,-62.1031119960401,22748.5909647129
-26165.4219451557,-23058.4314524816,-22396.0579012307,662.373551250936,-21987.284663035,-4240.35359131052,-1133.36309863648,-470.98954738555,-62.2163091898715,22587.441905096
-25788.5038695516,-22584.3687208414,-21972.1811286777,612.187592163673,-21874.5369633621,-3976.31451444845,-772.179365738178,-159.991773574502,-62.3476082588916,22424.3769472669
-25367.0124858536,-22125.7822528915,-21588.4362392609,537.346013630629,-21794.0041927504,-3635.61622151704,-394.385988554987,142.960025075645,-62.6079284138726,22268.7422779672
-24921.1650101896,-21698.0681097178,-21254.1428166548,443.925293063039,-21752.5483021597,-3231.48510768714,-8.38820721536234,435.537085847677,-62.8683996572149,22133.6051955655
-24468.4293541412,-21313.5241942508,-20967.1317621142,346.392432136621,-21737.6451838895,-2793.89243989879,361.012719991658,707.405152128281,-63.1082696470465,22020.9293463791
-24011.4489898039,-20972.6436822751,-20760.6052239902,212.038458284935,-21780.9728542581,-2293.74203544649,745.063272082321,957.101730367258,-63.2658999007371,21929.7454126423
-23564.5838868301,-20683.9853576419,-20663.7758463535,20.2095112884933,-21903.3081721542,-1724.60417291338,1155.99435627479,1176.20386756329,-63.3284582374335,21860.1892252052
-23150.9194949328,-20456.6048571896,-20633.937823182,-177.332965992429,-22058.5745434601,-1155.68735153847,1538.62728620473,1361.2943202123,-63.3424000658115,21817.8991774019
-22788.3383315874,-20300.1982900171,-20661.7718909958,-361.57360097874,-22229.5592495231,-622.081074103664,1866.05896746663,1504.4853664879,-63.3019920393725,21804.683656505
-22479.3207252269,-20211.1204366128,-20729.7265739032,-518.606137290352,-22401.1818968514,-141.418887617419,2126.78140099665,1608.1752637063,-63.2800592419738,21819.2957003191
-22228.7818194557,-20188.0968982624,-20845.0624302555,-656.965531993078,-22576.2052779433,284.126687937284,2324.81160913058,1667.84607713751,-63.2967705502763,21855.9429753999
-22039.7343343121,-20227.5456501011,-21063.4746985685,-835.929048467458,-22804.9051563161,701.866048440071,2514.05473265112,1678.12568418367,-63.3047735639461,21905.6713342847
-21917.7458096955,-20326.1670746031,-21332.2661571342,-1006.09908253108,-23037.1779405389,1056.17905409962,2647.757789192,1641.65870666092,-63.2530767436954,21967.8257812641
-21863.6979500927,-20477.0596984102,-21604.0271353542,-1126.96743694398,-23236.6575636115,1309.82367775988,2696.46192944239,1569.49449249841,-63.1359357589579,22046.5541909086
-21870.3066415893,-20666.2036445646,-21910.3682393394,-1244.16459477476,-23441.9052433063,1508.5737368926,2712.67673391734,1468.51213914258,-63.0248648243386,22134.7157837072
-21932.7707162864,-20885.203818061,-22250.4184687189,-1365.21465065785,-23657.8714696649,1662.18956020236,2709.75645842775,1344.54180776991,-62.9111931760738,22229.7456258309
-22051.9164911999,-21129.0527925242,-22582.2975779551,-1453.24478543098,-23846.0193148259,1731.29703666468,2654.16073534044,1200.91594990946,-62.8057869612767,22329.9687424336
-22211.0750167306,-21381.1131718954,-22947.5882440176,-1566.47507212218,-24054.8145379316,1780.94935112987,2610.91119596505,1044.43612384289,-62.7901700710856,22425.5492957383
-22390.9449599412,-21623.3741275534,-23261.7313161396,-1638.35718858622,-24206.7579928436,1752.94616835123,2520.51700073903,882.15981215282,-62.8668645511686,22505.5339397062
-22583.7667516947,-21846.7284467992,-23619.868749883,-1773.14030308375,-24392.0781565308,1745.32620345782,2482.36450835331,709.224205269566,-62.9852013783126,22555.9526520688
-22779.8766801129,-22045.056526645,-23936.9499388567,-1891.89341221176,-24527.874670594,1684.9085928228,2419.72874629074,527.835334078991,-63.0893976583197,22572.891860724
-22978.9559143769,-22218.4553429098,-24183.2741444152,-1964.81880150544,-24590.1566674619,1548.04472188458,2308.5452933517,343.726491846266,-63.1560312004379,22562.1818347561
-23178.2675838989,-22362.7253988492,-24455.7088049401,-2092.98340609085,-24680.6667943869,1439.33204808384,2254.87423313348,161.890827042627,-63.067162404181,22524.6162258918
-23377.5265371058,-22476.6954139897,-24666.2733521165,-2189.57793812678,-24709.1683355622,1268.87328724926,2169.7044103654,-19.8735277613768,-62.7685112071387,22456.8218862283
-23570.4693873665,-22556.3518514915,-24800.3553751535,-2244.00352366204,-24668.2162885891,1035.54035110999,2049.65788698507,-194.345636676968,-62.2065501125278,22362.0062148145
-23752.3280354258,-22595.8644805927,-24897.8947344739,-2302.03025388123,-24601.4209802072,787.719589382381,1944.18314421547,-357.847109665752,-61.3733553990477,22238.0173709269
-23922.8913661907,-22594.9148731571,-24977.0647217198,-2382.14984856275,-24530.4782310126,547.293345186436,1875.26983822007,-506.880010342687,-60.293519635459,22088.0348628144
-24078.2182273843,-22551.1830162231,-25028.3039766717,-2477.1209604486,-24442.7916683667,305.587849882608,1832.62306104381,-644.49789940479,-58.9855910998079,21906.6851168183
-24216.5082460395,-22464.3896515253,-25018.489335956,-2554.0996844307,-24316.4646196851,42.5107530645259,1794.62934757872,-759.470336851976,-57.4456205810359,21704.9193146734
-24334.2395298812,-22334.0039631953,-24948.7513542521,-2614.74739105681,-24158.3598096049,-231.61742666086,1768.61814002506,-846.129251031745,-55.7377063845449,21487.8747121635
-24430.5183756751,-22163.7120477995,-24880.5589732066,-2716.84692540708,-24028.3435928991,-456.067809956532,1810.73851791907,-906.10840748801,-53.8930271805629,21257.6036403115
-24500.3372106089,-21953.6568902268,-24759.449015529,-2805.79212530218,-23869.0611063032,-683.259580032538,1863.42074034958,-942.371384952608,-51.9834757267651,21011.2855052742
-24530.3852306102,-21696.6967515381,-24584.6779462996,-2887.98119476158,-23681.7533156357,-898.650235448259,1935.03824362386,-952.942951137725,-50.0183204737656,20743.7538004003
-24525.0902090545,-21401.6221194067,-24317.3308375234,-2915.70871811668,-23427.9372104953,-1145.24727208651,1978.22081756128,-937.487900555413,-48.0942735272538,20464.1342188513
-24480.3748113646,-21071.9761631201,-24077.7056251364,-3005.72946201632,-23226.0834695301,-1300.62305621781,2107.77559202665,-897.953869989681,-46.3317143833686,20174.0222931304
-24394.0807981304,-20712.3713189176,-23776.3912537089,-3064.0199347913,-22983.0846166607,-1455.79740207652,2225.91207713625,-838.10785765505,-44.8012206068224,19874.2634612626
-24267.7773246088,-20329.536035376,-23487.4440162738,-3157.90798089777,-22775.0024008469,-1536.23303037766,2402.00825885513,-755.899722042639,-43.458106615723,19573.6363133334
-24103.2004027244,-19932.5352289618,-23176.2209230641,-3243.68569410236,-22567.3613671853,-1578.21483318349,2592.45034057915,-651.235353523216,-42.3757976444199,19281.2998754386
-23902.4697355786,-19526.1999756807,-22863.614391312,-3337.41441563125,-22375.2760828145,-1568.88766339615,2807.38209650176,-530.032319129491,-41.6940106320363,18996.1676565512
-23671.7077674312,-19118.9329032525,-22534.2873321709,-3415.35442891838,-22183.7007702142,-1529.35791965092,3023.41694452769,-391.937484390688,-41.3509224339934,18726.9954188619
-23406.4450003577,-18711.0597158354,-22231.1237045845,-3520.06398874909,-22037.9262748525,-1409.86556085877,3285.51972366356,-234.544265085534,-41.3468353535685,18476.5154507499
-23109.3335959114,-18306.9215309631,-21973.5730827398,-3666.65155177672,-21944.8989043771,-1206.04635462152,3596.36571032676,-70.2858414499612,-41.6116630872439,18236.6356895132
-22794.0482779943,-17917.8166074022,-21686.6941988543,-3768.87759145204,-21820.8584174289,-1015.37394582314,3860.85772476896,91.980133316915,-42.1840852577487,18009.7967407192
-22459.478909307,-17541.0388829055,-21397.9421325692,-3856.90324966372,-21692.6633695324,-809.773046122699,4108.66698027884,251.763730615114,-42.9575063480586,17792.8026135206
-22109.5444933049,-17181.3677882629,-21083.8807250937,-3902.51293683081,-21531.6997007916,-621.717676050711,4306.45902899126,403.946092160447,-43.8728835374217,17585.3138804233
-21751.3745793673,-16843.6441273549,-20829.6400913987,-3985.99596404372,-21419.7416290978,-376.611910510649,4531.11854150173,545.122577458013,-44.9789602410804,17388.766704813
-21389.4314980319,-16525.4836764831,-20583.2006296569,-4057.71695317384,-21296.7628522287,-138.885679833792,4725.06214171505,667.345188541209,-46.2170340305594,17192.8288650243
-21021.3382464174,-16220.0349262793,-20261.7778926644,-4041.74296638519,-21087.923498809,19.0598714864325,4820.36319162461,778.620225239421,-47.5253809051241,16998.6551515187
-20654.6207326602,-15933.4521757227,-19952.3930142267,-4018.94083850402,-20883.6406625636,180.170986126801,4901.33954306429,882.398704560265,-48.8489437766484,16815.8508802829
-20285.7398258577,-15662.5153302676,-19613.8295090363,-3951.31417876866,-20644.3300111535,308.419157714995,4931.64365330502,980.329474536356,-50.1710275808917,16642.844804804
-19908.8730175968,-15402.1144453696,-19255.3857152968,-3853.2712699272,-20381.5581423407,421.184309919978,4927.94288214723,1074.67161222004,-51.5008148239422,16476.7860575896
-19523.2015964792,-15148.8904798747,-18891.462236068,-3742.5717561934,-20110.9930076848,534.912389146179,4909.22350575073,1166.65174955733,-52.8790220594074,16315.542229432
-19132.3697720742,-14904.9312910472,-18523.5452360101,-3618.61394496287,-19829.6220392314,642.993972743049,4870.43245377002,1251.81850880715,-54.2582944141445,16156.7497998544
-18736.1571660041,-14670.6752593841,-18177.8852596906,-3507.21000030652,-19558.7242489518,767.025186544249,4832.50709316426,1325.29709285775,-55.541896403395,15995.9723522419
-18338.3482314082,-14445.8194871555,-17848.2944047567,-3402.47491760118,-19303.5508332655,908.332638898768,4800.8613831514,1398.38646555022,-56.8699629584955,15844.2059527058
-17938.3314602874,-14232.7451535581,-17474.6431484569,-3241.89799489882,-19005.0993418214,1008.53190306067,4714.11820978995,1472.22021489114,-58.2359784733421,15704.9653684492
-17527.1595357821,-14025.7611643109,-17113.2163245367,-3087.4551602258,-18721.9056134466,1135.1507912309,4636.5491627021,1549.0940024763,-59.5952864336508,15574.8551667872
-17105.6311563264,-13827.1132907149,-16718.7129836228,-2891.59969290789,-18412.8045086332,1246.28334902242,4524.80121463392,1633.20152172603,-60.8900032842957,15460.314812441
-16671.5788868734,-13639.1614707741,-16352.4551039398,-2713.29363316569,-18133.5049204389,1399.91464736662,4432.33206346595,1719.03843030026,-62.0113861988916,15358.1999010743
-16229.1609017018,-13470.8665453796,-16041.460399228,-2570.59385384839,-17896.7897720835,1604.61199175911,4362.90634808133,1792.31249423293,-63.0168786226177,15263.1790396125
-15784.8656028798,-13326.3996424047,-15772.7288461205,-2446.32920371582,-17683.551543311,1834.78138354946,4293.24734402457,1846.91814030876,-63.9045568817594,15173.3177827135
-15351.8447764985,-13215.1520952782,-15564.4451948225,-2349.29309954434,-17504.9028251586,2088.42169627787,4225.11437749813,1875.82127795379,-64.6363523822617,15090.973373232
-14932.8001428767,-13138.6434580485,-15362.3908916314,-2223.74743358291,-17302.3562605606,2304.42033475741,4098.57701958561,1874.82958600269,-65.1357829265667,15013.4730440511
-14547.1413407687,-13107.9816800864,-15180.9103307655,-2072.92865067913,-17080.5547935453,2467.97709566448,3907.13675634679,1834.20810566766,-65.4363571121139,14942.189785754
-14198.9558582887,-13120.1059574361,-15091.8805532034,-1971.77459576725,-16914.1725321779,2649.66783657335,3728.51773742595,1756.7431416587,-65.5488373158471,14876.8490990948
-13897.6632962479,-13174.3746366211,-14994.4032892468,-1820.02865262567,-16706.9906554162,2743.89913709208,3467.18779671888,1647.1591440932,-65.4282220762092,14821.5337807143
-13646.7521349044,-13267.7024369566,-14904.4047882691,-1636.70235131251,-16476.2014648847,2764.44590296751,3143.4956009153,1506.7932496028,-65.0034270127433,14774.4956865594
-13456.4337396243,-13400.6711272677,-14882.5915408688,-1481.92041360115,-16276.56250933,2755.89557192119,2811.65818427781,1329.73777067667,-64.2331977844773,14730.4088979443
-13333.1802173805,-13574.2768174062,-14924.8903100345,-1350.61349262836,-16104.434286119,2708.13575741428,2467.03915738862,1116.42566476025,-63.1183113242046,14690.7024821664
-13286.1780425169,-13786.0949817391,-14954.12004651,-1168.02506477081,-15892.8414862409,2544.88975251501,2044.97281329276,876.947748521949,-61.7736912089512,14663.0427302611
-13307.9540515564,-14025.6952008368,-15064.8759893888,-1039.18078855195,-15740.9885636928,2372.87416561984,1655.13301633942,615.952227787472,-60.1603465165605,14641.6474286243
-13403.4318752545,-14287.8580253241,-15202.0914594889,-914.233434164885,-15598.6095144156,2136.77264487621,1252.34649480664,338.113060641761,-58.4049942848762,14625.9710859658
-13569.8958405995,-14566.8923704319,-15371.5632295864,-804.670859154406,-15474.842139681,1848.47277718924,851.476247356834,46.8053882024319,-56.4735218922288,14613.6977586344
-13799.819915724,-14853.0377807561,-15592.1893267626,-739.151546006491,-15400.5232725287,1546.25608499302,493.038219960937,-246.113326045552,-54.4472718116946,14606.9244547105
-14080.057887047,-15136.393009479,-15817.1085785052,-680.7155690262,-15333.6110016042,1201.22426329993,144.889140867903,-535.826428158299,-52.3288512572708,14600.5665813207
-14413.1985598503,-15417.138365759,-16098.0686703566,-680.930304597573,-15328.596126628,865.227083099041,-138.712722809734,-819.643027407302,-50.170483678712,14597.4953383517
-14783.4437181276,-15680.4718686,-16372.0948018617,-691.622933261713,-15328.6000320493,497.139907269067,-399.888243203317,-1091.51117646503,-48.0164066525909,14588.960692135
-15178.6710518968,-15916.8868665072,-16633.2056804651,-716.318813957914,-15335.3641147297,110.76424687048,-627.451567739987,-1343.7703816979,-45.9288159624105,14573.1164848093
-15588.4257800301,-16119.384058336,-16909.0196459633,-789.635587627341,-15383.3542363056,-249.110408891435,-780.068687197312,-1569.70427482465,-44.0388651669445,14549.6797835113
-16003.2886150218,-16285.2832995254,-17184.1771889412,-898.893889415785,-15457.3591957071,-588.279903852235,-870.27458835589,-1769.16847777167,-42.3504845375671,14516.1148217537
-16406.235968181,-16403.41428937,-17474.6192875051,-1071.20499813508,-15581.6135304528,-865.505332247518,-862.683653436599,-1933.88865157168,-40.8828945193997,14469.5256377984
-16789.0433293683,-16473.1957004535,-17681.1243222939,-1207.9286218404,-15663.6514678476,-1165.09887571398,-849.251246799248,-2057.17986863965,-39.7070141932906,14416.0158318139
-17143.4983665134,-16495.569224531,-17822.7925644762,-1327.22333994519,-15724.8457197854,-1457.41148705492,-809.482345072477,-2136.70568501767,-38.7588403269149,14358.8635395133
-17464.2139149551,-16475.6218952977,-17970.1626873303,-1494.5407920325,-15829.9328344259,-1672.27117167184,-683.679152014544,-2178.21994404704,-37.9900911426984,14297.4019512507
-17745.309304953,-16415.1496617691,-18045.8256440549,-1630.67598228575,-15899.3309508423,-1883.36074680346,-553.201103619608,-2183.87708590536,-37.3823926927602,14231.2725758637
-17981.7037340063,-16317.1013980882,-18039.7173758141,-1722.61597772583,-15921.8266483084,-2096.80112856952,-432.198792651435,-2154.81477037727,-36.9240428716283,14162.286627711
-18178.946576729,-16192.5561093995,-18010.6058353213,-1818.04972592184,-15951.9360254603,-2263.53872520194,-277.148257872412,-2095.19798379426,-36.5281739332219,14097.3581256052
-18337.3453592706,-16047.8162597072,-17946.0684171228,-1898.25215741554,-15972.2970081818,-2401.29530126079,-111.766201697479,-2010.01835911302,-36.2469501720601,14037.7979005942
-18451.3778536821,-15884.4984060066,-17828.4193876507,-1943.92098164416,-15966.3000346704,-2521.12545276822,45.753994907293,-1898.16698673686,-36.0476337565375,13986.3314192697
-18522.0702573025,-15708.9874268274,-17714.158788201,-2005.17136137368,-15975.0058742163,-2583.01811549961,230.064714975559,-1775.10664639812,-35.953732413415,13933.8807804292
-18553.5501064867,-15523.6311316218,-17550.452136174,-2026.82100455214,-15941.2904951489,-2648.23080156679,381.68817329809,-1645.13283125406,-35.9711902290381,13878.4983003678
-18549.3815351529,-15333.881867817,-17372.0081962167,-2038.12632839969,-15896.1589453288,-2689.33162979548,526.16803754038,-1511.95829085932,-36.1090399714324,13821.9235769577
-18519.2362055577,-15146.8017686466,-17173.7153401514,-2026.9135715048,-15828.8233737955,-2726.78676005934,645.64767685182,-1381.26589465297,-36.3739282970829,13765.5358739936
-18473.2823880579,-14969.7760611551,-16937.0355166885,-1967.25945553342,-15726.0585576591,-2783.98462512774,719.521701775012,-1247.73775375841,-36.7607947290274,13722.0383073967
-18415.7487131693,-14805.3041947015,-16773.2314475108,-1967.92725280933,-15696.9590132678,-2756.09810809337,854.346410374408,-1113.58084243492,-37.3084081918954,13691.7233522666
-18347.2441374471,-14650.6174001513,-16614.0589937106,-1963.4415935593,-15668.445412376,-2716.78307332379,979.843663972058,-983.597929587239,-37.9843482527073,13667.019470564
-18267.9955662081,-14499.1281163636,-16476.3612425141,-1977.23312615051,-15653.6802387259,-2653.13646392912,1115.73098591547,-861.502140235045,-38.8211364469081,13637.6259761285
-18194.5415106357,-14361.9460520842,-16360.9512688905,-1999.0052168063,-15652.0629850934,-2582.21099014117,1250.38446841025,-748.620748396048,-39.7324645989548,13613.3253036882
-18125.4560218792,-14237.1490987901,-16201.4336670165,-1964.28456822643,-15605.3340368316,-2560.87196068519,1327.43496240391,-636.849605822518,-40.7499756375651,13600.2994929676
-18053.1282069934,-14114.8221679459,-16001.5867823551,-1886.76461440921,-15520.3594585675,-2574.52210137116,1363.78393767642,-522.980676732796,-41.7533529451958,13591.8414912131
-17979.07745017,-13995.3413655174,-15763.9820306675,-1768.64066515018,-15405.8291324328,-2616.02731961898,1367.70876503365,-400.93190011652,-42.7790018817382,13594.4094654009
-17900.0130388062,-13875.6652002978,-15524.3083945303,-1648.6431942325,-15299.8752306318,-2643.94881845929,1380.39902004911,-268.244174183385,-43.8110102848277,13607.4210261144
-17815.4065720615,-13756.7351221985,-15305.4173705852,-1548.68224838676,-15223.6172341137,-2636.5208835699,1422.15056629314,-126.531682093612,-44.7315456220901,13630.2034401049
-17711.127194732,-13627.5069093036,-15058.5553770553,-1431.04846775169,-15128.5679097104,-2628.02481790694,1455.59546752136,24.5469997696808,-45.4655328854114,13652.0539090733
-17587.9337910426,-13489.111608937,-14841.8368195271,-1352.72521059008,-15065.8539295258,-2568.1167035329,1530.70547857277,177.980267982687,-46.0368420160846,13667.0918769197
-17445.8093538405,-13338.8173686548,-14643.2789000258,-1304.46153137099,-15027.1915018741,-2465.0751585623,1641.91682662343,337.455295252443,-46.4573065959002,13676.2726639072
-17276.1564393558,-13174.1206858903,-14458.2991723487,-1284.17848645845,-15008.5886842075,-2314.38880795167,1787.64694551385,503.468459055408,-46.8210528033948,13677.5891449457
-17069.4359913963,-12986.7318234525,-14250.2389429454,-1263.50711949298,-14970.7780450139,-2145.68529230022,1937.01887564359,673.511756150607,-47.0273459178341,13660.2435796031
-16829.3303361001,-12780.8570972032,-13999.5129492648,-1218.65585206165,-14896.6514769249,-1979.84375686326,2068.62948203367,849.973629972024,-47.1648976880261,13630.8307271752
-16548.5193332291,-12555.7282960416,-13799.460483914,-1243.73218787241,-14886.491694562,-1709.28149564815,2283.50954153931,1039.7773536669,-47.253856981042,13595.5056497085
-16224.7505038801,-12315.0943378253,-13559.6287142619,-1244.53437643661,-14843.7201024912,-1428.30323977051,2481.35292628432,1236.81854984772,-47.2728383816418,13551.912887673
-15861.4150905652,-12064.3616569164,-13340.8012747418,-1276.43961782539,-14822.076381257,-1086.51079358553,2710.54264006323,1434.10302223784,-47.1720842773878,13498.4646791543
-15459.4448398146,-11805.2770464931,-13080.5806928857,-1275.30364639257,-14754.6216097705,-751.824142850704,2902.34365047086,1627.04000407829,-47.0009128065519,13432.3170505714
-15021.9036531222,-11543.9850967975,-12836.8209545743,-1292.83585777685,-14693.1680111886,-375.512894318505,3102.40566200623,1809.56980422937,-46.7772523848439,13353.5549010268
-14556.1314807923,-11287.0390874884,-12574.1256060777,-1287.0865185893,-14595.9411797242,-6.74244078798346,3262.34995251598,1975.26343392667,-46.5521397198066,13262.3025214151
-14086.1905416824,-11053.0213467079,-12284.8733676352,-1231.85202092736,-14447.6772144525,315.125841272083,3348.29503624657,2116.44301531921,-46.3608314980125,13169.4643620271
-13627.309522971,-10851.3074369806,-12089.9307975843,-1238.62336060379,-14364.4042056748,690.970355253219,3466.97244124367,2228.34908063988,-46.1243274505346,13079.6565176204
-13184.6490024056,-10683.4690246922,-11898.4145515501,-1214.94552685793,-14251.3475513556,1020.79885206964,3521.97882978308,2307.03330292515,-45.8996968803671,12990.5023276173
-12776.8619997365,-10560.4075620311,-11832.3900112497,-1271.98244921862,-14222.0699652449,1399.54138987966,3615.9958275851,2344.01337836648,-45.6665756287167,12904.4209403975
-12416.3113279636,-10485.9934784334,-11821.6374486984,-1335.64397026501,-14198.3224918254,1736.57620495199,3666.89405448215,2331.25008421715,-45.4349589098372,12817.2435626506
-12115.0670757537,-10461.8908112123,-11924.2796241362,-1462.38881292383,-14240.5015013618,2080.27283247113,3733.44909701251,2271.06028408867,-45.1615931369414,12732.951095301
-11877.0145741555,-10484.4601783724,-12078.0760546805,-1593.61587630809,-14287.1651330365,2365.26332977448,3757.81772555756,2164.20184924947,-44.8872291065212,12648.6620276219
-11711.3862293578,-10553.8469437116,-12242.6890826513,-1688.84213893974,-14297.3446182207,2541.34258866632,3698.88187431256,2010.03973537282,-44.6158001965418,12563.8866790844
-11618.0347873454,-10660.5327712696,-12421.64984949,-1761.11707822037,-14286.660040888,2624.40119514831,3581.90321122413,1820.78613300375,-44.2240583943186,12481.3189042733
-11594.4879856092,-10797.5382538807,-12638.9139037846,-1841.3756499039,-14286.7301343677,2648.44572821283,3445.3954599413,1604.0198100374,-43.7964205456762,12401.5580639181
-11640.1057260411,-10956.3650038277,-12859.9566966286,-1903.59169280088,-14274.1238003547,2590.67426559296,3274.4149878063,1370.82329500542,-43.3438087206109,12327.1882988332
-11746.7786656291,-11128.5411079743,-13099.0619644113,-1970.52085643698,-14274.4960787373,2484.85675305996,3103.09431071477,1132.57345427779,-42.8606600482038,12261.1145622521
-11912.7879679505,-11309.9245756602,-13348.6137146757,-2038.68913901544,-14285.6945217028,2330.48875972149,2933.35215201178,894.663012996334,-42.4177940308342,12204.5875886566
-12123.8578201356,-11487.6372533119,-13612.3860927719,-2124.74883945996,-14320.2297131354,2154.33676263598,2790.55732945967,665.808489999701,-42.0351303638472,12153.4457433116
-12365.7603814372,-11647.9008057057,-13828.7105573289,-2180.80975162325,-14323.7959543668,1916.38046587232,2634.2400416039,453.43028998065,-41.6551070571894,12101.3310956863
-12624.7125062706,-11782.0752965131,-14024.3889874255,-2242.31369091242,-14332.5220754093,1666.56191016121,2509.19911991868,266.885429006255,-41.2476589774904,12048.9607255194
-12890.8102942701,-11885.1960598692,-14184.5506943443,-2299.35463447517,-14337.4341017434,1405.82347802439,2411.43771242533,112.083077950163,-40.8003294488774,11997.2791378194
-13151.2665346255,-11951.7657410107,-14339.6475193785,-2387.88177836779,-14375.5809880336,1183.99220437171,2383.49299798652,-4.38878038126669,-40.3222490363806,11947.3769606294
-13393.6686565217,-11979.108586566,-14454.0947063102,-2474.98611974426,-14413.8094993163,980.323956827966,2394.88402678373,-80.1020929605308,-39.8168859666227,11899.0064936054
-13610.596467065,-11965.2173961538,-14535.3288016814,-2570.11140552763,-14459.2610446056,809.349534796571,2454.72860570771,-115.382799819918,-39.3150427441146,11849.8345963339
-13788.364081782,-11909.7467309544,-14546.9625631373,-2637.21583218289,-14472.8625204,645.669569174067,2524.28692000163,-112.928912181257,-38.828869443897,11796.8178187732
-13914.3567568678,-11812.1359487645,-14503.4109317365,-2691.27498297205,-14466.0219102713,513.270059729,2615.49086783231,-75.7841151397398,-38.3950936745261,11736.3518336247
-13985.2834981878,-11675.3952524594,-14413.2958928165,-2737.90064035704,-14443.2333547994,419.927870502272,2729.81611623063,-8.08452412641602,-38.021986109369,11667.310728333
-13997.5955377382,-11505.8142446693,-14312.5854625377,-2806.77121786839,-14433.4300245955,398.153952752414,2889.93524582134,83.1640279529511,-37.6805341049013,11588.9782726223
-13952.4879658962,-11312.4832365115,-14184.1773986286,-2871.69416211713,-14409.9772401379,420.110328330449,3060.11505771519,188.420895598056,-37.3789459112485,11500.9041321095
-13859.3328534108,-11106.6110007722,-14036.9743769703,-2930.36337619814,-14372.9902968599,476.613235692752,3229.33508833131,298.971712133177,-37.0442077564348,11405.5827129054
-13724.3566850817,-10896.6574362037,-13907.6331082416,-3010.97567203789,-14349.1187994739,588.095298463109,3415.79454734111,404.81887530322,-36.6668159290326,11301.4763115069
-13558.9630956709,-10689.5255306673,-13746.5977462797,-3057.07221561241,-14280.8513424201,685.709911924433,3555.14747692797,498.075261315563,-36.1783348248333,11187.6007919829
-13372.987980657,-10491.0962415087,-13531.5921244092,-3040.49588290054,-14144.288956565,735.807301889761,3617.69904103804,577.2031581375,-35.4936740183082,11068.2993996462
-13180.8996232524,-10311.2929481509,-13289.5582002144,-2978.26525206347,-13965.0566649917,749.388735937695,3618.99541103919,640.73015897573,-34.7683058015327,10952.0231071267
-12991.0151906834,-10151.2189333399,-13045.6097102842,-2894.39077694423,-13763.5292238795,738.49770923975,3578.29396658325,683.903189639029,-34.0163239563716,10835.1221229789
-12812.3812253521,-10009.9783977559,-12792.0216655908,-2782.04326783485,-13531.884309379,686.179249671925,3488.58207726805,706.538809433188,-33.3238343550001,10716.5172071891
-12643.9154565294,-9877.75086166193,-12485.1159711722,-2607.36510951026,-13238.6835043701,562.073158133858,3328.23775300132,720.872643491065,-32.6948897068826,10598.623505153
-12490.9155285408,-9755.40240431973,-12211.5897772819,-2456.18737296216,-12973.2729596294,450.271272417992,3185.78439663906,729.597023676904,-32.0861586706341,10484.9994279966
-12357.7795873526,-9642.0515928672,-11996.062520221,-2354.01092735382,-12761.3903739414,372.084567338984,3087.81256182435,733.801634470537,-31.5262192498734,10375.8532273377
-12242.5591134254,-9532.84567069813,-11783.3446171587,-2250.49894646056,-12545.1687307568,271.661734695001,2981.37517742229,730.876230961724,-30.9478826363738,10263.7219016599
-12136.3150683682,-9419.71462301651,-11564.9921250899,-2145.27750207337,-12319.032886604,152.351873237227,2868.95231858884,723.674816515474,-30.3659449985779,10143.389439532
-12045.8802738719,-9307.0931911129,-11410.7299590706,-2103.63676795771,-12155.4569255057,79.7376717406029,2818.52475449964,714.887986541937,-29.8389798931259,10021.9811776548
-11969.6209944683,-9192.9380570324,-11275.3110551414,-2082.37299810905,-12011.7309421524,12.6604724708534,2789.34340990674,706.970411797701,-29.4494752132769,9899.90846883007
-11898.3890973353,-9069.81692678242,-11132.0031857674,-2062.18625898492,-11869.1563139963,-58.4290383413526,2770.14313221158,707.956873226661,-29.196255002301,9777.77380000908
-11821.0923379324,-8930.54449706706,-10988.5638859533,-2058.01938888625,-11741.5999176853,-108.547853820769,2781.99998704454,723.980598158294,-29.0554335736637,9654.52509522535
-11725.9244163905,-8766.3507573243,-10866.4008553495,-2100.05009802517,-11655.3355446911,-99.6200891264965,2859.9535699397,759.903471914531,-29.0312174271197,9526.25422923883
-11608.7711118902,-8577.24728172892,-10681.5673240194,-2104.32004229048,-11523.941610884,-113.947302299201,2917.5765278621,813.256485571619,-29.1178012929432,9390.50376730055
-11464.3712133804,-8362.63951443273,-10479.6303322001,-2116.9908177674,-11392.1543132372,-101.459951991786,3000.2717469559,883.280929188503,-29.2430518485766,9245.92044362124
-11291.8006231334,-8126.8952777865,-10272.3004628196,-2145.40518503308,-11270.0794090535,-51.130105608333,3113.77523973852,968.370054705447,-29.4088915284109,9095.26533249193
-11086.8615704549,-7871.52557095884,-10074.2875600387,-2202.76198907988,-11174.2966186482,57.7779993169106,3273.11399881295,1070.35200973307,-29.6570488764498,8941.8775806919
-10859.2180561546,-7609.30813868272,-9823.77395657704,-2214.46581789434,-11032.8949881687,143.74164118018,3393.65155865208,1179.18574075774,-29.9352908339204,8788.49387944044
-10612.1033823619,-7344.07328600745,-9594.39312031505,-2250.3198343076,-10915.8419688525,273.533688024689,3541.56378437917,1291.24395007156,-30.2048984658446,8635.31723607902
-10352.0369477067,-7082.66822591742,-9405.4201734628,-2322.7519475454,-10837.4872400449,454.934197132941,3724.30291892218,1401.55097137678,-30.5160952052527,8484.21919729421
-10072.5219720935,-6821.01571784304,-9185.2289673216,-2364.21324947857,-10726.2806408601,622.888958806213,3874.39521305665,1510.18196357808,-30.869709960371,8331.19768142111
-9785.70114454661,-6569.74894990665,-8975.9135748542,-2406.16462494757,-10623.1158506993,806.186599650032,4022.13879429001,1615.97416934245,-31.2281065026152,8185.72311924908
-9489.42507284899,-6327.84185167737,-8809.48514268141,-2481.64329100406,-10557.8005086458,1036.70205106794,4198.28527223957,1716.64198123551,-31.6733847288601,8044.48383291287
-9188.7825020608,-6096.99926496708,-8710.47847281385,-2613.47920784677,-10546.441668838,1325.48357256517,4417.26680965889,1803.78760181212,-32.1755942120574,7900.78686677921
-8885.28783886524,-5877.70707145888,-8621.67459089157,-2743.96751943271,-10528.2906399919,1610.302194811,4617.88296221737,1873.91544278466,-32.700606315678,7751.62251424353
-8582.70377137343,-5672.35211733942,-8505.65685856177,-2833.30474122236,-10467.0563239372,1851.04725759081,4761.39891162485,1928.09417040248,-33.3052949729823,7600.4462877419
-8284.81681440241,-5483.41431268966,-8346.60982455879,-2863.19551186912,-10345.267509266,2026.41173821246,4827.8142399252,1964.61872805609,-34.0389566511061,7448.03304074575
-7998.73948374441,-5315.30943377756,-8205.95041790659,-2890.64098412904,-10232.3533940891,2198.70086528229,4882.13091524917,1991.48993112012,-34.9130450623984,7306.79936489767
-7726.23252022769,-5170.70980111507,-8010.77897393985,-2840.06917282479,-10060.6479166958,2298.60818657881,4854.13090569144,2014.06173286665,-35.807209889265,7184.77153398172
-7471.45955894393,-5054.20287501945,-7857.38909523702,-2803.18622021756,-9923.11552284479,2414.98555589081,4832.24223981531,2029.05601959774,-36.6704080100396,7083.25889461718
-7231.79664168587,-4961.79065375129,-7762.06582380705,-2800.27517005576,-9839.63450538544,2570.32101587014,4840.32700380474,2040.05183374898,-37.516847829407,7001.84248750025
-7007.91666688091,-4892.61941334042,-7689.80677569407,-2797.18736235365,-9779.31803634515,2733.10998103649,4848.40723457699,2051.21987222334,-38.2913884277408,6943.83928556376
-6801.51973645962,-4848.91137621803,-7604.70619612581,-2755.79481990778,-9702.00446417975,2861.44961956322,4814.05797980485,2058.26315989707,-39.0351081568816,6907.17453611509
-6600.75938314399,-4822.39995768397,-7536.83833963317,-2714.43838194921,-9636.59087657414,2996.14940418233,4774.50882964237,2060.07044769317,-39.6820892478066,6882.47040537712
-6407.22405370233,-4815.49572075654,-7498.47232867424,-2682.9766079177,-9587.64487507448,3140.29116347658,4732.01949642238,2049.04288850468,-40.1296578955516,6864.53860926123
-6229.68419669301,-4832.8458837581,-7422.07035108049,-2589.22446732239,-9476.9577940192,3206.85385470263,4603.69216763756,2014.46770031517,-40.4197426235422,6847.31358407325
-6072.77290128745,-4873.98896516311,-7365.17535538964,-2491.18639022653,-9369.26618725276,3255.97975985588,4454.76369598024,1963.5773057537,-40.5135261094176,6837.5662709168
-5937.59611369395,-4935.41251652603,-7350.15912635954,-2414.74660983352,-9283.95516677432,3305.8892553244,4308.07285249234,1893.32624265882,-40.4697977559529,6828.73875918483
-5833.35050923385,-5020.62651235006,-7411.04190063259,-2390.41538828254,-9244.71901396611,3371.07050442445,4183.79450130826,1793.37911302572,-40.298000307798,6814.00562537577
-5762.21830082858,-5121.13038587489,-7454.54291709819,-2333.4125312233,-9161.91182961695,3359.64113293296,4000.72904788665,1667.31651666335,-40.0523958553935,6788.44690253825
-5723.77224126512,-5231.3442909647,-7474.09634323123,-2242.75205226652,-9033.11272674243,3269.59653051286,3762.0244808133,1519.27242854679,-39.7439549644223,6750.6167195115
-5712.54225298056,-5341.88458170858,-7504.17739200065,-2162.29281029207,-8899.01601854185,3147.13730983599,3517.79498110798,1355.50217081591,-39.3364557252973,6697.38675252448
-5727.91432563251,-5447.02897732337,-7525.02323600456,-2077.99425868118,-8749.38405113719,2982.59039891195,3263.47574722111,1185.48148853993,-38.8793265927038,6632.51046586331
-5762.46620715168,-5538.23564347489,-7552.53003557847,-2014.29439210357,-8600.58990878707,2799.73781089825,3023.96837457504,1009.67398247147,-38.3858907371341,6547.90962594637
-5814.55398786692,-5611.05701600398,-7550.33153868132,-1939.27452267732,-8424.39114546078,2571.96538793533,2775.46235979826,836.187837120938,-37.8717696585271,6447.24485312493
-5878.19414334147,-5662.20388509887,-7514.03327654086,-1851.82939144199,-8224.91653419298,2309.33499503368,2525.32525327628,673.495861834293,-37.3873958178189,6335.69974693318
-5949.52426516644,-5689.7471143735,-7452.60702042314,-1762.85990604964,-8019.5280909787,2033.10461755963,2292.88176835257,530.021862302924,-36.899208252628,6219.76897667644
-6025.16094217505,-5694.22001221384,-7342.99536031926,-1648.77534810541,-7786.82616805604,1725.2086320921,2056.14956205331,407.374213947893,-36.4565937888812,6101.59422616174
-6101.4446239479,-5674.56297594051,-7228.8893500351,-1554.32637409459,-7575.44134216358,1437.922249481,1864.80389748839,310.477523393797,-36.0744687346745,5985.04049933431
-6173.85006454697,-5632.63141041308,-7150.68932266415,-1518.05791225107,-7426.73495070167,1217.07900440933,1758.29765854321,240.239746292144,-35.8058817453696,5872.87115670521
-6238.95509099906,-5570.47825905737,-7078.51039390971,-1508.03213485234,-7308.45382170993,1033.91517585149,1702.39200779318,194.35987294085,-35.5835548593595,5764.83813199823
-6292.55338953756,-5490.20572769679,-7008.96967744533,-1518.76394974855,-7216.56205745859,888.669236824351,1691.01689866514,172.25294891659,-35.33943109666,5662.45867661338
-6327.29589611019,-5392.1977107436,-6961.98035992858,-1569.78264918497,-7164.05961599784,801.638234125244,1736.73641949183,166.953770306862,-35.1254857624153,5559.15148105047
-6348.9114410155,-5286.06202331524,-6920.51764764988,-1634.45562433465,-7129.94638221997,746.091520563975,1808.94093826423,174.485313929581,-34.9434206405066,5460.54733724482
-6357.6849280074,-5172.71365880834,-6812.96152566286,-1640.24786685453,-7047.29017151227,654.852292693159,1839.82356189221,199.575695037683,-34.7529508117067,5372.28935384603
-6351.27006553005,-5054.84030525099,-6701.80861786186,-1646.96831261087,-6976.0658168201,590.265905838606,1886.69566611764,239.727353506771,-34.5298454514525,5294.56765875778
-6344.86675005502,-4948.32687438882,-6652.42950596722,-1704.1026315784,-6968.4214595284,589.2207106305,1985.7605862967,281.657954718294,-34.3339988428739,5229.98482910712
-6340.30574072759,-4854.92393911525,-6635.76335685215,-1780.8394177369,-6989.06363894386,614.620636031137,2100.00243764349,319.163019906589,-34.1372621851168,5174.08695902184
-6335.02046940694,-4768.53743895185,-6611.94765802259,-1843.41021907073,-7000.6788238187,631.776479715248,2198.25951017032,354.849291099595,-33.8818746965056,5123.38673005145
-6327.80027768772,-4686.12781198445,-6557.04119474233,-1870.91338275786,-6984.73917617785,623.371123491738,2265.043589195,394.130206437144,-33.5677749983617,5080.2580184216
-6317.87470400532,-4604.42353850864,-6468.62883238605,-1864.2052938774,-6944.57541469299,593.501637327558,2306.95280282425,442.747508946841,-33.199073360093,5047.17104745548
-6303.93244604066,-4524.65124713191,-6393.21075399916,-1868.55950686723,-6924.03101707995,587.255635853855,2366.53683476259,497.977327895362,-32.8429351854326,5022.62857502728
-6282.39175939469,-4445.09338885651,-6270.40049973118,-1825.30711087467,-6859.19600608586,544.254860735679,2381.55323127386,556.246120399192,-32.5493859554818,5001.33950925571
-6242.17820544339,-4360.51237020434,-6147.04207914462,-1786.52970894028,-6801.91488329361,527.465971754125,2409.13180699316,622.602098052886,-32.2707060960925,4983.11446825722
-6183.41232643244,-4270.69001220284,-6032.67263461566,-1761.98262241283,-6764.11343827315,548.6669017107,2461.38921594031,699.406593527484,-32.0342101299845,4970.09660573031
-6112.65252136673,-4183.20911858115,-5921.06755707726,-1737.85843849611,-6727.123966976,582.6465169356,2512.08991972118,774.231481225081,-31.8249286736532,4957.44059980623
-6024.3614642822,-4095.18332427651,-5830.73415804439,-1735.55083376788,-6712.40014158584,656.420214808331,2585.59835481402,850.047521046137,-31.6184624952955,4945.23084532266
-5910.29396951286,-4000.94232615351,-5786.49018818154,-1785.54786202803,-6742.93139743313,801.260269671929,2710.61191303127,925.064051003247,-31.3771582483342,4926.00637715675
-5780.50449627083,-3905.40833528244,-5762.68367894535,-1857.27534366291,-6783.34592456391,971.723441030049,2846.81960201844,989.544258355528,-31.1179872630364,4894.95259363797
-5638.78632397879,-3811.12955999769,-5730.17287006372,-1919.04331006603,-6794.76668322153,1125.18381600321,2952.8405799843,1033.79726991827,-30.796543239527,4844.92682991596
-5483.58820618726,-3713.32810206295,-5724.10017224215,-2010.7720701792,-6814.28384189685,1300.24468584544,3070.50478996975,1059.73271979056,-30.4509498641344,4773.0608218535
-5318.52906175283,-3614.15169435092,-5701.30734214295,-2087.15564779203,-6802.93770841903,1454.32018281217,3158.69755021407,1071.54190242203,-30.0884638540379,4685.69359677297
-5147.40040913287,-3515.15129239278,-5665.24911172168,-2150.0978193289,-6766.34973776718,1589.23816313609,3221.48727987617,1071.38946054727,-29.7111654982163,4586.54075294006
-4966.55285523574,-3413.710683005,-5583.16914335386,-2169.45846034887,-6668.76734936682,1672.86030370136,3225.70247593212,1056.24401558325,-29.354190429709,4469.95469858825
-4781.88920425081,-3311.68092613878,-5482.10599579494,-2170.42506965616,-6539.31257340115,1728.48683235162,3198.69511046367,1028.27004080751,-28.9365367987023,4339.95096694628
-4596.21045136275,-3209.27327061712,-5339.54535845604,-2130.27208783891,-6356.62409834254,1731.93442934774,3118.87161009337,988.599522254456,-28.4792176320498,4197.87279287157
-4416.39339652862,-3110.95696225782,-5221.71822257571,-2110.7612603179,-6189.64947310048,1745.25593300263,3050.69236727344,939.931106955536,-28.0001435692196,4050.88806921335
-4248.3962228067,-3015.56092637022,-5102.87951623838,-2087.31858986816,-6013.626524956,1737.67333425059,2970.50863068706,883.190040818903,-27.5569678987168,3898.75096718912
-4085.42933159675,-2917.57382307012,-4943.63342749441,-2026.05960442428,-5790.59954620115,1678.03857312952,2845.89408165616,819.834477231879,-27.1316414748534,3737.40830030201
-3936.37716724123,-2818.79021777145,-4823.53871179636,-2004.74849402491,-5605.39997888532,1642.27615220182,2759.8631016716,755.114607646684,-26.7466594422727,3573.90482541813
-3801.23732964528,-2718.41778048869,-4635.25448843994,-1916.83670795125,-5360.28776309801,1532.63710853083,2615.45665768743,698.619949736179,-26.4133249218904,3417.03773022487
-3678.24396860428,-2617.39016147836,-4410.85749610521,-1793.46733462686,-5087.42031837231,1382.98674296595,2443.84055009189,650.373215465025,-26.1896068020754,3267.76337694337
-3565.4753245832,-2515.70085955219,-4186.61403595604,-1670.91317640387,-4822.58579588554,1231.02754905725,2280.80201408828,609.888837684407,-26.0829222450778,3125.5896972366
-3460.51251013754,-2408.25827362174,-3979.74647387613,-1571.48820025439,-4587.67569428538,1101.10859699324,2153.36283350905,581.874633254653,-26.0545871546015,2990.13290687641
-3359.3173099912,-2295.89051415803,-3767.33180937206,-1471.44129521402,-4362.96863352195,977.54743431477,2040.97423014794,569.532934933917,-26.1038892159958,2865.42344909195
-3259.81605347719,-2177.90654628384,-3608.64258721671,-1430.73604093286,-4208.85678054692,922.795527971969,2004.70503516532,573.968994232451,-26.245199097762,2751.87554051629
-3159.01728889635,-2055.17826357013,-3460.60155179331,-1405.42328822319,-4076.75235860851,891.247176832038,1995.08620215829,589.662913935088,-26.4878928801039,2644.84117750521
-3049.37315456014,-1923.02677109349,-3346.81139220878,-1423.7846211153,-3995.84474801136,919.634492282031,2045.98087574869,622.196254633382,-26.8371011691795,2545.22302572688
-2926.56837297479,-1783.23770218033,-3217.37698900857,-1434.13928682822,-3913.39458488357,959.551060054896,2102.88173084937,668.742444021157,-27.2751518538605,2451.98014620149
-2792.80997486731,-1640.65561624286,-3084.67111488876,-1444.01549864588,-3835.31030954542,1014.76370186322,2166.91806048766,722.902561841781,-27.7366328149077,2363.55817808464
-2646.15168809616,-1499.62176895235,-2933.81436137431,-1434.19259242197,-3743.96261797368,1069.50741732711,2216.03733647092,781.844744048949,-28.3035125504033,2281.4665130013
-2485.93464351816,-1361.79079200048,-2782.10456786677,-1420.3137758663,-3655.53553784444,1140.65801112968,2264.80186264737,844.488086781069,-28.94288319659,2206.27887878154
-2304.44661657959,-1225.46200842357,-2579.27401694426,-1353.81200852069,-3521.50401710181,1187.44702792745,2266.43163608346,912.619627562778,-29.6103725947824,2138.08163598636
-2103.21099294177,-1094.72432879334,-2394.00604343504,-1299.28171464172,-3407.74153172895,1274.25301084539,2282.73967499384,983.457960352121,-30.2775279417833,2078.18228914546
-1890.52692309506,-979.157428587078,-2257.39330179448,-1278.23587320739,-3328.1585341486,1406.70119821846,2318.07069272644,1039.83481951905,-30.9304128350729,2018.99224810615
-1675.99320896359,-882.070182709206,-2132.4589028007,-1250.38872009151,-3241.12852528085,1533.54958489895,2327.47261115333,1077.08389106182,-31.5857314183174,1959.15407377101
-1466.76907008875,-809.648076292927,-1993.84384598322,-1184.19576969031,-3116.68027356339,1617.74421385897,2274.86520765481,1090.66943796451,-32.1669896156437,1900.31751425744
-1276.62430904472,-764.912716919214,-1879.9993236005,-1115.08660668128,-2992.32113845387,1683.04836904668,2194.75996117218,1079.6733544909,-32.6484603624645,1844.58607141012
-1114.17675249761,-748.221283925055,-1820.4778552103,-1072.25657128524,-2899.07559556628,1751.84996334851,2117.80543192106,1045.54886063581,-33.0488797201559,1793.77014456088
-979.453416491183,-758.058027117119,-1814.4145406946,-1056.35651357747,-2839.65548977512,1826.90600980315,2048.30139917722,991.94488559975,-33.2960634807697,1750.00291271688
-883.205044272987,-797.083292966095,-1849.87764807082,-1052.79435510471,-2803.25502754038,1886.64349671942,1972.76524802631,919.970892921593,-33.4064865479801,1717.05418588771
-828.160667407157,-863.738038494003,-1917.41865165597,-1053.68061316196,-2778.81995271413,1917.23800670976,1881.66063562291,827.980022460954,-33.4212785972126,1691.71806095497
-820.558949898096,-956.545234199052,-2028.66025938129,-1072.11502518224,-2778.85883382575,1924.99731387797,1789.011029577,716.896004394776,-33.3025700496703,1673.44123859384
-855.65040028959,-1069.17302145856,-2174.95770754397,-1105.78468608539,-2799.28596373734,1910.57281791884,1697.05019674985,591.265510664458,-33.0627455289132,1660.43853212304
-937.357875473971,-1199.3451378596,-2318.3972999177,-1119.05216205809,-2808.54020421569,1838.44757027475,1576.46030788912,457.40814583104,-32.7347584669701,1656.75328369063
-1064.62998116155,-1343.75032134377,-2449.52748240226,-1105.77716105848,-2804.69499511072,1707.79399212445,1428.67365194224,322.896490883759,-32.271021824703,1666.64681222752
-1220.91900223079,-1487.43800147592,-2576.93760517526,-1089.49960369932,-2803.90834043264,1551.29406525676,1284.77506601162,195.275462312305,-31.695272945093,1682.71346378823
-1399.79416851549,-1626.86403133599,-2738.27800035405,-1111.41396901805,-2849.03646201518,1418.22499403619,1191.15513121567,79.74116219762,-31.0172994635043,1706.60519353361
-1594.4731147129,-1756.71477167112,-2896.7589479025,-1140.04417623138,-2908.69590848906,1283.95758442689,1121.71592746867,-18.3282487627057,-30.2652093492819,1738.38652290842
-1790.57377543005,-1872.38068324533,-3021.25224022149,-1148.87155697615,-2954.06822658478,1134.0906485615,1052.28374074623,-96.5878162299191,-29.403802593235,1775.7928670154
-1978.33671570923,-1969.46976463376,-3090.89880652396,-1121.42904189019,-2965.83925011687,958.991063542838,967.858014618305,-153.571027271873,-28.5114708647978,1815.89873736189
-2153.2150464605,-2050.31087451754,-3161.98036714803,-1111.66949263048,-2996.5302983552,815.711883603115,918.616055546057,-193.053437084423,-27.6033682915956,1857.2574374331
-2313.55643955119,-2116.9029767677,-3215.12604152296,-1098.22306475526,-3026.45491307791,686.149318158587,882.802780942097,-215.420283813165,-26.7491553681122,1901.48269295453
-2450.05272739495,-2166.15943036475,-3242.08806135544,-1075.9286309907,-3046.01577015951,570.061653863595,853.954950893804,-221.973680096891,-25.901388900965,1944.18575026785
-2564.60512903792,-2201.75223623632,-3273.68489759974,-1071.93266136344,-3077.53761316626,487.859616314677,850.712509116302,-221.220152247137,-25.0728678136515,1980.53208398917
-2666.53268473684,-2231.45437581077,-3299.5104863362,-1068.05611052544,-3099.70232136242,408.893968859421,843.972277785494,-224.083832739939,-24.2756677661753,2007.37054307082
-2751.53537613227,-2251.74947740641,-3336.62869560895,-1084.87921820253,-3130.87768752517,355.855749393814,855.641648119665,-229.237570082862,-23.4865619991086,2022.51190732355
-2813.85456830433,-2257.44164099622,-3380.54943063288,-1123.10778963665,-3174.24709578709,337.646154110939,894.059081419059,-229.048708217593,-22.7463733718103,2028.39293277862
-2861.73323907149,-2254.94618916673,-3430.706428278,-1175.76023911128,-3220.73174152415,336.925507122502,943.712557027264,-232.047682084021,-22.0729953301573,2022.8985070827
-2901.36413585496,-2246.29646414416,-3439.74186748044,-1193.44540333628,-3221.46179538521,298.642328549529,953.710000260343,-239.735403075938,-21.455330980712,2006.56106106822
-2938.26994089973,-2234.92801591219,-3412.12027659037,-1177.19226067817,-3182.79877428883,223.578635312666,926.920560300225,-250.271700377962,-20.9501980764267,1984.65631553424
-2967.21687440901,-2214.84946536684,-3350.96000572028,-1136.11054035344,-3114.35129480025,126.634570282419,879.001979324575,-257.108561028861,-20.4998501088294,1957.74090433797
-2991.48842872105,-2188.14877530777,-3304.09798672377,-1115.94921141601,-3062.94223904565,51.3498060616689,854.689459474955,-261.259751941071,-20.1040042629409,1926.8890233667
-3014.57973712052,-2157.44398611189,-3268.80527695807,-1111.36129084618,-3021.33538775884,-12.9745418407372,844.161209167914,-267.200081678275,-19.7301924790441,1890.24390443361
-3033.6545367818,-2121.76588288179,-3209.63819446998,-1087.8723115882,-2959.55487409547,-93.506728743918,818.381925156104,-269.490386432093,-19.4070660575926,1852.27549644968
-3053.83380448902,-2083.54178635407,-3156.02485118098,-1072.48306482693,-2910.6407414206,-162.418084400047,807.873933734923,-264.609131092003,-19.2250213316266,1818.93265526205
-3064.41372079246,-2034.1151530758,-3108.39535611543,-1074.28020303963,-2885.48837574084,-198.040360126295,832.258207590362,-242.021995449274,-19.1150150746843,1792.09315762653
-3064.22306351015,-1975.34804540272,-3077.78935113929,-1102.44130573657,-2898.08637540195,-185.203860713243,903.671157394178,-198.770148342396,-19.0671726050383,1776.57789706032
-3050.87863810255,-1910.66510917241,-3005.77878733146,-1095.11367815904,-2885.43441989977,-184.605847744313,955.607681185836,-139.505996973213,-19.1616295415256,1771.1591121992
-3019.57110191972,-1838.89672385109,-2915.69233504936,-1076.79561119826,-2866.85552541154,-172.048582314393,1008.62579575422,-68.1698154440427,-19.3330058062306,1770.72690840705
-2969.79540168371,-1761.18440681452,-2851.06951548895,-1089.88510867445,-2885.98190370773,-103.418556380957,1105.19243848824,15.307329813785,-19.6050584049888,1776.4917366283
-2897.55772398309,-1674.92961549538,-2787.02960537261,-1112.09998987722,-2913.12098961602,-4.42115757331267,1218.20695091441,106.10696103719,-19.9844232062306,1781.03657653257
-2803.77245983031,-1582.22425273433,-2706.46300716758,-1124.23875443326,-2927.6012012063,103.376669335408,1324.92487643139,200.686121998142,-20.4520720405795,1782.91037473246
-2693.34268280817,-1488.11220408222,-2582.65634530302,-1094.54414122079,-2894.17580649756,179.853682821931,1385.08416154789,290.54002032709,-20.9794408674647,1778.65222440932
-2568.863498207,-1391.59259591059,-2430.10175579639,-1038.5091598858,-2828.15848516204,237.734365359016,1415.00526765543,376.496107769633,-21.5606215960347,1768.08870368022
-2432.55299202224,-1293.63111633739,-2260.49711518331,-966.86599884591,-2741.85562108596,287.171046435205,1426.09292212004,459.226923274128,-22.1315826285293,1752.85803961154
-2284.6488566573,-1194.86941688419,-2085.60162907964,-890.73221219544,-2642.406482968,335.065028154795,1424.84446792793,534.112255732484,-22.6925981558972,1728.98167261668
-2127.83639315775,-1095.75189558234,-1975.0438961749,-879.292000592549,-2597.95492075573,446.912251006303,1478.9967485817,599.704747989157,-23.20627659168,1695.45664357151
-1969.69415384237,-1001.70039011226,-1831.77695981531,-830.076569703051,-2507.73373866093,514.360344302863,1482.35410803298,652.277538329933,-23.6792405156909,1653.97792844219
-1810.23089121013,-912.057151792497,-1704.89348267798,-792.836330885456,-2421.22080166404,586.885437906584,1485.05917732421,692.222846438753,-24.104472547324,1604.27999823126
-1653.54657953425,-826.687407607707,-1535.81296606374,-709.125558456032,-2283.90849292354,605.89184586844,1432.75101779499,723.62545933895,-24.4700675208311,1550.31286694667
-1505.60433337033,-751.172028181254,-1332.49960667046,-581.327578489207,-2106.46448570361,576.099685361666,1330.53199055075,749.204412061546,-24.7604669716209,1500.37644024281
-1362.09624102219,-681.160668030121,-1190.05672298289,-508.896054952758,-1992.48948219065,605.367643626004,1286.30321661807,777.407161665311,-25.0255975424673,1458.56782969544
-1221.97140661231,-617.292785642489,-1019.7462439457,-402.453458303198,-1852.13453494867,604.956967967394,1209.63558893721,807.18213063401,-25.2061603689425,1424.47491627651
-1086.20948236716,-559.887635432662,-837.675771727166,-277.788136294511,-1702.29461911678,590.759072060051,1117.08091899455,839.292782700041,-25.3260646895505,1399.18041813271
-953.609429311272,-514.38872068678,-711.916453788815,-197.527733102029,-1603.99003731913,625.004845674939,1064.22555429943,866.697821197403,-25.3757623329161,1381.08654188418
-828.589785018203,-482.272676822113,-608.0929202397,-125.820243417578,-1522.14730955329,668.215010413764,1014.53211860984,888.711875192279,-25.3425141213016,1370.98455201441
-709.516515544236,-461.611911824033,-504.427735869026,-42.8158240449932,-1433.95861357521,699.153028635322,947.05763235553,904.241808310534,-25.2890693956598,1365.85372013457
-596.299541901069,-454.54569691088,-437.211531276758,17.3341656341283,-1374.87867993523,753.337651493678,895.091496483852,912.425662117982,-25.2414865404941,1366.97135902888
-496.018368462953,-466.21900595364,-373.674737492516,92.5442684611203,-1304.64921481301,783.356591400574,813.155953909887,905.700222371009,-25.274254949478,1371.91922832465
-406.959153114728,-493.270416234192,-352.252582223939,141.017834010257,-1257.13737661656,824.845901316857,738.534638197389,879.552472207645,-25.3323221849742,1372.82288844184
-338.675604191152,-537.253130542685,-363.20077048001,174.05236006266,-1221.86561938245,857.8349725211,659.257446169572,833.309806232229,-25.3550426701981,1370.56293677491
-296.072590699175,-600.567678297103,-385.371532886163,215.196145410937,-1179.59624484836,858.11663313797,553.621545540043,768.817690950981,-25.4070210112129,1369.38536924808
-278.898089891287,-681.134633647501,-461.710269907596,219.424363739919,-1170.89595226183,866.531339278255,464.294795522037,683.719159261949,-25.4665230922863,1364.85379290946
-288.964000398277,-776.88304678224,-601.799336419994,175.083710362261,-1201.20025702478,886.680271622682,398.761225238718,573.844935600979,-25.5559850038114,1350.72798238323
-335.643575935202,-889.613461043077,-724.074278775157,165.539182267908,-1187.20389504035,825.853673521446,271.883788413586,437.422970681489,-25.7066455836959,1327.03643172454
-421.849996688161,-1013.67049165714,-786.496638216882,227.17385344025,-1105.95142416618,658.152927435558,66.3324324665641,293.506285906816,-25.9485000424748,1307.17677756395
-538.785129235983,-1141.46994679553,-884.168540274639,257.30140652088,-1061.23611111208,496.179915915552,-106.504901643983,150.796504876898,-26.271065960552,1292.2664516724
-685.319692777381,-1271.87818729517,-992.04814458503,279.83004271014,-1025.40056627422,313.451802293286,-273.106692224493,6.72335048564922,-26.6290712035543,1278.60153778082
-861.134508550913,-1402.103122482,-1076.12993677399,325.973185707997,-968.092891638326,79.9652618613851,-461.003352069689,-135.030166361695,-26.9931212260115,1267.0729561203
-1055.69667049912,-1524.60594112437,-1196.38529265314,328.220648471224,-961.432208494514,-121.630266629865,-590.539537255106,-262.31888878388,-27.3658046252463,1262.28705234048
-1267.33822918903,-1640.16447267401,-1338.00283521687,302.161637457126,-991.886489047478,-303.221427932224,-676.047671417187,-373.886033960059,-27.7696877906639,1266.27843871392
-1490.30309774171,-1743.72322688787,-1444.31683620177,299.406390686071,-1002.63385657085,-515.78116522787,-769.201294374015,-469.794903687947,-28.1119240569968,1273.92832319992
-1721.14953327568,-1834.22961220013,-1553.19350035405,281.036111846072,-1029.57121981455,-720.061612156424,-833.141691080843,-552.105579234773,-28.4832986952679,1282.12403296535
-1942.19210467892,-1899.51761913708,-1614.95240493324,284.565214203841,-1034.48733554892,-936.618833627807,-893.944348085961,-609.379133882121,-28.9140644978054,1290.13848525495
-2153.0269741349,-1940.78479781008,-1704.24268742283,236.542110387252,-1091.15781419006,-1091.22346562563,-878.981289300793,-642.43917891354,-29.3543056807645,1298.34561889654
-2343.36452302897,-1952.52314826464,-1781.53058709727,170.992561167351,-1158.81057799979,-1214.35546937538,-823.514094611031,-652.521533443679,-29.8015243462009,1300.00161482094
-2512.50524047036,-1936.48629644844,-1826.18927082996,110.297025618468,-1218.48646690209,-1324.295519352,-748.276575330053,-637.97954971159,-30.2767457837132,1298.50674673684
-2654.0221406035,-1891.58062066228,-1887.82097035775,3.75965030451891,-1321.67984329639,-1363.07686239974,-600.635342458511,-596.875692153998,-30.7345650926528,1294.70492850828
-2765.44398491554,-1820.62706077051,-1987.20519613754,-166.578135367034,-1484.83582482582,-1311.78452099772,-366.967596852665,-533.545732219694,-31.1763609079798,1287.08132855082
-2845.3692100052,-1725.47843926296,-2068.93992666691,-343.46148740394,-1643.39187398074,-1233.56992274561,-113.679152003384,-457.140639407323,-31.5925867211717,1268.33779985564
-2888.98186065482,-1605.08990378385,-2079.55377390312,-474.463870119273,-1744.63225309122,-1176.28842094871,107.603535922271,-366.860334197005,-31.9388133851098,1238.22956958685
-2898.31754861883,-1461.76202485822,-2036.03986561413,-574.277840755936,-1810.74706237964,-1119.81310655675,316.742417203869,-257.535423552067,-32.2426203175653,1204.22660130614
-2870.77283858183,-1298.77066037739,-1999.85849200988,-701.087831632502,-1896.69098436053,-1006.57163029478,565.430547909672,-135.657283722829,-32.4897760734822,1163.11337665455
-2805.5307783182,-1119.32657477569,-1918.5824807811,-799.25590600541,-1940.15220606054,-898.010256921203,788.193946621313,-11.0619593841016,-32.6316846635422,1108.26461539159
-2704.28137239017,-924.972757637576,-1814.76745611596,-889.794698478374,-1966.34153138283,-770.653155143185,1008.6554596094,118.860761131027,-32.7133141358482,1043.83351876861
-2573.01801686208,-723.224162082481,-1708.73251899048,-985.508356907991,-1992.53266697509,-613.189972674632,1236.60388210497,251.095525196973,-32.7046227876328,974.319687279468
-2414.26839924625,-516.608166762598,-1595.24307293816,-1078.63490617556,-2004.16521443275,-442.754994733853,1454.90523774981,376.270331574246,-32.6518099203459,892.878498336834
-2225.81555365438,-304.689747287806,-1457.23447528565,-1152.54472799785,-1983.36245523239,-275.037010278669,1646.0887960879,493.544068090047,-32.5839118566916,798.233815377855
-2013.46615012056,-92.0731498600537,-1332.33996408556,-1240.26681422551,-1968.54852832797,-77.3693693759439,1844.02363088459,603.756816659079,-32.4517475833272,695.829966519137
-1788.31858136494,116.124816342339,-1185.92598539804,-1302.05080174038,-1925.38046355283,104.685084355313,2009.1284820626,707.077680322218,-32.3767978325647,590.952863979871
-1553.83253103757,317.565028890251,-1009.53686954062,-1327.10189843087,-1847.30255747746,261.160879911028,2132.55843983884,805.45654140797,-32.3091465288662,487.891512517726
-1310.85312109698,512.001544997305,-826.321669133662,-1338.32321413096,-1758.53303380063,415.468810967301,2238.32347706158,900.000262930622,-32.2111017363469,387.998717933321
-1056.18571216624,698.614673023441,-591.783774065133,-1290.39844708858,-1616.29956602355,528.016730742685,2282.81711593236,992.418668843789,-32.0971231146424,293.803995820342
-797.540414227114,869.892500966405,-353.179386190044,-1223.07188715644,-1467.45147863333,637.93002342876,2305.36293862229,1082.29105146585,-31.9810409774414,212.398550499442
-537.064464787124,1024.57357944634,-158.139465332886,-1182.71304477921,-1356.708753058,787.791432928444,2349.42947716191,1166.71643238269,-31.8528553424418,142.142852936351
-274.656975435732,1163.86976234429,65.1174760714926,-1098.75228627279,-1215.21350175772,908.806181895028,2347.33291967506,1248.58063340227,-31.7503444269601,84.7108710579777
-15.2765387466324,1285.07179721048,287.245806329789,-997.825990880678,-1069.7378689043,1022.80145007184,2323.14978602894,1325.32379514827,-31.6598800858299,40.2519979377932
236.389937374462,1386.03548579231,514.312803497923,-871.722682294387,-913.391414327509,1118.16402214597,2267.80957056382,1396.08688826944,-31.6173295560063,10.0514024771185
479.783664945844,1470.30252095045,720.761252566748,-749.541268383698,-769.05211378197,1217.26394206632,2207.78279807092,1458.24152968722,-31.5718366615023,-12.0609912632288
711.687623757247,1537.41928652673,905.114816515979,-632.30447001074,-638.764199363593,1318.94508630668,2144.67674907616,1512.37227906542,-31.5067368141624,-25.047007461302
928.697581794823,1587.08856350644,1098.70723265651,-488.381330849912,-484.901518926265,1382.1984660411,2040.58944775271,1552.2081169028,-31.4006346799825,-34.8804466036158
1121.262400709,1613.76434052687,1202.16956146446,-411.594779062386,-403.941702843055,1493.90878500281,1986.41072482066,1574.81594575828,-31.2953185492492,-38.9483947685718
1289.50453759054,1619.086113498,1289.7290264949,-329.357087003086,-320.669752129557,1578.96006829789,1908.54164420534,1579.18455720226,-31.2142214222061,-39.9015562957346
1430.00958829454,1600.33838834559,1303.20582251935,-297.132565826218,-283.280576525564,1682.1212615624,1852.45006161344,1555.31749578723,-31.168903257696,-45.0208925583388
1539.88652276887,1559.57222434494,1324.17402121019,-235.398203134731,-207.780084772258,1716.53012945327,1736.21583102933,1500.8176278946,-31.1364780878716,-58.7545964503398
1619.43027243192,1502.72688989005,1344.8528269757,-157.874062914342,-114.171759252993,1702.54568997464,1585.84230743276,1427.96824451842,-31.0563417102895,-74.7586453716308
1668.7012010584,1432.73424813878,1357.47552128664,-75.2587268521262,-18.0157101095407,1655.70623182339,1419.73927890376,1344.48055205163,-31.0106793445612,-88.253696087145
1690.40956575905,1353.55966426167,1292.86507327339,-60.6945909882667,12.3319014194517,1647.15280877004,1310.30290727263,1249.60831628437,-30.9248555695676,-103.951347977283
1685.61757815608,1268.28259212947,1214.6198739792,-53.6627181502588,43.1829336450152,1611.60231293485,1194.26732690824,1140.60460875799,-30.832331576197,-127.677983371468
1656.57579828897,1178.81003226107,1115.81986291278,-62.9901693482993,67.579759452854,1558.33712890145,1080.57136287356,1017.58119352526,-30.6589099346655,-161.228838735813
1599.81599533851,1085.43302111042,1014.74846765665,-70.6845534537757,99.8029199218969,1469.58871447601,955.205740247921,884.521186794143,-30.4243609406174,-200.911834316288
1522.62281147098,993.520503118692,885.643033083539,-107.877470035139,109.959668612455,1382.48835534174,853.386046989447,745.50857695431,-30.1747875167877,-248.011926164384
1427.81943087132,905.518472989625,779.983496559978,-125.534976429644,145.774856894895,1252.13235889481,729.831401013108,604.296424583466,-29.9122150816053,-301.222048406148
1318.74116245956,826.40251573661,707.493263914453,-118.909251822175,210.870860788061,1078.21017294801,585.871526225065,466.962274402895,-29.66012872349,-359.440241333734
1202.97972136645,761.626459127609,599.726365788862,-161.900093338746,227.475252501248,946.13224852017,504.778986281325,342.878892942583,-29.372220345036,-418.747566185034
1083.30320008395,709.789829962021,531.69590295634,-178.093927005691,269.304254501618,784.97060545796,411.457235336043,233.363308330349,-29.0283401243584,-476.426521631673
962.308685257752,671.017807352698,470.137386649337,-200.880420703373,305.201271719626,628.43351267682,337.142634771773,136.262214068404,-28.6739008612945,-534.755593284315
847.055210097784,651.2039384139,439.256097466345,-211.947840947555,350.678017228491,468.01061306946,272.159341385565,60.2115004380139,-28.3665797998368,-590.992437975901
739.728091460025,649.182742171004,386.448549136945,-262.734193034064,354.570948394097,357.151190806014,266.605841517,3.87164848293581,-28.0059522599026,-645.311093688084
646.310520832665,666.52819127234,368.244079193075,-298.284112079277,373.06404584601,245.633121769908,265.850792209582,-32.433319869701,-27.6133532167473,-698.961511142038
571.856933413991,704.771018650752,287.14872402654,-417.622294624219,310.276253474871,234.397051113899,367.311136350662,-50.3111582735567,-27.1836288252251,-755.082176924309
514.785799511573,761.114633162686,264.750621393998,-496.364011768701,289.418419227446,198.700959539097,445.029793190221,-51.3342185784763,-26.6664207450438,-812.448851741181
477.827320051433,834.882127282162,208.275908528529,-626.606218753627,221.193971417377,230.480311486564,587.535118717287,-39.0711000363401,-26.1530371474935,-873.953227318508
468.878517364393,930.979668844021,175.092635005332,-755.88703383872,159.80678042688,283.446458371606,745.547609851253,-10.3394239874685,-25.6252785659092,-941.31909283151
476.001996453645,1037.29886492432,145.464785050881,-891.834079873443,93.412997461707,357.481402630364,918.778271101036,26.9441912275892,-25.1075963615864,-1010.35467369673
505.372726753846,1154.74258366759,151.407630985248,-1003.33495268235,53.3396264223746,427.38796587039,1076.75782278414,73.422870101793,-24.6451344611008,-1081.31971356579
558.850608859476,1282.67762660175,169.248740496016,-1113.42888610576,14.5263302334583,520.061226047714,1243.88824379,130.459357684249,-24.2630525783192,-1152.21826891752
637.693611323786,1419.1551725103,215.055665691011,-1204.09950681927,-5.40264029081538,619.208971613755,1400.67053280026,196.571025980986,-23.8872800008476,-1222.5841465293
738.327233825382,1559.67140750239,253.863001567571,-1305.80840593483,-30.4608412004602,745.261924106979,1566.60609778401,260.797691849171,-23.5261509188534,-1298.87371565323
864.07875688353,1706.77413129707,353.357058704394,-1353.41707259267,10.1717664205675,830.705849615515,1673.40122402906,319.984151436383,-23.2011408474506,-1386.78997986068
1002.7361749299,1853.65220080214,479.891158903057,-1373.76104189909,82.8068448959753,897.032882208523,1747.94890808078,374.187866181685,-22.8964478253978,-1479.46433462047
1154.55257473414,1998.16384905273,614.350266556628,-1383.81358249612,168.707080867084,963.168520433046,1806.77979475165,422.966212255537,-22.676973434004,-1575.1976367972
1314.1916430229,2134.78639972324,762.697370289154,-1372.08902943409,281.868969535254,1009.80282723181,1830.39758393216,458.308554498068,-22.5198462558267,-1676.47784522517
1471.51647120347,2257.50329475606,886.688092689637,-1370.81520206642,385.841744834226,1063.32448226159,1849.31130581419,478.496103747765,-22.3502441076508,-1779.00719100829
1624.32156421699,2366.9957102409,998.88711587836,-1368.10859436255,493.962699938718,1108.12449650309,1850.79864252703,482.690048164475,-22.2343677751552,-1884.30566207643
1761.91323395733,2456.04806277041,1105.21670917485,-1350.83135359555,613.824869506521,1125.95106183719,1820.08589065026,469.254537054704,-22.1373026136209,-1986.79352571568
1879.16302189022,2525.98152780135,1198.35679972423,-1327.62472807711,736.831663763084,1120.2665367053,1767.08504261644,439.460314539321,-22.064821421835,-2086.52121326202
1981.2548869104,2581.87429771643,1308.27909518139,-1273.59520253504,890.30015900801,1068.90721480195,1669.52662560798,395.931423072933,-22.0475131004386,-2185.94287464349
2060.97455222284,2623.50420147851,1466.94682328053,-1156.55737819797,1098.49507122045,940.427490357185,1502.95713961286,346.399761414886,-22.0519906451937,-2277.10444006361
2115.51192353752,2650.77157898585,1622.00382604455,-1028.76775294131,1300.09608287354,793.343583166454,1328.6032386148,299.835485673485,-22.0722574975231,-2350.93609331238
2155.44105408471,2675.15455450689,1723.1128348727,-952.041719634176,1436.56473669411,696.719997354521,1216.43349777669,264.391778142508,-22.1563200360944,-2410.76277636436
2183.96316636234,2696.52291845271,1854.78879918618,-841.734119266532,1594.69644480704,567.001294184084,1079.56104627448,237.826927007945,-22.2654273712088,-2458.69599144477
2209.56242394889,2719.86354924671,1995.55368736656,-724.309861880149,1743.15810766413,444.034604999876,954.335730297709,230.025868417557,-22.3697112848884,-2489.83768082916
2234.77522944821,2744.44508424207,2079.4424575129,-665.002626729163,1816.95532583677,395.330987178663,905.000841972532,239.99821524337,-22.4889164327909,-2504.44686899871
2270.00068881795,2773.79974395084,2141.86336771208,-631.936376238776,1858.28586402809,389.110836228915,892.909891361819,260.973515123041,-22.6039885609491,-2512.82622882781
2313.02243434464,2804.50468977606,2225.49271502216,-579.011974753882,1912.13997568767,378.179064954655,869.661320386084,290.649345632201,-22.703393702316,-2513.85534414386
2368.98840613242,2836.79058520745,2305.53277818992,-531.257807017548,1951.90277341061,394.273828957725,862.076008032791,330.818201015241,-22.8118037640602,-2505.97238419222
2438.41634134818,2868.05158740295,2413.04500286943,-455.006584533521,2011.34043036672,404.206835679815,833.842081734592,378.835497201068,-22.8690753016445,-2489.21609020188
2518.11306554985,2895.21895572024,2480.75891330584,-414.460042414399,2027.24718463309,467.989234294442,845.095124464843,430.635082050444,-22.8766466222965,-2464.58387366979
2604.1582541811,2914.37411529952,2545.94559884118,-368.428516458341,2041.02554010193,540.308869281268,850.5247303997,482.096213941355,-22.8238447978907,-2432.27790135816
2699.25983925777,2924.72254121361,2627.26832106415,-297.454220149455,2070.51128469552,606.020240311678,831.482942267512,534.028722118061,-22.7283142505659,-2390.69381909555
2799.26680598418,2924.51257345512,2758.35492898551,-166.157644469612,2155.10256203383,621.591718499845,746.837485970791,580.679841501184,-22.5725254504792,-2343.83273195394
2895.64406257543,2906.9944723408,2878.08911369182,-28.9053586489712,2237.23175274035,636.014119764549,647.364529529926,618.459170880954,-22.3981900705248,-2288.53530145985
2986.21666529011,2874.27537621461,2997.74714108527,123.47176487067,2327.2985361379,636.653534879703,524.712245804194,648.184010674866,-22.264594272523,-2226.09136553973
3065.2591265709,2822.79508258687,3090.02207130216,267.226988715303,2404.79730270403,638.35876897232,395.8947249883,663.121713703605,-22.1030548945426,-2159.67336888325
3128.69051786891,2753.50285843619,3140.35877730874,386.855918872569,2457.18799978268,649.537181466689,274.349522033963,661.205440906535,-21.9653366195373,-2092.29741752965
3175.50250985405,2667.42735923167,3197.34275945446,529.91540022281,2533.30616582451,620.372674949128,112.297524326742,642.21292454955,-21.8236690804135,-2025.21443468211
3194.79075711196,2562.39632836094,3183.08505599347,620.688727632516,2554.10118517496,619.011839272855,-13.3825894781416,607.306138154377,-21.677732664138,-1955.09019020657
3186.49357872802,2442.87461809227,3103.42147928599,660.546861193726,2524.5211656826,640.388382165613,-103.230578470132,557.316282723592,-21.584030879808,-1885.55833536869
3150.79397500891,2313.50418184157,2947.58718608519,634.083004243638,2433.8230214431,695.557247553738,-141.732545613607,492.350458630032,-21.4137060120776,-1821.15372321154
3088.08675629838,2177.45262368021,2791.28449416389,613.831870483683,2355.04242235198,711.877604674773,-198.756527943381,415.075342540305,-21.1667292715961,-1762.37728113989
3004.1887864258,2044.79005211818,2571.5136783609,526.723626242725,2219.64186376021,763.669457022778,-195.729277284848,330.994348957882,-20.8774656428166,-1713.7957031603
2904.81003708809,1919.99610354845,2344.35923685859,424.363133310156,2082.12380483723,802.158374525448,-182.655559014203,241.707574295953,-20.5278577254174,-1678.28852925249
2794.5477013412,1808.49717543419,2072.34374427291,263.846568838735,1898.62549035811,875.758860631403,-110.291665275626,153.554903563112,-20.1633503517025,-1654.94227187107
2675.70953609011,1709.71091553013,1837.84464114299,128.133725612876,1752.46334525088,903.427890836206,-62.5707297237867,65.5629958890911,-19.8183000030269,-1644.14791964101
2552.39818312825,1625.1113244165,1617.34199263597,-7.76933178051266,1617.30170758825,915.585344388353,-11.7015143234074,-19.4708461039129,-19.5111311516467,-1644.58217052041
2425.83546211874,1555.74223037487,1435.4133455858,-120.328884789052,1517.10381747053,889.503401376185,19.4101696323092,-100.918715156736,-19.2282432720077,-1656.66094553159
2304.30537116867,1507.69309141239,1297.58435903465,-210.108732377748,1447.62411872962,837.667650227723,41.0553704714457,-169.053361906307,-19.0136022113321,-1676.74645331868
2197.94016008819,1487.06474442645,1217.97770437128,-269.087040055184,1421.10671403324,757.953574416298,47.0781587545753,-222.008881300606,-18.8798716386345,-1709.07362572706
2107.00630586067,1492.05204142876,1206.75003200231,-285.302009426462,1446.72469932023,641.541041474921,26.5867770430356,-258.715232383427,-18.7405650655251,-1750.7672738122
2035.28251100378,1521.44195313515,1249.56415008585,-271.877803049298,1502.6836506009,514.003180579118,0.16262271048264,-271.715180338813,-18.5956798237673,-1793.15713347397
1988.77104864515,1571.61700726659,1296.95078390815,-274.666223358461,1538.94651606832,431.322282008807,14.1682406302643,-260.4979827282,-18.5022505680208,-1832.1149899948
1965.88604489496,1636.36298479357,1371.70364024212,-264.659344551443,1583.93230004908,363.503759498107,33.9806993967103,-230.678645154724,-18.4499853477754,-1867.04162994828
1964.10558876215,1708.68516333522,1493.98546980529,-214.699693529932,1661.34147904281,284.310511718907,28.890086291981,-185.809607237945,-18.4535980004265,-1894.49477057317
1983.27836861863,1786.09323905356,1616.07983775197,-170.013401301593,1728.89546852727,235.864684585883,38.6795550208123,-131.33384628078,-18.5182155054787,-1917.42708533435
2018.14171801122,1861.9166893083,1774.71140790236,-87.2052814059396,1825.92815878383,173.602663514632,17.3776348117183,-69.8276465942201,-18.6108957127504,-1931.74433590252
2068.53886339341,1936.09110814709,1908.91547674125,-27.1756314058407,1895.12693715069,154.707432313457,22.259677067133,-4.91595433870728,-18.7044939292612,-1941.00706248578
2132.05691443787,2007.19241455179,2006.18026878957,-1.01214576222091,1926.87644269939,186.361640865827,61.4971409797613,60.4849952175422,-18.8188308726464,-1946.70741933424
2209.07208076781,2073.16527100903,2115.02103298962,41.8557619805734,1974.09196065966,216.097755281304,80.1909455225474,122.046707503122,-18.8823648268304,-1951.11856350592
2297.15309901583,2130.9338553818,2222.93354712747,91.9996917456539,2029.00514623088,249.183188029235,82.9639443952425,174.963636140897,-18.964764755685,-1955.97021924092
2384.98939145258,2172.8782144209,2298.48113004281,125.602915621899,2069.17598220306,296.754557048724,84.6433800170492,210.246295638954,-19.0588522007981,-1962.63191878196
2468.27456628347,2197.7654500979,2376.89799252413,179.13254242622,2128.38048811419,320.714825004692,50.2057088191252,229.338251245344,-19.1792531645757,-1968.42719885255
2539.63352250071,2203.66393000371,2484.55278854077,280.888858537042,2229.69979675886,290.609497384242,-45.360095112742,235.528763424302,-19.3242283575859,-1968.13516657941
2597.75777417181,2189.34603792197,2565.39597662448,376.049938702497,2317.91982305988,260.351083874238,-148.060652375602,227.989286326894,-19.4868672376986,-1961.35675159507
2634.74420606513,2152.99723301336,2622.58728357589,469.590050562521,2396.48136024873,218.614843936128,-263.132129115621,206.457921446899,-19.648001880253,-1946.53931156647
2653.86272366391,2098.93074273139,2648.35975452369,549.4290117923,2452.32324753834,181.745901769125,-373.186079163401,176.242932628895,-19.7935743564357,-1922.6878101025
2652.35956116737,2025.99930423809,2638.63664490319,612.6373406651,2482.91105431537,149.513645427879,-476.846611501392,135.790729163707,-19.9348614241147,-1890.20857507439
2627.51237753267,1934.2894201531,2575.09598125239,640.806561099299,2470.69111991981,136.732495765552,-556.490461614017,84.31609948528,-20.0887618473031,-1849.97332066782
2582.59470581958,1829.37803710235,2525.3083296016,695.930292499241,2477.84685977617,84.5142855288273,-668.702383188409,27.2279093108334,-20.2335605145766,-1802.15012779149
2515.61903988759,1711.49883827031,2437.34368718299,725.844848912695,2454.32778166322,40.8931227521672,-763.227078865117,-37.3822299524188,-20.3981354721891,-1748.88106822271
2432.72879098507,1589.90224409814,2398.55927389765,808.657029799488,2478.48109741245,-66.2903343854302,-909.116881272351,-100.459851472867,-20.5380279580508,-1690.36209557101
2336.73533187595,1467.00171430607,2333.7439238315,866.742209525431,2469.90135220335,-153.860725280472,-1023.59434285036,-156.852133324932,-20.6947049530769,-1623.853847631
2226.45374752464,1341.66152222315,2261.71982856066,920.058306337522,2446.73833535103,-241.156693788985,-1125.94891909048,-205.89061275296,-20.8721059625837,-1547.55213497611
2109.36989407227,1219.12231505677,2120.8401530933,901.717838036518,2348.51560605708,-260.218518301952,-1150.46609731744,-248.74825928092,-21.0728063171308,-1467.87057433769
1988.99034794896,1102.69914778945,1950.40488802829,847.705740238838,2216.87693707789,-249.167789661071,-1135.45898982057,-287.753249581725,-21.2812005321198,-1390.45239737118
1863.92237955671,988.9251245925,1798.51401129522,809.588886702717,2097.23229327787,-254.79844529447,-1129.79570025867,-320.206813555953,-21.4885315732989,-1309.13193814847
1738.43281316709,878.154738041732,1640.13489113492,761.980153093203,1966.37684621446,-249.653172294448,-1109.93124741981,-347.951094326609,-21.7091392470699,-1226.10583236835
1615.39693445712,774.217932585247,1505.92838988214,731.710457296889,1857.59952304707,-264.176424610081,-1105.35542648195,-373.644969185069,-21.9738360201386,-1147.86290177032
1494.45777518769,679.428071390016,1368.65172213674,689.223650746733,1741.51502994938,-269.264794688141,-1084.29449848581,-395.070847739075,-22.2075399264369,-1074.4989191291
1373.29980834421,591.523152296706,1268.83647283536,677.313320538645,1660.52865042088,-309.661782922025,-1091.43843896954,-414.125118430892,-22.4329408453641,-1005.6482707276
1253.85379013185,510.423474135853,1200.37281683669,689.949342700839,1605.82452672003,-374.574880369973,-1118.00519636594,-428.055853665105,-22.6041437817842,-938.47932780096
1140.33887946716,439.847243549981,1151.74686742911,711.899623879141,1566.36235199722,-448.796438195115,-1149.2880741123,-437.38845023316,-22.7729656650752,-877.23569378314
1025.23930643951,375.11430982152,1176.70448762583,801.590177804297,1598.20292873308,-595.923061549522,-1246.04805816752,-444.457880363227,-22.9594392559661,-819.572190184743
913.894800027718,321.151722198253,1178.88609270044,857.734370502204,1598.38081887158,-707.53209664961,-1300.2751744791,-442.540803976893,-23.0460778057663,-763.692526175145
805.886856436382,277.136834962064,1128.21190248562,851.075067523551,1537.72182209796,-754.94684785663,-1283.69686933094,-432.621801807394,-23.1118821950457,-709.758636769461
699.612263648964,242.354068684711,1045.15594935548,802.801880670769,1441.09623884637,-764.696067806299,-1221.95426277053,-419.152382099768,-23.2120926088972,-661.506450784493
600.871956480987,220.275149093649,920.218193095847,699.943044002194,1304.80399354173,-727.205233555981,-1107.80204094331,-407.858996941119,-23.2731964952414,-628.134146034768
509.263649215163,212.501335106327,829.810443470608,617.309108364302,1197.5227111217,-711.595825565594,-1008.35813967443,-391.049031310127,-23.336763659045,-603.55036641645
430.357510824933,219.774919108773,747.103762864422,527.328843755658,1093.44053858388,-686.426677151681,-897.009268867825,-369.680425112169,-23.3436493927058,-589.455344220951
358.322782688263,239.893196737692,675.559468374409,435.666271636702,998.341086974768,-663.345621921917,-781.775207872485,-346.108936235783,-23.3273176354205,-586.002132973479
296.579208703855,274.116231952315,702.36970178893,428.253469836624,985.049079591131,-711.7222726213,-734.185249372845,-305.931779536224,-23.2524017340315,-580.048011488539
257.926112374148,327.741845778223,718.196770012719,390.454924234515,943.855196562341,-709.05195505006,-639.236221645979,-248.78129741146,-23.1228708618462,-576.523143189663
242.601104385767,398.203307706946,697.715708516922,299.512400809964,859.06044704685,-639.424446590234,-483.822243269031,-184.309842459072,-22.9651039291428,-582.513150166029
248.887555613621,483.163686121583,694.915710775727,211.752024654127,788.736491164136,-562.639199206492,-328.363068698524,-116.611044044399,-22.7902636559698,-599.774730165988
270.22155294025,577.197251216091,693.591072320518,116.393821104412,718.960911149592,-471.384109559738,-164.408411283879,-48.0145901794694,-22.6447513503938,-625.211841395568
308.851875590072,678.419950280856,743.519199389939,65.0992491090834,698.950845256911,-412.612010822763,-43.043936131961,22.0553129771231,-22.5130411559119,-656.364637303739
358.429164941416,782.248770562825,777.710487055622,-4.53828350722098,667.335261800177,-331.238685253022,92.5809203684262,88.0426368612073,-22.3325883942342,-694.206133701617
420.527311253102,886.828790054239,848.064586441584,-38.7642036126601,677.607335405719,-279.255568017069,187.045910784077,148.281707171418,-22.1755438644582,-738.547082882827
493.727367655362,989.919401958722,923.099100881715,-66.8203010769918,693.904202208162,-222.163136613229,274.028897690141,207.208596613145,-21.9863020604155,-782.710805345555
573.985024162057,1089.47619880828,959.706809403496,-129.769389404797,672.551776013523,-120.398131173783,395.093043472471,265.323654067668,-21.8313793223135,-824.152544740613
656.526416306622,1184.46924063718,994.521639928533,-189.947600708653,656.219016913466,-21.3882919197442,506.554532410815,316.606931702159,-21.6956913129185,-867.862308935026
741.132761567216,1274.64856778527,1047.44780308709,-227.20076469818,662.549867037991,57.0234263762895,590.539232594378,363.338467896198,-21.5594681529291,-911.310099889096
829.8286320859,1363.19097061182,1151.98928687292,-211.201683738876,719.172834728909,89.2119607265027,622.574299252423,411.372615513542,-21.443836630487,-951.818355098273
921.689710836687,1448.75370003792,1268.0480746209,-180.705625417027,784.560200939069,115.761904830706,642.825894031959,462.120268614925,-21.367605066914,-986.633431423017
1018.315133855,1530.46393698458,1366.76440513224,-163.699531852358,829.66799768395,167.334914236502,679.483717366094,515.784185513732,-21.312221934556,-1014.67975147085
1120.88972593194,1606.46175176369,1450.85786446593,-155.603887297757,861.191347106278,238.428364757259,724.000390589017,568.396503291255,-21.2700140683996,-1038.06524847243
1228.34155272895,1676.11709423089,1531.69218792217,-144.424906308747,896.022600509972,311.044116508038,758.819658009987,614.39475170124,-21.2748357109477,-1061.72234252965
1339.96386483214,1737.89195267307,1614.65308618014,-123.23886649292,937.713848417714,380.973541499049,778.901629339987,655.662762847066,-21.2764749153741,-1082.229189826
1452.71435462594,1789.50336031012,1670.96845169353,-118.534908616587,954.379454118271,477.024886559684,813.813892243857,695.278983627273,-21.3100139479849,-1094.22437668284
1567.20874023864,1832.17669375245,1701.58108269902,-130.595611053455,945.247017103697,600.565312980029,865.533266493845,734.937655440391,-21.3964101549185,-1097.23903831208
1680.82372398408,1862.07555217818,1742.08395090581,-119.991601272369,954.750535564061,704.538753747198,885.790581941294,765.798980668928,-21.5344346728229,-1096.27657150925
1789.31821828577,1877.24146183041,1758.24951667026,-118.991945160147,957.074125803464,810.53647456332,898.459718107957,779.467772947811,-21.7076179189915,-1097.77368888258
1889.1465310945,1876.35442812062,1746.94776240386,-129.406665716778,947.87733911119,919.406077528988,906.613974555126,777.207308838352,-21.8631144543157,-1099.14711928227
1978.04410402564,1861.4903245502,1754.97211864169,-106.518205908508,968.930136414771,987.117761054565,870.563981579123,764.045775670615,-21.9962065563096,-1097.4445488796
2048.57461256171,1828.7451670539,1766.02735375877,-62.7178132951427,1003.86588080026,1022.59977112819,802.77032562039,740.052512325249,-22.1089606332557,-1088.69265472864
2103.04594971645,1781.85784709287,1740.6854709275,-41.1723761653855,1014.46968330263,1066.35899822379,745.170895600223,703.998519434836,-22.2172681900379,-1077.85932765803
2145.85393255298,1725.85616644119,1704.08561393923,-21.7705525019764,1022.90778538365,1100.68130847526,680.683542363471,658.912989861498,-22.2648386940995,-1066.9431765797
2169.82074508235,1657.42123146971,1628.57833229006,-28.84289917964,1002.67974015408,1144.89386768155,632.494354068908,603.65145488927,-22.2471372467207,-1053.76977658043
2173.83229998392,1577.76217726824,1576.11892192898,-1.643255339272,1009.10770554497,1142.49017386162,546.420051145954,544.776795806686,-22.234420577324,-1032.98538146156
2165.84768750844,1492.30713427609,1489.68606199071,-2.62107228538935,979.436325813572,1164.20426598859,490.663712756229,488.042640470845,-22.2070957062912,-1004.26449380525
2149.74278381919,1404.52447799675,1441.41144043652,36.886962439748,987.02539278745,1140.53263157367,395.314325751234,432.201288190986,-22.1847594580674,-972.32318980577
2122.59363768851,1312.49885020261,1412.4840880604,99.9852378577658,1013.78977953779,1086.61670230764,276.521914821752,376.507152679518,-22.1871558430886,-935.991697523117
2089.21501419488,1220.08508804285,1427.2728365279,207.187748485042,1079.43551139188,987.640315011103,118.510388859073,325.698137344117,-22.1391877919044,-894.386950698738
2054.58394963252,1129.38082790063,1450.57322138909,321.192393488441,1142.60886837701,889.891244696557,-35.3118770353049,285.880516453135,-22.0838365589461,-843.500311447512
2018.08801600942,1040.0507867959,1484.8149455107,444.764158714781,1209.32814620403,786.700588853087,-191.336640360432,253.42751835435,-22.0592809523006,-786.623268441568
1979.14847587015,948.851804989384,1553.95001560216,605.098210612747,1303.04191065986,654.100264927305,-376.196405953466,228.901804659281,-22.0063002830084,-719.950000330111
1938.88528933338,853.917909331975,1600.06745588678,746.149546554805,1364.22665602092,552.718846059302,-532.24853394209,213.901012612712,-21.939787253159,-640.016896719263
1893.20255266869,750.06311813537,1573.94379503735,823.880676901998,1355.06940479398,516.299975560138,-626.839458973192,197.041217928802,-21.8331723145618,-553.021900206565
1835.34041851516,633.110070187494,1502.47578622254,869.365716035039,1312.56616652942,501.024271348092,-701.206076979559,168.159639055484,-21.749980637668,-464.950431132021
1760.85421782003,503.641846048943,1369.1858672022,865.544021153246,1221.80477064967,517.286708608183,-739.925663162901,125.618357990344,-21.7627385621852,-378.023488058619
1670.52989439569,364.609687422981,1193.01045283575,828.400765412757,1098.85453743087,549.956690555785,-755.963516416943,72.4372489958105,-21.718666409056,-292.172438427169
1561.18760871905,216.299130155536,1025.07334629207,808.774216136534,993.974851658823,545.538358194186,-799.350120369319,9.42409576721348,-21.6743988660415,-206.875034388339
1425.05634553337,55.1311300862562,835.339455349134,780.20832526287,880.235214261521,523.212233549199,-846.712981897933,-66.5046566350633,-21.6088977226632,-121.635786721329
1267.03817782135,-111.257989264235,623.30506291845,734.563052182673,755.870400263817,489.652857861008,-888.643309224561,-154.080257041892,-21.5149196965177,-42.8222677776747
1092.8960886012,-275.85303539525,443.5468377214,719.399873116619,668.381172836435,403.095951996277,-965.653172000162,-246.253298883542,-21.4189637684969,29.5997365116928
901.817184165475,-435.478276990332,289.174664654069,724.652941644401,600.197756255963,280.367242933061,-1056.92821822275,-332.275276578345,-21.2521849764503,103.203000411978
693.325350752747,-589.117981089411,146.197195348394,735.315176437811,536.589901140758,135.620198571753,-1146.82313327039,-411.507956832585,-21.1152510402197,177.610024256822
477.332762138192,-727.893654738226,-21.6815905613341,706.212064176895,433.667249819092,22.6529227967276,-1182.5734940797,-476.36142990281,-21.0125895223757,251.532224835421
260.743046680217,-848.054642604561,-182.460272381486,665.594370223059,321.24025266758,-81.4111744818279,-1190.20886376659,-524.614493543539,-20.913968494476,323.440149061013
52.9771590363976,-944.276035550254,-362.86156121863,581.414474331638,171.452629497262,-139.346685193527,-1136.59987978018,-555.185405448547,-20.8712147326461,389.090630101704
-139.659726490331,-1013.61353906539,-554.936703497209,458.676835568179,-5.55651090079801,-154.927317748339,-1028.88113032338,-570.204294755211,-20.8241021588005,443.409244310172
-310.503209456077,-1053.94609874776,-658.420615963884,395.525482783869,-111.301484106501,-220.011055581422,-963.453944873099,-567.928462089238,-20.809330231836,486.017636658513
-454.158586590425,-1064.42419604998,-719.835706105067,344.588489944906,-199.770764185718,-275.170343779179,-885.435953238731,-540.847463293832,-20.7825213744597,523.576732756126
-562.535089227792,-1046.69281126966,-748.47727777163,298.215533498018,-281.532103595982,-301.759743988581,-785.917466030466,-487.701932532454,-20.7567583567754,558.990878737203
-638.233088849853,-1006.29045512376,-807.345349135375,198.945105988369,-412.328746991737,-246.685237510879,-614.74260378476,-415.7974977964,-20.7808956527499,590.492957327352
-680.759193624668,-946.233011441571,-883.607733806633,62.6252776349336,-572.214775489004,-129.367701373113,-394.841519190008,-332.216241555081,-20.8232832374507,614.016769886488
-690.520532868984,-868.702264321246,-864.532094589483,4.17016973177585,-647.368622204761,-64.0652320619466,-242.246963514194,-238.076793782431,-20.9133213977206,630.625470538818
-662.981203031718,-774.229469507563,-814.222931835724,-39.9934623281565,-704.172781617731,20.1940566461146,-91.0542098297199,-131.047672157878,-20.9975219398863,643.181797349693
-603.394322226597,-670.846938054419,-825.050777027295,-154.203838972874,-827.224087583073,202.718156018063,135.26554019023,-18.9382987826435,-21.1116093384294,651.908639271786
-514.326452705701,-563.831472651437,-837.505771011845,-273.674298360403,-944.85142608892,409.278246790857,359.773226845125,86.0989284847231,-21.2467265923505,649.930401136166
-402.973382705763,-457.954253267138,-828.258864548097,-370.304611280974,-1029.64378835489,605.309663094417,550.328792533073,180.024181252095,-21.3607425546961,637.978434519225
-276.454234645726,-359.330851876592,-783.138076964197,-423.807225087593,-1062.89239333583,764.962123525921,682.085506295049,258.278281207454,-21.4760351641822,617.60913308405
-145.841911495094,-276.439140908956,-706.828555955831,-430.389415046873,-1047.98065222974,880.571250745105,749.97402133126,319.584606284383,-21.5674899895456,596.023747193338
-12.2330783352154,-207.319256262635,-620.208132543712,-412.888876281087,-1003.78747810409,969.891353644748,774.805175717374,361.91629943629,-21.6630461241063,569.235555698909
110.895938167644,-157.933993863642,-540.898793715857,-382.964799852222,-940.295060285782,1029.41739659839,760.587464567109,377.622664714887,-21.7736018550543,535.556658578517
219.183983555645,-126.89241497018,-494.725712811909,-367.833297841735,-888.388891770031,1085.64429347782,739.567894952011,371.734597110273,-21.9285818478608,498.627012080445
305.994316422123,-116.301747092193,-400.936541171236,-284.634794079042,-772.425619560049,1056.3614964285,634.065432914197,349.430638835157,-22.058439553674,465.732385927339
369.920283123974,-126.325440022265,-307.698662496292,-181.373222474042,-646.904540916936,994.630536901559,498.384813755343,317.011591281305,-22.1942871393566,443.337031303547
407.469733761824,-158.480825577094,-246.925111889897,-88.4442863128156,-540.52417440118,925.685206563002,359.734647224099,271.290360911285,-22.3087016000063,429.771186488356
424.589651746836,-203.764689663199,-201.119466140939,2.64522352226783,-434.647814020268,836.815554017978,208.461212607934,211.106436130205,-22.4219117491295,414.871125793412
419.371710441413,-258.182884973936,-162.016709710248,96.1661752636736,-321.581622761029,718.378191154295,40.8235957389602,136.989771002636,-22.575142048143,395.172655976556
390.084835562663,-322.323801919999,-107.279105100857,215.044696819128,-186.521015016567,553.888652087174,-158.519985395464,56.5247114236622,-22.7171984920422,378.848513343657
342.548275682637,-391.768064051972,-31.6393508931334,360.128713158831,-28.0756459786503,347.715456747599,-386.600882987009,-26.4721698281772,-22.9084649136882,365.295894223795
279.09056061578,-461.929732809066,53.1405868077953,515.07031961684,137.528750000313,118.483691544351,-622.536601880471,-107.466282263631,-23.0781190711136,354.463450545436
204.822961133774,-529.34067002421,143.010509130892,672.351179155083,300.100534533193,-118.550535423001,-852.714166580973,-180.362987425889,-23.272962023589,348.977682598319
118.190079620095,-596.381179475286,167.719440354891,764.100619830165,390.203826350376,-295.431763975729,-1010.00302307108,-245.902403240918,-23.4180172454363,350.47877623437
21.5790931166768,-662.888697655298,168.946382320092,831.835079975374,454.662286534623,-456.613631959002,-1141.08142273097,-309.246342755584,-23.5304385410508,353.642354899704
-81.8457230895439,-727.355080333827,142.502271885608,869.85735221943,487.515856457919,-592.987352861178,-1238.49671010544,-368.639357886012,-23.6257733137046,358.715722447813
-187.328941342051,-786.379879195124,105.423397654036,891.803276849151,503.416450895152,-714.415091524972,-1313.46602937802,-421.662752528865,-23.6696992877445,364.717126666247
-291.787111986845,-838.46295936864,100.757308099133,939.220267467757,541.689429515363,-857.174937879687,-1403.85078526147,-464.630517793704,-23.6983963774665,373.832441574942
-397.346820665322,-884.220087881882,127.698223301734,1011.91831118359,597.919108954156,-1019.03740275315,-1505.9106699697,-493.992358786095,-23.7714731336679,390.227729095778
-494.23847822955,-917.603615536453,153.344586569993,1070.94820210642,637.706902307718,-1155.77019537242,-1579.13533267928,-508.18713057286,-23.8248148351469,409.416484963587
-581.183949373279,-939.775534105856,172.365976734929,1112.14151084075,654.290924235404,-1259.32151073867,-1617.91309547124,-505.77158463047,-23.8466371299899,434.003949475372
-655.173039067938,-952.103320136999,197.89282220143,1149.99614233842,662.367593781232,-1341.38418162404,-1638.3144626931,-488.318320354672,-23.8435487748734,463.784999782312
-706.856939678738,-950.724467197258,188.404671427865,1139.12913862512,625.01772099123,-1355.71521317822,-1599.58274069671,-460.453602071592,-23.8405525082368,490.270865125656
-743.246629448852,-941.66650624823,132.918297570608,1074.58480381886,532.990545559743,-1300.11124003108,-1498.53111683048,-423.946313011622,-23.8740650224992,517.720193236625
-769.572084653163,-930.151562611414,98.7878706936948,1028.93943330512,462.17606258136,-1255.64732149657,-1416.2267994548,-387.287366149683,-23.8991742620315,542.864196461726
-782.969805726389,-915.748185777028,19.1599780543697,934.908163831387,344.898893567727,-1151.83267145071,-1284.61105150134,-349.702887669955,-23.9639721565995,566.045298107055
-779.631392152131,-895.73407111839,-41.5547535574268,854.179317560962,247.409502319376,-1051.10572477893,-1167.2084037452,-313.029086184233,-24.0648303074326,582.704984934152
-764.498202885567,-873.710654819477,-59.3889116507577,814.321743168721,193.470659269949,-982.168232876366,-1091.38068481027,-277.058941641548,-24.1993707208588,596.651713177924
-743.583667391127,-851.215007080469,-100.479054523938,750.735952556539,115.864317817651,-883.802005804954,-991.433345494312,-240.697392937773,-24.3540205961973,610.5176141427
-717.006865397841,-827.266973050194,-117.826959158324,709.440013891861,58.8001951577596,-800.307082010024,-910.567189662368,-201.127175770511,-24.500021454428,626.139797279675
-684.463531766358,-801.218021635013,-95.2168698126072,706.001151822402,38.2116445466601,-747.308215717473,-864.06270558611,-158.061553763708,-24.6330394044497,643.156467871297
-647.000748963807,-775.096998337812,-103.407766337247,671.689232000562,-13.6783097270873,-658.05156439075,-786.147813764733,-114.458581764175,-24.7291251540141,660.638416573651
-605.826839695736,-747.948046715262,-183.553408203199,564.394638512071,-138.426856488207,-492.205281742448,-634.326488761959,-69.9318502498926,-24.8052985349165,678.016196465389
-564.522033445392,-722.374618029817,-235.810595283022,486.564022746805,-231.358023618658,-357.999117615163,-515.851702199572,-29.2876794527731,-24.835107788418,693.086938577046
-517.96199937752,-695.486153727464,-233.877845350331,461.608308377127,-271.267913897463,-271.534859058435,-449.059013408369,12.5492949687574,-24.8407735783868,708.035448696207
-467.11853104609,-668.272690866693,-261.574134901097,406.698555965593,-338.908582360276,-153.058822835204,-354.212982655793,52.4855733097986,-24.8488741493692,720.758264176497
-417.442032549157,-646.194483109561,-286.036159514164,360.158323595373,-397.167773872759,-45.0929773291111,-273.845427889507,86.3128957058673,-24.8187186526997,732.50737881541
-369.656990160154,-628.456750681242,-265.914018262677,362.542732418557,-405.191430877014,10.8130820888747,-247.986678432213,114.556053986337,-24.7213586279919,743.012804667568
-322.445471969693,-615.268406804405,-268.968371340355,346.300035464042,-432.14894709836,85.1066283886045,-207.716306446107,138.583729017931,-24.5968467400743,753.852135822336
-277.255514800947,-605.281158758525,-212.661093345066,392.620065413449,-400.555918549903,98.7979031130454,-229.227740844536,163.392324568916,-24.5025006358866,768.673483327437
-230.050750110635,-598.011592501744,-195.221727291946,402.789865209778,-404.762666279014,150.329245992801,-217.6315963983,185.158268811469,-24.3826701755971,783.169861313213
-184.155585917703,-593.456046483126,-180.615862766822,412.840183716302,-403.928273378087,195.551180605671,-213.749279959748,199.090903756555,-24.2215068547147,792.546950239685
-142.10774511917,-593.112773441253,-155.036228399688,438.076545041571,-384.065660783266,217.905584493686,-233.099443828421,204.97710121314,-24.0523311704137,798.089874654407
-107.764852133571,-598.694274047706,-137.972144355156,460.72212969255,-362.774951024584,231.15537432503,-259.774047589101,200.948082103446,-23.8547245659842,799.642356151141
-80.6397545245215,-609.824818038497,-118.767273175679,491.0575448628,-327.074258518158,222.771161637563,-306.41390187639,184.643642986403,-23.6633423560694,794.468461024887
-63.6107515978135,-625.881456926389,-125.394234848823,500.487222077565,-309.583191267712,222.483526037816,-339.787179290752,160.700042786813,-23.488913632092,786.581499713206
-53.5364361580776,-645.07458888087,-202.45175398984,442.622834891005,-360.416434301138,283.579638966159,-307.958513756604,134.664321134397,-23.3003591769126,779.738910015256
-55.0827923566266,-669.378182082253,-258.490345637554,410.887836444705,-384.768357823843,306.547012040701,-307.748377684944,103.13945875976,-23.1385534265356,772.517640842025
-65.8127964007025,-694.854337022643,-315.745743137639,379.108593885,-408.115344205681,319.339587504564,-309.701953117373,69.4066407676255,-22.9629603004125,764.260977790281
-87.2848232783218,-723.691197879287,-369.367611462451,354.323586416835,-430.620019943253,320.556816520953,-315.849558080008,38.474028336828,-22.7783801439792,762.165226216118
-114.536404959684,-754.929271394791,-433.912213883925,321.01705751086,-464.428304781379,327.311784937116,-313.081081497981,7.93597601287599,-22.5801148845833,762.865247407658
-148.272113733359,-788.231129930089,-540.979295699442,247.251834230659,-539.537456428837,368.881114173898,-271.077902022828,-23.8260677921721,-22.3842285215813,764.405062137919
-178.553321257339,-817.139679139055,-574.678033263534,242.461645875517,-539.23000647381,338.456212319539,-300.130145562166,-57.668499686653,-22.2204728969309,759.471179452398
-208.248480066042,-844.719038040858,-586.427092737125,258.291945303728,-516.260201866204,285.956607652884,-350.51395032193,-92.2220050182005,-22.0551141472916,752.497033022659
-241.680428654839,-874.897960395707,-588.67801290647,286.219947489217,-488.398621683913,224.866788457995,-408.350743282852,-122.130795793637,-21.8514045710802,752.76716460205
-275.846795336252,-906.023963166294,-600.308968995987,305.714994170322,-474.473798387383,176.991290722871,-453.185877107183,-147.470882936863,-21.6357123282669,758.553080229449
-306.782586204422,-935.321603406854,-626.60415322957,308.717450177288,-476.616889009895,148.356948851745,-480.182068350682,-171.464618173398,-21.4773539537289,763.856985233463
-338.804164325741,-967.862249683723,-615.338088090916,352.524161592812,-444.778566658924,84.5939695535398,-544.464115804445,-191.93995421164,-21.3804327796482,775.922295472097
-369.205905484772,-1002.46860357792,-607.485985468852,394.982618109074,-420.731385342646,30.1958337681942,-603.066864324953,-208.084246215884,-21.329646089688,794.384357362037
-397.077876678593,-1039.7408950436,-626.494054470809,413.246840572783,-423.54200682931,5.0986246907155,-637.564393674272,-224.317553101486,-21.3655054599954,815.423341942095
-422.372869854389,-1079.42047845716,-610.457474073122,468.963004384056,-390.550395848662,-53.2575547191069,-710.305163321874,-241.342158937818,-21.4350807133663,838.078319519342
-452.647592160652,-1126.06087035453,-608.240718072905,517.820152281625,-369.422969152896,-104.771396081174,-778.184674275052,-260.36452199342,-21.5467730734316,865.696348361106
-488.805193570362,-1179.53540719118,-659.63959804952,519.895809141652,-396.834632983831,-113.68152750189,-804.411741122716,-284.515931981063,-21.7109669153626,895.019475210121
-536.545892736119,-1240.92145065179,-705.170900032228,535.750550619539,-410.869626862036,-147.559625828036,-851.935183743686,-316.184633124145,-21.8833599539451,924.736817527631
-600.359777698472,-1309.86877064181,-767.263845754268,542.604924887533,-433.202796948782,-189.218342196004,-898.727335139316,-356.122410251785,-22.0613614462844,953.746360390028
-680.2423755603,-1384.43587058932,-816.501600016766,567.934270572531,-440.990951749084,-261.511043713033,-965.70453874205,-397.770268169524,-22.2596199018128,986.665602419786
-769.754376723711,-1459.12336792132,-935.759782168677,523.363585752639,-514.921766833043,-277.239247464114,-966.608238661729,-443.244652909088,-22.4066375734468,1015.87871501224
-867.86604635807,-1531.44171154203,-1009.2870467613,522.154664780742,-543.79887520885,-346.678101047005,-1010.25376623098,-488.09910145024,-22.6109298977853,1043.3426100918
-972.179850766448,-1599.71424424559,-1074.60669065109,525.107553594495,-575.634031795805,-419.343569665706,-1046.87796314484,-521.770409550326,-22.7977506950412,1077.94383469526
-1076.44838125346,-1660.52514397005,-1166.34046449054,494.184679479509,-648.926936478465,-450.485062915133,-1034.56182563173,-540.377146152216,-22.9636181401178,1120.14799781785
-1177.48553775263,-1712.63739186407,-1249.15586757303,463.481524291044,-722.096555422546,-478.535798636778,-1013.68765274822,-550.206128457176,-23.1468163066959,1162.43126340689
-1269.60076485899,-1752.8370961107,-1288.57966301435,464.257433096361,-764.449942546239,-528.487446514356,-1011.72377776607,-547.466344669707,-23.3366242015818,1205.37075144101
-1346.48004698076,-1779.25653705214,-1314.86366619787,464.392870854271,-811.496706926799,-558.549183986972,-991.325674058326,-526.932803204061,-23.5658439329993,1252.32373384808
-1400.91106597433,-1789.98724801767,-1314.97389773706,475.013350280619,-850.574637550365,-574.11604966048,-963.192231703804,-488.178881423184,-23.7796212364925,1301.80836659449
-1436.07456691342,-1789.7522040981,-1337.72550546348,452.02669863459,-920.212479395146,-539.904812476552,-893.582449661247,-441.555751026654,-24.0427249582835,1348.19645307145
-1450.99885830147,-1781.11017057632,-1368.00139382069,413.10877675562,-1002.63730925798,-472.628853181216,-802.740165456084,-389.631388700463,-24.2673041377379,1391.47878187586
-1446.52161616046,-1767.49734823136,-1411.7679123262,355.729435905155,-1105.71978008795,-365.315895037195,-686.291627108088,-330.562191202936,-24.5140589646805,1436.93515702843
-1424.49321858959,-1751.69287302203,-1460.02954718938,291.66332583263,-1213.24332810099,-235.962912248554,-563.162566680986,-271.499240848362,-24.7130217599613,1480.19363217367
-1391.47587744266,-1738.09151251315,-1530.72462949135,207.3668830218,-1333.9565759378,-82.4180567683353,-429.033691838822,-221.666808817025,-24.8987552634861,1516.42470369612
-1352.6999254624,-1729.29425542051,-1571.47138602631,157.822869394199,-1415.70117500238,37.8557812690416,-338.738548689054,-180.915679294863,-25.145468270931,1548.37857612565
-1308.12410733047,-1725.74841274093,-1620.91941595186,104.828996789069,-1502.18387482898,168.67838489459,-248.945920515918,-144.116923726835,-25.3813826039563,1581.6314890141
-1264.40275101944,-1730.88164262709,-1666.3042393263,64.5774033007812,-1566.37801908503,276.353447319858,-190.125444287758,-125.548040986981,-25.6218207457232,1605.3336016401
-1229.90037096654,-1749.11064535832,-1695.59742427979,53.5132210785043,-1593.6949056899,337.993383419569,-181.216890972191,-127.703669893687,-25.8011513037978,1621.40697546462
-1208.07785621639,-1779.46668702022,-1686.47838401896,92.9883030012569,-1569.54194557257,335.549271724568,-235.839559079274,-142.85125607801,-25.9148176316377,1636.6154309422
-1201.31851374511,-1820.9464384849,-1657.48636772158,163.460070763326,-1515.36880121124,288.04268104961,-331.585243690205,-168.125172926875,-26.007606416525,1652.82126555803
-1212.96312593644,-1873.25651019416,-1621.55131246145,251.7051977327,-1444.88803919602,205.889850802258,-454.403533455451,-202.69833572274,-26.0350624573162,1670.55817447141
-1246.92198790489,-1936.61308560885,-1594.89835527678,341.714730332042,-1372.66613980414,99.7253272657285,-589.965770438241,-248.251040106178,-26.0188246335222,1688.36204550266
-1298.48265650377,-2005.46021539094,-1524.89006047786,480.570154913063,-1253.18946778423,-71.3099570678089,-778.287515954979,-297.717361041898,-26.0167683482533,1707.74285434905
-1367.7038862681,-2077.87241743916,-1462.36135495036,615.5110624888,-1141.46884054937,-252.211525718262,-962.380056889357,-346.868994400542,-25.976479999544,1731.00342303862
-1451.20330566721,-2149.29379687681,-1443.94141748647,705.352379390316,-1080.94124981285,-396.155224180937,-1094.24571539047,-388.893336000173,-25.8931683265366,1760.40046087663
-1545.2046725331,-2218.07615209309,-1477.37658319947,740.699568893616,-1073.03885393304,-497.923909719472,-1170.79538927945,-430.095820385814,-25.7580911193923,1787.98033170725
-1650.38252865352,-2283.4962045941,-1506.62717045776,776.869034136346,-1057.58090716747,-618.374198026407,-1251.487873967,-474.618839830656,-25.5725765403752,1808.87736476346
-1762.80114236961,-2343.29637660725,-1545.65981192777,797.636564679455,-1051.90224242681,-736.268132933872,-1316.7633671715,-519.126802492032,-25.369232991057,1824.16957411521
-1879.99606301994,-2395.84114545529,-1556.78916334338,839.051982111894,-1024.66239690513,-880.467881346917,-1396.31296378226,-557.260981670347,-25.1342152320915,1838.58016378494
-1998.08474993771,-2438.17457426774,-1539.81977457596,898.354799691747,-977.378812823041,-1045.58861625082,-1485.67844058081,-587.323640889072,-24.882679136168,1850.85093337864
-2110.21197443306,-2466.42647247395,-1543.43153562624,922.99493684771,-959.933592184458,-1174.93963615615,-1531.15413419702,-608.159197349303,-24.6612539075236,1858.26727512465
-2214.57129139772,-2479.3690642929,-1550.0418000368,929.327264256089,-951.980263314864,-1287.0048505493,-1551.80262344447,-622.475359188369,-24.4138224664441,1856.89370510452
-2309.69123588037,-2475.95552102707,-1605.8708084768,870.084712550286,-1000.28127483611,-1333.54501261402,-1499.80929776071,-629.724585210428,-24.1350515697499,1846.23093581665
-2391.27026762576,-2452.44380257882,-1663.27673029195,789.167072286859,-1058.17190162039,-1357.00278024206,-1418.17631519511,-629.009242908242,-23.9044142366742,1823.43455967058
-2456.50558770999,-2409.39235861676,-1710.00944781417,699.382910802577,-1116.56556453716,-1363.63364952014,-1316.52042042689,-617.137509624309,-23.6936263473061,1792.25484899246
-2501.8962862555,-2345.15300039912,-1711.7292340423,633.423766356821,-1142.96004388588,-1382.46191847116,-1225.71863261475,-592.294866257933,-23.5256761015221,1752.85813414119
-2528.49095825351,-2264.78631208365,-1734.07465418046,530.711657903204,-1199.55718176711,-1352.29010962684,-1088.58546345699,-557.873805553785,-23.3563331404383,1706.9125065299
-2531.05113662928,-2166.71158657807,-1741.53216715205,425.179419426017,-1248.80190102278,-1305.46017888285,-941.120628831631,-515.941209405607,-23.2109432763365,1650.77037717246
-2511.05570882067,-2055.03519705247,-1704.27133727072,350.763859781756,-1263.23692266607,-1270.91781520417,-814.897303435956,-464.133443654202,-23.0990290495489,1590.90175339828
-2470.87811390372,-1933.25616000148,-1662.96612748407,270.290032517414,-1282.0399662968,-1211.82891830248,-674.206964400264,-403.916931882851,-22.990770695598,1529.33922811865
-2410.89154048241,-1804.12666644618,-1603.81586880744,200.310797638742,-1288.18515643769,-1145.57939189912,-538.814517862885,-338.503720224138,-22.8730078543988,1465.62294622205
-2330.90480463545,-1670.21856725673,-1557.2916686366,112.926898620121,-1308.9857503914,-1044.68849965293,-384.002262274226,-271.075363654101,-22.7694454089095,1399.14320360262
-2234.77650555829,-1535.99508544551,-1450.95960527102,85.0354801744833,-1275.71257620734,-981.741774055872,-282.960353943097,-197.924873768605,-22.6778447049504,1338.07021167689
-2124.23586608383,-1404.95204758622,-1375.27023525035,29.6818123358667,-1277.41975318277,-869.43711819551,-150.153299697913,-120.471487362044,-22.621005294472,1284.48056022418
-2005.11072051572,-1278.53508471252,-1355.4418024168,-76.9067177042882,-1333.49840046202,-694.21967951404,32.3559562891692,-44.5507614151176,-22.607359460343,1233.98432329741
-1878.05360895324,-1156.7794338166,-1301.99140428894,-145.211970472358,-1353.70551590601,-546.967945051204,174.306230085441,29.0942596130856,-22.6198520039838,1185.87369342968
-1745.71657505939,-1042.15828525474,-1219.30327701739,-177.144991762649,-1339.6423195493,-428.726057888934,274.832231915726,97.6872401530793,-22.6518023788554,1139.84552540781
-1609.4951012009,-937.052360610012,-1204.40099838181,-267.348637771802,-1384.11430842005,-248.086006367011,424.356734223883,157.008096452077,-22.7052135861545,1094.06045706209
-1473.1495633287,-842.265086962218,-1194.14558321687,-351.880496254648,-1422.05046114051,-73.8764665808015,557.008009785667,205.127513531023,-22.7773643926136,1047.39260049326
-1341.4110824633,-759.404331857844,-1166.39296002149,-406.988628163633,-1431.91714053547,67.6822396469989,649.688990252448,242.700362088813,-22.823818425185,1002.10469394668
-1216.31073675211,-690.128129177107,-1123.58760803148,-433.459478854369,-1416.67472118417,177.48840425084,703.67101182584,270.211532971474,-22.875580181217,960.339662148593
-1097.71660203735,-632.824929693448,-1114.43641014902,-481.611480455572,-1424.48565949531,303.87785815739,768.769530501304,287.158050045723,-22.891199300562,919.98297973917
-994.19975820113,-593.540517315518,-1087.20694479528,-493.666427479775,-1395.90304622957,378.779072944954,779.438313830569,285.771886350796,-22.9242150834829,879.312403666306
-906.595164000999,-568.722691758513,-1044.68575145531,-475.9630596968,-1337.73394908003,408.172396501921,746.044868744419,270.081809047616,-22.9663885770938,838.804500806132
-836.085068429756,-557.866897294987,-1005.8285737806,-447.961676485614,-1277.18945984581,418.072447088569,696.290618223328,248.328941737722,-23.031944327472,806.195839032715
-782.500306169025,-560.240233776466,-954.889570236659,-394.649336460201,-1199.81849019497,394.200298835526,616.460371228076,221.811034767875,-23.1178851904183,782.051268544374
-748.447893471241,-576.797449601738,-871.838493910128,-295.041044308393,-1082.87033003516,311.166896029343,482.81733989884,187.776295590452,-23.2555405345633,764.573745192183
-733.790730935061,-605.038531523701,-805.312048420647,-200.273516896943,-982.717766153556,225.534238209073,354.286437620416,154.012920723483,-23.3927970094312,759.051452247191
-732.560779414857,-639.810813548128,-729.249060203697,-89.438246655579,-878.816638346997,122.761890110003,215.511855976719,126.073609321148,-23.493968822148,765.884422869272
-744.163957901562,-679.289074131245,-671.561289051093,7.72778508014297,-800.078332478758,32.3756323771489,97.2505161474629,104.978301227608,-23.5387422000442,784.267375358859
-766.961793861852,-723.941418637564,-668.479718685038,55.4616999525096,-781.404613359067,-9.06410562027642,33.9562696040239,89.4179695565376,-23.5069251174844,813.35938819408
-797.919848983244,-773.346281550647,-638.604963814715,134.741317735916,-739.408286683899,-82.0123001579268,-57.438732725334,77.3025850105781,-23.5007378585968,850.648866561221
-833.615349531901,-824.497999362152,-636.736769911633,187.761229450525,-732.643216242467,-124.467436260922,-115.350086091172,72.4111433593549,-23.4953029714708,896.909142721515
-868.319871212893,-873.310095312718,-658.51043373039,214.799661582325,-754.780022436295,-137.059943097456,-142.050167197281,72.7494943850385,-23.520094320861,946.059589697758
-898.7191516633,-917.982272277321,-622.804767611707,295.177504665618,-728.34415642019,-193.951396189066,-213.214516803082,81.962987862533,-23.5764009459654,999.945260139846
-923.484534462673,-961.084180357192,-634.329348681093,326.754831676088,-755.496988527991,-191.647392094544,-229.247037989065,97.5077936870179,-23.6598461598769,1058.59197404422
-942.7732241556,-1002.30848610897,-615.800453098391,386.50803301058,-755.990252432876,-210.514328988793,-270.049590942151,116.45844206843,-23.7313572660591,1118.7669281774
-958.790619865342,-1042.76046125938,-604.489313383189,438.271147876173,-765.945551437591,-216.588999042885,-300.55884043689,137.712307439284,-23.7439306151239,1180.47276869865
-970.276517992705,-1082.42456862516,-616.318895132034,466.105673493113,-801.204346170761,-192.727332065703,-304.875382698166,161.230290794943,-23.655160243773,1243.65485942008
-981.642345781846,-1123.43703763622,-651.947515476285,471.489522159928,-854.64162182826,-150.547339505029,-292.342031359398,179.147490800529,-23.5466155514317,1302.58452843675
-993.19797463054,-1163.8284580302,-692.663270212847,471.16518781734,-910.679416674811,-105.91701212426,-276.547495523944,194.617692293396,-23.3984541685408,1358.44615032361
-999.683416239501,-1200.21872911301,-721.467721002327,478.751008110708,-956.464678484588,-66.4241195295164,-266.959432403031,211.791575707682,-23.2053817745941,1412.01030482071
-997.813681882646,-1232.15366490963,-774.861367585608,457.292297324031,-1028.987178382,8.16978494692037,-226.170198080066,231.122099243962,-23.0037115524313,1463.2757641536
-985.849010880607,-1254.38983718883,-864.076467340731,390.313369848078,-1139.06629914063,130.441146878538,-138.099679429671,252.213690418401,-22.7761413814988,1506.60352760722
-964.856890707202,-1269.48328053836,-963.216699615244,306.266580923106,-1253.49966794788,266.130362118485,-38.496027712682,267.770553210424,-22.5124151222127,1537.25383374878
-939.853072279816,-1280.08377511628,-1060.57873475816,219.505040358113,-1362.02615262456,399.948230503499,59.7175276670428,279.222568025158,-22.2248498412504,1559.30634314144
-909.366217036906,-1286.90870258846,-1092.76703860459,194.141663983859,-1398.99204818057,467.681884341593,90.1393987900566,284.281062773919,-21.9439468020569,1571.18976536237
-870.400215564636,-1287.61187714968,-1112.71444123607,174.897435913599,-1417.80081638326,525.710541798636,108.4988802136,283.396316127199,-21.6900590199853,1571.00819327687
-828.981846402331,-1288.89441946073,-1143.72587731374,145.168542147,-1438.42918561917,588.045926348571,128.133353290156,273.301895437158,-21.4014128682787,1562.19631489789
-787.077619254278,-1289.7952016706,-1152.24434228878,137.550859381813,-1431.45633461897,623.263244095555,120.545661679243,258.096521061062,-21.1154712691297,1547.89172273167
-740.094566567161,-1286.91360591063,-1190.46210649419,96.4514994164312,-1446.69947031865,685.79721276011,138.978173416638,235.429672833071,-20.8076909914064,1522.34327874369
-694.722279317228,-1284.01745086249,-1230.55101976084,53.4664311016395,-1452.21322908907,736.971530867362,147.676359322116,201.142790423761,-20.5194189044804,1485.16024128624
-658.869414310635,-1285.32487923345,-1313.22917540307,-27.9042961696295,-1489.55874369461,810.466742746049,184.011277823245,156.106981653613,-20.222586637942,1441.43186088706
-627.536466838656,-1286.20692102274,-1428.62764299893,-142.420721976193,-1548.04117405255,900.586253258444,241.915799074377,99.4950770981884,-19.9184539554432,1385.70199812091
-602.17057868275,-1283.73297083029,-1504.06208715913,-220.329116328851,-1557.17020331532,935.390743070067,253.82835092254,33.499234593689,-19.6088815624896,1317.23220542397
-592.592497034824,-1284.16983147447,-1535.22094839184,-251.051116917383,-1517.8393176939,905.954632678897,214.377298239266,-36.6738186781167,-19.2921879801783,1247.49601279635
-593.854258377927,-1282.05832393604,-1513.12588070611,-231.067556770075,-1430.91509351154,818.06884386285,129.864778304727,-101.20277846535,-18.991991270784,1180.85554547069
-598.419100339502,-1273.8727706552,-1546.99775100727,-273.124980352076,-1405.27946482932,788.222422619485,112.768752303795,-160.35622804828,-18.6379418703374,1113.51654260691
-604.242621989472,-1258.40493943364,-1579.57078445931,-321.165845025691,-1381.89232279962,759.399890015589,105.237572571433,-215.928272454261,-18.2498107945531,1042.47666697937
-618.252845711441,-1243.75944380454,-1625.00119953834,-381.241755733808,-1372.73639467674,736.608365719358,111.101767626264,-270.139988107545,-17.8751832459546,973.619455696984
-639.591874261616,-1229.62275436278,-1630.57569506743,-400.952940704667,-1328.36120644577,671.278558394763,81.247678293589,-319.705262411076,-17.4907737894163,909.917491951697
-663.136403895448,-1213.3828263746,-1635.34629264989,-421.963466275297,-1290.42808738576,610.215335433175,59.9689129540232,-361.994553321272,-17.0763480571405,851.388273053313
-690.250861972031,-1197.60725326951,-1638.38228688394,-440.775033614431,-1254.18399980511,547.270154644848,39.9137633473678,-400.861270267069,-16.6629831882407,796.745983002456
-724.175205186437,-1184.8970744177,-1688.85245239529,-503.95537797757,-1266.66577072696,526.231294919692,65.5094256884139,-438.445952289157,-16.2592706208478,746.451122128552
-753.002092901127,-1167.58306254781,-1670.52457686519,-502.941514317379,-1215.36417117172,446.436001546397,31.8550318996949,-471.086482417686,-15.9260767242111,696.496580130132
-776.811732461611,-1147.01518400803,-1651.44680971118,-504.43162570317,-1164.26629059662,371.766074291219,1.56262274481767,-502.869002958353,-15.6884838437954,644.146181049671
-803.215414910956,-1129.16176935113,-1650.51705662355,-521.355287272427,-1130.22866940795,311.564390674373,-14.3819637657969,-535.737251038221,-15.4488638226365,593.424518312899
-830.326084389767,-1111.67491190784,-1620.01467843337,-508.339766525528,-1067.81287992202,222.231475922947,-59.1173515951404,-567.457118120659,-15.2553196093192,544.217793787197
-857.735910863553,-1096.07499610607,-1629.88226415354,-533.807268047447,-1039.87586619633,167.037782357185,-71.3013028853453,-605.10857093279,-15.102172975624,490.966425173285
-896.664532586693,-1088.95358381804,-1618.04845901642,-529.094875198348,-982.067558648436,70.4588235904894,-121.830227640893,-650.92510283924,-14.9442024712618,438.028480978822
-943.03933190958,-1085.55291264257,-1560.23281776043,-474.679905117866,-878.34057929966,-79.4649634815461,-221.978544214552,-696.658449332414,-14.7662108716475,388.894463310141
-996.155758752565,-1085.62233685525,-1473.75756278835,-388.135225933067,-749.587532905308,-261.159620958224,-350.626199060951,-738.761424994016,-14.5913951109893,346.860911861256
-1055.8695159726,-1090.01245134977,-1351.46503036546,-261.452579015662,-592.433115145479,-477.881878899919,-512.024814277115,-773.477393292776,-14.4454780727885,316.535058057021
-1118.62189099769,-1096.27226894628,-1259.08218509734,-162.809916151081,-473.63458325474,-659.321121172884,-636.97149912146,-799.781415272544,-14.3338134299375,296.490853673736
-1182.97637289064,-1103.43324399432,-1141.0864010032,-37.6531570088756,-337.475612771874,-859.804075328227,-780.260946431926,-817.914103440799,-14.3033152094856,285.519140553515
-1249.19734485432,-1111.5410398463,-1025.8779411758,85.6630986705151,-214.906205740999,-1048.62649557822,-910.970190570213,-825.307091899694,-14.3353564649135,286.233947946604
-1315.06842948474,-1119.36263991455,-899.400200357098,219.962439557457,-93.475883685838,-1236.00627296453,-1040.30048339434,-820.338043836885,-14.413727165628,299.024596077673
-1375.31301296871,-1124.53845877193,-766.950172399696,357.588286372234,22.2786276638146,-1412.12343899228,-1161.34888479551,-803.760598423276,-14.5317983597628,320.777860348662
-1432.04839271789,-1128.80903574718,-682.891670478445,445.917365268734,77.7885471639469,-1524.52040958282,-1221.28105261211,-775.363687343373,-14.6834697009694,353.445348403812
-1487.49479874713,-1133.49171838643,-619.53376386788,513.95795451855,103.464581535296,-1605.84558078909,-1251.84250042839,-737.884545909838,-14.8862005066702,395.607172476582
-1537.17820501936,-1136.28464467669,-557.764217194436,578.520427482267,117.448692952394,-1669.77841564812,-1268.88485530546,-690.364427823197,-15.1515176763561,445.920216853518
-1580.62696720139,-1136.24860770004,-551.928222918568,584.320384781483,66.1844128760246,-1662.25356033688,-1217.87520083553,-633.55481605404,-15.4421802594545,502.693791646023
-1611.6081787086,-1130.56664401582,-543.516669628083,587.049974387752,8.84725662516711,-1636.2618033482,-1155.22026865545,-568.170294267695,-15.806368014438,562.396349748142
-1626.55390294468,-1116.82319287921,-570.378476789781,546.444716089417,-91.5986010062049,-1551.18695128374,-1041.45624121828,-495.011525128862,-16.2316493452657,621.81166775035
-1629.63498116528,-1097.84919538861,-602.206266175329,495.642929213282,-201.388523928819,-1444.97593348492,-913.190147708278,-417.547218494994,-16.7294762484838,680.301976893631
-1623.15868844866,-1076.12039975972,-662.39932167164,413.721078088072,-344.070582116473,-1296.33189222742,-749.293603538481,-335.572525450412,-17.2437858952347,740.547874309304
-1607.04966344525,-1052.98223143901,-794.827968071373,258.154263367645,-554.74800239835,-1070.09852125211,-516.031089245881,-257.876825878235,-17.7968602052101,795.105405560772
-1582.3951503508,-1028.07516585314,-891.583759048286,136.491406804853,-723.97223317588,-876.725793010796,-322.405808513153,-185.9144017083,-18.302875835885,842.160764144844
-1551.17844049458,-1002.62487973243,-912.35349443056,90.2713853018519,-810.85414052229,-759.047224232058,-210.4936634699,-120.222278168053,-18.722924259761,882.402601564363
-1514.35819458349,-976.925133561527,-906.016301495104,70.9088320664131,-863.09719476691,-670.361535911277,-132.928474889293,-62.0196428228836,-19.1005360946746,914.905490738647
-1471.60009004598,-950.692121261184,-859.673802150868,91.0183191103268,-865.564734376876,-625.497044603139,-104.589075818361,-13.5707567080332,-19.4616889340429,937.121364553158
-1423.61388920083,-921.98356643522,-835.323731271934,86.6598351633012,-883.196536815075,-560.261591924252,-58.6312691586476,28.0285660046511,-19.8442395385178,950.012132439856
-1371.04072003293,-890.995213849113,-829.258581884495,61.7366319646106,-914.856306156497,-476.34668949803,3.69881668578354,65.4354486503917,-20.162275621613,956.430662499504
-1320.00437954446,-861.469353978838,-842.912595572857,18.5567584059612,-959.098318098252,-381.380170287408,77.1548552782201,95.7116136841842,-20.4741088412062,957.180967662998
-1268.69764203086,-830.225481686334,-856.340623188279,-26.1151415019504,-995.028688309542,-294.446812743124,144.025347601406,117.910206099461,-20.777859021807,948.13568778579
-1215.2184790231,-793.777054542207,-805.384636514097,-11.6075819719061,-965.484412905278,-270.824852083421,150.616572397508,139.008990425599,-21.0907859655781,932.786044967794
-1161.42217188704,-753.360808879467,-792.993005044038,-39.6321961645975,-977.555343711722,-205.247994521185,202.813368486394,163.181172321801,-21.3811663458624,916.541981201257
-1102.26744905967,-708.4155498845,-762.55204430649,-54.136494422007,-973.073987047305,-150.846180906828,243.005718268358,188.869223846351,-21.652718894464,897.284773730835
-1040.23419383784,-660.151454397194,-728.015376668762,-67.8639222715834,-966.188031222822,-95.9344031707362,284.148336269938,216.284413998354,-21.8882405556948,876.435868395538
-975.38234620182,-609.381855633695,-668.02681957041,-58.6449639367349,-937.884115843501,-59.6099889701741,306.390501597977,247.745537661245,-22.1117586118483,857.127393294924
-902.909888992527,-552.071867802015,-629.755388463097,-77.6835206611072,-941.925311987114,16.702793242189,367.540814432717,289.857293771611,-22.312629752401,841.929161573594
-817.070485330139,-488.556300718602,-620.704820934574,-132.148520215985,-978.961774316425,139.381676406626,467.895861018177,335.747340802195,-22.5096125796461,824.303641520784
-720.9674186676,-422.085691771254,-626.044557134154,-203.958865362911,-1027.3550310002,283.714740836856,582.596467733209,378.6376023703,-22.6728714957421,800.723294141544
-613.901264671587,-353.155187097798,-631.370529150297,-278.215342052497,-1071.91703315631,435.205232955124,695.951310528921,417.735968476425,-22.81053552959,770.891155574225
-492.897667443253,-280.52230807042,-627.50673577919,-346.984427708784,-1104.66887339941,588.825244234248,801.20060360708,454.216175898296,-22.9459617219023,734.738483968709
-360.255248181513,-208.075790788503,-660.058052515712,-451.982261727217,-1169.50846431308,786.192509162423,938.371966555442,486.389704828226,-23.0607069691338,694.465495616742
-219.256403967649,-139.838375680989,-657.049813885892,-517.211438204904,-1187.21331547365,944.813131026052,1024.2311593127,507.019721107798,-23.1437804799573,646.858096788779
-76.9689060585289,-82.2217555770151,-676.315273117828,-594.093517540806,-1209.98179129064,1109.78416493027,1104.53131541178,510.437797870975,-23.2287203018418,592.659553447986
61.1813433839568,-37.490214242742,-669.599788270961,-632.109574028222,-1192.14318811092,1230.00836916112,1131.33681153443,499.227237506203,-23.3161623337649,536.71745174893
195.178858491093,-5.00393125048474,-602.62890344933,-597.624972198848,-1102.73541980119,1274.52987415655,1074.34708441496,476.722112216113,-23.3844041357462,481.7260434666
317.446124666544,10.8692681014382,-530.565710281198,-541.434978382636,-996.056162147486,1290.03160712067,983.454750555589,442.01977217295,-23.470679693341,431.150504071507
423.899376951469,7.63434609367654,-461.564310326239,-469.198656419896,-879.701689960227,1280.08954122674,863.824510368923,394.625853949028,-23.5115256849696,386.991507855363
506.639704373639,-19.4675888285273,-409.736739716841,-390.269150888319,-768.042467988143,1251.17216626839,725.064873066222,334.795722177902,-23.510006093395,354.263311006422
566.583923473538,-67.7729070488774,-394.89072785242,-327.117820803561,-680.349433581416,1223.41689801482,589.060067492416,261.942246688852,-23.5164590401247,329.715153737717
600.626808869313,-135.380388620151,-419.660173796425,-284.279785176282,-619.918590796189,1197.01290981688,461.005712327432,176.72592715115,-23.5324898486114,312.106315771301
605.407100432519,-224.555444040592,-462.552542243484,-237.997098202898,-566.144859232716,1148.06644239887,318.103897925758,80.1067997228578,-23.4855172663847,304.662243763454
578.298915423145,-333.792742797046,-492.241220684022,-158.448477886962,-490.683074190715,1045.52568572184,133.434027501646,-25.0144503853192,-23.456303892027,308.778292411743
520.945018759379,-457.885145019432,-548.179103279834,-90.2939582604104,-434.75969232663,932.265728999507,-46.5644347793033,-136.858393039717,-23.4389820865026,321.026751979726
436.886200023114,-590.675950816377,-604.890099328055,-14.2141485116715,-379.048043281955,792.558182328097,-235.003968511401,-249.218117023072,-23.3760609769697,341.4578337933
326.871181000232,-729.636473793122,-641.39834416657,88.2381296265534,-300.809399225216,604.364307047739,-452.143347745636,-363.905218119083,-23.3162731777187,365.731255674049
194.126916913654,-871.265369781944,-672.873038973844,198.392330808098,-219.915416900126,390.792524774881,-674.599761920751,-476.207431112654,-23.2498090389188,395.05793866931
44.7636637387379,-1008.59622178236,-715.061540526326,293.534681256033,-153.501894598101,175.061385218344,-878.298500302761,-584.763819046731,-23.2041731184947,423.832402735644
-118.608063730072,-1139.56800605467,-715.416842074748,424.151163979949,-51.7062331882601,-90.0529059906209,-1111.01284831524,-686.861684335296,-23.1510754488114,452.706321719397
-284.865064937449,-1257.4663174936,-687.998991046061,569.467326447538,62.3512251266723,-370.282924790823,-1342.88417734697,-773.416850899438,-23.0666347266946,484.049466594159
-448.263620424183,-1360.3806146781,-653.97157423578,706.409040442333,162.011326100022,-633.279899041538,-1545.39689329549,-838.98785285316,-23.0049525173521,521.392761824966
-603.789263449731,-1447.29220423055,-617.437741397856,829.854462832706,243.27741172873,-870.011776862302,-1713.51471764314,-883.660254810436,-22.9451016838553,563.631949420128
-752.733841053899,-1524.00464732909,-624.240975924767,899.763671404331,264.311607816741,-1039.93678299568,-1811.20758927087,-911.443917866541,-22.891334125018,612.560729462557
-889.804002161414,-1588.76851957364,-672.705859096478,916.062660477174,231.887219313141,-1144.49393553437,-1843.4584529466,-927.395792469425,-22.8027140598224,661.372727104223
-1011.94422442459,-1641.47142681532,-728.309390102172,913.16203671317,182.734433719734,-1217.38830002914,-1846.91550241991,-933.753465706745,-22.7096418848418,707.717961108609
-1127.07928336159,-1688.52942415169,-740.067287739031,948.462136412665,170.386425683099,-1320.05534271635,-1881.50548350645,-933.043347093786,-22.5896336716571,755.486077057909
-1239.94281849919,-1736.13081727339,-713.050527806887,1023.08028946651,191.805337569974,-1454.24552518301,-1950.43352395721,-927.353234490707,-22.49736911385,808.777582782694
-1347.7337485221,-1782.97558544963,-725.568767025714,1057.40681842392,168.587860980347,-1538.78194095482,-1974.02377788236,-916.616959458449,-22.4603314523857,866.358625991185
-1449.10127324524,-1829.49471769301,-731.23472594458,1098.25999174843,149.982141617937,-1621.55041989178,-2001.94386433959,-903.683872591157,-22.4670050286297,925.810845101873
-1550.68870450236,-1878.58775568632,-791.337825346537,1087.24993033978,82.876724255169,-1656.09360639439,-1983.99265757837,-896.742727238588,-22.5281776368688,981.845028447739
-1654.88516145614,-1928.5410323826,-868.90287520151,1059.6381571811,1.68035752788201,-1679.20349856646,-1952.85936949294,-893.221212311832,-22.6379795824445,1035.31982007078
-1767.99747820243,-1980.88337974214,-945.939390455453,1034.94398928669,-75.9676053874372,-1714.80089791964,-1927.68679945937,-892.742810172681,-22.7710251046595,1088.14056956948
-1888.21057818492,-2032.49069814583,-1053.49986296449,978.990835181347,-181.64098236601,-1729.52493985145,-1873.80505981239,-894.814224631045,-22.9553440325539,1137.6764735148
-2013.29744732768,-2080.29657954429,-1175.33515663899,904.961422905311,-300.022096726687,-1736.48489631443,-1803.48402853107,-898.522605625756,-23.2095457134452,1181.77397391856
-2140.20064447804,-2121.00594308445,-1274.98878013557,846.017162948875,-397.727844435325,-1765.99888574721,-1746.80418435365,-900.787021404768,-23.5260857044872,1220.21892167969
-2268.35891234901,-2153.42575252754,-1332.12805699886,821.297695528689,-459.636045504933,-1832.59006847313,-1717.65690865167,-896.359213122985,-23.8672016290649,1257.06653940454
-2392.01987025557,-2174.1922343638,-1351.39636274463,822.795871619171,-494.516837389055,-1921.75829493686,-1703.93065904511,-881.134787425939,-24.2552620703526,1293.05744693788
-2505.2394833239,-2181.41415407406,-1367.92882820886,813.485325865178,-544.060874250751,-1985.87114746272,-1662.04581821291,-848.560492347724,-24.6925383895786,1332.85366172633
-2599.2254627798,-2169.67902111881,-1398.64844682595,771.030574292857,-625.09346147509,-1999.24394872437,-1569.69750706338,-798.666932770517,-25.1119474196461,1371.01208834829
-2674.93619717248,-2141.10537871485,-1422.10602943174,718.999349283104,-715.017128119126,-1985.43513659142,-1451.6043181338,-732.604968850696,-25.516067538086,1408.50040986416
-2729.72202874994,-2095.24645728783,-1431.21912766378,664.02732962403,-804.624561538308,-1951.00649589686,-1316.53092443474,-652.503594810716,-25.9090286852295,1442.74286247712
-2762.99560976552,-2033.99679177685,-1398.42792519856,635.568866578281,-867.246363147775,-1922.00194613962,-1193.00312815097,-557.434261572689,-26.2526995218947,1476.56253020416
-2767.90207345831,-1955.50923541257,-1381.41850928818,574.090726124398,-954.792468118756,-1839.63596941827,-1027.24313137254,-453.152405248137,-26.5263640787253,1502.35683016444
-2749.13558609036,-1862.19160256289,-1340.40006382353,521.791538739348,-1025.06883610572,-1750.82841147478,-863.884427947322,-342.09288920797,-26.7616614901606,1520.09871335491
-2702.71680793657,-1753.65342870349,-1313.08262977557,440.57079892793,-1115.34318247734,-1614.34336768085,-665.279988447782,-224.709189519848,-26.9697422216291,1528.94423918363
-2628.65915701793,-1631.65269431659,-1317.49169146274,314.161002853833,-1240.56811349152,-1415.20212746376,-418.19566476241,-104.034661908573,-27.1110839373368,1527.61803240801
-2528.19702255637,-1500.15476818601,-1286.71879057498,213.435977611004,-1330.11706279095,-1225.32495314445,-197.282698774108,16.1532788369014,-27.2449933790463,1516.3080470229
-2400.81252335757,-1360.48313047713,-1232.11039919616,128.37273128096,-1395.84749066544,-1032.33174668066,7.99764619977847,136.370377480741,-27.3667139885309,1496.85350795785
-2247.37652270497,-1215.29155950597,-1184.73066594422,30.5608935617296,-1467.99074081775,-806.840788379922,225.244174819087,255.805068380824,-27.4550064926877,1471.09662788677
-2070.45254150995,-1067.30981844636,-1130.78530926828,-63.4754908219426,-1526.27779279419,-571.674668850322,431.468054213283,367.992563391344,-27.4999201345622,1435.30238183769
-1876.595954228,-923.641936018298,-1101.8194026143,-178.177466596003,-1598.88849606281,-305.237852716432,647.71616549327,469.53869889727,-27.5303945512292,1393.18063491555
-1668.24245248167,-787.578228751663,-1131.93408022543,-344.355851473793,-1709.2942584032,13.4969724977847,894.161196227798,549.805344754006,-27.5548334237459,1337.38357350566
-1454.14994567609,-662.978980080481,-1149.19731724511,-486.218337164636,-1782.13880575726,300.427741569095,1091.5987071647,605.380370000065,-27.5611185120833,1268.35935008054
-1239.43339480496,-551.975798233157,-1196.78040961991,-644.804611386777,-1861.39853063276,594.421004424707,1281.87860099652,637.073989609741,-27.5441314031004,1189.04978784288
-1034.35475644393,-460.767266492701,-1233.24534213792,-772.478075645222,-1907.9959813602,846.154952080311,1419.74244203155,647.26436638633,-27.4862728359367,1108.03163287903
-846.128173015701,-392.705586404809,-1272.23979236994,-879.534205965147,-1930.28117863762,1056.70473773017,1510.12732434107,630.593118375925,-27.4482678917461,1023.29870478073
-678.47720044774,-346.202703719318,-1265.12185963209,-918.919155912765,-1884.03944042511,1178.12956764966,1510.40406437808,591.484908465315,-27.4326723277041,937.687612184635
-534.546158828078,-319.125532852187,-1282.41492309983,-963.289390247651,-1845.06497892812,1283.12923432393,1498.54986029983,535.260470052177,-27.3895857761185,854.38600290436
-419.584098567063,-312.212555704459,-1251.0402995008,-938.827743796341,-1743.11814030996,1296.17385522838,1403.54539809098,464.717654294636,-27.3601865145322,776.930209999101
-336.465685710469,-324.178981803538,-1244.85487737361,-920.675895570065,-1652.99456770517,1289.20866641982,1301.49537032674,380.819474756676,-27.3202155748926,704.998456560239
-286.888588577488,-353.797243258299,-1234.72131876613,-880.924075507816,-1550.20218762899,1236.00049447908,1169.09183979826,288.167764290444,-27.3131045724264,641.965007548755
-261.210479992187,-391.188395795843,-1163.66190691772,-772.473511121886,-1388.05843325942,1099.50882151879,969.53090571514,197.057394593254,-27.3391317484386,588.245790389101
-257.687812921828,-433.652486841466,-1113.86247691939,-680.209990077906,-1258.34504168061,973.331285340272,797.366611420625,117.156621342718,-27.3259434185126,550.809108184185
-268.933198936458,-475.396237767786,-1069.25694415228,-593.860706384498,-1145.02884990996,848.786651727926,642.323612896604,48.4629065121042,-27.3089992455734,523.859144279905
-291.159607693989,-514.479514563654,-1034.73138421799,-520.251869654335,-1051.91595071317,733.444718391299,510.124811521619,-10.1270581327136,-27.3116246278843,504.35245643095
-315.874135018449,-548.253929887999,-1021.39131455413,-473.137384666134,-988.652769936288,645.481272890623,413.101478021066,-60.0359066450674,-27.2973620272233,488.218023242937
-344.944786367869,-580.007939096101,-1018.34314094223,-438.335201846108,-943.681253802685,571.45255446526,336.38940173703,-101.94580010908,-27.2839129695504,478.062138987027
-374.342238885289,-609.013203318628,-988.904186834339,-379.890983515724,-882.082979138307,480.417504115766,245.746539682429,-134.144443833298,-27.3232361372526,474.868759485333
-400.49014545478,-634.639851682748,-956.432601765074,-321.79275008232,-828.896600348028,400.984045129365,166.83433890138,-154.958411180941,-27.422409763898,479.681440501818
-419.899531898924,-658.316837912364,-874.054922006448,-215.738084094083,-733.926472080205,286.502993206899,48.0856871934634,-167.652396900624,-27.5239469743866,490.664441011735
-429.956378563192,-680.09791216593,-815.394726296584,-135.296814130656,-670.307795459785,212.696082133483,-37.4454514692354,-172.74226559989,-27.6553347630993,507.355646566027
-438.118301385585,-707.772815001829,-731.403019271295,-23.6302042694595,-585.971018279378,120.068077010277,-149.586436605955,-173.216640875414,-27.7846398835263,534.556174126408
-440.802254941108,-738.920957096907,-688.224457233863,50.696499863052,-545.023091357701,76.3029340199616,-221.815768135848,-171.119268272795,-27.9179023966448,567.801688824126
-442.367014611327,-777.589047197426,-669.04458638023,108.544460817197,-524.667222215568,54.2865394391226,-280.935493146991,-172.391032329795,-28.0136681651282,605.198014867656
-455.923466059041,-831.243135753865,-699.517312329283,131.725823424588,-544.008088578109,59.9838914722607,-315.33577822257,-183.609954797986,-28.1007310468237,647.633180955891
-482.065904857413,-899.764177766896,-708.564587316844,191.199590450057,-531.087341208873,20.8453719486112,-396.852900960877,-205.653310510825,-28.1760644028556,694.110867256087
-519.109454176173,-978.230224033871,-719.166450712874,259.063773321017,-511.026493758518,-36.3386517059295,-495.459421563655,-236.395648242642,-28.2556912883038,741.834575791244
-569.809869167061,-1064.97473513262,-795.685925394557,269.288809738051,-546.11586805724,-52.0766334668082,-547.241499432352,-277.952689694304,-28.3826323569809,787.022045438316
-635.459457732206,-1157.07108079013,-851.633772495083,305.437308295052,-553.408860904805,-110.539252349969,-632.1508754079,-326.713567112856,-28.4886555225656,830.357513677283
-715.125068162353,-1253.13621045255,-875.177650277933,377.958560174622,-523.139338204538,-220.596186316382,-758.60732860659,-380.648768431966,-28.6104563585758,872.487442020591
-809.01937650606,-1350.86418400305,-897.856742177984,453.007441825075,-493.817305143052,-343.937767554068,-885.782575051075,-432.775133225999,-28.7356961910626,918.089050777055
-917.089770295157,-1449.15862184705,-960.315703002863,488.842918844175,-507.230079237779,-438.732280667959,-970.801132219857,-481.958213375682,-28.8725896105858,967.200408471374
-1036.23389976915,-1545.11270835742,-1029.83576703456,515.276941322879,-527.531176643498,-537.670842547054,-1046.54965113533,-531.272709812456,-28.9681194213858,1013.83999854497
-1161.54340787568,-1633.88079340843,-1066.45418597494,567.426607433481,-525.246428807949,-665.355350739748,-1137.69273627249,-570.26612883901,-29.0583716720229,1063.61466456941
-1293.25999445204,-1717.15123954291,-1108.65138502968,608.49985451323,-541.841473230833,-780.570030418863,-1204.46127550974,-595.961420996519,-29.151509197671,1121.18981854639
-1431.24038740861,-1797.46308047787,-1244.07046282353,553.392617654341,-656.103768658251,-804.414461811704,-1170.63715488098,-617.244537226634,-29.2778430613469,1180.21854325124
-1570.35880742328,-1869.83011025303,-1357.03003040653,512.800079846501,-750.832271427021,-848.935530728853,-1148.40683355861,-635.606753712107,-29.4089947325999,1234.22335654092
-1700.07577716132,-1925.26296211333,-1411.60425038754,513.658711725803,-799.728927346066,-929.893123084798,-1155.08030803683,-641.421596311024,-29.5462732695498,1283.84136580231
-1822.03929862536,-1970.12147574145,-1443.3130862819,526.808389459541,-838.885084535935,-1012.83237191535,-1160.91454903144,-634.106159571903,-29.6781578259242,1336.01531616955
-1934.53502538015,-2004.72420180052,-1505.01823337166,499.705968428862,-914.411091246209,-1049.92336018832,-1120.1125366087,-620.406568179839,-29.7994260543718,1384.31763362069
-2029.40200838721,-2023.22817814547,-1572.16823694657,451.059941198908,-999.586979151881,-1059.71952301723,-1053.54569277551,-602.485751576593,-29.9044937819059,1420.74242656889
-2100.74493879994,-2020.51604650907,-1568.52996151645,451.986084992614,-1018.94530372437,-1111.81077368703,-1031.58188139616,-579.595796403541,-30.0111386114582,1440.92025010552
-2160.37084797736,-2006.13627099384,-1533.63165233868,472.504618655166,-1011.12755105263,-1179.32401294208,-1025.08943595858,-552.58481730341,-30.080716017361,1453.55145369044
-2208.63964151018,-1980.69700746596,-1517.58542490908,463.111582556869,-1025.68958151613,-1213.06698284319,-985.124348798966,-522.012766242092,-30.1169228491322,1458.68424122386
-2237.00467041551,-1938.90238582242,-1476.57082107504,462.331564747355,-1024.79607284261,-1242.36363522623,-944.261350633143,-481.929785885783,-30.1550376533317,1456.97259993662
-2244.97608222225,-1881.44645031962,-1412.06181933618,469.384630983428,-1006.72384012332,-1268.45334056548,-904.923708662866,-435.539077679433,-30.2010984665595,1445.90737264019
-2240.19429367541,-1816.3742963458,-1369.89895006074,446.475346285061,-1019.04509902505,-1251.42099623559,-827.600998906007,-381.125652620943,-30.2718015852397,1435.24864372486
-2221.50002549321,-1743.18523935695,-1337.57818695754,405.60705239941,-1047.97670320793,-1203.88548049529,-725.570694359038,-319.963641959624,-30.3621582100161,1423.22159739732
-2184.51766775269,-1661.38808086904,-1352.30626790441,309.081812964636,-1127.84195633361,-1087.09298818959,-563.963401305948,-254.881588341304,-30.4172767704978,1406.50649252772
-2133.03468858728,-1574.22167269541,-1363.3065823906,210.915090304806,-1200.82143929106,-962.652935499031,-403.839919607184,-192.924829302372,-30.4396862028191,1381.29684339304
-2065.40676195543,-1482.89253700825,-1363.90804492353,118.984492084706,-1259.33708556061,-836.515599566029,-254.001374618851,-135.016882534143,-30.4459231712123,1347.87565447409
-1981.34765137862,-1387.61386409677,-1361.4071812681,26.206682828658,-1316.14643831425,-695.616474208512,-101.882686926651,-75.6760040979919,-30.4152611441314,1311.93785999876
-1883.96959216961,-1292.50540090596,-1368.13726071338,-75.6318598074017,-1376.21001196146,-538.12007956062,53.3441117030242,-22.2877481043762,-30.3604993524603,1270.21765280159
-1783.60449659283,-1202.00030050959,-1430.88521299146,-228.884912481871,-1482.87556682559,-330.983247363883,250.620948719365,21.7360362374976,-30.2543175966284,1223.73633674708
-1681.00420214174,-1117.65585302285,-1465.35255909781,-347.696706074967,-1555.33041556253,-155.825187934218,407.523161184669,59.8264551097074,-30.1514013550035,1177.48230813256
-1572.72369388652,-1038.61204714398,-1490.35241757387,-451.740370429881,-1613.53450518474,10.7271293648806,544.838776107412,93.0984056775317,-30.0836819333313,1131.71045282152
-1463.61874637158,-967.077654973127,-1558.32498419199,-591.247329218856,-1702.55247064216,208.930037383277,705.47112878172,114.223799562866,-30.0036868873035,1081.301454536
-1360.16355609033,-905.428356647479,-1554.46946391954,-649.041107272068,-1706.60152155762,316.477647430864,771.212846873709,122.171739601638,-29.9603180364287,1027.60009624912
-1263.24029401685,-852.81582752783,-1537.94219521342,-685.126367685582,-1694.69792404718,401.632081092346,812.056547581363,126.930179895781,-29.8255489379862,979.746007423614
-1171.74798039702,-809.306362391726,-1502.81452121002,-693.508158818299,-1656.21962107516,454.796812453661,817.238430458976,123.730271640676,-29.6748282244507,933.036634032405
-1085.03582534481,-773.057545162021,-1476.38574363238,-703.328198470355,-1616.67539742481,502.141406588872,814.119686771656,110.791488301304,-29.4981654911216,883.849033463328
-1005.29374963019,-744.175853342073,-1422.81886796296,-678.643014620876,-1545.23741069964,510.673420510435,771.791316798549,93.1483021776721,-29.2702405590062,837.324155519758
-936.338671638915,-724.116873898102,-1342.50997636845,-618.393102470345,-1446.89441064729,481.473439931516,693.695237672317,75.3021352019711,-29.082299076846,799.419009100091
-882.347259730822,-716.580320097362,-1264.55830486186,-547.977984764508,-1349.78845219551,438.521898045189,604.288837678631,56.3108529141164,-28.9192944195119,772.891173011495
-838.956123241108,-717.167142889212,-1139.211663045,-422.044520155774,-1207.71363899503,339.968801331139,461.757781683044,39.7132615272625,-28.7887144227644,756.880404416497
-805.503447410245,-726.790194550194,-1014.18685386014,-287.396659309947,-1073.819470985,239.593616819314,318.306869679347,30.9102103693926,-28.7224067554462,757.700404919601
-779.551443716725,-743.510037564852,-920.634761250364,-177.124723685521,-975.316815199171,167.083941142811,203.125347294667,26.0006236091443,-28.6814303396412,769.510661174008
-757.960870175974,-765.00809489562,-781.906423196428,-16.8983283008204,-837.346418031095,50.7519489060454,43.7047241864144,26.8063958855839,-28.6335989490553,791.814490781224
-737.489317885535,-791.162402609532,-635.452062591629,155.710340017907,-701.242469072022,-64.8043961160114,-118.477480840018,37.2328591778817,-28.5575473025023,828.395261787423
-715.199710927672,-822.202654593686,-598.696006304338,223.506648289345,-676.100240658834,-67.6318408291591,-174.634784495184,48.8718637941493,-28.5323705603373,871.074518387846
-695.947728057355,-862.183307723823,-612.269652877359,249.913654846475,-688.820438989587,-35.673966343087,-201.909546009567,48.0041088369016,-28.5466772753228,910.187416560745
-683.262659808757,-911.147698147203,-628.73581753309,282.411880614096,-689.161885299868,-22.6476624856089,-250.532700824047,31.8791797900455,-28.5468879767159,943.026877937264
-683.011132658094,-973.568842220066,-636.261014956931,337.307827263142,-666.705310439119,-44.7822880465058,-335.3399976085,1.967829654641,-28.476465827546,975.536671874731
-696.715770844393,-1049.16532388606,-638.256565863004,410.908758023035,-626.413920178165,-98.7316164764706,-451.181169518135,-40.2724114951078,-28.4297658102445,1008.89291239095
-731.755925461582,-1139.38164261371,-688.13800683136,451.243635782373,-620.825224437785,-139.29872140717,-546.924438559316,-95.6808027769389,-28.3680203833775,1043.70083983679
-785.1336903926,-1240.20291398073,-734.098151090702,506.10476289001,-598.388684384753,-215.036562680925,-670.105786269043,-164.001023379044,-28.2915566730801,1076.20189060168
-860.520482875565,-1350.31194242394,-786.723330159015,563.588612264932,-567.811933374002,-320.952173285596,-810.743632833982,-247.155020569055,-28.2436237840465,1103.15692185489
-954.035412411304,-1463.80003155322,-870.595181243748,593.204850309484,-560.423891542588,-421.83622134499,-931.600840486924,-338.395990177441,-28.2247004762759,1125.40404137579
-1066.40020282024,-1577.66657340181,-927.80494425175,649.861629150054,-522.938419339881,-571.732736642237,-1082.99910722382,-433.137478073767,-28.2709531618778,1144.52909532806
-1197.11232917606,-1691.37641834661,-1021.08697262588,670.289445720729,-522.943868369033,-702.505794780044,-1196.7698839506,-526.480438229871,-28.3373339730206,1164.89598011674
-1340.91666853943,-1798.25630140171,-1060.28246793018,737.973833471556,-477.136555211618,-892.16336987016,-1349.50300273247,-611.52916926092,-28.3832565423522,1186.72713214081
-1496.7733337913,-1898.17960243413,-1100.21707529466,797.962527139482,-438.452847424981,-1086.76856703963,-1488.17483568246,-690.212308542983,-28.4480806733107,1207.96729389115
-1657.74546770968,-1984.37122923647,-1176.53322213669,807.838007099783,-449.997766316618,-1236.26309733152,-1562.88885885832,-755.050851758539,-28.5153959384721,1229.32037747793
-1818.76426160049,-2054.31492644436,-1238.12574868053,816.189177763833,-464.221547448224,-1383.11728052223,-1618.6679453661,-802.478767602264,-28.5745663699593,1251.83615884211
-1973.58350702887,-2103.75351772601,-1329.09729711511,774.656220610905,-525.798617058146,-1476.4414974947,-1606.61150819184,-831.955287580931,-28.6566075239676,1271.79823014507
-2116.00225077279,-2132.61349399787,-1386.1334765512,746.480017446675,-570.151296233427,-1574.53979368995,-1591.15103691503,-844.671019468358,-28.6888391505854,1287.94247452952
-2240.31780778928,-2137.7703980606,-1381.53841060078,756.231987459829,-577.171100839425,-1691.89693831075,-1589.34952858208,-833.117541122255,-28.7502313608982,1304.65285693836
-2338.45457498463,-2117.26887738935,-1366.3130485618,750.955828827546,-600.613970268822,-1766.64819305554,-1545.46249546026,-794.506666632713,-28.8075883397287,1322.76221075664
-2407.3761434786,-2074.31692937125,-1352.5808496592,721.736079712074,-647.980895880712,-1788.25929481234,-1455.20008070502,-733.464000992939,-28.8640472144616,1340.85292837833
-2451.83869104169,-2016.21203452014,-1309.57578917094,706.63624534919,-681.557635692158,-1799.12151691914,-1363.49486039758,-656.858615048391,-28.8404615696053,1359.35341947175
-2469.86999220431,-1945.76389588477,-1252.49912412385,693.264771760928,-712.694490672152,-1785.97661317814,-1261.87051685862,-568.60574509769,-28.8011116459949,1377.1581507871
-2459.55337903242,-1863.33008490487,-1225.32386220137,638.006222703501,-779.655767416346,-1708.61830591731,-1112.39501178976,-474.388789086251,-28.7206943012284,1388.94129581862
-2430.96938354818,-1778.81288567023,-1189.68420316757,589.128682502671,-837.659156784214,-1621.89999883817,-969.743500960221,-380.61481845755,-28.5897720741962,1398.19806721268
-2384.58115496326,-1692.61581797435,-1148.70543722491,543.910380749443,-888.737019972307,-1524.27673814077,-832.31140115186,-288.401020402417,-28.4326031498095,1404.21479757194
-2323.49045540281,-1608.39694117968,-1119.88726719872,488.509673980959,-948.659698086407,-1403.03248384784,-687.938969624725,-199.429295643764,-28.201726531442,1408.96764553592
-2248.99113926351,-1525.30813641866,-1092.82508146463,432.483054954032,-1008.35999902945,-1268.5365310301,-544.853528185266,-112.370473231231,-27.9053907960384,1412.93766318744
-2168.43285098114,-1448.7809267208,-1105.65869239007,343.12223433073,-1101.76710225523,-1094.2119940268,-374.560069766454,-31.4378354357227,-27.5462453008713,1417.34309128507
-2088.43325888039,-1380.39265222819,-1157.1703018338,223.222350394391,-1225.34164501973,-890.282861406588,-182.242254754403,40.9800956399896,-27.1912475459235,1421.37274786819
-2002.84453422781,-1315.92798605994,-1258.94248155905,56.9855045008938,-1388.15554890184,-641.479603735929,45.4369444319315,102.422448932829,-26.7906184099683,1418.35043499276
-1912.49634485826,-1253.05902902125,-1353.22066079322,-100.161631771981,-1532.29810748413,-406.613414009616,252.823901827393,152.662270055411,-26.4151766355013,1405.72129907664
-1825.05749296593,-1197.44180002132,-1372.07037803756,-174.628578016228,-1589.12247112685,-261.989115002166,365.626577942444,190.997999926218,-26.0540931630752,1388.43979994753
-1736.70002068786,-1145.81487462984,-1373.34418036512,-227.529305735259,-1625.29541130381,-137.115228590473,453.769917467521,226.240611732264,-25.7106192064321,1372.05548636212
-1651.35087050477,-1100.8757321241,-1323.70212760387,-222.826395479769,-1608.50428261494,-68.2152915621667,482.259846818502,259.433451338735,-25.3687036723292,1360.30918346283
-1563.08446397531,-1059.84404443524,-1267.54796159327,-207.703917158034,-1582.82251907483,-5.34880414792073,497.891615392139,290.187698234108,-25.0868592474451,1350.03174266936
-1476.75777273139,-1024.84322235225,-1215.46136447142,-190.618142119176,-1558.59788520684,57.0001509780959,508.91470135724,318.296559238067,-24.8399614973487,1343.13978159032
-1386.09886118307,-992.07961403318,-1156.43403227931,-164.35441824612,-1523.74150187803,112.9861280824,507.00537523227,342.650956986151,-24.6565126125661,1334.73057101935
-1295.19989754603,-964.181888721747,-1106.21088602662,-142.02899730486,-1494.58714912378,174.89959155634,505.91760038061,363.88860307575,-24.4876600214185,1328.07049179751
-1204.46954962792,-942.471048466463,-1065.76878851849,-123.29774005202,-1466.67383936352,237.866243703929,499.864744865377,376.567004813362,-24.3380460316633,1319.03805327984
-1116.04598008812,-928.711996447427,-1057.89585073935,-129.18385429192,-1465.10253421818,324.884930189138,512.218913829821,383.035059537906,-24.171623940931,1311.74705598533
-1029.89764447842,-923.393832038247,-1001.5209386113,-78.1271065730496,-1405.38923888355,351.436682335636,457.940494775797,379.813388202749,-24.0549120695032,1303.20722024101
-951.865220891813,-929.555876378289,-932.334914908046,-2.77903852975485,-1326.84509997782,351.034486978924,373.34383149243,370.564792962676,-23.9453921070789,1300.12066934098
-884.126506896857,-948.663048541336,-915.863517967729,32.7995305736162,-1295.01486616062,386.992548494841,322.456006850344,355.25553742396,-23.8958107689201,1303.91858596532
-825.94903475714,-980.143201560936,-915.246297407336,64.8969041536165,-1270.44105598536,420.577875482492,266.383708678693,331.280612832311,-23.9141457457183,1311.42381439327
-785.317585504767,-1029.69693458522,-933.865228659907,95.8317059252979,-1253.85709314095,444.60765575885,200.228306678398,296.060012603697,-23.9318518773381,1325.75694718892
-763.805744203266,-1096.19473032225,-983.750170692671,112.444559629596,-1255.21888113536,467.445335941297,135.056349822302,247.500909451899,-23.967800990787,1343.69563977417
-759.808942233447,-1176.28156568783,-1030.54718290882,145.734382779007,-1242.28710683323,458.455730569438,41.983107115066,187.717489894072,-24.0224340303382,1363.99905558191
-777.01527857061,-1269.42919836441,-1099.06990656894,170.359291795479,-1241.65691015585,440.56506774464,-51.8488520491561,118.510439746327,-24.0765638405986,1387.93963811074
-818.960433939665,-1373.50820120458,-1182.64879228894,190.859408915646,-1248.23887460729,405.110667052107,-149.437100212819,41.4223087028281,-24.167773615542,1414.93050990743
-882.770452205803,-1485.25982894758,-1284.9119544445,200.347874503086,-1266.03678170395,358.988383978996,-243.500992762798,-43.153118259712,-24.2779455191563,1442.1067106879
-966.794396062156,-1602.18751539258,-1386.29997016483,215.887545227761,-1278.65447836712,287.472412306229,-347.920707024217,-132.033161796458,-24.3876699987428,1470.15435359616
-1071.79940126294,-1721.92833777807,-1499.6179952629,222.310342515171,-1298.52266658768,202.155695074596,-447.973241440548,-225.662898925378,-24.5675702501615,1496.2654388527
-1199.19824779517,-1842.94198417015,-1576.61854835526,266.32343581489,-1283.20915155959,59.2162735955684,-584.527462779418,-318.204026964534,-24.79463016885,1524.73795720562
-1342.60177753252,-1961.77449976463,-1682.3985793891,279.375920375537,-1303.08849258558,-64.5276147394264,-683.700336971554,-404.324416596014,-25.0143297924981,1557.45008316862
-1497.76246319899,-2074.27999527931,-1788.76828963488,285.511705644424,-1328.06507708141,-194.956962762486,-771.474494842809,-485.962789198389,-25.259576644898,1588.31720608094
-1657.98416588256,-2175.39671884726,-1873.1116708023,302.285048044975,-1337.61398493378,-345.903331600718,-863.315884565435,-561.030836520465,-25.5331506519479,1614.3658823268
-1829.19506770643,-2269.11237745528,-1962.05417435254,307.058203102759,-1359.08068758217,-495.924803599833,-935.842113348696,-628.783910245944,-25.8104234755823,1640.32846720935
-1999.72332366226,-2347.09181378336,-2069.77325414329,277.318559640069,-1414.64417103228,-611.165390614361,-958.533880735473,-681.215321095404,-26.0862379843764,1665.87649268796
-2162.12233813419,-2405.57805860055,-2169.9147154505,235.663343150048,-1476.63081481508,-711.8376358838,-955.29335635017,-719.630013200123,-26.3461125646908,1685.94804540044
-2312.85560354573,-2444.8835287526,-2255.42937004543,189.454158707182,-1539.35620730902,-800.106287275577,-932.134212482474,-742.680053775292,-26.6068910388724,1702.20347497731
-2451.21692815247,-2464.93200311473,-2364.28407844711,100.647924667625,-1635.45620239291,-842.595314372041,-856.310389334336,-755.662464666717,-26.8345886125097,1709.26953844802
-2573.08184689085,-2465.7403190156,-2472.9989273227,-7.2586083071013,-1736.7334602513,-863.391656349516,-756.050128474277,-763.308736781382,-27.0432697099722,1702.43158223423
-2674.50127594146,-2446.60230093719,-2508.60087059933,-61.9985696621413,-1775.34592390631,-926.397915799965,-698.498940795695,-760.497510457836,-27.2425637648136,1686.10479047935
-2755.38791837888,-2408.82585221412,-2501.20286332951,-92.377011115394,-1784.54853790423,-998.285818971431,-651.723752806663,-744.100763922057,-27.4464384967792,1664.72508829206
-2814.74582367076,-2354.34925312655,-2437.26183108416,-82.9125779576033,-1751.56290819703,-1090.83061086783,-630.434040323632,-713.346618281234,-27.6476953941145,1641.00263484533
-2847.40924865206,-2283.18278590665,-2381.92013711496,-98.7373512082974,-1737.18810267717,-1138.08538965382,-573.85892690842,-672.596278116717,-27.8642436789262,1610.58650778994
-2855.37843404981,-2198.2406474061,-2297.13966831016,-98.8990209040589,-1700.2233970795,-1183.21323318303,-526.075446539318,-624.974467443375,-28.0581962127099,1573.26617996273
-2838.42007618908,-2100.92090042705,-2144.8623306381,-43.9414302110487,-1608.25696911787,-1258.3729417726,-520.873766010587,-564.815196221634,-28.209834701399,1536.10570420542
-2804.225890525,-1997.76781593446,-1966.20575092041,31.5620650140413,-1499.52027845205,-1333.03436811402,-526.576293523471,-495.014228509434,-28.3287560410684,1502.75358742502
-2746.53062238457,-1885.8322061994,-1804.78696823402,81.0452379653941,-1415.10647776304,-1359.85687948145,-499.158463296299,-418.113225330906,-28.4327348599276,1467.7189808685
-2672.76397252808,-1770.05629847996,-1589.13621614209,180.92008233788,-1279.74970175946,-1421.54440949255,-518.836735444438,-337.916653106556,-28.530138723922,1432.13964537341
-2585.85539992611,-1653.52643506802,-1370.87445452661,282.65198054141,-1148.77071054664,-1465.67910750496,-533.350142646874,-250.698162105465,-28.5944181254878,1402.82827296256
-2483.83648962499,-1535.58467007047,-1215.32203486665,320.262635203837,-1085.90199685498,-1426.50662055011,-478.254800995595,-157.992165791758,-28.5721277800985,1377.59250427872
-2367.46069463897,-1416.41294947874,-1100.81999659865,315.592952880094,-1061.3497495514,-1334.59892526436,-383.551180104142,-67.9582272240476,-28.487980176792,1348.4547222547
-2242.36141291728,-1301.63023195409,-1002.14115768111,299.489074272987,-1042.05002640852,-1228.71589034155,-287.984709378373,11.5043648946187,-28.4045038327927,1313.13459684872
-2109.28535332329,-1191.19999936282,-898.684869107387,292.515130255446,-1013.02729906582,-1124.57665713633,-206.491303175866,86.0238270795775,-28.3186028788393,1277.2238264424
-1973.40756794368,-1089.67604841635,-804.650170110981,285.025878305374,-988.521317332395,-1013.09174357703,-129.360224049706,155.665654255668,-28.2054929657405,1245.34170267204
-1839.83704252738,-1001.90966657231,-701.385029891019,300.524636681296,-943.612159871087,-924.287758070129,-86.3603821150715,214.164254566225,-28.0628754138277,1216.07392113855
-1710.12632930233,-926.35136962662,-646.33953430699,280.01183531961,-934.349392162784,-803.706290482108,-19.9313308063852,260.080504513229,-27.929353342567,1186.43187413984
-1582.7626573152,-861.718966487667,-582.614923767635,279.104042720034,-905.448397723774,-705.104465742742,15.9392250847998,295.043267804829,-27.7902061513101,1156.7622342925
-1462.73179422008,-810.055616646819,-561.998085536157,248.057531110676,-913.432634774321,-576.933859744158,75.7423178290785,323.799848939762,-27.6347002984027,1133.8554655866
-1355.90013373895,-776.358214784934,-575.757355311907,200.600859473041,-948.509289112959,-434.905562694202,144.636356259818,345.237215732853,-27.5147180681803,1121.5954305178
-1261.58129097127,-758.723472691079,-619.375319250212,139.348153440867,-1004.73467400018,-284.255031232577,218.602787047626,357.950940488495,-27.408414261458,1116.6744131796
-1179.52726489379,-753.908539794198,-736.337951868391,17.5705879258092,-1122.54318590566,-84.290255895188,341.328469204404,358.899057130214,-27.3061769070484,1112.80759692442
-1113.90025689274,-763.828419979014,-865.203486331056,-101.375066352039,-1238.28546659737,97.2309258477639,447.302762761498,345.927696409458,-27.1542838568581,1109.75611638848
-1069.62715469135,-789.673331889583,-1034.59699881577,-244.923666926175,-1381.76241033196,285.095745398525,565.049568200304,320.125901274122,-27.0395102420727,1109.79923316372
-1041.72283948033,-824.610331335635,-1170.65424343531,-346.043912099676,-1485.98424354187,417.338804844661,634.45131298938,288.407400889707,-26.9225992168425,1113.01773222536
-1024.94864373538,-864.082521811625,-1317.96101666293,-453.878494851279,-1596.53773678265,544.775046366016,705.64116828976,251.762673438473,-26.8140466812467,1115.84519525012
-1022.34842197004,-908.330094903488,-1435.55171441048,-527.221619506976,-1671.10359821847,622.009025997006,736.027353063544,208.805733556566,-26.7461502514246,1117.13582846007
-1032.95651231476,-955.654627712243,-1570.85444036683,-615.199812654585,-1757.59026163179,697.938040722924,775.239925325428,160.040112670844,-26.6957085940984,1115.6947403831
-1057.0705491165,-1005.32632832942,-1705.52447344803,-700.19814511862,-1842.80955619135,759.11434778412,810.858568571201,110.660423452584,-26.624659290731,1115.98675178201
-1095.21442253813,-1058.6039436414,-1819.77087290053,-761.166929259129,-1906.43783861343,784.681277838717,821.291756735449,60.1248274763204,-26.5421382365687,1118.72877111773
-1142.19503104746,-1110.99925889217,-1920.13179619987,-809.132537307712,-1954.88835741358,786.24977655851,817.445548713801,8.31301140608937,-26.4435498076111,1119.31227029827
-1197.96773738626,-1161.70360974908,-2016.38166465168,-854.67805490261,-1999.30489645034,775.040215396171,811.304343033353,-43.3737118692576,-26.2969436679113,1118.32989787983
-1262.59105546016,-1209.43683797422,-2057.3656157968,-847.928777822578,-1989.81450699274,701.163848584066,754.318066070013,-93.6107117525642,-26.0596029485039,1115.82612622166
-1328.84891056471,-1250.57852031404,-2085.86289629541,-835.284375981347,-1978.29432267049,623.661708961568,701.93209921224,-133.352276769109,-25.7837031442062,1117.22624354494
-1387.14949693492,-1278.42175962392,-2102.99189358327,-824.570133959328,-1969.54810848752,556.986722784345,665.714460095329,-158.855673864,-25.4118887682815,1119.56608575993
-1440.98129615262,-1298.10725375373,-2067.28380502882,-769.176551275085,-1918.00729773381,452.005024986789,594.879067385683,-174.2974838894,-25.0209765943748,1123.80976986433
-1483.92561447894,-1306.69167456079,-2002.21162477562,-695.519950214826,-1851.20689330819,342.640424968054,519.874364886195,-175.645585328634,-24.6408538612054,1131.04608923217
-1514.19615508329,-1304.83870176687,-1945.44780864927,-640.609106882393,-1806.26601666258,267.834793101116,477.192246417546,-163.416860464852,-24.2350684781645,1141.42184130203
-1531.58949425215,-1293.42604097818,-1833.97018983162,-540.544148853444,-1715.12651399956,159.714041584905,397.877494858878,-142.666653994571,-23.822978162497,1150.75938698361
-1538.28395206504,-1277.02358798227,-1684.08769359193,-407.064105609664,-1589.43260028086,27.7474646936985,289.007828776478,-118.05627683319,-23.401183522124,1158.96731114908
-1532.7593179915,-1256.01723851741,-1535.51492245825,-279.497683940835,-1470.06297212507,-85.591960222319,191.150119251767,-88.347564689069,-22.8956143558906,1167.66967382835
-1517.71031392502,-1232.96563650001,-1413.58046687031,-180.614830370288,-1376.66595345777,-163.45164819669,121.293029228313,-59.3218011419738,-22.4072877294506,1173.64383535804
-1496.52665847137,-1209.58436810949,-1337.31694709877,-127.732578989263,-1321.73986883906,-196.708305571001,90.2339847908719,-37.4985941983927,-21.9215159386906,1172.08577391111
-1472.01599867872,-1184.8513142519,-1262.34638168711,-77.4950674352056,-1260.55752133259,-232.911305696452,54.2533787303581,-23.2416887048449,-21.4528283503208,1161.60962554707
-1444.75782339088,-1158.76571748613,-1192.1692221063,-33.4035046201806,-1200.83610585546,-264.950124003677,21.0419819010541,-12.3615227191231,-21.0284064682848,1146.404194767
-1415.0182242226,-1130.02105412942,-1171.89428808992,-41.8732339604841,-1182.57424027973,-253.074466196766,31.9227038964094,-9.9505300640817,-20.6304822538833,1120.07052406535
-1390.48320997588,-1101.72283443753,-1211.21407949144,-109.491245053906,-1208.81009279952,-201.900758608253,86.8596169300664,-22.631628123849,-20.2276414319189,1079.09120631371
-1369.51259349939,-1068.59753801973,-1232.72851488815,-164.130976868416,-1212.29593948954,-177.097426296436,123.817629183191,-40.3133476852213,-19.8807722866124,1028.28419033453
-1350.76240068411,-1031.86797691907,-1226.09652138996,-194.228544470888,-1183.14348123804,-187.167523517049,131.726900247987,-62.5016442229068,-19.5486040709833,969.366332696181
-1335.09384426062,-991.42402550774,-1234.55641633668,-243.132390828939,-1165.40147853971,-188.927677054637,154.742141698236,-88.3902491307075,-19.2353113337234,903.03377637705
-1321.89487061758,-944.951212265695,-1258.71500553648,-313.763793270774,-1164.54273628864,-176.300482026162,200.643176325698,-113.120616945077,-18.9483476972408,831.830595320645
-1306.4476220132,-892.190589752028,-1221.59619852275,-329.40560877072,-1104.36133418233,-220.791843839988,193.465188421157,-135.94042034957,-18.7055560091216,756.250169402483
-1288.73064099684,-833.941559833416,-1126.11240159935,-292.170841765942,-995.259234629136,-311.944698760317,142.8443824031,-149.32645936284,-18.4732923926233,684.615100470584
-1263.33686042605,-768.35044849674,-1013.6562940061,-245.305845509369,-887.752834654098,-393.863121036994,101.123290892307,-144.18255461706,-18.2790952650611,624.167893879679
-1229.68666856791,-697.153469240954,-917.088526283686,-219.935057042735,-810.798456050785,-437.048924320187,95.4842750067764,-124.450782035958,-18.1607118030548,572.702687204999
-1179.38938726397,-617.431388145738,-784.683447714278,-167.252059568543,-709.159399388393,-488.312711462923,73.6452876552757,-93.6067719132626,-18.0827235873665,523.824616232484
-1111.49190719961,-529.802834463386,-650.857726686934,-121.054892223548,-617.581233779388,-511.928385960969,69.7606867752408,-51.2942054483047,-18.0177125407572,478.508629015088
-1027.92604611144,-439.497633805708,-486.771108749847,-47.2734749441354,-510.477478664293,-535.377082067491,53.0513302382314,5.77785529409639,-17.9285146203491,445.275489099804
-927.720132165359,-350.081656264135,-361.121244330997,-11.0395880668671,-451.929942690996,-493.645326749628,83.9931491515773,72.9535610847068,-17.8551372752889,423.035217348832
-811.465478679877,-264.681118350545,-275.407543924232,-10.7264255736949,-433.311610813954,-395.914515744528,150.869844584791,140.143419011098,-17.7606478786217,404.824537361643
-690.634980870958,-193.285809391541,-221.033785849909,-27.747976458371,-439.35128639743,-268.930019096036,228.419152383364,200.671175924992,-17.6463246225318,393.956985316538
-565.703387456053,-136.327145338588,-148.458030248007,-12.130884909414,-420.184624515786,-163.084941266917,266.291300850544,254.160415941129,-17.5661783266465,390.487561279711
-446.219390327067,-101.449106049923,-100.297486940193,1.15161910973273,-410.976580852237,-52.8104706125856,291.959813664545,293.111432774279,-17.5676611377537,394.56053882422
-336.233888589378,-88.6242631937452,-86.8638803295047,1.76038286424269,-419.41614663568,65.5918563797037,313.201481775337,314.961864639581,-17.5904016665966,403.586127833323
-249.012225641425,-104.844896503266,-101.925096136578,2.91980036667002,-437.432373374902,170.720611079971,314.887940218149,317.807740584822,-17.6995366534962,422.652637088083
-186.333036775772,-147.164061908282,-115.307756822441,31.8563050858392,-433.763196146836,229.613914422559,268.782889290073,300.639194375908,-17.8162449484841,447.803256284177
-150.847685696666,-214.200251953338,-161.936703855916,52.2635480974221,-443.026173126907,274.209456290536,210.856890033876,263.120438131297,-17.9690311397089,477.320690084633
-141.423853778491,-299.290361951278,-223.389202122241,75.9011598290514,-450.240342684716,290.658857072207,132.792348899415,208.69350872846,-18.1576318340071,507.983870679753
-162.24264833061,-401.718698591052,-312.619668619602,89.0990299714457,-470.612499160791,290.021121339053,50.545071078614,139.644101050059,-18.3487294911236,541.36279964113
-215.028580864522,-518.632439806778,-381.341804015752,137.290635791032,-462.449762724195,228.853148531285,-74.7507104109711,62.5399253800637,-18.5680333283853,581.172365186855
-293.551514711832,-643.890573290366,-470.668156053104,173.222417237273,-473.662684361339,161.252817382792,-189.086241195724,-15.8638239584594,-18.8583522666998,628.026749331906
-395.305188815959,-773.354903421642,-622.743335554875,150.611567866782,-550.122120967548,135.632072580172,-242.417642025516,-91.8060741587455,-19.1848595714078,681.548829262907
-516.782496867158,-902.794649848662,-812.447509975396,90.3471398732622,-666.382270482889,130.062337580832,-255.949815400668,-165.602675527409,-19.5374360348895,737.191974321255
-651.556255762082,-1027.01268128112,-1029.83122432931,-2.81854304820014,-815.43319470041,143.973014402104,-231.483411116923,-234.301954165132,-19.9039245362084,792.710727115985
-789.9040167988,-1139.5883666968,-1255.93174109197,-116.343374395157,-978.171663673666,167.984212652284,-181.700137245746,-298.0435116409,-20.2834342225793,841.544855055926
-929.314474839017,-1238.69895216075,-1453.735273485,-215.036321324256,-1118.44376050939,168.468202469707,-140.916274852038,-355.9525961763,-20.661083200674,882.746355984449
-1064.87693220352,-1322.03028153712,-1636.16350157592,-314.133220038798,-1251.58350995836,165.703644660449,-91.4497046731624,-405.582924711966,-21.0029330944022,916.44735682516
-1194.16085902828,-1389.57032132475,-1781.88908618745,-392.318764862692,-1358.80863566595,143.328481774582,-52.0809805218909,-444.399745384583,-21.319294863066,945.170575940178
-1315.02037578863,-1438.92006846602,-1903.9046844769,-464.984616010869,-1453.5045349331,116.838525546954,-7.06116713043173,-472.045783141303,-21.6456335974906,966.874285324732
-1428.55558070152,-1472.53020910677,-1998.74383293203,-526.213623825266,-1529.14895215743,78.6857952161978,34.711166810929,-491.502457014338,-21.9075762397181,981.027752092436
-1533.41429013146,-1489.71542786524,-2086.38429088674,-596.668863021494,-1609.58126312237,54.0204177444353,97.719280010663,-498.949583010833,-22.1465552464572,990.765844854403
-1625.85049651495,-1490.62085339749,-2125.58628080387,-634.965427406364,-1653.0775652607,4.90230047973113,140.131943597191,-494.833483809177,-22.3247682660152,995.787369588323
-1704.03278547957,-1476.06564043123,-2180.85216619568,-704.786525764444,-1720.62674580184,-5.83801919501863,222.129125853324,-482.657399911124,-22.4319795172737,993.408240520108
-1770.05507216839,-1449.92003660238,-2212.08823435942,-762.168197757026,-1765.06677806446,-27.4917133328165,292.643322233184,-469.524875523847,-22.503419228867,980.395161078545
-1821.33819108671,-1408.61576451909,-2147.56034793028,-738.94458341118,-1722.43745361987,-121.443431244488,291.278995323127,-447.66558808805,-22.5426937776319,960.95017643106
-1854.83574024128,-1352.40728543377,-2015.34954635111,-662.942260917338,-1627.58702577013,-249.794316647733,252.634138159789,-410.308122757552,-22.5456021765681,942.099162676227
-1865.54312361774,-1281.6017207872,-1857.27840340223,-575.67668261503,-1517.6404920852,-370.440981601611,213.500421228941,-362.17626138609,-22.5383500690519,919.425459401104
-1863.2077731785,-1206.44687155103,-1684.63261647674,-478.185744925698,-1398.10126183173,-487.629147807894,169.131753819575,-309.053991106124,-22.5226364611149,897.392880444915
-1845.91506864739,-1125.83706398083,-1491.99905694819,-366.161992967357,-1263.91067854033,-604.492421857292,115.5855828093,-250.576410158062,-22.4880317502071,875.260653822765
-1814.94076683733,-1041.16271747283,-1292.98331920933,-251.820601736487,-1128.74794447764,-708.612768790284,65.1652805742123,-186.655321162274,-22.4199464305884,854.507396310568
-1772.27252802544,-953.871477028177,-1046.73963021822,-92.868153190025,-952.111045149191,-842.517417585541,-24.1163665882979,-116.984519778324,-22.3559347092992,836.886957249877
-1718.45195016579,-865.879341306302,-824.358730759724,41.5206105465799,-804.136511645466,-936.610540329776,-84.0379314702924,-42.5173209237111,-22.2951018094536,823.362020382598
-1648.74791234949,-775.260729382939,-645.690697286876,129.570032096057,-702.091870703878,-968.891027583647,-95.4038446170945,34.1661874789683,-22.2349859380498,809.426916861908
-1564.51987281128,-685.081190746418,-451.2191993133,233.861991433124,-585.990221534115,-1000.71954265613,-121.280860591275,112.581130841851,-22.1898913789627,797.662321588274
-1469.78722240163,-600.439013393844,-328.044698347735,272.394315046117,-535.374624150892,-956.550956202951,-87.2027471951771,185.191567850946,-22.138357952226,785.630581244803
-1363.32675545746,-519.363379011114,-230.920586486509,288.442792524608,-504.77478031704,-880.62992336758,-36.6665469212377,251.776245603369,-22.0779482271627,771.139624614495
-1253.24667563694,-448.340976910772,-146.401101487143,301.939875423634,-476.217651658764,-799.083443432982,5.82225529317583,307.762130716812,-22.0544194548234,756.1031076276
-1135.25274944174,-381.044539363208,-100.194818562533,280.849720800684,-475.828876414939,-681.442091648011,72.7661184305193,353.615839231202,-22.0182186212149,734.660378594419
-1015.56104996014,-322.240145994416,-62.9942160549178,259.245929939521,-470.15700757998,-567.356171946114,125.964732019585,385.210661959103,-21.9521295659736,707.450807953547
-895.837917136554,-269.575959450137,-59.8629696077633,209.712989842381,-484.842020467052,-432.85496286699,193.406994819414,403.1199846618,-21.859066197486,672.695944111951
-784.742529106347,-229.951883813776,-102.045953280503,127.905930533259,-529.779930955674,-276.726502231864,278.064143060708,405.970073593968,-21.763904081188,635.921957407755
-682.075243748638,-199.94561864842,-139.47701546051,60.4686031879092,-558.535769518949,-145.183372944786,336.94625215543,397.414855343341,-21.6438987151092,597.360473991779
-593.093421736936,-183.174453729326,-195.193188543488,-12.0187348141668,-591.611236160696,-22.9846240921232,386.934343915486,374.915609101319,-21.5024385158854,558.090062830663
-517.678972654606,-179.012572923639,-260.318439665197,-81.3058667415331,-623.937775390687,84.9219086439734,423.588308374914,342.282441633379,-21.3368940921175,521.295014557048
-459.49832286977,-187.902459084631,-332.884657820923,-144.982198736284,-658.086685163478,177.405396591938,449.001260377066,304.019061640785,-21.1829657017528,491.921520725436
-408.65400508626,-200.75043264456,-399.399674165821,-198.649241521244,-680.935246196547,251.237024561453,459.140597003133,260.491355481891,-21.0442165488518,461.241788126467
-366.028051247048,-215.548050606063,-416.725260005723,-201.177209399659,-657.696340874777,270.731510397349,421.21151103832,220.034301638658,-20.9367792303878,435.582352244739
-333.452597830313,-236.48683153373,-412.025092498608,-175.538260964866,-620.063130054449,265.753260588871,362.719026885423,187.180765920559,-20.8572716352677,423.667597454317
-309.100524897288,-261.899733382966,-442.216803645724,-180.317070262762,-624.210272271477,294.302356721463,341.503148235778,161.186077973014,-20.80739065273,423.085811356009
-291.42642268466,-292.852573287192,-504.285306137344,-211.432732850157,-659.530518314302,347.332331764356,345.906181161835,134.473448311678,-20.7717638652626,427.32602159887
-285.159510426378,-331.671797323291,-570.544565414146,-238.872768090868,-700.151557668843,394.259131925836,347.746845028925,108.87407693806,-20.7329153166247,440.545874261369
-292.682891650964,-382.126131769579,-614.850409375649,-232.724277606075,-718.60371628822,405.15718240051,315.71394228189,82.9896646758121,-20.7636422367492,465.115796445391
-307.697132484047,-439.040332212944,-673.416447818664,-234.37611560573,-747.032656953107,418.503812891697,287.160613162807,52.7844975570796,-20.8317115773559,491.824829770025
-333.560118949692,-503.620622534859,-745.722618772942,-242.101996238087,-783.910398620283,429.434826640413,259.37432305525,17.2723268171623,-20.9154530301696,520.89294935203
-373.809943464303,-576.499996287035,-806.226125972371,-229.72612968534,-805.582489201966,410.770211285538,208.080158462798,-21.6459712225439,-21.0023344521331,554.854025064506
-431.338776598645,-657.892724592698,-899.540670490248,-241.647945897526,-859.90387942211,407.443460897575,180.889512903504,-60.758432994027,-21.1216419258746,597.134291598689
-498.604174096039,-742.376272327092,-978.907235885977,-236.530963558877,-894.898177763371,375.010796456806,131.238698225753,-105.292265333124,-21.2832072105277,637.084006993988
-577.739163929586,-828.096748365459,-1046.55149316683,-218.454744801381,-913.597825696096,314.377873243372,64.0202888075178,-154.434455993868,-21.4807885231276,673.6622923716
-670.437881268571,-915.677756545472,-1108.48032238796,-192.802565842479,-927.343691050683,235.240370046381,-9.99950523050733,-202.802071072988,-21.6654397357245,712.875685472488
-765.45283620058,-995.737571487434,-1122.96190749988,-127.224336012449,-902.926907923547,115.603746954551,-114.680988332299,-241.905324344751,-21.8703247684177,753.832247142693
-859.094401130296,-1065.51800622171,-1133.97453522157,-68.4565289998591,-882.878382635497,1.73823287550468,-204.685372215906,-273.141901215768,-22.0457486296955,792.376105005958
-958.385574021129,-1131.04854065891,-1136.4783118813,-5.42977122238347,-861.931352405935,-118.687766188699,-291.350732826481,-296.780504048867,-22.2335445735014,834.268036610051
-1057.08399028744,-1189.44339046377,-1172.09865147953,17.3447389842576,-880.398066275043,-199.08396195216,-331.443362128505,-314.098623144251,-22.3980379397621,875.344767319544
-1151.95287454572,-1237.14672030956,-1280.34175558256,-43.1950352730149,-973.563644773435,-200.969430196232,-286.163275960075,-329.358311233095,-22.5802004239454,907.78840907648
-1241.42175748571,-1274.25402131723,-1384.20011382314,-109.94609250592,-1064.73305783936,-199.444645928684,-232.276909760201,-342.223002266124,-22.7559462823447,932.031019051118
-1329.80312406073,-1303.48249461765,-1471.91152547288,-168.429030855218,-1145.08600568287,-207.621901960605,-181.301272517522,-349.730303372746,-22.9047835827314,953.752191244909
-1405.95404035454,-1319.29831327482,-1564.37073784724,-245.072424572427,-1233.48963349044,-195.519349304185,-108.86362222447,-353.936046796899,-23.0549424400791,965.362266477936
-1474.73439261466,-1323.94621078662,-1627.77140955131,-303.825198764685,-1298.23333146751,-199.651884879469,-48.86370305142,-352.688901816111,-23.150823732312,971.257308970527
-1530.64458807163,-1315.34668394746,-1635.29836210151,-319.951678154063,-1312.38626680519,-241.505969394584,-26.2080652704028,-346.159743424467,-23.2476481281439,969.186940523002
-1571.88189988347,-1294.34879694686,-1643.13509419987,-348.786297253014,-1327.38462090296,-267.820741449469,9.71236148714477,-339.07393576587,-23.323462468958,955.274861181001
-1603.66391932361,-1263.00493325415,-1628.32263629166,-365.317703037501,-1322.13083080961,-304.909306809672,35.7496792597742,-329.56802377772,-23.3762182956923,933.436909476452
-1630.13940505307,-1225.01509299273,-1596.91296708011,-371.897874087362,-1299.89650435997,-353.655592752175,51.4687193081467,-320.429154779217,-23.4126920590602,904.585938213542
-1656.87972763212,-1184.11473368501,-1524.1389616828,-340.024227997784,-1238.94717173895,-441.39176649535,31.3732274517542,-308.651000546029,-23.459210602172,875.463733139008
-1677.41321687373,-1136.36749239687,-1396.01773952358,-259.65024712671,-1132.10435099481,-568.806266553532,-27.7605420766791,-287.41078920339,-23.4974006746169,848.956703193491
-1688.07252417491,-1080.86467311941,-1248.1784801612,-167.313807041793,-1017.56306993469,-694.063343649944,-86.8554925944618,-254.169299636253,-23.5538894097299,826.695373483171
-1691.00078105963,-1020.48714078392,-1114.00851409097,-93.5213733070347,-921.771470355565,-792.82195868358,-122.308318407885,-215.82969171492,-23.5926479795192,804.657449069025
-1683.49992072732,-952.869047659693,-970.965732585548,-18.096684925865,-824.235670713401,-882.920667460858,-152.289794393231,-170.3864793191,-23.6564174469547,782.482568340596
-1662.11253602989,-876.872173262199,-845.513650220436,31.3585230417681,-756.612113502644,-929.224748843699,-143.984386076018,-112.625863034251,-23.7243263164622,764.246310227951
-1623.45267014102,-792.488725317274,-757.373985906236,35.1147394110485,-729.327925566126,-917.913266066738,-86.9493212430033,-51.8345818319608,-23.7885214918435,740.654143485327
-1575.02093253095,-704.077988155649,-647.754670979106,56.323317176537,-683.044348750889,-915.828792922738,-44.8858485474433,11.4374686290967,-23.8522091426636,715.515456784749
-1511.34677699243,-608.594516302701,-533.248755145097,75.3457611575908,-637.709459692514,-897.581798704145,5.17046198557833,80.5162231431735,-23.944481404236,689.110739445875
-1430.63405957801,-507.053659874608,-441.276575715925,65.7770841586914,-621.497478733364,-833.17967601811,90.4007236852862,156.177807843975,-24.0430951734566,663.231467718581
-1336.91887752839,-405.575582811707,-384.232348438571,21.3432343731463,-641.242865137742,-719.810884400613,211.532410316056,232.875644689199,-24.1348720099717,638.451227500913
-1229.5370751949,-306.679704136124,-323.23273978442,-16.5530356482978,-652.715864741098,-601.046207358792,321.811163699977,305.258128051675,-24.2249969049974,611.937832187799
-1106.55191785396,-210.493636848715,-302.801749973171,-92.3081131244622,-696.905150967934,-433.93251802368,462.125762981565,369.8176498571,-24.2857511376475,580.311286705818
-976.600104455719,-124.479563311191,-291.796573883624,-167.317010572426,-733.120334379011,-267.865839284827,584.254701859703,416.937691287271,-24.3860692081171,541.417254598464
-849.850399527127,-53.9670070473506,-301.007300811169,-247.040293763818,-772.014294223658,-102.32200527212,693.561387207659,446.521093443835,-24.4858999686553,500.488100491193
-725.827665582997,3.17363101791408,-316.861515665359,-320.035146683258,-800.645504171541,50.2684494524962,779.269746053403,459.234599370143,-24.5493891360266,456.060968352252
-609.381735041992,46.2382393907366,-304.495281502602,-350.733520893351,-783.576792295941,149.588618948911,805.208593381649,454.475072488291,-24.6064383050365,408.236833097566
-507.239292342063,73.0138899744724,-334.540886551186,-407.554776525661,-790.342407092908,258.498237539214,838.751419855745,431.196643330083,-24.604877211634,358.182753355613
-423.544478208328,83.67758432,-357.245406311872,-440.922990631866,-773.988345061865,325.878165754895,833.100228283221,392.177237651357,-24.5657010986418,308.499653331371
-357.848559787024,80.7357794491912,-355.700616958058,-436.436396407232,-721.69777091424,339.333168663457,777.917507899659,341.481111492425,-24.5160424637457,260.745332043273
-313.40432843851,64.4501007280717,-332.416129540373,-396.866230268444,-643.041198330366,305.174580375931,683.029009542498,286.162779274054,-24.4622895159321,221.712678545981
-291.840297578193,35.8995201140986,-303.898150724766,-339.79767083886,-557.363470151521,241.12784263012,568.867660322401,229.069989483542,-24.395329943213,193.170469369446
-285.459152958744,1.1755331772795,-268.761202494019,-269.936735671288,-467.758292515151,157.991197744282,444.625883880293,174.689148209003,-24.3079418121227,173.513615031729
-296.333368896602,-40.4435324730303,-247.35453017812,-206.910997705085,-394.062985000144,73.5652705926796,329.455107016227,122.544109311144,-24.1643455108704,162.98764178419
-322.507109557857,-85.3865416771927,-235.130715006279,-149.744173329083,-335.313900425224,-11.19792287543,225.922645005217,76.1784716761345,-24.0047137428139,161.565013353337
-356.833252341068,-129.576097262974,-252.863013211737,-123.286915948768,-315.490427063361,-65.1619623711989,162.095192706906,38.8082767581347,-23.8191370934849,168.384374021093
-394.470734372349,-170.089124711367,-293.499526750622,-123.410402039257,-325.54500432282,-92.5074354283786,131.874174232606,8.4637721933434,-23.5817053788586,178.55289690472
-432.511766624859,-205.850110737324,-320.648955417338,-114.798844680011,-329.662198331579,-126.176361189711,100.485294697815,-14.3135499821972,-23.3267928964474,191.536560755129
-470.663553221765,-237.180181218054,-334.534871454792,-97.3546902367325,-330.846273234216,-162.874723524137,70.6086484795652,-26.746041757163,-23.0574435366083,210.434139460889
-505.738663229149,-263.758928254061,-358.529511472809,-94.7705832187517,-352.662268089904,-175.883818526463,66.0959164486289,-28.6746667701279,-22.8074233872304,235.084261483927
-530.631035940159,-280.414453764216,-402.853414665599,-122.438960901381,-404.81311980771,-148.400533237043,101.816048938903,-20.6229119624789,-22.5826171045878,259.791541801743
-544.754517307145,-288.90047872505,-444.197969988867,-155.297491263815,-462.927905908703,-104.189602313017,151.664436269071,-3.63305499474179,-22.3629909145649,285.267423730319
-547.365281904425,-291.44712999653,-499.684934045112,-208.237804048584,-542.840142493665,-26.688925563742,229.229226344154,20.9914222955686,-22.163786152979,312.438552292106
-536.166744422112,-287.584937843011,-562.023590745536,-274.438652902539,-634.313323456791,76.1531774966841,324.734984075804,50.2963311732602,-21.9934015379915,337.881269016268
-507.088623375128,-276.058319818142,-587.942707404368,-311.884387586235,-688.527894585973,159.63022769146,390.660531248451,78.7761436622161,-21.8090435193786,354.834463480359
-469.815775114931,-263.632739029909,-582.919270354412,-319.286531324506,-711.197232982191,219.741544383837,425.924580468858,106.638049144349,-21.6399134834251,370.270788174261
-427.109309453033,-253.518483376098,-541.93196621956,-288.413482843469,-695.353597266605,246.742893458952,420.333719535884,131.920236692413,-21.5013943546283,385.438720068518
-379.083153915717,-246.311812360537,-435.496419412973,-189.184607052434,-616.440163219014,215.985289448874,348.756631004054,159.572023951625,-21.3717198544264,405.883836312156
-328.989918658574,-243.902571079429,-344.390310673677,-100.487739594238,-554.529040958848,204.303075288558,289.390422867691,188.902683273448,-21.2360470117265,432.805254352885
-276.59301668763,-244.65630992226,-282.526437165488,-37.8701272432383,-519.227938433118,221.552445901287,253.489152666655,215.619025423407,-21.0824758442059,460.275335345672
-226.641659181042,-251.998582097469,-221.562805271894,30.435776825581,-478.075507964645,230.507683715958,205.150760799518,235.586537625103,-20.9261650676531,487.58511972258
-183.20581650559,-267.225815337386,-175.492907639798,91.7329076975873,-444.365186888707,240.361826552003,156.341827720223,248.074735417809,-20.797543831101,515.300550755206
-147.804279863281,-289.301821268673,-164.558996883009,124.74282438566,-436.753206255863,268.25212692655,126.754585521156,251.497409906817,-20.6967994660285,540.7992311755
-122.789168816356,-317.447883891164,-139.380571673429,178.067312217739,-403.627620112753,260.21411185244,65.5553967776319,243.622708995372,-20.6243394439525,561.07059288654
-109.941733519953,-352.954373602883,-110.906796629385,242.047576973503,-361.252286413017,230.724292939607,-12.2883471433165,229.759229830188,-20.5862599534581,582.713603433075
-106.673782222403,-393.271262568697,-119.846697180253,273.424565388445,-346.911948529452,219.627623624807,-66.9698567214808,206.454708666962,-20.6105426822427,599.725971235664
-114.867828296207,-437.669424327441,-198.606422041786,239.063002285667,-391.081524022483,255.552882452872,-67.2487135783747,171.814288707295,-20.6608132734182,609.483713034739
-139.903396184808,-487.496606674249,-302.569392118526,184.927214555731,-444.94176031123,284.312730122073,-63.2804803673702,121.646734188358,-20.7256340043339,609.14334086262
-180.223927252743,-540.630314444303,-409.876522399271,130.753792045031,-491.349744939478,290.2808682038,-70.1255189877735,60.6282730572571,-20.8449494829403,601.258587501582
-234.668142948484,-596.206440577813,-476.396464549489,119.809976028323,-494.247882632217,238.586128028882,-122.952169600428,-3.14219357210799,-20.9936116548373,593.06424700571
-309.001084733944,-655.675625322014,-574.704520540301,80.9711047817075,-523.500217518452,193.335387715875,-153.339152872197,-72.3680480904879,-21.1637450686172,583.307577231521
-397.672161555874,-713.190697690746,-681.410475057726,31.7802226330315,-559.149319479391,140.116963794273,-175.401572340594,-143.621349707563,-21.3601941292366,569.569347983187
-494.270733556778,-762.729425200523,-773.054420292769,-10.3249950922645,-584.113107037488,68.2249971323524,-200.233694511384,-210.558689603648,-21.6173763483441,552.17073559687
-596.435851900546,-803.501292604563,-831.500601961325,-27.9993093567475,-583.277189185957,-35.0699827548184,-242.135423458845,-270.134732815593,-21.9113200402128,533.366559788981
-699.588697218383,-833.435864029906,-883.259648541647,-49.8237845117389,-586.780080453165,-135.022012692031,-268.869179503554,-318.692964015295,-22.2133959268115,514.742900014607
-799.970338933475,-851.245913103924,-907.62743715815,-56.3815240542342,-577.069550029512,-245.43458957324,-296.710163743693,-353.091687797933,-22.5338006692783,498.154225305984
-892.254376280231,-854.028473495873,-919.952596888362,-65.9241233924951,-569.427681609318,-345.683841203681,-307.457938419343,-373.382061811836,-22.8571465327753,480.646411684049
-974.4217741107,-843.827349578669,-936.57258103917,-92.7452314604889,-579.757741142053,-417.812610765619,-287.218186233595,-379.963417694089,-23.1485777969571,463.863931884567
-1045.1842339314,-821.305773180136,-937.663430054606,-116.357656874454,-589.368172278243,-479.223962118065,-255.345501366827,-371.703158241279,-23.4079004649154,449.602614938861
-1101.87856612171,-787.699896046838,-911.577953327172,-123.878057280327,-588.550138445086,-537.010605970025,-222.831935895173,-346.709993175502,-23.682178293402,440.989902871346
-1138.10782320165,-741.291631912356,-868.558511496114,-127.266879583754,-585.212219284332,-576.841701219691,-180.025509930407,-307.29238951417,-23.946097302379,433.999242398186
-1155.68627192862,-686.609479798897,-819.345880887115,-132.736401088202,-583.941389855239,-595.925918418466,-126.849126288754,-259.585527376956,-24.1810363450694,427.023952421938
-1155.16118442159,-626.377021889344,-739.293269480686,-112.916247591345,-558.379492330992,-621.131676652767,-92.3475141205336,-205.263761711878,-24.3499845621865,421.113260177459
-1133.98627204201,-561.92032483683,-658.917644365459,-96.9973195286107,-536.135044016978,-622.324326219907,-50.2583790147486,-147.25569854336,-24.4730981948678,414.664626293491
-1098.67058427598,-498.072947064721,-560.798351857257,-62.7254047925436,-494.960194243916,-628.273939072957,-27.6763018617109,-90.4017066542532,-24.5635490409001,407.671240410454
-1053.35184770034,-438.468300288959,-440.046001020262,-1.57770073129033,-429.072558198443,-648.893863682456,-34.010316271083,-35.5880170023689,-24.6145741805548,402.880283286587
-999.445214264698,-385.720814803074,-357.345691008051,28.3751237950257,-396.08782901761,-627.9509432637,-14.2265438020869,14.1485799929402,-24.5935580166102,399.869394796008
-943.465662410081,-343.845024171079,-305.353933444286,38.4910907268012,-381.662561405583,-586.3602913498,13.2603468891972,51.7514376160003,-24.5571903453049,395.59646178708
-890.503368502973,-313.803057480063,-262.398458501098,51.4045989789722,-362.12834601625,-552.889007250378,23.8113037725219,75.2159027514967,-24.5139847636536,389.018960231565
-842.18761591765,-294.143800188887,-230.824332899746,63.3194672891455,-343.233656061107,-523.417675888161,24.6261398405965,87.9456071297415,-24.4637160316192,382.089407318636
-807.107233224791,-289.825412022482,-207.842206312542,81.9832057099566,-321.167534020588,-510.35621284971,6.92560835257245,88.9088140625286,-24.4165136455213,378.734226085028
-784.642465559266,-297.451916135901,-187.76800432088,109.683911815033,-293.737482108036,-515.256242878339,-28.0656934549914,81.6182183600443,-24.3512594271175,379.070134495964
-772.567308322763,-312.46589026292,-220.233118142877,92.2327721200418,-311.076873299166,-485.7442564482,-25.6428383883698,66.5899337316723,-24.2538214246167,379.0558239946
-769.08897987299,-330.430665995067,-232.670391993539,97.7602740015348,-301.977087530857,-491.234157583377,-52.5758437054321,45.1844302961039,-24.1222652412076,375.615096291161
-777.854196586044,-351.92208395537,-274.743387946352,77.1786960090185,-317.053347899391,-484.760247234777,-58.8281346041061,18.3505614049082,-23.9593985481313,370.272645360294
-792.598318581962,-371.958101344752,-296.839561498599,75.1185398461435,-310.213488871063,-506.187738999233,-85.5475217620296,-10.4289819158864,-23.8029092883491,361.52911942887
-811.649926177324,-386.092331968595,-299.641460638204,86.4508713303867,-288.400397332504,-546.926147248001,-121.368553039266,-34.917681708879,-23.6766184031793,351.174650259722
-833.008573125686,-393.553302452133,-278.784931640661,114.768370811478,-253.269504670166,-603.296950864058,-163.841680190498,-49.0733093790247,-23.5578824085375,344.479993073119
-853.565227122533,-393.339498949142,-229.067990344442,164.271508604695,-201.547560732422,-675.461863159663,-215.236134986286,-50.9646263815895,-23.4441967695619,342.374872567564
-864.011970005795,-381.151494844197,-178.405922896269,202.745571947938,-162.019165545566,-725.321134490175,-242.460659328585,-39.7150873806494,-23.3283300299432,341.43640746356
-863.520115461167,-356.790532817718,-142.939524180691,213.851008637029,-146.765019918863,-739.944483386797,-233.214900743357,-19.3638921063254,-23.189387844483,337.426640711415
-852.875575905076,-323.160119940472,-118.678788553119,204.481331387349,-147.316874145212,-728.606011626024,-198.890555661422,5.59077572592863,-23.0473098661686,328.750895666422
-829.656822255141,-279.627123800959,-104.044296579612,175.582827221339,-161.742820348676,-690.807026297913,-140.777327843722,34.8054993776164,-22.8930243914451,314.432623178572
-795.73641584304,-231.125955884803,-117.142980501075,113.982975383731,-200.205565922628,-618.268541317932,-53.6580813597175,60.324894024018,-22.7376913975356,291.450849908835
-754.031982677097,-179.505027814662,-136.613849998421,42.8911778162246,-239.886457505785,-536.743629313013,37.7833255494357,80.674503365663,-22.5981041416898,260.179531180326
-706.027876309442,-124.586411911862,-126.061956566376,-1.47554465451562,-251.902248721943,-476.593882164034,104.84758223354,103.372037579025,-22.4682545765342,227.958449490885
-649.386969699821,-64.3177206032213,-111.617481909641,-47.2997613064075,-261.562535281566,-410.202145209976,174.8671038866,127.567342580197,-22.3777107917321,191.88506318343
-585.328501807033,0.0267695019970149,-107.907743704436,-107.934513206449,-279.65321527228,-328.004614698071,257.35065661095,149.416143404507,-22.3293281633345,149.389373902518
-520.130188726277,64.1532865677326,-110.487719780763,-174.641006348476,-299.42078372729,-243.02126690883,341.262208385179,166.621202036705,-22.3118619098402,102.467915468989
-459.222071201309,124.502122600398,-111.806082189688,-236.308204790094,-313.762255206615,-167.770227186475,415.953966615253,179.645761825156,-22.3104111917706,55.1436392247452
-397.599534058761,185.190363832385,-109.313306049149,-294.50366988154,-320.869373167011,-99.0343571315713,483.755540759566,189.251870878031,-22.3041962398181,4.06150704564977
-338.10976957154,243.79848704244,-110.056936449474,-353.855423491917,-326.312546755291,-34.1156682084171,547.792588405566,193.937164913648,-22.3184453921651,-49.8613221287823
-285.242256926612,297.228567484341,-101.542655906083,-398.771223390417,-320.576805811976,12.9921974784838,595.463021889421,196.691798499008,-22.3423514068907,-100.536768985319
-237.857211525403,348.043748859654,-80.3324120593573,-428.376160919012,-304.020201189089,43.786326415168,629.687286800225,201.311125881214,-22.3766632485237,-146.732622978434
-193.644216044588,397.248800608035,-66.6076462081216,-463.856446816144,-296.893375295863,80.8197217878822,671.712738440498,207.856291624354,-22.4294374634063,-189.392508983666
-150.043225631323,446.462801717828,-57.4722226020157,-503.935024319838,-297.328697025678,124.812304024182,721.318331373322,217.38330705348,-22.4731673701654,-229.079494664331
-112.834823304002,490.627020386693,-62.12057764117,-552.747598027866,-309.731546712178,174.36153682194,777.823380512626,225.075782484763,-22.5351865862362,-265.551237901915
-79.3740021610529,531.025797750509,-59.4111038532445,-590.436901603763,-310.531195108141,208.570559342969,818.970359254545,228.533457650776,-22.5866336041156,-302.492340099724
-50.1681756915532,567.903974447034,-53.2456500437065,-621.149624490742,-303.964202303005,231.202438427163,849.274588565744,228.124964075005,-22.5935881842809,-339.77901037202
-25.122359007349,602.586898557038,-41.8210396998715,-644.407938256895,-294.134470519066,246.449592562701,874.15885012709,229.750911870193,-22.5625189490198,-372.835986686825
-2.90743812125364,633.727422869173,-10.7451962690775,-644.472619138259,-265.399265087478,239.969287549536,876.604148539961,232.131529401705,-22.5225394166812,-401.595893467463
20.6076683344173,665.157196360533,-11.8825431958817,-677.039739556409,-263.169068381523,261.329234413903,905.878762440006,228.839022883599,-22.4475023020387,-436.318173476922
39.8927717359666,693.199348144741,19.2392536344666,-673.960094510264,-222.245513320963,239.777676422696,893.084252831461,219.124158321202,-22.3606086342262,-474.075189823538
59.5203611632109,722.900236214288,80.0298753728795,-642.87036084141,-152.449897129005,189.710023333896,853.08989838496,210.219537543555,-22.2602349583266,-512.680698670738
77.9216958131339,751.101577165036,149.958042193505,-601.143534971526,-76.0070667172998,131.79859731041,804.978478662313,203.834943690783,-22.1301652200246,-547.266633474242
96.8487791226538,778.382544829345,242.926100631003,-535.45644419834,17.373659983605,57.4859431658342,739.019708872522,203.563264674182,-21.9891759732072,-574.819280155152
117.462678360221,805.040689116922,310.624411592803,-494.416277524097,80.4096023373213,15.2210515220525,702.799062278717,208.382784754622,-21.8320245008577,-596.657904362276
141.457317330924,834.036503981596,350.898956171799,-483.137547809792,112.77323380741,6.99826799516667,699.577454645823,216.439906836037,-21.6858155283569,-617.596597145551
168.369015311353,863.527490486482,424.54733286972,-438.98015761676,177.378550956433,-30.5415675150424,664.616907660068,225.636750043313,-21.5320318699596,-637.890740443152
200.202183145394,894.276631234803,466.927222446054,-427.349408788735,211.419736315352,-32.5818071413181,661.492640948089,234.143232159349,-21.3642539713421,-660.133399075438
236.54789836719,926.646728385985,519.987838905043,-406.658889480945,254.527966897527,-39.1756662753964,650.923163743391,244.264274262448,-21.1955977450503,-682.382454123525
272.143290938257,957.380956522101,593.035242736984,-364.345713785107,317.539278928551,-66.4371699237961,618.800495660021,254.454781874919,-21.0411819334916,-702.926174647162
306.454574153614,986.722587708565,710.026632383182,-276.695955325387,420.564235796782,-134.955395719831,545.312617835099,268.616662509716,-20.8457340766647,-718.105925198833
344.067758027289,1016.40214625238,815.208427764512,-201.193718487868,510.20128583967,-186.73082389794,485.603564327148,284.409845839284,-20.5972960855527,-731.992300413075
388.541803707447,1050.4606604419,902.858792197634,-147.601868244267,581.724139899586,-213.527870654826,448.390986079615,300.789117835356,-20.3455344626785,-749.671542606535
434.797061689914,1084.55315978599,948.944626738436,-135.608533047547,614.176787060269,-199.462880453178,450.293217642893,314.684684595348,-20.0831550828149,-769.868475190633
484.145945109054,1120.52992247139,997.084998864719,-123.444923606664,650.700926363226,-186.377184451858,450.006792910461,326.561869303797,-19.8222031976869,-793.968053167585
536.219947767379,1156.33323559266,995.744368220284,-160.588867372377,643.431408746562,-126.767178039005,493.346109786266,332.75724241389,-19.555717059808,-823.575993178776
594.276190097499,1194.3358459324,1021.46024044153,-172.87560549086,670.078527166658,-95.0944618597952,504.965193975085,332.089588484226,-19.2921247906496,-862.246257448173
651.888210126727,1230.59755015067,1095.21083749878,-135.386712651892,749.834962881743,-116.980065814156,461.729274209778,326.342561557887,-19.0333130591429,-904.254988592771
709.501954079981,1266.47604542854,1170.44609853086,-96.0299468976691,825.360479472891,-134.626881930033,422.347209418512,326.317262520844,-18.768356537127,-940.158782907672
769.517307820379,1302.62412485439,1232.23808668826,-70.3860381661184,882.907162686302,-131.885733660968,401.221083373044,330.83504520693,-18.4958787950242,-971.789079647461
831.495144758433,1338.89434880334,1262.91955613161,-75.9747926717233,912.329745629705,-99.0536370129618,408.345567031939,332.370774360216,-18.2190361416922,-1006.52357444312
893.374461881417,1374.4983426836,1306.152241054,-68.346101629604,951.256495934043,-75.822494482748,405.301386319444,336.955284689838,-17.9404604301248,-1037.54305799377
959.702083468257,1411.6218575012,1370.7375928912,-40.8842646100115,1001.18354090165,-59.1909820037447,392.72879202921,351.844527419197,-17.7095245703475,-1059.77733008202
1030.76832553189,1447.98272588176,1393.32125267127,-54.6614732104931,1004.1698356053,9.06497619340089,426.279376543283,371.617903332793,-17.5335137331775,-1076.36482254897
1104.91485458032,1480.8661091389,1403.00264873097,-77.8634604079372,998.371210053157,89.1490811814216,465.10033574,387.236875332062,-17.3945633457416,-1093.62923380683
1179.73043058518,1508.75991878836,1432.48651855592,-76.2734002324346,1013.99921902838,148.4363133139,477.465801517075,401.192401284643,-17.2948982428927,-1107.56751750373
1252.85373349975,1529.22986619098,1483.729510052,-45.5003561389752,1046.00930004837,189.598929049224,465.97506174045,420.474705601477,-17.2455044021478,-1108.75516058949
1320.50457377086,1538.80817151925,1479.43929438173,-59.3688771375123,1022.11431645019,281.177530490131,499.481128238521,440.112251101012,-17.2127268305425,-1098.69592041823
1384.75949463133,1539.62947617207,1453.36787240465,-86.2616037674221,981.745444994395,385.845155875828,540.715137416576,454.453533649155,-17.1688937610994,-1085.17594252291
1441.15840704122,1529.05347069684,1442.32824616947,-86.7252245273439,963.749421197672,460.243617706507,548.138681362105,461.413456834765,-17.1653681370485,-1067.64001386205
1486.9803992984,1505.93050956018,1409.04168641851,-96.8888231416759,931.143609301782,538.669809992506,557.619920254305,460.73109711263,-17.1669800040939,-1045.19941244755
1520.54876395522,1471.44552340816,1346.54789774495,-124.897625663204,879.357787205879,623.980717263962,574.87747671691,449.979851053708,-17.2102594853615,-1021.46567235445
1540.78427644106,1427.25720012512,1250.25916195542,-176.998038169691,802.190361231173,721.31942213097,607.792345815011,430.794307645323,-17.2744930789327,-996.462892479792
1549.27530673152,1376.15814130599,1178.19357361251,-197.96456769348,756.999308477067,774.903119435291,601.785954009763,403.821386316284,-17.3728788191599,-972.336754989704
1545.52973047123,1319.45261545156,1097.1223788506,-222.330236600952,710.891574570812,817.158416131269,591.081301111599,368.751064510649,-17.4797397691496,-950.7015509409
1528.03531493,1257.92908004418,1021.98938972555,-235.939690318627,679.334438874133,831.045094671555,560.938859785739,324.999169467109,-17.6557813842971,-932.929910577072
1496.881337901,1192.62592997698,965.670992854253,-226.954937122719,670.878196199295,808.147458613393,503.89205068935,276.937113566629,-17.8556830883263,-915.688816410333
1454.90729232749,1126.2908152294,932.388919419994,-193.901895809401,685.409408799886,751.459377252913,422.842900154808,228.94100434541,-18.0385062746947,-897.349810883971
1401.81231209295,1058.23485702297,862.77327070972,-195.461586313239,656.964138194044,726.644420947001,383.066965877002,187.605379563762,-18.2037529519176,-870.629477459181
1344.94338354272,993.310807760151,780.501363486942,-212.8094442732,611.52693310881,715.051077162899,363.418501380306,150.60905710711,-18.3653732710259,-842.701750653027
1283.51525183682,930.487641417111,697.520140669339,-232.96750074776,563.643963851727,701.370980785153,348.343370365433,115.375869617672,-18.5003071999515,-815.111771799428
1221.78596467784,873.0735795441,597.433731610388,-275.639847933703,492.421013852222,710.737643629424,362.025258495671,86.3854105619705,-18.6273071961881,-786.688168982121
1160.44132765525,820.305129723245,515.91544237729,-304.389687345957,434.83385066965,706.868227141966,366.732029209958,62.3423418640022,-18.7392498436407,-757.962787859229
1101.95452424349,773.339258330262,428.371941836773,-344.967316493489,367.606497688214,715.514963492716,386.899697579474,41.9323810859803,-18.8330630625886,-731.406877244267
1046.17256057838,731.583477315598,354.771259688787,-376.812217626807,310.858654361286,716.378648104235,401.78956484145,24.9773472146424,-18.9352581128584,-706.606130100948
995.734558974924,697.009974282051,319.761014252193,-377.248960029837,288.359906848884,688.336540709625,389.611956016741,12.3629959869005,-19.0381114164163,-684.646978295123
950.517117023786,667.510445388199,295.617271562723,-371.893173825475,275.158915419709,656.246034799748,373.239363164144,1.3461893386679,-19.1121668043455,-666.16425604951
909.744708343966,642.915827039636,279.296932210447,-363.618894829177,268.366230180049,622.197298443648,355.368417139303,-8.25047768987922,-19.18117972027,-651.166304729507
873.118398749035,622.541725516883,319.377255430961,-303.164470085914,320.103716584234,533.779290074363,283.202616842199,-19.9618532437162,-19.2353920904446,-642.503578760583
839.485851302627,603.98895173006,376.021664831609,-227.967286898447,387.145141375848,433.07133972744,197.57444015487,-30.3928467435759,-19.2693701993271,-634.381798473629
807.201770981212,585.642293075357,405.172646503352,-180.469646571989,426.988649101035,360.9487333912,139.389255485336,-41.0803910866515,-19.2643884889854,-626.722684161983
776.498880702604,567.560985023007,438.01061350184,-129.550371521166,473.644993441568,283.675549339818,74.7376536602247,-54.8127178609463,-19.1783379212114,-622.373702883948
746.792027097996,550.714514385613,483.004576300187,-67.7099380854049,535.927955239145,191.805256471526,-4.27225624087867,-71.9821943262777,-19.0588153873392,-622.696708711877
715.411520847421,533.126805097761,525.120539235081,-8.00626586265821,596.43177973602,100.095445286112,-82.1892704635671,-90.1955363262185,-18.8842958252894,-623.322341423962
680.002785451692,514.073054429289,549.631646725146,35.5585922958701,639.860776644397,21.483639642658,-144.446091379746,-108.88749908387,-18.6583691646342,-622.960553513147
640.795960075846,494.084846310716,559.677894163177,65.5930478524733,671.940569289776,-49.5642875835865,-196.275401348726,-130.682353496247,-18.4196783696369,-624.767199806955
598.005614687716,474.707343609524,591.763619290415,117.056275680893,732.18653390406,-152.372822424545,-275.671093502731,-158.614817821839,-18.1919032081924,-633.322161431361
546.713155382813,453.261658238598,618.96346291597,165.701804677377,788.642584678263,-259.85450397706,-353.306001121285,-187.604196443907,-17.9250746816046,-640.865854682492
486.779617631965,430.352377377742,610.815150328497,180.462772950751,808.543314029694,-339.427260901535,-395.85450115576,-215.391728204997,-17.6635645038007,-645.744105582741
420.304211677817,407.365897659149,595.450875393031,188.08497773388,822.904662853986,-419.993104991053,-432.931419009712,-244.846441275829,-17.392653814881,-652.212338934982
347.658981211382,385.766154586804,624.86335434292,239.097199756125,880.855122893811,-550.305498976114,-512.198325600689,-273.101125844566,-17.1093572936857,-658.867280431366
274.154460375064,371.729454344959,643.785463241664,272.056008896721,923.639708885569,-666.274463284147,-568.699469314258,-296.643460417537,-16.7892147736403,-668.372914762497
204.308335620292,367.500613666811,673.735006005003,306.234392338198,966.331003892008,-778.509488527491,-615.317210480991,-309.082818142782,-16.4868202557866,-676.583431809592
138.145143128764,372.174236009688,699.693595643176,327.519359633498,994.904562663084,-872.958984668622,-638.929891787708,-311.410532154207,-16.1995651342953,-683.584768163893
75.9835653913047,383.848228065312,717.06090182841,333.212673763108,1003.99115767384,-943.972261149389,-636.107598475388,-302.894924712276,-15.9646688668441,-686.743152777584
25.7153753330379,407.879681119822,651.963169218716,244.083488098907,922.165259222962,-912.173092987056,-530.008787200302,-285.925299101397,-15.7232090971431,-693.80498022121
-11.8335951923748,443.46838357906,652.840867205575,209.372483626525,899.800838445976,-927.161490735749,-471.859511964327,-262.487028337799,-15.5270570974002,-705.955411916844
-36.612702035261,489.396958625232,646.376157878977,156.979199253741,860.086171849104,-912.065752359596,-386.056091699102,-229.076892445351,-15.3668784752069,-718.473851070602
-48.0251788426077,542.479951100786,640.679057429314,98.1991063285292,813.097212246487,-876.353999808825,-285.848869865443,-187.649763536908,-15.2316087197339,-730.129714637686
-44.0505093754983,603.257137737417,631.717127912021,28.4599901745942,758.143329723222,-817.323869846539,-170.01622273362,-141.556232559025,-15.1300307478197,-744.813370296452
-27.0736426112266,668.246874599742,636.162921998472,-32.0839526012623,712.339204779152,-754.402195525093,-59.0816783141223,-91.1656309153789,-14.9893481347072,-759.412505515127
4.60791777855689,736.770392616295,666.173936295355,-70.5964563209378,689.283678692433,-699.535784490666,32.6266903470762,-37.9697659738587,-14.8600235767827,-774.740158590159
48.5750928573126,805.586963364333,713.478199924316,-92.1087634400241,679.0972525499,-645.283704121001,111.728166386032,19.6194029460065,-14.7615444284002,-785.967560418322
102.376661679442,871.364418343719,742.266113159111,-129.098305184595,646.700857106263,-559.047392816179,209.940363848085,80.842058663495,-14.7231973893375,-790.52235968023
166.161363313804,934.912314437734,743.953444351445,-190.958870086283,588.625113829849,-437.178199317985,331.572751805938,140.613881719658,-14.7144488019228,-794.298432718071
238.808691268694,994.832733912158,771.498605975457,-223.334127936696,554.735501199815,-330.655658590974,425.368384052487,202.034256115789,-14.7288486598451,-792.798477796361
320.076355781498,1052.0201781617,807.960017225699,-244.060160935989,528.122189354268,-222.778652601545,509.165169778656,265.105008842672,-14.7328190287607,-786.915169319019
404.942496150785,1102.7254961593,838.69748090238,-264.028015256905,500.820332639957,-110.614583180129,587.168416828382,323.140401571478,-14.7367466909483,-779.585094587827
491.266794501486,1147.14026997179,852.191195656318,-294.949074315464,462.64487145003,13.8736335752773,669.747109045591,374.798034730123,-14.7482894761861,-772.342235241656
577.272231940187,1182.81047110385,868.258253268565,-314.552217835266,434.286029900796,128.22549339756,733.76373256121,419.211514725946,-14.7607086418288,-763.598956377896
662.43953873513,1210.54821917402,887.428221543381,-323.119997630635,415.51813971593,232.170097951557,780.278778390445,457.158780759815,-14.7513010676416,-753.389438414207
738.242180531069,1224.84587551371,907.538599586005,-317.307275927699,407.10582485692,316.407063056128,803.01075803875,485.70348211105,-14.7292926180238,-739.142393402648
806.323861404971,1227.99994842573,972.046200136217,-255.953748289519,455.370914527947,336.212872500199,757.888959520957,501.935211231436,-14.7400743768412,-726.064737194292
865.455910271226,1221.77446248832,999.207026049261,-222.567436439069,474.417413926814,376.259772429746,732.578324646839,510.010888207771,-14.7787239146584,-711.763574280559
914.33125554861,1206.01822953435,1019.86743201854,-186.150797515789,494.044006032981,405.46693116492,697.153905150636,511.003107634846,-14.8203183507284,-695.015121899483
954.275023781909,1184.0489222672,1040.73707179429,-143.311850472895,519.681320900002,419.703270868223,649.477169353494,506.165318880601,-14.8904320136844,-677.883603386582
983.666930630961,1156.11509681042,1054.18909672061,-101.926000089805,543.188349221606,425.509887862753,597.958054042209,496.032053952403,-14.9686935466063,-660.083042858015
1003.00277128408,1124.55073832574,1056.96690086972,-67.5838374559997,560.904231601798,427.096652190036,548.644619231696,481.060781775695,-15.0018874922386,-643.489956550035
1013.63591602416,1090.01582108233,1041.39497464054,-48.6208464417818,566.042872177609,432.621367175025,509.001272233196,460.380425791413,-14.9716766715331,-629.6353952909
1015.33214162514,1052.50485235698,1019.48493295342,-33.0199194035498,572.088988703345,428.332937558343,465.505648290158,432.485728886608,-14.9102153634604,-620.019123470351
1010.84828932177,1017.17504303749,1025.47480901562,8.29976597812385,611.707030353329,384.329116352738,390.655870068469,398.955636046584,-14.8121426157065,-618.219406990887
1002.33905887981,986.984729913065,1033.54707169253,46.5623417794572,655.16004209076,332.488823492708,317.134494525933,363.696836305387,-14.6901932963681,-623.287893607663
987.85187305376,959.364843372171,1049.54489679569,90.1800534235288,707.728245837976,265.541039671959,237.054009990365,327.234063413895,-14.5825875438241,-632.130779958269
966.805378681667,932.17888189694,1062.19584147022,130.016959573297,755.745138960072,196.56125280978,161.934756025035,291.951715598329,-14.4989869118174,-640.227166298592
949.342407765877,914.518379593852,1073.33724465709,158.818865063237,799.070229784596,135.851261411684,101.027233239652,259.846098302883,-14.4209165696078,-654.672281290963
933.727413113504,904.328576022429,1052.31705991214,147.988483889717,809.122932743409,110.271347424377,80.8725103332907,228.860994223006,-14.3331329457056,-675.4675817994
915.400171325809,899.044162521205,1035.27753533941,136.233372818208,822.459005729616,78.6891582870846,62.3331494824866,198.56652230068,-14.2520073091157,-700.477640220513
893.249104542015,896.085261386576,1031.69917837972,135.61391699314,847.257158004137,31.8123731130578,34.6485299575921,170.26244695074,-14.1795734248294,-725.822814435836
876.565168093003,900.43043948137,1012.00407031173,111.573630830365,849.376193957602,13.0756154040633,36.9408867924087,148.514517622774,-14.1133587313516,-751.915921858569
861.927216335617,909.235870593344,951.18381541586,41.9479448225282,811.640062393812,36.2365768049912,83.5452310627062,125.493175885232,-14.050577136805,-783.742694708105
844.903334560457,919.789555516924,894.37943205573,-25.4101234611773,777.588517396248,53.3513078711442,128.23752882759,102.827405366417,-13.9635092930756,-816.96215015049
828.056872765756,934.46625511673,877.857707258573,-56.6085478581461,779.51888169908,34.6707140434044,141.080096394356,84.4715485362154,-13.8672770232674,-849.994706580491
811.148493505974,951.987789584956,850.30971130797,-101.678078276985,765.357346830393,32.0072556108262,172.846551689804,71.1684734128249,-13.783891064749,-880.819316172124
798.046472329635,976.268589874682,816.614207696397,-159.65438217828,742.514488306792,41.8383397349049,220.060457279944,60.4060751016711,-13.6936442879269,-915.862514773002
791.821355204884,1007.98941288209,804.842350540169,-203.147062341932,735.909345339447,42.3185092256096,258.486566902818,55.3395045608879,-13.5935006398168,-952.649908321191
797.890407259697,1050.23434325928,829.070842864654,-221.163500394615,757.138502394111,27.2548363567805,279.598772356355,58.4352719617423,-13.4970685087961,-991.799071297516
803.987145079524,1089.57011349747,866.513389280442,-223.056724217034,784.682622865059,5.90339970066184,291.48636811861,68.4296439015831,-13.4011225137834,-1021.14046959588
814.349088137809,1128.64178416046,882.315097346248,-246.326686814191,783.940912582358,17.0891410009904,331.381837023633,85.0551502094432,-13.319034554455,-1043.58663395099
832.003361949618,1166.86238696374,884.864673556684,-281.997713407056,766.7518015885,52.0059358106005,386.864960824738,104.867247417683,-13.2456245504957,-1061.99513954605
857.293533364879,1204.99324097285,887.327766161365,-317.665474811481,748.327858033644,95.7576528578228,443.457360465789,125.791885654307,-13.2080224734059,-1079.20135531853
884.45913611022,1237.96940018398,904.978376762491,-332.991023421479,746.840718591115,124.444357643005,477.954621716764,144.963598295292,-13.174059876084,-1093.00580188867
909.829343919179,1264.78999743204,924.434570762635,-340.355426669414,748.473790247749,148.203484565254,503.164138078117,162.808711408702,-13.1520691061545,-1101.98128602333
933.557193054538,1286.0128982518,974.257565643082,-311.755332608718,781.265509828212,139.156254140414,491.611959337689,179.856626728974,-13.1354290858944,-1106.15627152283
957.675627491954,1302.92526643108,1033.29413075997,-269.631135671105,819.077460000515,125.490167904604,470.739806843717,201.108671172613,-13.1079995868362,-1101.81659525846
982.227382938058,1315.00472047447,1091.65774535177,-223.346975122704,852.386791982439,116.74936510383,449.526702640235,226.179727517535,-13.0912258517918,-1088.82499295693
1005.66374371047,1319.60460993405,1128.97188085878,-190.632729075267,865.700349083588,126.91103391687,440.851900140453,250.219171065188,-13.0523607099953,-1069.38543886887
1032.15005702376,1321.95114406062,1171.3814607039,-150.569683356701,886.044059993472,133.068138586649,422.869225623498,272.299542266801,-13.0378584436446,-1049.65160179381
1060.69407319755,1321.52432939492,1207.05906047451,-114.465268920406,904.472782328842,143.190636341918,404.020892539275,289.555623618865,-13.0306545267993,-1031.96870577605
1091.80598765878,1320.40701224831,1235.03455177417,-85.3724604741465,917.225693876155,161.553181157934,390.154205747458,304.781745273314,-13.0271126246985,-1015.62526697499
1125.03440109982,1316.89242994584,1260.05058435788,-56.8418455879611,927.80897234324,184.216528002917,376.074556848958,319.232711260994,-13.0089007536401,-997.659718684851
1152.72283646089,1306.39482499927,1277.16946894493,-29.2253560543387,932.602225665673,207.161285510301,360.833274048689,331.60791799435,-12.9593252849089,-974.786907004921
1180.00933577749,1292.63782744311,1287.59577343183,-5.04205401126733,929.08424121498,238.031840895956,350.660332561571,345.618278550295,-12.8932536665406,-947.019548892799
1211.37693720701,1277.82564518636,1307.61803954797,29.7923943616223,934.235907894672,264.322960323251,330.771668302602,360.564062664221,-12.8180689890791,-917.261582522123
1241.43057585442,1256.88119369417,1313.53024549608,56.6490518019092,929.395075869166,299.314415772112,314.765033611865,371.414085413776,-12.7210842131313,-885.46710828039
1273.67684644799,1234.73703200822,1309.56211963059,74.8250876223788,917.934698657123,343.134870211388,304.195055771612,379.020143393988,-12.6072775794759,-855.716888614226
1304.19006630672,1209.31271285295,1321.97691979592,112.66420694299,923.925538105148,367.790249773097,272.912896319326,385.577103262317,-12.4742784284887,-823.735609590633
1327.65904462152,1175.86123088629,1294.55676328213,118.695532395842,893.271820991181,422.066212666902,270.268398931678,388.963931327517,-12.3210109634336,-786.897299558768
1347.97303828511,1138.11794601427,1248.78414725282,110.666201238555,849.470425239866,486.326791032007,276.47169876119,387.137899999745,-12.1758220132182,-750.980046014542
1367.96745866512,1099.74178438603,1176.72004727616,76.9782628901357,787.919358920062,568.040700709771,299.81502643066,376.793289320799,-12.0073990353121,-722.948495065243
1375.4737078534,1053.02778869455,1087.10805959712,34.0802709025731,715.964260501975,647.675155565664,325.229236406799,359.309507309366,-11.8342917857691,-693.718281385174
1369.7460142384,999.126112631776,1017.98177116688,18.855658535087,667.295692332806,690.821703999044,320.201802392422,339.057460927504,-11.6286179065593,-660.068651704276
1359.79698583148,943.613133846638,960.517369078032,16.9042352313927,630.910195177073,717.446627605342,301.262775620497,318.167010851889,-11.4401630490546,-625.446122994747
1348.08325640166,889.317980067553,920.67750676608,31.3595266985401,614.855266343476,721.98980847101,263.224532136893,294.584058835435,-11.2381815871749,-594.733921232105
1329.0099565407,832.453487343235,898.622377292719,66.1688899494989,618.714657405943,699.24047432985,202.684005132359,268.852895081856,-11.0548248049179,-563.600592261357
1302.75550237043,772.447272500014,878.856148453795,106.4088759538,620.94126698187,670.952905739323,140.644675868886,247.053551822688,-10.861329649236,-525.393720677302
1272.34329165277,712.015486211665,822.77530477234,110.759818560693,587.48878754292,674.181014843625,113.853209402505,224.613027963196,-10.6734892662245,-487.402458248457
1236.6791797017,651.14533274184,753.702457831329,102.55712508949,550.511654609391,675.682758282571,90.148911322703,192.706036412192,-10.4847668097459,-458.439296329633
1192.19995676887,588.760813425906,704.689269490325,115.928456064436,535.107933199573,646.797328820006,43.3581854770256,159.286641541457,-10.2946947492875,-429.474171884439
1138.25536046778,525.893157743935,655.757383573907,129.864225829992,516.038794696936,612.094742942945,-0.267459780908669,129.59676604908,-10.1218228278883,-396.296391694829
1080.17556460491,464.763094555652,598.36595794415,133.6028633885,489.135391493593,581.083387910326,-34.3290821389586,99.2737812495411,-9.95678520099718,-365.489313306088
1014.84125614316,403.510528814105,541.390179364635,137.879650550535,467.84495597648,537.193727737997,-74.1369995910697,63.7426509594649,-9.80257242868179,-339.767877854624
946.016704375495,345.161920197513,479.152663426276,133.990743228787,442.733162302544,493.625837563296,-107.228946614702,26.7617966140791,-9.65770450966053,-318.400123583414
872.470148208954,287.370416957447,426.369065764723,138.998648807286,427.137558963318,435.787997589112,-149.311733662416,-10.3130848551349,-9.5445916565437,-297.683501812565
794.035247658302,230.546547301986,394.270154543697,163.723607241722,432.427614884058,352.179946104347,-211.308754251973,-47.5851470102568,-9.42768666989148,-278.131694312232
707.700116562567,173.160316558424,325.898010915576,152.737694357157,401.184638038832,297.173181536805,-237.366618467357,-84.6289241102013,-9.34229698694305,-257.789240668623
618.778306259014,119.954572221438,264.171377226647,144.216805005205,375.386925857006,234.14130767239,-264.682426365208,-120.465621359995,-9.25007272963851,-240.420193581432
526.893418358952,69.7874273252886,162.382899017992,92.5954716926901,311.053506017808,206.6586104526,-250.447380581086,-157.851908888399,-9.18130188856889,-227.639336213663
427.112224213305,20.6760806284548,45.898536865175,25.2224562367212,232.029647331616,185.958444218062,-220.47769936681,-195.255243130083,-9.12413266363028,-215.931323758534
321.969762239144,-25.9341960667757,-67.7766190971582,-41.8424230303608,154.961021700905,157.960241890273,-189.943716415691,-231.786139446048,-9.04849864800702,-205.851943379259
216.009231672448,-65.968023758206,-170.756696289782,-104.788672531567,84.0881218522483,122.949647350556,-159.027608080122,-263.816280611688,-8.97146246966667,-197.848256853471
109.158109623249,-100.001928838857,-250.253342426336,-150.251413587475,32.3269817423459,67.8984316600993,-141.26160680203,-291.513020389507,-8.93269622082658,-191.511091550636
5.18963226968327,-125.051970222819,-325.383338585477,-200.331368362648,-16.8993283977318,13.1825411447362,-117.059061347789,-317.390429710441,-8.90641952270101,-192.338459487614
-93.6361058544027,-138.602883364221,-344.215366481654,-205.612483117443,-17.8488942010236,-84.6901479131014,-129.656925422923,-335.269408540364,-8.90293625973172,-196.666525176146
-185.791482585556,-141.365831804279,-331.894733905296,-190.528902101011,4.60021240746945,-199.343510913202,-154.917860131941,-345.446762232953,-8.95181592018887,-204.080930428668
-270.212811013894,-133.496591424407,-282.326414131973,-148.829822707568,53.4449814694225,-332.688497086264,-195.972277496794,-344.802100204354,-9.03070460295054,-211.305508779944
-343.539066712768,-115.351174308282,-242.92306353892,-127.571889230635,79.0588167974032,-431.706068391136,-203.518175986668,-331.090065217305,-9.10818488097843,-215.738890909015
-402.881251026868,-87.068737092561,-185.702840850939,-98.6341037583776,110.220179330572,-522.293714554913,-206.481200620614,-305.115304378991,-9.19228419747889,-218.046567286416
-448.679264823739,-50.9498526425915,-150.933375254226,-99.9835226116339,113.962666185694,-571.925351233493,-174.195939052347,-274.179461663983,-9.28342022407013,-223.229609021397
-480.358652935632,-6.85757024298568,-159.526556496492,-152.668986253502,69.904833503987,-559.676463188954,-86.1753804963127,-238.844366749817,-9.41297674934397,-231.986796506828
-499.311172610922,42.0731624749121,-123.118273666615,-165.191436141535,67.6297155301674,-576.518366220773,-35.13403113493,-200.325467276466,-9.57747807967308,-242.39862975138
-504.530360962306,94.6208952352227,-65.5676076047293,-160.188502839964,80.875022228981,-595.148954973894,4.00230122363761,-156.186201616326,-9.74357178261238,-250.80709685157
-496.651361234255,150.169614578582,-7.48563464416645,-157.655249222751,89.3465687657867,-595.868504927305,50.952470885525,-106.702778337229,-9.87057492728286,-256.872392915811
-475.250581079466,208.483569825208,41.5946720648508,-166.888897760373,89.2300405748301,-574.493497892368,109.240653012305,-57.6482447480626,-10.0128762380868,-266.13181457328
-447.331398020516,265.017628974745,112.383773229087,-152.633855745671,113.587070946774,-571.112520248234,141.236506747033,-11.3973489986385,-10.1940512809342,-276.414977973395
-410.734972832329,320.344532988464,223.622652566617,-96.7218804218398,172.585773181793,-593.665790852906,137.413714967876,40.6918345460391,-10.3450448387908,-279.652698442422
-362.370975270672,376.270808108235,311.160813089468,-65.1099950187631,202.003248986094,-574.854414921269,163.787368457625,98.6773734388645,-10.4801906645188,-277.59343466937
-303.610032440578,431.55238946938,376.629306765552,-54.923082703847,210.341226192718,-524.586244866867,210.576177043095,155.653094339252,-10.6349862335742,-275.899295130138
-237.351406609085,485.58069424181,444.86756950175,-40.7131247400803,220.937495170378,-469.08656349524,253.845537355671,213.132412615589,-10.7976617157792,-272.448281626241
-164.884004634159,536.207402706735,519.492937979922,-16.7144647268211,236.237680968849,-412.05726866009,289.034138680816,272.319673953996,-10.9355830570798,-263.887728752742
-85.1386953461472,583.583849126621,547.794360406407,-35.7894887202109,206.279705467876,-302.459617573404,366.262926899365,330.473438179155,-11.0412167593691,-253.110410947466
-1.13828205004736,625.267506710036,550.503579824622,-74.7639268854285,156.862582111994,-169.126071280944,457.279717479146,382.515790593719,-11.12520711889,-242.751716116321
84.7178687976557,661.351518416499,575.359173650698,-85.9923447658124,131.927500913984,-58.3610460640454,518.272603554801,432.280258788994,-11.1514139477065,-229.071259627508
176.034798339032,693.09668530976,611.385679050055,-81.711006259707,118.909626594528,45.961308416557,563.023195387295,481.312189127591,-11.1638633279328,-211.78449618216
268.788344821117,717.802723282139,636.722844327881,-81.0798789542573,96.5572974843953,161.065926767329,610.08030522836,529.000426274106,-11.1651205693852,-188.802297008042
361.3834907971,734.429224964624,680.927537491056,-53.501687473574,97.8249329722679,252.411894982583,625.457629150116,571.955941676541,-11.1466628422437,-162.473283288074
454.753779745588,744.398447246268,717.651137339845,-26.7473099064194,93.3485762016962,350.305772640684,639.950440141361,613.203130234941,-11.099430903196,-131.195317011325
548.985509207488,748.187280661169,746.267365340639,-1.91991532052855,87.1899128427333,450.7625565813,649.964328034978,648.044412714449,-11.033039783459,-100.14286794672
640.344391159748,743.661194559036,753.720008026559,10.0588134675168,71.1680312968421,558.226668528416,661.543471927702,671.602285395217,-10.9496913344967,-72.0589091638212
726.83435204783,730.749872242005,753.4775659561,22.7276937140814,55.0081295096067,660.989792353844,664.905312548032,687.633006262111,-10.8364301843791,-43.116865979894
808.387571820472,709.959789482797,749.050038620836,39.090249138039,38.5794969955613,759.094879547222,660.667097209551,699.757346347587,-10.7131952776796,-10.2024431352144
886.069631608738,682.406107503066,720.275330407117,37.8692229040401,0.58222584329741,874.933214547795,671.269690442116,709.138913346153,-10.5541912176591,26.7328058430822
955.993684237785,646.045336367764,702.994591208296,56.9492548405449,-17.5025443505646,963.133307852274,653.184959982242,710.134214822784,-10.3629207360776,64.0888784550306
1019.11223017376,602.337998760794,692.274330262864,89.9363315020757,-24.4727422635481,1033.38237095846,616.608139545473,706.544471047554,-10.2026014788578,104.206472286759
1074.4823013954,550.413453713935,643.737587174756,93.3241334608189,-60.9327698581326,1125.36505023494,601.296202553466,694.620336014282,-10.050021018597,144.206882300341
1119.18363831333,489.553037737455,581.856229066235,92.3031913287836,-100.288763763883,1209.56242772046,579.931827144576,672.235018473357,-9.90997435676479,182.68198073591
1153.64771904847,420.670589158566,513.772576549653,93.1019873911039,-136.3638764298,1280.21603824457,547.238908354634,640.340895745737,-9.79555723370022,219.670306587198
1174.42988727951,344.086164829537,445.34064519165,101.254480362119,-162.726024458998,1327.44232193101,497.098599481033,598.353079843152,-9.71358980748663,254.266915013632
1175.11847188512,255.549740593412,367.975740009908,112.425999416496,-186.581619341078,1352.05230571454,432.483574422816,544.909573839311,-9.64778551165423,289.359833245916
1156.47871772071,156.483450167002,284.160881852653,127.67743168566,-205.670315987013,1352.58555981306,352.59029225934,480.267723944998,-9.56347389466053,323.784273778021
1118.13044012637,48.3521171867616,212.271343413331,163.919226226581,-199.393428177595,1308.01965281104,238.24132987141,402.160556097987,-9.50421549294647,353.808438911239
1059.50241212583,-66.3141596911401,130.518588541501,196.83274823264,-194.233177266075,1244.27659320988,118.460021392888,315.292769625528,-9.45899618203698,381.606929316681
975.226666353826,-189.189087525769,29.4952401093979,218.684327635195,-198.753057606929,1164.55808844833,0.142334568707962,218.826662203905,-9.42163551242255,408.015749729694
865.728850576317,-318.52256241492,-72.5276964565267,245.994865958409,-194.76302233696,1051.10764326772,-133.143769723535,112.851096234877,-9.38422964556791,431.373658649808
733.875851751183,-449.01768887419,-162.667152272881,286.35053660131,-173.254822557334,897.768152583473,-285.125388041911,1.22514855940224,-9.36252172505205,450.242837433593
584.121906722299,-575.864920863277,-257.805206489251,318.059714374033,-156.373805706063,731.158191248526,-428.828636337072,-110.768921963036,-9.33752117985366,465.095998900245
418.60968305435,-697.117341275891,-324.755170565833,372.362170710056,-113.689715131675,522.987875458937,-592.739148871317,-220.376978161254,-9.31152272708381,476.74036311463
239.813645653427,-809.388847367796,-393.187300102977,416.201547264832,-79.7826090822208,310.266976758509,-738.93551626274,-322.733968997907,-9.32927797715063,486.654878369912
50.7160996109812,-910.894239590066,-482.994883070855,427.899356519228,-74.43155672506,115.780410739019,-845.829928462054,-417.93057194283,-9.3672455970366,492.963667647249
-142.412289964258,-997.727531821511,-548.116778514485,449.610753307038,-55.56237632289,-96.237960980076,-951.553202837356,-501.94244953032,-9.38804733873104,495.785082291192
-334.800068005757,-1067.98930020908,-635.451037736394,432.5382624727,-70.6871444266968,-273.525288964896,-1006.71452116825,-574.176258695541,-9.41236538584168,493.813041513555
-521.369052602947,-1119.99678340231,-719.969302054915,400.027481347395,-98.759579815109,-432.009323049479,-1030.63705384887,-630.609572501476,-9.39985026166692,489.387210900852
-696.593715288603,-1151.5534643931,-816.941857813048,334.611606580056,-158.735441423981,-547.249455999553,-1002.20920510407,-667.597598524022,-9.39118213494412,483.95586586909
-860.929029089476,-1165.98875779995,-915.96721278358,250.021545016362,-235.560734527998,-634.756848233895,-939.816576944387,-689.795031928024,-9.38855367242354,476.193725871922
-1007.62257302422,-1160.51196821202,-957.305040575562,203.206927636453,-271.809913687933,-745.180681704315,-898.070076892137,-694.863149255683,-9.36802236804177,465.648818956347
-1132.55050925972,-1135.62651897297,-968.043505014629,167.583013958353,-298.257092085576,-843.64314453693,-846.719154250224,-679.136140291869,-9.34972736280433,456.490378681127
-1232.80848297228,-1092.54568760476,-955.513388642637,137.032298962135,-320.017190991588,-922.104084174337,-781.841288806846,-644.808989844707,-9.31279219366996,447.736697760071
-1311.06948925918,-1037.21243816622,-969.114702935535,68.0977352306804,-378.368239265838,-941.969805026874,-668.112753933934,-600.015018703246,-9.26855503354155,437.197419462986
-1364.235757628,-969.043461913754,-963.642270650298,5.40119126344786,-430.470001280283,-942.968528132998,-547.776232418753,-542.375041155301,-9.20277178527645,426.668420758453
-1391.14604975958,-890.881038222532,-980.429978268035,-89.5489400455109,-513.807984170543,-886.469795985335,-386.2047844483,-475.75372449381,-9.13173039631617,415.127313728721
-1395.85903509769,-806.728889519832,-985.467650544342,-178.738761024517,-588.583212964697,-816.338895063249,-227.208749485405,-405.947510509923,-9.06307293027171,400.78137900992
-1383.90981282826,-721.304251060022,-967.859731153081,-246.55548009307,-639.84573804811,-753.051036161752,-90.445474393526,-337.000954486596,-8.98696138161331,384.303296573414
-1353.56918466527,-633.556892805771,-952.427871910788,-318.870979105035,-695.969567073663,-666.492297070498,53.5199947889866,-265.350984316047,-8.89267947890889,368.205908489719
-1309.44697299629,-548.397452065404,-940.09259534641,-391.695143281028,-755.013726980012,-563.22876921558,197.820751715286,-193.874391565741,-8.79552319933673,354.523060499657
-1253.24891785727,-466.346204833652,-911.434098282981,-445.087893449351,-796.432860001929,-465.523368567432,321.37934445619,-123.708548993159,-8.70731071210061,342.637655840473
-1190.63357224728,-390.442929966415,-881.572436964078,-491.129506997674,-832.452613446773,-366.821231238173,433.369411042682,-57.7600959549891,-8.64027243767176,332.682834011415
-1121.06130344306,-320.021920818786,-837.785720514492,-517.763799695718,-847.806464024089,-281.807084470976,519.232298153299,1.4684984575869,-8.55224505200766,321.490419276358
-1052.43147912908,-258.419398580877,-798.983786103522,-540.564387522665,-863.083494294377,-197.808233547736,596.203847000465,55.6394594777991,-8.46024871303981,314.058858058653
-985.260687873918,-205.951984757126,-775.93202747318,-569.980042716054,-888.779986944607,-104.851101959488,674.457601157294,104.477558441246,-8.3704010301828,310.429543198366
-918.530504271373,-158.66208252306,-761.147353473109,-602.48527095005,-919.402354334464,-7.40033517632757,752.46808657198,149.982815621935,-8.27218523942182,308.644898144994
-853.047699098567,-116.153653251884,-711.348247222394,-595.194593970512,-910.733010767039,49.5163911592783,786.41043700595,191.215843035437,-8.16892050919204,307.36949628732
-792.726910995196,-80.55277841028,-669.448192569172,-588.895414158891,-907.122946189059,106.31006269627,818.484195281184,229.588781122296,-8.08597249758409,310.141559532579
-735.007171974307,-49.2801490573437,-632.528382859981,-583.248233802639,-905.36719278215,162.335284878783,848.062307795753,264.814073993116,-8.02473592906408,314.094223050442
-676.628697393067,-18.9816294168851,-572.070893703476,-553.089264286614,-877.583018565547,192.971199046581,850.618267022774,297.529002736158,-7.98312212590357,316.510632153033
-615.608672918812,10.74496346758,-494.473730642058,-505.218694109626,-831.607286272161,208.046660539211,834.4002969256,329.181602815972,-7.95195281413029,318.43663934838
-550.714024112628,41.32742980035,-403.659395600911,-444.986825401271,-776.344953351304,217.707852155117,809.749306068102,364.76248066683,-7.92307708356645,323.435050866459
-482.508617487893,71.3846769811254,-332.645129129337,-404.029806110464,-742.51152479416,252.100617142438,805.993911611453,401.964105500988,-7.90229016383628,330.579428519851
-410.365602391716,101.195499748609,-262.021487234146,-363.216986982772,-706.909738105429,288.620421225928,800.181523366262,436.964536383493,-7.92371448777189,335.769036634879
-334.061401228258,130.623290228204,-167.888969663274,-298.512259891496,-647.102078572828,305.081258713029,769.765950169502,471.253690278,-7.95941863153686,340.630400049774
-251.379404424517,161.448056588833,-71.9518132340996,-233.399869822932,-585.538368362417,326.185090963207,739.012551976567,505.612682153633,-7.97387297469473,344.164625564786
-165.044619060895,190.75650145295,21.5637825439115,-169.192718909047,-525.094744329161,352.050010393327,707.851130907167,538.658411998118,-8.00011487494812,347.901910545161
-77.7910569109958,215.452420875288,131.593031370206,-83.8593895050833,-446.242234767269,360.420068388881,653.66354617515,569.804156670062,-8.03110946739926,354.351735794781
12.9654099517606,237.416172801349,256.855414940985,19.439242139642,-351.355682565662,356.246749693041,580.697512542618,600.136754682254,-8.07434282439921,362.720581880901
112.010327174803,259.565436567443,362.480508104887,102.915071537451,-276.230207683967,380.140107641235,527.695217033852,630.610288571302,-8.1004272175469,371.044852003867
209.245678401565,273.028274581714,437.41183173572,164.383557154018,-223.586067785012,424.701627910552,488.484224090691,652.867781244707,-8.13011827600513,379.839506663012
301.663966017096,276.129118704774,478.457996984646,202.328878279866,-191.544836779914,485.079660483519,459.544813171196,661.873691451061,-8.12914231347191,385.744572746283
387.726678855217,269.367300877319,554.448619735729,285.081318858428,-115.614757240747,495.245948964187,376.886570986273,661.967889844706,-8.095487131765,392.600588967394
467.403718442537,253.272280379604,614.703648209882,361.431367830285,-47.2205536522169,506.553979461437,292.422541398493,653.853909228775,-8.07029263331601,400.581628849174
532.597804234741,223.577202182359,645.832851936495,422.255649754152,3.41390585297025,521.141178123291,212.120576070896,634.376225825043,-8.04272025848811,410.799023642685
579.128294917279,178.120392062277,685.616068774779,507.495676712515,78.3280825319494,492.806217101146,91.7983142461373,599.29399095865,-7.99399528417302,421.173598896389
605.011924297618,118.419992241604,702.93777415345,584.517781911855,140.350282215302,456.728848485097,-29.8630835709168,554.654698340931,-7.93279359719048,436.234706099347
612.194414904109,47.8093132128789,698.20874140825,650.39942819538,190.837371643183,413.493327782093,-150.891773909139,499.507654286238,-7.86371547882368,451.698341073368
595.666476674671,-34.725568831558,659.209254450911,693.934823282485,220.901818976542,367.002278660478,-263.389766845767,430.545056436722,-7.76237903764565,465.270625268296
557.88582272717,-125.540565982015,589.07368821917,714.614254201191,231.056868914575,319.196581303777,-364.229807405418,350.38444679578,-7.63237250881599,475.92501277779
497.513829161322,-222.527979673017,530.352153053666,752.880132726694,257.161058771288,232.868721610325,-487.173087224029,265.707045502672,-7.4840487797054,488.235025175681
414.84307518415,-324.187055263557,454.082835778569,778.269891042141,267.719972903788,139.796190601508,-599.233939846205,179.035951195936,-7.32691167884636,503.2230064595
312.854329896667,-426.431679456505,354.904019227744,781.335698684262,257.916649207205,47.7722993311631,-691.513710022028,89.8219886622279,-7.16538135830582,516.253668118748
194.722512091958,-527.155434023124,212.655593764327,739.811027787446,205.562706066458,-17.825128776529,-739.703074891628,0.107952895816832,-6.9849348020421,527.263386918941
62.9309773481242,-623.343470971306,91.6990549598076,715.042525931117,168.397424875683,-112.286704837161,-798.561153156586,-83.5186272254675,-6.82025730958846,539.824843745829
-80.7224510619716,-712.469036446745,-55.5291816234608,656.939854823285,94.5039277159142,-181.855086777173,-813.601672161964,-156.661817338678,-6.62870799930358,555.807219108066
-227.922188576741,-789.599316753903,-240.364171896501,549.235144857402,-26.6897356186824,-207.687782600196,-769.364910777364,-220.129765919967,-6.45532964213547,569.469550833945
-371.382543668308,-850.461019836194,-440.958359581816,409.502660254384,-175.287550668048,-202.375444522776,-681.453920690667,-271.951260436284,-6.28045152250686,578.509759399918
-507.415379656748,-894.505603134143,-642.007917512953,252.497685621197,-334.996195808376,-178.549711643587,-565.639935121001,-313.142249499803,-6.13052779522376,581.36335363434
-631.57898872348,-919.387049972606,-822.832895094199,96.5541548784131,-488.079016725884,-149.504374092519,-437.312435341655,-340.758280463241,-6.00440209492045,578.628769509377
-743.636203322402,-927.856928583588,-957.475792926228,-29.6188643426217,-609.371267644738,-140.166926684118,-324.38765194534,-354.006516287964,-5.90199100647895,573.850412295653
-839.500513827897,-919.988590414972,-1071.7169350587,-151.728344643712,-726.435156989518,-118.879209386996,-199.367285974102,-351.095630617812,-5.81385254863477,568.892959797185
-913.456113789708,-896.281001225565,-1149.55002179828,-253.269020572702,-821.775415648063,-97.4362671773752,-80.2611546132481,-333.530175185949,-5.75556903572272,562.750826039641
-965.002522323755,-858.301657051342,-1217.93285860674,-359.631201555388,-922.154931686181,-48.5472248731148,58.1536403992793,-301.477561156108,-5.69963423556124,556.824095895245
-998.755061994236,-812.086587591523,-1280.81690004795,-468.730312456417,-1027.7980164782,23.3757445084762,210.044218911153,-258.686093545263,-5.66720997550752,553.400494046272
-1012.59511166821,-757.746580245389,-1352.40564816302,-594.659067917622,-1148.12139481528,129.884638210934,384.733169633744,-209.925898283873,-5.64164493615043,547.820681961517
-1006.24888693703,-696.228776817949,-1398.66519813814,-702.436421320188,-1247.63279664223,235.776160222917,545.796270341988,-156.640150978194,-5.60774948228157,539.588625839755
-985.383595675798,-633.383630679064,-1419.30381523479,-785.920184555712,-1324.28267010019,333.293664766559,685.293629763284,-100.626554792429,-5.60540965783222,532.75707588664
-951.953459475943,-571.014614329151,-1416.9584383097,-845.943823980538,-1376.61653873281,419.064114358216,800.002959504983,-45.9408644755517,-5.59896489866659,525.07374985361
-908.950089266176,-511.562449965646,-1385.90127101803,-874.338821052361,-1398.2967520818,483.725844842337,881.113484142841,6.77466309048413,-5.62081797330471,518.337113056149
-860.811194647268,-458.475011599981,-1323.2945832249,-864.819571624921,-1385.32439793446,518.881694764063,921.217877811351,56.3983061864322,-5.63150852312881,514.873317786409
-811.690554499452,-415.539007009165,-1245.87235953722,-830.333352528047,-1353.6446617414,536.311456976727,932.463004467007,102.129651938964,-5.64265026521846,517.668658948142
-762.029054745958,-381.525854043298,-1181.75980940582,-800.233955362516,-1328.92548182041,561.248602631348,941.751803334005,141.517847971496,-5.64782444309431,523.043702014807
-715.427513799434,-357.647066267321,-1106.77364700362,-749.126580736288,-1286.82979108565,565.716329422256,923.496776954352,174.370196218067,-5.68594786395121,532.017262485404
-672.910754164111,-342.632749040686,-1023.39383099862,-680.761081957938,-1233.36067244784,554.739686729645,885.017691853064,204.25660989513,-5.71023155408095,546.889358935817
-634.539412319758,-335.390702317676,-979.479384454213,-644.088682136524,-1216.04946750922,575.777244200532,874.925954202586,230.837272066065,-5.73281098893639,566.227974383764
-600.116382807833,-333.767243826247,-953.499261920568,-619.732018094319,-1210.09250431422,604.216615317407,870.565754298983,250.833736204668,-5.75950618899917,584.600980030911
-571.099587098012,-338.430817947319,-859.327871569538,-520.897053622246,-1131.88947645843,554.983061716619,787.651830867314,266.75477724507,-5.80682764381912,605.185595192394
-546.156494800791,-347.914739229996,-785.235468304784,-437.320729074786,-1073.82729292212,521.802332455993,720.044088026772,282.723358951989,-5.86846566534535,630.638098181989
-525.115223546537,-362.456111836769,-767.201890265942,-404.745778429173,-1068.26631151843,537.215057066101,699.874168775859,295.128390346688,-5.93603090580973,657.584502183452
-508.513134694886,-382.233026288905,-750.971424731385,-368.738398442479,-1059.35973076138,544.837596614031,671.117705020001,302.37930657752,-6.00899945247662,684.612332866428
-496.305508313206,-406.385026022485,-707.50227728522,-301.117251262748,-1020.40445889466,518.02138209957,607.941864390288,306.824613127543,-6.07756848188207,713.209639150026
-486.720311998719,-433.414833333325,-687.650353589618,-254.235520256299,-1004.86736497398,511.995755973129,565.301234638519,311.06571438222,-6.15129700212412,744.480547715542
-480.149388064688,-464.016274342735,-672.900375091103,-208.884100748384,-992.918617287554,506.528168095498,522.661281817441,313.777181069058,-6.24106112737783,777.793455411782
-475.063263009899,-496.051576681316,-656.284255788597,-160.232679107283,-977.446042096252,496.005601070074,475.017287398645,314.784608291362,-6.3771780162832,810.836184972681
-469.381973419128,-527.964543253633,-610.629929014801,-82.6653857611661,-933.235172374831,457.3421088528,398.759539018269,316.094153257103,-6.51109010291347,844.058696510742
-463.438438549749,-559.693761748513,-617.086085490535,-57.3923237420215,-942.323498308588,472.241583680719,375.986260481948,318.593936739924,-6.64347607812442,878.287698488438
-456.26642434605,-591.667693810941,-616.250338349004,-24.5826445380633,-941.465362957195,478.455832214614,343.054562749709,318.471918211649,-6.74310639654379,910.139612022594
-446.174906471548,-622.084753953806,-612.405988237195,9.67876571661135,-935.60292199185,482.559602135645,306.649754653378,316.328520369989,-6.86841338464845,938.413274323814
-433.874074503134,-651.072305278105,-626.147296674704,24.9250086033961,-944.256872856596,503.424608926775,286.226378151783,311.151386755176,-6.95818942669232,962.223692033302
-419.623587698541,-678.586983017251,-614.942585541545,63.6443974757105,-924.20464080377,497.525789663724,238.562394345009,302.206791820717,-7.05526344148705,980.793774837981
-411.112924215388,-710.238743948293,-597.619361275751,112.619382672546,-893.351713618777,475.119911681792,175.994091948878,288.613474621423,-7.11887772158499,998.852218569733
-407.840312924225,-745.675128369593,-601.946857868168,143.728270501424,-880.672746484556,465.649256398995,127.81444095361,271.54271145503,-7.18317716133469,1017.21783982464
-407.170682947083,-781.828454923792,-580.135324376345,201.693130547438,-839.753447760593,425.319212652243,50.6614406755352,252.354571222966,-7.2635521612574,1034.18302614676
-413.989630304972,-822.604713385637,-583.428616653788,239.176096731869,-819.587617705673,398.277532053594,-10.3375510270911,228.838545704771,-7.32045534709505,1051.44325909044
-429.745027628677,-868.195342323201,-581.062343244818,287.132999078377,-789.342020720741,352.208537715889,-86.2417769786513,200.891222099723,-7.38845537616919,1069.08656442294
-449.433306809517,-914.337260892852,-565.139845050958,349.197415841876,-741.841512456427,284.979530584049,-179.924423499286,169.272992342594,-7.42867506284785,1083.61025323545
-473.542903648946,-960.758412041154,-599.947583425278,360.810828615865,-740.50929443767,259.512029360575,-227.703479031624,133.107349584237,-7.45436142814283,1093.86576162539
-508.861587541522,-1011.12479662067,-639.681783899024,371.443012721632,-739.677747247347,223.327597438774,-278.935611640381,92.5074010812492,-7.48856226704841,1103.63219770191
-555.493189730358,-1064.12871993757,-674.623863341794,389.504856595782,-732.268631548491,169.272557378716,-339.362972828506,50.1418837672778,-7.50288443941638,1114.27060370485
-611.774964932917,-1117.19031594554,-695.894385433612,421.295930511932,-711.096426759909,91.81323068643,-413.602120326209,7.69381018572616,-7.50823114055335,1124.88412613129
-677.657659358006,-1169.26308819555,-722.307625248862,446.955462946682,-694.834834833721,9.67395540606955,-481.931473431488,-34.9760104848038,-7.50322006965229,1134.28707771074
-752.251274109372,-1219.80774233913,-757.049224686942,462.758517652202,-687.787249984591,-71.935334216959,-539.49180244674,-76.7332847945363,-7.47131009218378,1143.0744575446
-832.845435401484,-1265.92466341664,-795.856516231876,470.068147184764,-689.260530016571,-151.035665259464,-584.114893274632,-114.046746089866,-7.45075987455837,1151.87791732676
-918.602262548668,-1307.55388878005,-806.743011588656,500.81087719141,-668.069421243842,-257.940169439554,-646.891795670956,-146.080918479544,-7.40732813472982,1161.47297030052
-1002.9606700835,-1339.36225216035,-867.611580853527,471.750671306807,-704.981189047596,-305.324685180096,-641.726267256932,-169.975595950128,-7.34520414417367,1169.38665621021
-1083.28218912911,-1361.05562062659,-931.668162754206,429.387457872408,-753.553418302002,-336.983085467325,-614.756516964833,-185.369059092421,-7.25431464022556,1175.68656153417
-1155.45402247599,-1370.85703733643,-1008.05636948898,362.800667847463,-827.446808336732,-335.183321074097,-550.586335934547,-187.785668087081,-7.17610693482869,1183.07136924936
-1215.64124483347,-1369.62816584519,-1098.87833088252,270.749834962682,-926.24680390617,-296.494895840132,-450.481816851877,-179.731981889187,-7.10045491284338,1189.896183956
-1263.73185676867,-1357.11889540403,-1169.49370435469,187.625191049334,-1012.08447441572,-258.696482124088,-352.083520759444,-164.458329710108,-7.04909977114402,1192.66056569392
-1300.53663316069,-1335.64094177801,-1264.77194860715,70.8689931708726,-1130.95722568084,-176.57123609467,-211.675544711999,-140.806551541124,-6.99182861480401,1194.83439023691
-1324.12485052347,-1307.24501572965,-1326.61399915083,-19.3689834211724,-1222.59433230687,-108.477156773076,-91.5973219792888,-110.966305400456,-6.94663855649347,1196.2787103292
-1337.12042592558,-1275.71062765686,-1381.46944939245,-105.758821735589,-1310.34272271986,-33.6603843420563,27.7494139266395,-78.0094078089426,-6.88268113634739,1197.70121984793
-1340.83166811641,-1244.99856377492,-1424.0472980755,-179.048734300591,-1387.01610480348,39.3721750157263,135.20527935721,-43.8434549433797,-6.81226167136933,1201.15510883153
-1332.38152020235,-1212.03440201349,-1441.31626365356,-229.281861640069,-1440.88269254147,101.78405767319,222.131175862046,-7.15068577801758,-6.71711466592452,1204.88371623545
-1317.3614955814,-1183.03044557235,-1467.52862314654,-284.498177574179,-1500.81554088404,176.858643446136,311.189693455177,26.6915158809978,-6.59540185651394,1209.72196145334
-1297.18234126712,-1156.63987415773,-1485.29981026443,-328.659936106682,-1547.8102778543,244.170273958899,384.712741068268,56.0528049615881,-6.45766262829553,1212.69267911934
-1278.77981053909,-1139.53383549103,-1520.45070127847,-380.916865787428,-1605.82437267065,320.73340690117,459.979381949187,79.0625161617638,-6.3111552304021,1218.5963516528
-1256.92753309823,-1125.24129044367,-1523.15538367638,-397.914093232716,-1628.53330550021,365.412421217815,497.098663872356,99.1845706396393,-6.19335118419365,1224.4258610833
-1237.05758506888,-1117.44693507644,-1519.83840308992,-402.391468013463,-1640.74028855662,397.565066775751,517.175716768176,114.784248754711,-6.11763671200451,1232.23118383115
-1217.9455566897,-1113.53616281508,-1511.26950300053,-397.733340185436,-1645.10874250922,421.096311356901,525.505705231524,127.77236504609,-6.06687446261903,1241.30852786118
-1208.51306097687,-1120.1923056915,-1527.51928260751,-407.326976916006,-1667.23431230511,452.700315990753,541.021071276108,133.694094360104,-6.02093533749047,1253.88640005162
-1205.37182572789,-1132.55647553688,-1521.47796715724,-388.921491620368,-1663.82347597766,452.499083895458,525.314434086459,136.392942466096,-5.95256635432056,1268.94941800297
-1207.48108918547,-1149.38249995421,-1514.33624020371,-364.953740249477,-1656.25019483551,442.919063021181,501.01765225243,136.06391200295,-5.85004262886007,1285.44641195717
-1217.28235071922,-1172.175338221,-1539.65219947278,-367.476861251783,-1677.15621933603,454.126513805825,499.233526304032,131.756665052251,-5.74735481101276,1303.93200327323
-1236.53240027638,-1200.94799557896,-1561.49109401432,-360.543098435355,-1691.52061528026,449.358234796116,484.942639493533,124.399541058178,-5.62998020776221,1325.34753663717
-1265.10261108336,-1234.84486511613,-1590.80480182556,-355.959936709438,-1710.94327329303,440.323353005188,470.581098972393,114.621162262961,-5.51730920449956,1349.46602737909
-1297.80186678429,-1268.81142976611,-1600.47319741584,-331.66176764972,-1712.00407391176,408.820271859023,437.810708877188,106.148941227469,-5.38193526846618,1374.96037099358
-1333.68990698684,-1302.47083939559,-1606.10071386,-303.629874464417,-1711.21282207784,372.247060344207,403.466127935462,99.8362534710431,-5.27585474678575,1402.30709286663
-1368.71106653117,-1331.81621399516,-1598.91346763199,-267.097253636837,-1701.36649917124,327.478090769253,364.372943305264,97.275689668428,-5.17734187081265,1429.09190366359
-1399.65591699788,-1354.93064508461,-1562.91674829112,-207.986103206517,-1668.24394535786,263.503847255414,308.229119168689,100.243015962173,-5.08418110456416,1455.17366104678
-1421.57578548929,-1369.7035261886,-1549.16803291861,-179.464506730016,-1662.29003855188,235.714343028541,287.586602329222,108.12209559921,-4.99991003405715,1477.8256217878
-1442.62791119895,-1384.678177629,-1562.2242842268,-177.546106597796,-1683.82041591179,236.288398066722,294.238131636661,116.692025038868,-4.9041066461061,1501.37020266788
-1452.03790234127,-1391.52867512056,-1602.23220589696,-210.703530776409,-1733.75964816249,276.909517959086,337.418745179803,126.715214403392,-4.81222786213904,1518.24388952395
-1453.34490062301,-1395.55605263465,-1633.9344604091,-238.378407774445,-1774.56224728763,316.459751967439,374.248599955789,135.870192181345,-4.75759469717899,1531.42624481601
-1452.30209406522,-1398.96498338566,-1652.6995869521,-253.734603566448,-1803.0293544662,345.999610309585,399.336720989154,145.602117422711,-4.72765009138331,1544.56710080835
-1445.89499324909,-1401.30645892271,-1670.17546648398,-268.869007561254,-1831.36923090043,380.75713811224,425.345672438635,156.47666487738,-4.71709953907124,1557.7831238001
-1429.13741715582,-1397.87929103384,-1681.3753365975,-283.496045563675,-1853.49375200899,419.632540377956,450.890666499926,167.394620936253,-4.72379447521397,1565.2739119701
-1409.51976426861,-1395.17150319132,-1712.55119400005,-317.379690808728,-1891.32055331595,477.073724846678,491.421985923965,174.042295115236,-4.72706420064688,1569.21379830656
-1383.06473315957,-1388.49392843906,-1729.59843730999,-341.104508870914,-1912.9552318697,525.134231445136,519.705036165638,178.600527294721,-4.75626726498587,1567.09445573379
-1358.49347168442,-1383.62615756806,-1706.20914997327,-322.582992405234,-1891.33038362683,528.079598413144,502.946912529519,180.363920124282,-4.75731352925621,1563.99007769234
-1330.98250790458,-1378.00888494623,-1668.02651981032,-290.017634864103,-1851.26823073937,515.521879802719,468.495502761064,178.477867896957,-4.76384303207528,1556.4867528432
-1307.24791809339,-1376.44883269683,-1613.01583753966,-236.567004842826,-1790.71913660612,478.701914794654,409.501000191215,172.933995348391,-4.76930371803875,1549.38282804521
-1280.7508447965,-1374.00896123022,-1593.728719992,-219.719758761805,-1763.06407427963,477.540508578185,384.282392144469,164.562633382666,-4.77272090494571,1538.57159461287
-1262.67195461646,-1377.32356870152,-1583.13158181345,-205.808013111943,-1738.76843263621,471.31078485866,356.659170773604,150.851157661669,-4.78569316107982,1528.17472636318
-1254.49429341588,-1385.65986810042,-1573.38114181686,-187.721273716445,-1709.55752943244,450.260624893495,319.09505020895,131.373776492504,-4.80261112306995,1517.03364459291
-1251.3746453314,-1395.29583014351,-1560.33236175988,-165.036531616391,-1671.07526822075,414.902096107195,270.980911295097,105.944379678702,-4.79852678214401,1501.2402098222
-1258.79377823327,-1408.76187567035,-1552.20647927833,-143.444603607979,-1633.85670829069,370.266212283286,220.298114846191,76.8535112382145,-4.79671777413178,1485.61538690857
-1271.35560210635,-1422.17161640967,-1542.19215108041,-120.020534670738,-1590.32411334367,314.200950951456,163.384936648126,43.3644019773882,-4.767560285853,1465.53601838708
-1294.21654812091,-1437.73446994233,-1530.99236448562,-93.2578945432915,-1544.33145781373,245.383134691472,101.865212870053,8.60731832675574,-4.73177500134035,1446.34178826909
-1324.35183007866,-1451.13201912268,-1543.46298225785,-92.3309631351792,-1522.3614138273,193.300609304499,66.5204202604781,-25.8105428746989,-4.70897444414198,1425.32147624798
-1357.24732844056,-1459.81976938382,-1575.64482513701,-115.825055753209,-1520.78172558653,158.847217910771,56.274776967503,-59.5502787857029,-4.68717923519562,1400.26949059811
-1396.61858346633,-1465.78287902472,-1596.40101240274,-130.618133378012,-1508.27709119134,106.986986968822,37.8226914104306,-92.7954419675804,-4.67152075617768,1372.98743705714
-1443.33131690291,-1470.01648630146,-1615.23428888923,-145.217802587783,-1497.23075901482,49.2667337883666,22.5815643898136,-122.636238197966,-4.63270832353115,1347.38024810348
-1486.66578340802,-1464.18164952576,-1597.38599604459,-133.204346518825,-1457.75789555128,-33.5425460732753,-11.0584121910262,-144.262758709848,-4.63465821651463,1319.91889081592
-1529.95633401427,-1452.43864383721,-1551.46567044319,-99.0270266059661,-1397.74339832624,-136.845734380452,-59.3280442034203,-158.35507080939,-4.63279869242805,1294.08357302783
-1573.11670242907,-1434.13951605637,-1523.86066347824,-89.7211474218753,-1365.87883546219,-211.863222411638,-72.8860360389447,-162.607183460819,-4.62535544476097,1271.53233259554
-1609.37178054726,-1407.76928503912,-1503.49418907852,-95.7249040393961,-1350.97141611146,-263.027373319766,-61.4248778116387,-157.149781851035,-4.62700888397119,1250.6195031881
-1635.10589177202,-1372.19105920941,-1473.12347869823,-100.932419488821,-1335.70638042523,-304.074614112092,-41.1597815494888,-142.092201038313,-4.67510276530445,1230.09885817109
-1649.77866909171,-1327.77005072369,-1421.88174516677,-94.1116944430853,-1310.20867862459,-344.299310677642,-22.2906923096539,-116.402386752737,-4.72932021053785,1211.36766397095
-1648.46826264248,-1273.19322258798,-1352.38159259378,-79.1883700057996,-1276.97263491794,-376.286718288742,-1.01167823424503,-80.2000482400458,-4.79109056420302,1192.99317434792
-1631.14051969451,-1211.75357132984,-1275.9744764837,-64.220905153871,-1245.67643745514,-390.32761745348,29.0593309111697,-35.1615742427008,-4.86353521411958,1176.59199708712
-1597.12729178349,-1144.50981219348,-1168.13125600332,-23.6214438098468,-1190.56070526892,-411.504176874628,41.1133027153734,17.4918589055286,-4.93759036006393,1162.00167109899
-1547.57568139376,-1073.63364526994,-1050.817144681,22.8165005889356,-1131.4417470514,-421.143694865842,52.7983412579756,75.6148418469105,-5.00976052347696,1149.24848711685
-1483.49830868054,-1001.24522974171,-925.264996503218,75.980233238511,-1068.1257248124,-420.43410114975,61.8189777890641,137.799211027579,-5.06151728160271,1139.0444407693
-1411.52027449451,-934.40122120599,-847.351101836166,87.0501193698259,-1052.63680981575,-363.996453401953,113.122599886547,200.172719256372,-5.11298872318865,1134.57394046237
-1328.42142510037,-871.506001655939,-779.283708930135,92.2222927258098,-1044.51042114118,-289.079251046431,167.836172397984,260.058465123794,-5.16824708725142,1131.56446677975
-1236.10213407413,-815.462388578035,-720.590911517801,94.8714770602228,-1039.30671665177,-202.039580091614,218.600165404469,313.471642464691,-5.24416266927693,1128.93403104271
-1144.79948255569,-773.628045072698,-705.224223159637,68.4038219130787,-1067.60242258602,-82.5135111528602,288.657926330109,357.061748243185,-5.31645118320212,1130.6897933159
-1054.65743934288,-745.242812016293,-710.066043934261,35.1767680820436,-1102.64896226587,42.6183949269407,352.033022253509,387.209790335554,-5.37312799605629,1132.45260235186
-971.116764700574,-731.577666602109,-768.308451347256,-36.7307847451439,-1177.18055814914,200.638792362048,440.177890460502,403.447105715357,-5.42500108651298,1135.02477231747
-902.042894587171,-735.184712337965,-821.252103032481,-86.067390694507,-1230.84885807666,323.334171452849,490.192353702024,404.124963007519,-5.47179203663782,1139.30967534551
-849.720575522324,-754.89931669201,-927.149128816989,-172.249812124984,-1321.30337409683,466.125775157905,560.947033988201,388.697221863216,-5.45702341661833,1143.59653855523
-817.540019356355,-790.032395305222,-1034.66125211393,-244.628856808703,-1397.65820905513,574.697030753683,602.204654804821,357.575797996114,-5.42115894509651,1147.60819330135
-808.046211873101,-839.745642092904,-1136.19734973645,-296.451707643527,-1453.8005404123,640.38755625424,608.688126034423,312.236418390891,-5.3667722849538,1151.9820604838
-821.880869120562,-898.89460023061,-1235.13698447215,-336.242384241536,-1497.46389450388,670.263244400945,593.249513290866,257.00712904933,-5.31978098240494,1155.90172927994
-861.142243072651,-967.192386331788,-1344.77825747958,-377.58587114779,-1543.87742417556,677.457263886244,571.40712062711,193.821249479322,-5.27791721665932,1161.01363581112
-914.186679302926,-1034.06211409063,-1476.98478012041,-442.922666029782,-1610.16278462864,690.7212036878,570.845768900095,127.923102870309,-5.25490163792949,1161.98521696094
-980.668146403827,-1097.53153669837,-1618.31131199094,-520.779775292561,-1685.27339876958,699.355044653679,582.491654359122,61.7118790665546,-5.25020771209409,1159.24341576493
-1058.75132842162,-1153.39869970778,-1742.16711971875,-588.768420010995,-1747.62658742569,683.652960674792,589.005589388648,0.237169377649234,-5.22229832929273,1153.63586908542
-1140.34061977044,-1195.10066133754,-1872.05159071791,-676.950929380377,-1824.9217899403,679.398356157513,624.638314590415,-52.312614789961,-5.18281401234495,1142.78804654758
-1221.22073264484,-1221.88689484683,-1955.44476728362,-733.557872436791,-1865.08016981633,638.72770363004,638.061541428047,-95.4963310087463,-5.13173354147215,1126.39056383808
-1298.58207908364,-1233.74700176708,-2035.99532505836,-802.248323291285,-1912.40922425255,608.794219250299,673.629296566839,-128.619026724445,-5.03292591862319,1105.12797504264
-1369.38238009034,-1231.77797787101,-2063.78255665291,-832.004578781902,-1918.18801409541,543.878840291416,681.483242510741,-150.521336271164,-4.92679371366282,1081.25664159983
-1426.56309034923,-1211.89844969909,-2069.45495590863,-857.556506209526,-1914.75733699368,483.388381472361,698.053022122501,-159.503484087027,-4.8058651720826,1052.39496561207
-1470.09947710609,-1176.29175510655,-2073.55613177352,-897.264376666977,-1922.65839365684,447.873566971889,741.681288971429,-155.583087695549,-4.68534957885786,1020.70866741099
-1495.09857272739,-1122.89298248453,-2035.69990444298,-912.806921958449,-1901.75050487373,402.06912864701,774.274718889869,-138.532203068583,-4.58280349932093,984.360779415957
-1502.42644311796,-1057.08241817583,-1961.93665979633,-904.854241620514,-1855.76288861614,348.835261349089,794.179286291233,-110.674955329284,-4.50118414908084,946.407462846538
-1484.41202811308,-974.073500997829,-1866.63019712991,-892.556696132086,-1800.46159966754,311.606815414473,821.945342529728,-70.6113536023585,-4.44275613997265,903.462147395479
-1443.39423570943,-877.799961907838,-1766.48185966808,-888.681897760265,-1749.96955521411,302.203662019739,867.797935821349,-20.8839619389135,-4.37165748492468,856.915999968919
-1380.77056641665,-772.667301556474,-1642.5184469847,-869.851145428222,-1682.18227010968,297.117069381244,905.220334241418,35.3691888131962,-4.29463431177029,808.036490369668
-1302.52926398793,-666.049054664331,-1531.31627614458,-865.267221480259,-1629.37003030228,322.619596093265,959.099805416868,93.8325839366115,-4.22117022107888,759.881638600941
-1208.761819529,-559.58487041161,-1389.86184866814,-830.276978256533,-1545.17961660037,332.285071778712,981.462020896103,151.18504263957,-4.13272529265656,710.769913051176
-1101.31598450912,-456.332194792033,-1261.41149640734,-805.079301615313,-1470.16933044158,364.80657745181,1009.79036716891,204.711065553596,-4.04676848063988,661.043260345625
-991.332236952131,-364.170446888275,-1144.95654747257,-780.786100584297,-1400.24819125904,404.934973066904,1032.09676313076,251.310662546462,-3.98098123999334,615.481109434733
-884.393977711964,-286.402186814468,-1055.78779075747,-769.385603943005,-1348.62147259381,460.293360583051,1058.28515148054,288.899547537541,-3.93413429878235,575.301734352016
-781.664570348929,-222.087888395937,-958.692622905371,-736.604734509446,-1279.33567729547,493.789173713473,1053.36585566647,316.761121157019,-3.88193323306284,538.849009552961
-684.854937711052,-169.805019575643,-868.041784327875,-698.236764752233,-1207.93998893925,519.256923194434,1034.30684132985,336.070076577612,-3.82812803374414,505.875096153262
-602.562441590504,-134.842679473457,-755.297305270631,-620.454625797173,-1103.8163112529,497.472288447445,965.192050564497,344.737424767326,-3.78158121493118,479.580104240798
-531.649859129934,-111.994491040377,-677.210226075168,-565.215735034806,-1026.45442097522,491.07012663184,910.725494721406,345.509759686604,-3.73443521344034,457.504250726982
-471.003755244999,-99.4251567230997,-568.755915643305,-469.3307589202,-912.335815061601,437.624547221152,809.20314574305,339.872386822855,-3.70751259543194,439.29754354597
-428.004272743191,-100.126978628406,-476.795706489199,-376.668727860784,-808.225879579102,376.54829332869,704.425587443476,327.756859582693,-3.67331350719365,427.883838211113
-404.28421658393,-114.465671133579,-421.944689791027,-307.479018657448,-734.815047217079,326.858972083466,616.677517533813,309.198498876369,-3.67185854968304,423.664170009948
-389.545593503403,-133.342182453356,-361.207451866167,-227.865269412805,-652.07663420906,258.852748610274,515.056159660296,287.190890247495,-3.6782920953876,420.533072700874
-386.717581949151,-157.504019311941,-323.536880086148,-166.032860774221,-590.56569200866,200.164026471033,429.377589108225,263.344728334008,-3.68408358846637,420.848747645964
-399.630852578087,-187.471974812748,-263.769979044621,-76.298004231867,-507.171661449251,103.84864955983,316.007527325158,239.709523093292,-3.69215931133182,427.181497906059
-419.456141768756,-216.816681834747,-206.27575483268,10.5409270020572,-430.342119527494,7.16144436106029,209.800904295069,220.34183129713,-3.72453339766771,437.158513131882
-437.890324219511,-240.280982361659,-173.946261565477,66.3347207961929,-383.923621677927,-57.7378288165977,139.871513041225,206.206233837419,-3.77112627503543,446.48721619909
-454.871186224543,-258.613179816087,-159.261497262644,99.3516825534288,-361.016684247411,-97.6761782518604,98.5818281565816,197.93351071001,-3.82167627472784,456.546690526093
-464.943135278511,-268.736521591214,-149.491420663647,119.245100927553,-349.755741045513,-119.074330062975,77.13228362432,196.377384551874,-3.8869358299778,465.113906143083
-466.714569336153,-269.552221594406,-127.791525189579,141.760696404813,-336.198483567334,-134.486805933631,62.675541808101,204.436238212921,-3.97072016481451,473.988459807324
-453.487277005367,-258.455722393814,-131.093420910657,127.362301483146,-355.674828622675,-101.880100302762,93.1514543087672,220.513755791916,-4.06765192007307,478.969478185731
-426.786094860691,-239.050734298552,-129.519555593863,109.531178704684,-376.280106464888,-54.6547685699393,133.080591992191,242.611770696875,-4.14878017412213,481.662504995443
-388.395363928585,-214.886309302641,-132.695333392561,82.1909759100828,-405.518922088937,12.8858543376364,186.39490896357,268.585884873651,-4.23770382270521,483.472194176305
-339.5062973313,-187.84381966518,-149.800096397754,38.0437232674234,-450.848913986953,107.026935476384,258.689413142487,296.733136409917,-4.31568117925727,484.576956075098
-285.893212742101,-163.71759330886,-164.359851716881,-0.642258408027534,-492.421027778812,202.161969207502,324.337588640762,323.695330232733,-4.36584582918598,487.412923541586
-225.642939189849,-141.97411711913,-216.358058890992,-74.3839417718723,-567.442016186788,337.407450221097,421.076272291814,346.692330519937,-4.39162677582792,488.666447639071
-162.996995218073,-125.951546699026,-268.147985898089,-142.196439199061,-635.986836654423,468.567595107909,505.613043626955,363.416604427895,-4.42224632842924,489.368151126924
-94.848065789217,-113.232477614893,-317.747450126047,-204.514972511157,-693.94121511955,594.66219603108,576.277784205384,371.762811694228,-4.4309532992502,484.995289309126
-29.2062896570938,-108.651473507991,-329.643972039878,-220.992498531891,-704.382477342069,670.746154105172,591.300970254256,370.308471722365,-4.43003357980655,478.959945230366
28.3607451287582,-114.356642535346,-361.141290069003,-246.784647533669,-724.340934282359,748.30706755157,605.58967988746,358.805032353787,-4.39461185956017,473.161674889125
74.6214438509974,-130.739056097675,-397.107268406815,-266.368212309154,-738.618733045105,808.891346034294,603.530846085612,337.162633776453,-4.34883086182869,467.901689874137
105.512166054729,-158.297600194225,-443.095440429808,-284.797840235571,-753.407752526147,854.632584988053,590.822818739086,306.024978503512,-4.28733359282136,464.322578697745
117.895915913161,-197.081352082732,-541.122721922467,-344.041369839719,-811.444849656299,925.148640316092,610.171372320176,266.130002480454,-4.19212525339021,463.211354563185
111.813992247699,-245.424995911437,-645.92684610032,-400.50185018889,-869.129720915084,976.866694572975,619.627706413833,219.125856224941,-4.07701858982038,464.550852136377
88.0169836208442,-300.394317585501,-779.866646824081,-479.472329238591,-951.157708229151,1035.22655782336,646.815256617011,167.342927378413,-3.94813402666008,467.73724496391
47.5641741025451,-360.481502521732,-916.55721893533,-556.075716413596,-1032.40785930946,1076.14376011939,668.098083495075,112.022367081481,-3.82827329265218,472.503869603215
-10.6578077425885,-424.737632860957,-1032.9118407818,-608.17420792084,-1091.7778206568,1077.4130846306,663.333259512228,55.1590515913794,-3.70692828363165,479.896684452334
-83.9367951878733,-490.593289063916,-1160.07745094577,-669.484161881848,-1162.17521706497,1074.64633939088,667.989845514817,-1.49431636703328,-3.59208248623767,489.098972696887
-164.820544200614,-551.903323464686,-1265.88990980932,-713.986586344623,-1214.63992912171,1046.34358087539,659.260801611302,-54.7257847333249,-3.47580404571381,497.177538731373
-252.821181476301,-607.97973912008,-1361.71135268002,-753.731613559956,-1262.8582773634,1006.65954058259,651.500982938792,-102.230630621168,-3.37755530452753,505.749108498929
-343.66382139246,-655.785504376145,-1380.23379387937,-724.448289503231,-1241.737069437,894.797330512292,582.675647528615,-141.772641974622,-3.2759175322682,514.012862401509
-435.733220635907,-695.025430022631,-1383.23485796147,-688.209427938836,-1214.49115343134,775.591551051345,516.299341664619,-171.910086274223,-3.16638174409905,523.11534374843
-522.625523262443,-722.457407340422,-1384.04547752932,-661.588070188913,-1195.44895485129,669.779431858767,469.947547780793,-191.64052240812,-3.04399973007287,530.816884932292
-602.470604468416,-738.823329579567,-1364.38352902801,-625.560199448438,-1166.13820661117,560.739025715582,424.386300604433,-201.173898844008,-2.92857642715776,537.649430735571
-672.515403805824,-744.474332377785,-1317.80466815137,-573.330335773593,-1118.82427110307,443.4721365488,371.513207976837,-201.817127796756,-2.83673074845346,542.657204581039
-729.342892557683,-739.09872629067,-1256.48272729408,-517.384001003425,-1065.05573099779,332.953523141153,323.197689408173,-194.186311595255,-2.7593152989546,544.912414695423
-773.272034319724,-724.665741210186,-1192.48578550663,-467.82004429645,-1015.88708474172,239.893763743593,288.50005685312,-179.319987443332,-2.72128667841137,545.345753766861
-802.63777146643,-700.947637590041,-1112.74995889183,-411.802321301792,-957.515489889998,152.146199782949,253.83633365934,-157.965987642456,-2.73151864060242,542.981649947612
-816.759753999339,-668.899457341844,-1024.09967100012,-355.200213658285,-895.778701446762,76.2701572440861,224.130453901569,-131.069759756717,-2.74879020335383,537.829697585133
-816.971291511005,-631.607645023411,-937.88459307939,-306.276948055994,-839.883162126246,20.1419492540564,205.505595741666,-100.771352314327,-2.76992136118522,530.83629270908
-805.065362476967,-592.082938101852,-851.071851101594,-258.988912999757,-784.353944402825,-23.4970289859975,189.485395389112,-69.5035176106402,-2.78561091186606,522.579420491217
-786.304380260998,-554.593449718747,-773.279080706505,-218.685630987768,-736.57689258987,-52.544129815969,179.166800726286,-39.5188302614837,-2.81664214484064,515.074619457252
-760.383679729125,-519.207512770775,-693.850734193834,-174.643221423059,-684.799998832209,-78.4159692071018,162.760197751237,-11.8830236718132,-2.83228831018314,507.324489098958
-731.475220349689,-489.304057770147,-630.830263317591,-141.526205547447,-645.459252710643,-88.8647931424828,153.306369437063,11.7801638896121,-2.84882550344841,501.084221659751
-704.004239348121,-466.37959560236,-572.649021604213,-106.269426001849,-607.717007905853,-99.1471241234165,138.477519622334,32.2080936204891,-2.85989268113288,498.587689222864
-679.871976329533,-451.565403499908,-497.975748788917,-46.4103452890253,-550.183430655784,-132.555107564855,95.7514652647893,49.3411199757583,-2.86656189110335,500.906523475661
-656.742082139045,-440.479458394943,-417.838646875034,22.6408115198955,-485.728209120087,-173.883918964204,42.3787047798977,65.0195162997913,-2.87004594524858,505.498974694723
-635.233990253926,-434.676475894274,-374.376339052263,60.3001368420123,-454.868999793948,-183.232814280578,17.3247000790971,77.6248369211077,-2.86782382057972,512.30131281538
-614.551400000648,-431.300566429835,-378.333202041099,52.9673643887353,-469.931602402551,-147.48390807188,35.7669254989398,88.7342898876762,-2.86411047376673,520.034856317516
-598.112808435963,-434.195871786938,-370.487750773129,63.7081210138084,-469.889821385105,-131.090030312198,32.8269063368276,96.5350273506315,-2.86704326133729,530.730899137574
-586.593450940222,-442.269292417534,-395.747546677716,46.5217457398222,-501.091515668258,-88.3772836205429,55.946874902135,102.468620641959,-2.87534834857101,544.737913059496
-575.447869088834,-451.922928807926,-439.080664257545,12.8422645503749,-549.375663120788,-28.9555341269487,94.5694061539596,107.411670704334,-2.88332815888696,559.334599512265
-565.841338088477,-463.283460146256,-479.804550160392,-16.5210900141308,-594.128936144828,25.4024500201076,127.96032796232,111.439237948192,-2.88514803625816,574.722698094452
-562.308587404701,-479.905499345208,-554.937697576828,-75.032198231618,-671.161482346421,105.968224974432,188.371313033945,113.339114802326,-2.88466996726565,593.244614147519
-561.218436770865,-498.442728286292,-606.776249463095,-108.33352117678,-723.452256897455,159.350242489885,222.125950974438,113.792429797656,-2.88357763671528,612.235158083941
-558.292748507047,-514.701471351829,-671.543642870278,-156.842171518454,-789.441502315831,228.264604040133,271.855881195357,115.013709676899,-2.8841497686459,629.715181028733
-556.743995789127,-531.318669924956,-749.558578567849,-218.239908642894,-868.738023259376,309.101579175172,334.526905039346,116.286996396457,-2.89244829507751,647.605666321401
-554.811577340836,-547.080239397067,-832.295887587174,-285.215648190099,-952.870546359022,395.16612974468,402.897467688445,117.681819498354,-2.89283927350755,664.762058895396
-554.166473872616,-563.888007653691,-925.237441717941,-361.349434064237,-1046.11613829527,489.04781330174,479.326279520656,117.976845456424,-2.90185112091197,681.864853110117
-545.555160222613,-573.818067575096,-988.31545580366,-414.497388228572,-1110.8362232676,562.371141018944,534.108233666466,119.610845437888,-2.90992202604234,693.42891301298
-535.42684478964,-582.446151388717,-1028.09569127597,-445.649539887245,-1151.32511968509,612.964287408867,565.944980809768,120.295440922529,-2.93398748658461,702.741592311256
-524.977189020463,-590.617530757096,-1089.25884246768,-498.641311710572,-1211.10280880077,683.174381817975,617.534040081354,118.89272837078,-2.95123796232893,709.510259127876
-513.586488194612,-597.921693637927,-1123.46568262341,-525.543988985484,-1242.09251506583,725.546751013972,641.211545570674,115.66755658519,-2.95927585722187,713.589250223108
-500.896648532035,-603.631912602852,-1143.72959009126,-540.0976774884,-1257.20637418756,753.348495578086,650.613231507265,110.515554018861,-2.96123007743821,714.147466621725
-493.558539435286,-612.809257159772,-1152.96810507113,-540.158847911341,-1257.34769811505,760.84918586355,641.598468139054,101.439620227718,-2.93997281621119,714.248877387494
-487.762007713778,-621.436573063399,-1149.59172994401,-528.155156880604,-1242.21428257311,751.540647814187,617.866082464554,89.7109255839475,-2.91162704514019,711.14749864735
-483.31215325394,-629.767668168735,-1168.97060213631,-539.202933967577,-1246.80605825896,760.615844254587,614.160329339778,74.9573953721947,-2.87806075042751,704.725063540936
-482.616119073449,-638.23613066437,-1181.32210727439,-543.085976610036,-1242.02692734263,756.565060851547,600.945049260614,57.8590726505746,-2.84574741764181,696.095203314965
-486.925302625687,-646.660073021023,-1190.31922342119,-543.659150400166,-1232.57729787555,742.839573521287,583.104803125963,39.4456527257927,-2.81242172855909,686.10572574683
-492.49086563253,-652.6205274644,-1234.68135879351,-582.060831329101,-1257.05114248594,761.789192198673,601.659530366818,19.5986990377156,-2.77108465471356,672.219226502114
-501.767377291197,-657.652926047911,-1266.1404851387,-608.487559090797,-1267.5678126531,763.070647396778,607.185098640065,-1.3024604507302,-2.72978796513183,656.350465597152
-518.021917397806,-663.825309406046,-1310.18551316054,-646.360203754494,-1289.47910064147,768.771636613899,622.968244605659,-23.3919591488394,-2.68554662976462,640.43335025721
-542.701431595111,-671.333516835631,-1318.67511022798,-647.34159339236,-1276.32736199578,730.980694618658,602.348609378129,-44.9929840142325,-2.64523578200067,626.3405328214
-572.810280495453,-678.304990875499,-1320.32648492591,-642.021494050388,-1258.05673278767,682.638361432244,577.143651052177,-64.8778429982032,-2.60809085996726,613.427147877315
-608.593420537791,-685.679644140347,-1332.85398547161,-647.174341331256,-1252.11981321791,640.958537800436,563.872314197874,-83.3020271333876,-2.56785487968758,602.377617006964
-647.194807871463,-691.498240100576,-1306.89342826762,-615.395188167043,-1209.58744075544,559.856548893257,515.553116664136,-99.8420715029062,-2.53608399072157,591.656168597679
-686.402068303617,-693.935203958285,-1268.00848505393,-574.073281095646,-1157.80648289936,468.905992605639,461.372856950958,-112.700424144685,-2.49842199012031,581.234779813587
-725.792961143269,-692.442610041447,-1247.49997419627,-555.057364154833,-1128.66302446984,400.394791836709,433.745142938531,-121.312221216309,-2.47527148986468,571.130388825151
-762.817006648988,-686.72595216096,-1214.18167525532,-527.455723094388,-1090.06364593058,324.788364813716,400.879419301748,-126.57630379264,-2.4582744678892,560.149648368304
-796.842593193101,-676.079886838262,-1149.67245636838,-473.592569530112,-1025.22374144055,225.921316807285,346.684023162126,-126.908546367986,-2.45983144015334,549.171340470285
-826.194199378943,-660.362088641563,-1069.48311349704,-409.121024855474,-949.380536516243,120.718210087887,286.55032082526,-122.570704030209,-2.46812704940842,537.791384611351
-852.732405321352,-640.738694697836,-994.278911411375,-353.540216713558,-883.937443535525,28.7259533328748,240.719663956403,-112.820552757158,-2.47908488128866,527.918141940672
-873.851388813904,-616.771396548704,-925.913614502146,-309.142217953444,-830.284042407714,-46.0623041612532,211.017688103939,-98.1245298495005,-2.494957755065,518.646866699223
-888.053832966845,-588.203264848368,-870.34031718175,-282.137052333392,-793.023063285141,-97.5313871862499,202.319180932209,-79.8178714011828,-2.50061750456381,508.385393447204
-894.537703159411,-555.584375419382,-825.910023806343,-270.325648386965,-769.339868507447,-127.695969790185,211.257357949845,-59.0682904371241,-2.49813513821457,496.516084982269
-895.177467255249,-521.513332897415,-774.567436748973,-253.054103851541,-739.975939034507,-157.700766186734,215.963368171085,-37.0907356804554,-2.49923796598769,484.42259721698
-889.132580473751,-486.010639044519,-759.971690471129,-273.961051426601,-748.128434679508,-143.508104656146,259.613836773082,-14.3472146535251,-2.50395886190313,471.663424391017
-877.104189760795,-450.057037186819,-757.399989450312,-307.342952263493,-767.696253527416,-111.918569583813,315.128582990162,7.78563072667679,-2.51063335042599,457.842667913508
-861.482131332883,-414.902506003107,-743.528410557697,-328.625904554596,-774.931843283877,-89.0569558763276,357.52266945344,28.8967648988456,-2.50666782733363,443.799270901952
-843.5117784159,-381.189113352017,-755.46975927784,-374.280645925814,-806.812120119119,-39.1979337524228,423.124731311449,48.8440853856405,-2.49827545564223,430.033198737672
-820.580439995337,-346.075634446393,-764.461636786688,-418.386002340285,-835.618310911597,12.5508960841171,487.055701633054,68.6696992927671,-2.48697483214094,414.745333739175
-793.409900419342,-310.422530169821,-754.319226012126,-443.896695842307,-844.331622146776,48.4555707339621,531.442940983474,87.5462451411734,-2.46615099347788,397.968775310998
-763.679366922786,-275.860586721019,-772.347078330641,-496.486491609629,-879.890769477286,113.77179624057,601.590576442341,105.104084832703,-2.43960631394169,380.964671553727
-732.309666553579,-242.566905141829,-743.468019277132,-500.901114135298,-867.47232585467,132.75269795881,622.495459370541,121.594345235236,-2.40996134229479,364.161250377094
-698.588534226639,-209.56648455528,-708.043647896426,-498.477163341175,-847.623640682798,146.647849313068,635.669898984434,137.192735643262,-2.38725714310637,346.759220198528
-663.255821669049,-177.13406486385,-697.970856235394,-520.836791371539,-851.926233718293,186.304327011521,672.426083816721,151.589292445186,-2.36608503770424,328.723357309043
-626.333901729894,-145.281912863113,-693.766383286337,-548.484470423251,-860.769729361546,232.091085713132,713.143074579921,164.658604156661,-2.34474191852041,309.940517019759
-589.141630875394,-114.967880653929,-718.670155502472,-603.702274848534,-897.207600359482,305.740834578417,779.914584799856,176.212309951324,-2.3251349056851,291.180190605263
-549.534347266114,-84.4529526602328,-762.085243526488,-677.632290866266,-950.881445311104,399.035990009912,864.117384615779,186.485093749515,-2.31110803506756,270.93804640976
-506.656185083866,-52.8336898369753,-797.058226563967,-744.224536726993,-995.168194973611,486.226988903406,940.049484150276,195.824947423291,-2.28502098634835,248.658637260263
-464.349131681029,-22.6974103403928,-810.847441777373,-788.150031436987,-1016.80269242644,550.199225346736,991.850946687351,203.700915250359,-2.25433539869074,226.398325590755
-422.081105458776,6.39665776015458,-799.753665323457,-806.150323083618,-1012.53198850237,588.23207259091,1016.70983580984,210.559512726223,-2.21881045268277,204.162854966069
-378.556607810359,35.9881113103661,-765.66437520784,-801.652486518203,-984.881181258227,604.14023238175,1018.68495150248,217.032464984269,-2.18434106612436,181.04435367391
-334.442002961034,66.4657508161342,-751.302903212064,-817.768654028209,-977.129749493201,640.541532242206,1041.44928601938,223.680631991177,-2.146214289948,157.214881175048
-289.206479221698,97.0430918454226,-745.170002446364,-842.213094291789,-977.193486419426,685.880197939704,1072.12976900684,229.916674715046,-2.10680925801729,132.873582869609
-242.340696251195,128.286209959139,-731.102154801275,-859.388364760417,-969.124321795312,724.715948141942,1095.34285435229,235.954489591872,-2.06767740216766,107.668279632727
-196.779417063885,157.671049556308,-663.774392442294,-821.445441998586,-906.577907310305,707.771789732015,1062.22225635218,240.776814353591,-2.02670051440401,83.1057647972886
-153.708115442179,184.787844802362,-616.834807305616,-801.622652108,-863.685717500515,707.990701022665,1046.48666126721,244.864009159216,-1.98690103566427,60.0761643568429
-109.231121494088,211.981767515461,-574.567201282811,-786.54896879828,-824.439689028881,713.260374174782,1034.47326318433,247.924294386049,-1.94819336002073,35.9425268705837
-63.0616557008512,239.738143997801,-524.817058946025,-764.555202943833,-776.910041935423,711.935344457614,1014.73514415627,250.179941212445,-1.91304177695644,10.4417972146299
-16.9558451080078,267.094023492557,-484.567525147617,-751.661548640178,-737.94923218112,719.100443462372,1003.15031206294,251.488763422767,-1.89294361073408,-15.6052600698051
28.9033046160418,293.673726724383,-458.734905684452,-752.40863240884,-712.799355172587,739.811178300181,1004.58160040851,252.172967999677,-1.89148148844576,-41.5007587246981
73.1321536693559,319.138244349662,-417.957358209581,-737.095602559255,-672.657428091781,743.887075272979,989.893165953283,252.797563394029,-1.90250648815317,-66.3406809556458
116.849793576482,343.712826781453,-367.796994097802,-711.509820879244,-622.139065271875,737.071223538294,963.934256743231,252.424435863984,-1.91763531007764,-91.2883909174519
157.767599512855,365.526560139733,-301.403656188037,-666.930216327751,-554.105053297607,709.938130318853,917.697090945731,250.766874617975,-1.93452249158787,-114.759685521752
194.543559639375,383.941834295847,-243.608665179993,-627.550499475862,-493.335250707215,685.925057143238,875.323331799714,247.772832323855,-1.9537532033663,-136.169001972008
229.819424505987,401.706615636866,-150.262353889322,-551.968969526192,-396.967501952596,624.814337987389,796.701529118256,244.732559592066,-1.9725884711974,-156.974056044802
261.750966031007,417.392605506307,-78.3378742366153,-495.730479742926,-321.436310076447,581.197447582662,736.839087057971,241.108607315047,-1.98982852477937,-176.283998191255
291.313771440869,431.547592508224,-36.9103085199268,-468.457901028153,-275.603893697736,564.910678163535,705.144499230884,236.68659820273,-2.00698697506165,-194.860994305501
315.747380814317,442.340985307236,-11.4286567883202,-453.769642095571,-244.826486477681,558.552786180093,685.146390673023,231.376748577449,-2.0210811119127,-210.964236729792
338.066020981314,451.636425463716,0.239218826544181,-451.397206637188,-227.22939019189,563.268530833189,676.8389353156,225.441728678418,-2.02688034000332,-226.194696785305
358.611241081688,459.78871998197,16.4006313567708,-443.388088625204,-204.639669150643,561.224921189977,662.402400090253,219.014311465047,-2.02598904237645,-240.774408516926
375.895212772325,465.712955029944,24.78309667845,-440.929858351491,-188.872078062509,562.751958487485,652.569700745095,211.639842393603,-2.0153323473455,-254.07311263633
392.119001003335,470.923926429984,37.914168512932,-433.009757917075,-167.63993303426,557.758413112388,636.563338539046,203.553580621973,-2.00052092520817,-267.370345808033
406.322642324081,475.535700194856,50.0033874069897,-425.532312787858,-147.677614811743,552.015834965649,621.22889283639,195.696580048538,-1.98442217017537,-279.839120146293
417.116362618009,478.486412731212,57.7180169858944,-420.768395745318,-132.124420752809,547.27961212075,608.649662233951,187.88126648863,-1.96117125007128,-290.605146242575
425.672113919111,480.512271839133,72.318341309717,-408.193930529422,-109.978221021509,533.71543332662,588.555591246652,180.361660717235,-1.93490161399395,-300.15061112191
434.342152208264,483.082991581153,80.8094829432485,-402.273508637894,-94.4297882882974,526.861351426989,575.602190799882,173.328682161986,-1.9105890695627,-309.754309419141
442.713402902858,485.623440713328,104.726043124563,-380.897397588764,-63.5593169097027,504.382077013162,547.292114823635,166.394717234872,-1.8906427993789,-319.228723478434
449.065514596662,487.478711493914,133.40131977472,-354.077391719196,-28.3908209057762,475.578400346905,513.991597244178,159.914205524977,-1.87793515551997,-327.564505968942
454.977001218409,489.123847483068,158.85566772699,-330.268179756073,3.21992887693038,449.880276472393,484.027122737036,153.758942980966,-1.87679586907558,-335.364904502086
459.574988468127,489.896703716498,154.357048142553,-335.539655573946,4.80009268507709,452.885309729979,483.207024978348,147.667369404401,-1.88958605306551,-342.229334312079
462.882894870831,489.853097795651,120.363333551128,-369.489764244513,-23.2990883490826,484.273084753368,511.243287678164,141.753523433651,-1.90889846653414,-348.09957436197
465.550289553893,489.340441416562,115.542226313006,-373.798215103551,-22.2851322216495,485.910252940233,509.70040480289,135.90218969934,-1.92516883531159,-353.438251717206
468.483847978124,489.035493780427,94.3324720027148,-394.703021777697,-37.4485383527815,503.992783620382,524.544429422675,129.841407644977,-1.93960271051368,-359.194086135429
471.0995668587,488.297903232211,67.757339502139,-420.54056373005,-57.492940631553,526.638306237122,543.83664261062,123.296078880565,-1.95420125311972,-365.001824351623
472.811579390937,487.072936644113,9.0349171545476,-478.038019489566,-109.649019171885,580.487572207313,594.748929460479,116.710909970917,-1.97302635550631,-370.362026673194
472.98268617981,485.071525243461,-47.3259562008459,-532.397481444312,-159.550762365638,630.540401054964,642.629240118602,110.231758674292,-1.99304749049016,-374.839766569153
471.668797930017,482.490610383473,-89.9083968925247,-572.399007275975,-196.161255785965,665.817916764012,676.639729217427,104.240721941459,-2.01213695198312,-378.249888441993
471.110325247096,480.400884758833,-105.542679999983,-585.943564758803,-205.573028674543,674.660955416107,683.951514927822,98.0079501690171,-2.02239850554543,-382.392934589803
470.89766424495,478.518475300079,-127.379727132894,-605.898202432962,-221.208565269556,690.075150552053,697.695961607165,91.7977591742029,-2.03107896246413,-386.720716125872
470.897100601233,476.747635801572,-125.777828646264,-602.52546444784,-213.522330170362,682.388544541098,688.239079741444,85.7136152936003,-2.03088623048028,-391.034020507953
470.608848542163,474.754864659682,-99.5052393090751,-574.260103968758,-181.356373566012,649.944204059329,654.090220176831,79.8301162080721,-2.0210180488511,-394.924748451611
469.917881701116,472.437436195834,-67.086820920551,-539.52425711637,-143.410983897228,611.324411897753,613.843966392448,74.3197092760791,-2.0044537006051,-398.117726919747
469.078849306625,470.017299472551,-35.8275380632012,-505.844837535754,-106.903000085301,573.997987346349,574.936437512266,69.0915999765131,-1.98386204557243,-400.925699496032
468.146976297086,467.560251365391,-19.9796958961013,-487.539947261474,-86.1488122099502,552.333773160145,551.747048228428,64.207100966958,-1.9620153468939,-403.353150398415
466.7259233191,464.744372164528,7.23050052979626,-457.513871634721,-54.209555603524,518.996700793001,517.015149638396,59.501278003675,-1.93877812963978,-405.243094160842
464.519225654742,461.31974458361,15.1422259522995,-446.177518631288,-41.7834058814909,504.389207237422,501.189726166261,55.0122075349779,-1.91342429881549,-406.307537048613
461.760226015954,457.41611036457,24.1316827147171,-433.28442764985,-28.5670001461479,488.442760727324,484.09864507593,50.8142174260819,-1.88446543477562,-406.601892938488
459.043593133866,453.409857047919,13.3043789965462,-440.105478051372,-35.3570111330175,492.551952652773,486.918216566811,46.8127385154484,-1.84865161412091,-406.597118532479
456.125040713995,449.280965549381,15.5627439287867,-433.718221620583,-29.5529586116741,483.872012762945,477.027937598325,43.3097159777387,-1.80598656272297,-405.971249571637
453.032929129616,445.181120504049,8.10416439434819,-437.076956109702,-33.9485256683092,485.224416666998,477.372608041432,40.2956519317248,-1.75703813092316,-404.88546857232
449.692896850722,441.154209991962,-19.8466749563234,-461.000884948287,-59.0844437985838,507.070762132375,498.532075273612,37.5311903253214,-1.70657851692946,-403.623019666663
446.789422309538,437.759714256748,-35.0897362565059,-472.849450513253,-71.7060927929804,516.835144539915,507.80543648712,34.9559859738715,-1.66037056259576,-402.803728282886
444.406486127819,435.002163224965,-38.0852280561753,-473.087391281121,-72.167285416116,514.961857198585,505.557534295725,32.4701430145968,-1.61191434534882,-402.53202021038
442.179920732522,432.550807674827,-31.2651472413918,-463.815954916229,-62.9864023072994,503.606274464916,493.977161407231,30.1612064910019,-1.56004857490033,-402.389601183822
439.810845339455,430.084675724076,-5.25593860120131,-435.340614325275,-34.772286108218,473.080581481206,463.354411865842,28.0137975405616,-1.50254996643905,-402.070878183522
437.827945898921,428.00187327089,20.9263828736961,-407.075490397206,-6.64445949458418,443.031489888677,433.205417260666,26.1299268634604,-1.44091550481734,-401.871946407448
435.983034377923,426.108828830298,41.3064073273736,-384.802421502927,15.7368712477219,418.874906785453,409.000701237838,24.1982797349113,-1.37125634473085,-401.910549095406
434.49617436984,424.548315224668,55.88940555304,-368.658909671619,32.3829606530574,400.814091469604,390.866232324441,22.2073226528219,-1.29912224717201,-402.340992571853
433.081181477752,423.29856039428,78.5727481098504,-344.725812284414,56.782933942112,375.064771922856,365.282150839366,20.5563385549456,-1.23347561277175,-402.742221839306
431.392346230628,421.994969470425,88.619898319353,-333.375071151057,68.3935336104628,361.824673349085,352.427296588877,19.0522254378166,-1.17413927107032,-402.942744032598
429.330426394313,420.693636275727,85.9332330226862,-334.760403253043,67.1296763215196,361.072445779565,352.435655660978,17.6752524079293,-1.12830429320541,-403.018383867789
427.385303580498,419.66301326887,42.7238322141697,-376.939181054708,24.9462694508522,401.348891459962,393.626601148332,16.6874200936257,-1.09014266970331,-402.975593175258
425.412572974156,418.740148564379,9.55214093527073,-409.188007629102,-7.18386303377134,431.533086313786,424.860661904011,15.6726542749072,-1.06334969413374,-403.067494289463
423.373316645782,417.941882386887,-41.0592118929655,-459.001094279858,-56.7832043262305,479.113762394084,473.682328135195,14.6812338553373,-1.04275857792254,-403.260648531559
421.597255593399,417.622888395141,-97.5706127715253,-515.193501166666,-112.632540863742,533.201285790265,529.226918592012,14.0334174253483,-1.02851066686438,-403.589470969794
420.132558089524,417.671658068291,-159.598442264166,-577.270100332461,-173.970184679864,593.079378591316,590.618478570082,13.3483782376233,-1.02336417807676,-404.323279830671
419.123429782895,418.184925602512,-230.390628532104,-648.575554134631,-244.358582094855,662.452925147994,661.514420967632,12.938866833,-1.02908672974784,-405.24605876952
418.223214245971,418.809976110356,-293.337051548419,-712.147027658802,-307.088917912266,724.260706994441,724.847468858856,12.7004412000517,-1.05142516380405,-406.109534910327
418.104291856072,420.09290881363,-368.294100105762,-788.387008919387,-381.860345035114,798.877177570081,800.865794527649,12.4787856082611,-1.08745932109148,-407.614123205384
417.112622651729,420.599612851011,-410.31315528041,-830.912768131422,-423.528247226917,839.509692067763,842.996682267031,12.0839141356049,-1.13117781088622,-408.5156987154
415.695588153424,420.676241522787,-423.509734911133,-844.185976433929,-436.418977719763,850.935341603564,855.915994972929,11.7300185389994,-1.1792242696325,-408.9462229838
414.580950519933,421.055598908538,-389.508402017806,-810.564000926359,-402.216776794567,815.570689707339,822.045338095936,11.4813371695799,-1.22703760718262,-409.574261738967
413.912351900391,421.826939120371,-357.453165993887,-779.280105114279,-370.251773146263,782.890234688755,790.80482190875,11.5247167944772,-1.27389035789763,-410.302222325927
413.065250257028,422.521657404873,-276.963016116324,-699.4846735212,-289.922050355486,701.669708952091,711.126116099945,11.6414425787439,-1.31759166041891,-410.880214826123
412.246941315856,423.258015642969,-186.9573495743,-610.215365217293,-200.031209445722,610.922670813661,621.933745140778,11.7183799234946,-1.35547994790631,-411.539635719487
411.468866728815,424.133806333264,-44.3226894860828,-468.456495819353,-57.8985320865326,467.979982811554,480.644922415997,12.1884265966375,-1.3874160037953,-411.945379736602
411.354227003937,425.734318798902,77.5467350181007,-348.1875837808,62.9974914344772,346.950632821267,361.330724616237,13.1431408354413,-1.4061027481775,-412.591177963448
411.482545766697,427.585200130476,167.156549758728,-260.428650371739,151.349975324986,258.713767848068,274.816422211837,14.3877718400996,-1.41880259364101,-413.197428290369
411.739092147215,429.599761727604,254.495280866648,-175.104480860976,237.338170207219,172.973270349184,190.833939929575,15.7294590686022,-1.42765159083262,-413.87030265901
411.640583889441,431.309644613299,319.579417266379,-111.730227346939,300.820478733263,109.382593379958,129.051654103828,17.3214267568918,-1.43751177620401,-413.98821785642
411.21190064256,432.680587035672,355.425001475725,-77.2555855599272,335.284984654596,74.4785279966321,95.9472143897285,18.6916288298087,-1.44838799133153,-413.988958205861
411.199176835379,434.437930357001,375.072877751973,-59.3650526050335,353.626100008621,56.1141531128958,79.3529066345125,19.9878540294801,-1.45892371387136,-414.450076327517
411.509163297163,436.479411477428,386.572786298732,-49.9066251786814,363.63830388206,46.4030414829818,71.373289663246,21.4666644845654,-1.46781793210779,-415.012746992844
412.025667891572,438.75959924918,385.952792033676,-52.8068072155009,361.703747832596,48.8516956691651,75.58562702677,22.7788198112707,-1.47022438980571,-415.980779437897
412.863962867575,441.215931416753,382.280978912486,-58.9349525042517,356.690223227267,54.7092313636836,83.0611999128756,24.1262474086315,-1.46450827659499,-417.089684008122
414.579601614958,444.169252353511,366.505489739583,-77.6637626139371,339.825832844555,73.3018373432248,102.89148808178,25.2277254678474,-1.45193142717364,-418.941526885667
417.006723343269,447.543065451332,352.223791735839,-95.3192737155024,324.644310304122,90.931244688686,121.46758679676,26.1483130812594,-1.43116835043929,-421.394752370072
419.61704755148,450.873596859413,321.200042316326,-129.673554543084,292.734099337971,125.475737970543,156.732287278489,27.058732735404,-1.40721024296711,-423.814864124002
422.531420301063,454.222807965087,283.287866256878,-170.934941708212,254.268298662221,166.884746721764,198.576134385781,27.6411926775729,-1.37837491706996,-426.581615287532
425.61213334623,457.471863570646,257.481940956191,-199.989922614441,227.961313348941,196.305768553173,228.165498777577,28.1755761631373,-1.34505144413108,-429.296287407499
428.443572660743,460.24873980664,265.671137710698,-194.577602095939,235.704377851739,191.427045113176,223.232212259058,28.6546101631195,-1.31214969582105,-431.594129643509
431.30686197002,462.906627128895,249.094075369201,-213.812551759685,218.497426856631,211.529770204957,243.129535363823,29.3169836041407,-1.2796649084498,-433.589643524748
433.793332759005,464.994950749523,230.681921110281,-234.313029639245,199.680384246236,232.866073955931,264.067691946441,29.7546623071979,-1.24687455683576,-435.24028844231
436.55709645719,467.089389412878,215.059995348132,-252.029394064731,183.794899649335,251.554511898052,282.086804853712,30.0574107889807,-1.20768490982146,-437.031978623889
439.731892337373,469.391526155988,198.437840501029,-270.953685654937,166.840929730688,271.725931871049,301.385565689641,30.4318800347024,-1.16503073563899,-438.959646121265
443.032845017916,471.695555057308,179.61225079837,-292.083304258933,147.623886338414,294.290782816866,322.953492856258,30.8701885973203,-1.11817586262922,-440.825366459975
446.063688383745,473.716540799653,125.042485953293,-348.674054846344,93.077762446331,351.916469712848,379.569322128749,30.8952672824029,-1.06945622455853,-442.82127351724
449.430446124437,475.848912047032,56.1432690678528,-419.705642979171,24.4087606562361,423.997872771752,450.416338694341,30.7106957151726,-1.0238126964411,-445.138216331847
453.108843473951,478.171126162794,-21.1126259448454,-499.283752107638,-52.5075404356271,504.632167768512,529.694450457343,30.4106983497053,-0.984216141072351,-447.760427813086
456.186045031832,479.828384588263,-87.3713430505032,-567.199727638758,-118.380756564341,573.618619220037,597.260958776464,30.06123113771,-0.948182376126955,-449.767153450551
458.569311529112,480.916616878882,-150.9287252087,-631.845342087564,-181.219906651016,638.871269292054,661.218574641821,29.3732325542556,-0.917948888071955,-451.543384324625
460.326980765721,481.392457862912,-201.098060715904,-682.49051857881,-230.633979395065,690.064844482193,711.130321579387,28.6398030005742,-0.896115678577504,-452.752654862332
461.758439506094,481.60644319269,-217.275980245764,-698.882423438436,-246.115382012534,706.992720432299,726.840724118872,27.9583006804366,-0.881101086329347,-453.648142512247
462.629742880329,481.403300419113,-206.817836871564,-688.221137290684,-234.875215206943,696.636084289206,715.409641827989,27.1885045373073,-0.868873798074807,-454.214795881812
463.466401714502,481.235328373788,-163.424790335593,-644.66011870939,-190.560135807056,653.168802958214,670.937729617492,26.2776109081004,-0.857734563345709,-454.957717465695
464.047481517533,480.904371446467,-102.551616424573,-583.455987871042,-128.758097225816,591.956258909247,608.813148838197,25.3571609671579,-0.84931983407795,-455.547210479309
464.642806175162,480.799516503637,-63.0274272988595,-543.826943802495,-88.0196308731975,551.818128342316,567.974838670783,24.1478948682876,-0.844308706035066,-456.651621635355
464.961009429331,480.490995425615,-9.58588327481923,-490.076878700439,-33.3196532570144,497.436590437927,512.966576434197,22.8896977337559,-0.844072248421716,-457.60129769187
464.710539507112,479.881926642635,15.8030011640505,-464.078925478596,-6.83656201094925,470.693750390375,485.865137525894,21.7862120472986,-0.853351127675556,-458.095714595346
464.165999540695,479.283724319827,43.9944629374352,-435.289261382419,22.4567206850342,440.836755101815,455.954479880956,20.6652184985363,-0.872523753855158,-458.618505821309
463.45951876924,478.762333854457,57.6763357488426,-421.085998105615,37.0252994476981,425.529094155783,440.831909240995,19.7459111353808,-0.905125165755288,-459.016422719067
462.702638581225,478.228460750902,50.1457814480367,-428.082679302863,30.1200819158251,431.638187146712,447.164009316374,19.0813300135137,-0.944369518689755,-459.147130737405
462.160934591371,477.872763691056,37.2827269515734,-440.590036739493,17.5500219899607,443.624880825362,459.336709925047,18.7466731855598,-0.98603177605653,-459.126090505511
462.047472849144,477.990847623883,44.7238391284171,-433.267008495486,25.1551237034424,435.865817015257,451.809191790001,18.5421832945156,-1.02653213043492,-459.448664329374
462.259030811938,478.485055418271,56.1574271258955,-422.327628292393,36.7018609263213,424.490708467632,440.716733073973,18.3891047815846,-1.06646141796613,-460.095950636698
462.579601348199,479.087325442434,66.7268663208001,-412.360459121635,47.307640581628,414.16977773241,430.677501826655,18.3170427050196,-1.10218303415773,-460.770282737426
462.712598729803,479.641781714574,62.5078370276154,-417.133944686959,43.109980113808,418.470100079108,435.399283063886,18.2653383769279,-1.13251853688458,-461.376443337656
463.047261588116,480.408555069853,55.5268750616808,-424.881680008183,36.0537375461335,425.83538756495,443.196681046673,18.3150010384887,-1.15813647702665,-462.093554031357
463.148791936906,480.965302720155,17.53818625804,-463.427116462136,-2.02622258940131,463.99046471759,481.806975500843,18.3798590387092,-1.18454980871466,-462.585443681459
463.192068332681,481.526660132646,-3.78966130303224,-485.316321435694,-23.6574188944304,485.638152161749,503.972743961719,18.6564225260253,-1.21133506537231,-462.870237606626
463.367413306281,482.15703264154,-7.75205998012635,-489.909092621685,-28.1816042579341,490.314576574865,509.104195910143,19.1951032884589,-1.23444098934547,-462.961929353104
464.078918904667,483.316036295823,-30.2159469752012,-513.531983271033,-51.4985147482192,514.325679684081,533.562797075252,20.0308138042185,-1.25175396879262,-463.285222491606
465.457614680826,485.072991444904,-28.4161955597797,-513.489187004714,-50.7693916096183,514.965376591886,534.580753355984,21.0915663512713,-1.26162969854916,-463.981425093652
467.15370053349,487.101282989789,-6.94970607955237,-494.050989069348,-30.5012330559487,496.386473775179,516.334056231467,22.2830671621143,-1.26845981427527,-464.818215827687
469.37637731926,489.710121980703,16.3117550478776,-473.398366932824,-8.79794223333616,476.904952475147,497.238697136574,23.840330203748,-1.26936707744082,-465.869791776948
471.753592431096,492.398152809478,47.5895187723929,-444.808634037096,20.5655859236119,449.920076420999,470.564636799374,25.7560027622762,-1.26793008647946,-466.642150047207
474.141146701716,495.130422687623,59.981835812533,-435.148586875104,30.9449403159559,441.932854398721,462.922130384634,27.7735435095343,-1.26335198703345,-467.356879178094
476.443472306426,497.812706559701,97.7870719158702,-400.025634643843,66.7564904290795,408.431415677932,429.800649931209,29.7750152873683,-1.25556619940018,-468.037691272339
478.341317958522,500.070110112128,149.543760211412,-350.526349900734,116.219201551886,360.876458648963,382.605250802597,32.0789009018569,-1.24565775767969,-467.991209210294
479.88054936692,502.072964604658,208.118383322668,-293.954581282013,172.453647764742,306.19461363945,328.387028877196,34.4324475951851,-1.23228796273158,-467.640517009471
480.909180710655,503.561590660273,260.766178662184,-242.795411998089,222.55911642368,257.135134789289,279.7875447389,36.9921327408066,-1.21492949769193,-466.569457919455
481.942008315416,504.875359800607,301.432425102952,-203.44293469765,260.601830419653,220.144050127775,243.077401612976,39.6344669153271,-1.19612776799208,-465.240892885287
483.61065586106,506.583812690084,353.311597654659,-153.272215035414,309.84792233131,172.590238860007,195.563395689016,42.2911806535926,-1.17249466974704,-464.292632036476
485.6531714589,508.488258673112,414.804743085158,-93.6835155879542,368.548716622858,115.961656673783,138.796743887996,45.1132283000474,-1.14279816226637,-463.375030373063
487.700213138887,510.141296933337,446.51759139229,-63.6237055410647,397.373337766085,89.2198868454411,111.660970639897,48.0372650988293,-1.10698852735206,-462.104031834512
489.908145241686,511.855515936279,473.05355279955,-38.8019631367414,421.133246725481,67.7095281198472,89.6568988144567,50.8549356777101,-1.06537039634856,-461.000580258573
491.922973652384,513.100468611397,516.676786314837,3.57631770344098,462.207836079984,28.6978933792652,49.8753883382894,53.4517060417263,-1.01724419312742,-459.648762569686
493.622936186966,513.836366853967,527.065746588942,13.2293797349892,470.585565444592,22.0719102696363,42.2853409366291,55.5147206716168,-0.965460472743061,-458.321646182339
495.3888513679,514.389127030636,535.065502363924,20.6763753332741,476.706694986494,17.7671297118747,36.7674053746237,57.4437807078982,-0.915026669514495,-456.945346322725
497.518550305958,515.070565642889,520.477353001138,5.40678735825245,460.604900235743,36.0477201684819,53.5997355054327,59.0065228636788,-0.865929901731346,-456.064042779216
499.912929233327,515.725008298439,484.440755132937,-31.2842531654951,423.251242004038,75.8372053738323,91.6492844389333,60.3650312734373,-0.824481855466079,-455.359977024978
502.350438205064,516.175031831779,446.935859177519,-69.239172654269,384.421739631089,117.140444533956,130.965038160677,61.7258655064032,-0.78825404001418,-454.449166325383
504.923116678855,516.583035879031,392.802781728128,-123.780254150896,329.062234413892,175.105062246307,186.764981446469,62.9847272955663,-0.755820018669796,-453.598308583448
507.791806740945,517.060342346562,348.333189271325,-168.72715307524,283.444810599769,223.621195991553,232.889731597172,64.1625785219254,-0.725800149616097,-452.897763824624
510.745791625271,517.427357324994,299.993819988833,-217.433537336162,234.073029096971,275.977114277208,282.658679976933,65.2251426407704,-0.695648251100017,-452.20221468424
513.268607339859,517.264421349904,235.017465003749,-282.246956346143,168.179663590015,344.420982128623,348.416796138642,66.1698397925002,-0.667961621229705,-451.094581557378
515.698506230805,516.905375010293,171.513889817041,-345.391485193255,103.999607191156,411.056060266617,412.262929046094,66.8714438528402,-0.642838773037514,-450.033931157455
517.626222699464,516.010385271915,112.09838751249,-403.911997759416,44.1593182558453,472.848109778413,471.232272350876,67.3202745914604,-0.618794665203508,-448.690110680454
519.011196673248,514.50366839958,76.5365086981395,-437.967159701447,8.30387001200077,510.112208639837,505.604680366173,67.6375206647272,-0.595118021401527,-446.866147734866
519.584314152388,512.162509377421,41.9821068935071,-470.180402483907,-26.4163435395622,545.425569123291,538.003764348331,67.8233618644148,-0.575088568656969,-444.339147512999
518.930343476907,508.632593373708,-13.4500329697304,-522.082626343432,-81.7892151826158,600.161097967414,589.863347864208,67.7807215207806,-0.55846069209989,-440.851871852939
517.404850060264,504.290671169589,-74.6418543877415,-578.932525557336,-142.878499271636,659.739019278786,646.624840388102,67.6923148307707,-0.544330053129645,-436.598356338828
515.581282672901,499.749063077723,-132.444063485623,-632.193126563332,-200.500466745466,715.544789178787,699.712569583609,67.5194430202753,-0.536960239591397,-432.229620057461
513.509776780808,495.013252073695,-166.461175867475,-661.47442794118,-234.175405761808,747.145666853238,728.64914214614,67.1747142049648,-0.539515689376514,-427.838537868748
511.32046632091,490.205171107562,-199.940573318375,-690.145744425932,-266.978539939988,777.752208208819,756.636912995466,66.4911685695399,-0.546798052073007,-423.714002538036
509.62212233706,485.892833963832,-208.003388614934,-693.89622257876,-274.316963284679,783.38439537958,759.65510700634,65.7588844275857,-0.554690242153742,-420.13394953626
508.869771033247,482.495023256971,-223.993056030978,-706.488079287939,-289.666236684613,797.972662262738,771.597914486463,65.109835198522,-0.563345455113152,-417.385188058437
508.060133456888,479.074737693571,-237.829457546344,-716.904195239939,-302.766345671882,810.256493119727,781.27109735643,64.3669021164915,-0.569986009034233,-414.707835577095
506.973971461108,475.499556866163,-250.950524374198,-726.450081240365,-315.213978248418,821.607485960427,790.133071365492,63.6829901251243,-0.580463749087308,-411.816566741032
504.881367463026,470.980342521433,-235.554784463929,-706.535126985352,-299.113449475635,803.398434284586,769.497409342979,62.9622823576338,-0.596382654062495,-408.018060163804
502.171427424347,465.803600463279,-221.699726219294,-687.503326682578,-284.605383954624,786.159143776058,749.791316814987,62.287990132413,-0.617667602918421,-403.515610330878
499.226554352397,460.376410548344,-169.582916751276,-629.95932729962,-231.828965726284,730.410076826509,691.559933022454,61.6006057228392,-0.645443252187115,-398.775804825511
495.982734450853,454.688568997373,-147.998484284971,-602.687053282332,-209.51161058765,704.817841627155,663.523676173665,60.836622891334,-0.67650341136477,-393.851946106038
492.652829545136,449.081471682701,-149.609770333881,-598.691242016608,-210.242311987217,702.185961347455,658.614603485034,59.9233614684283,-0.70918018488685,-389.158110214301
489.720377688257,444.021897798438,-146.813835715207,-590.835733513658,-206.724398583177,695.707218402787,650.008738512971,59.1730049993097,-0.737557868650853,-384.848892799145
487.183332213792,439.406896775071,-175.280078775348,-614.686975550415,-234.303116422863,720.724393862175,672.947958423446,58.2609828730321,-0.76205477449942,-381.145913902035
484.853155327546,435.120944530586,-193.163256253374,-628.28420078399,-251.12184878943,735.190425529188,685.458214732239,57.1740139482499,-0.78457858778554,-377.946930582355
482.880044942246,431.342603143601,-194.716718145937,-626.059321289529,-251.679141774053,733.755815143783,682.218373345131,56.1590520556051,-0.803371572514848,-375.183551087995
481.576165338437,428.278635281497,-217.367871963672,-645.6465072452,-273.468530141375,754.22966781307,700.932137756148,55.2856305109523,-0.815027666748936,-372.993004770571
480.525317235858,425.498679825792,-235.548555431279,-661.047235257078,-290.782077005615,770.488326899851,715.461689489787,54.414454232716,-0.819067341605753,-371.084225593074
479.383497552206,422.584176584293,-267.261178568755,-689.845355153072,-321.642789159978,800.209598105015,743.410277137124,53.5649219840562,-0.816688607145233,-369.019254600254
478.214529126826,419.712675456122,-294.437480415222,-714.150155871346,-348.077263782346,825.483509931994,766.981656261281,52.8315003899372,-0.808282977181185,-366.881175066182
476.860556831513,416.744979432165,-299.429720515539,-716.174699947699,-352.235729937593,828.303068917373,768.187491518015,52.0127915703195,-0.793217851734875,-364.732187861849
475.72155000977,414.114989335174,-288.760540312824,-702.875529648025,-340.450591857279,815.400455613885,753.793894939303,50.9183652912774,-0.771686253159722,-363.196624043898
475.107841978854,412.033766764046,-250.824030414442,-662.857797178496,-301.373335375245,775.735710028267,712.661634813463,49.8038376349729,-0.745467325833498,-362.22992912908
474.363793325577,410.042008304751,-180.299938604071,-590.34194690882,-229.628085849978,703.271108168632,638.949323147821,48.6073762390076,-0.720771006897926,-361.434632065753
474.216701105306,408.683584221077,-107.666556297351,-516.350140518432,-155.884439039753,629.404169183381,563.871052299166,47.5209117807327,-0.696970961674929,-361.162672440348
473.632859920733,407.046646893657,-35.0246789229769,-442.071325816647,-82.1886607478658,555.148001233399,488.561788206326,46.4904623896816,-0.673519435212418,-360.556184503976
472.945061440823,405.336844666621,28.0204361150669,-377.316408551558,-17.911623826684,490.20588845877,422.597671684589,45.2812631330319,-0.650796808724055,-360.055581533594
472.059820656702,403.707046436171,72.8715106194551,-330.835535816725,28.0693842947168,443.357391569441,375.004617348924,44.1690815321952,-0.633044792535494,-359.537964903978
470.5298201484,401.589372743689,99.1950815728068,-302.394291170868,55.7952591075161,414.115330960843,345.174883556115,42.78059238525,-0.61923008004703,-358.808780358434
468.192390591944,398.783715941344,131.366179350085,-267.417536591254,89.4049806931509,378.179610348909,308.770935698312,41.3533991070596,-0.60779954987941,-357.430316834287
465.028044099208,395.409151398999,186.027032943895,-209.382118455102,145.507658573596,318.917421830095,249.298529129888,39.9164106747819,-0.602963695487015,-355.492740724201
461.866049431817,392.077846990701,242.058355870069,-150.019491120616,202.938895132627,258.326263848514,188.538061407395,38.5185702867773,-0.600890450660059,-353.559276703901
458.501103423202,388.596262014048,290.313543775037,-98.2827182390073,252.648866979708,205.249290830739,135.344449421577,37.0617311825646,-0.602945612746212,-351.53453083149
455.476305958939,385.265727461244,324.000491263042,-61.2652361981998,287.773701040159,167.093880391422,96.8833018937234,35.6180656955232,-0.60872452736,-349.64766176571
452.670812389503,381.987607410905,330.762981072132,-51.2246263387873,296.108065427114,155.947380424931,85.2641754463547,34.0395491075679,-0.615366537431305,-347.948058303344
450.137177354612,378.894794741727,349.597151524973,-29.2976432167595,316.556186168818,132.959294358027,61.7169117451355,32.4192685283704,-0.621696827770279,-346.475526213365
447.536166623749,375.626932320278,348.668043126896,-26.9588891933916,317.438806708885,129.469735044719,57.5605007412557,30.6016115478574,-0.62762487013279,-345.025320772413
444.941109869282,372.222736485525,342.412543481336,-29.8101930042007,312.952436689568,131.356304994559,58.6379316108097,28.8277386066099,-0.632368185125365,-343.394997878923
442.116749695476,368.535543949936,337.404278786839,-31.131265163113,309.824294221224,131.659082610316,58.0778768647759,26.9466117016611,-0.6333728639499,-341.588932248285
439.34271993022,364.687408629385,319.579230995916,-45.1081776334791,293.934633850153,144.777025366916,70.1217140660705,25.0135364325901,-0.631060713145925,-339.673872196795
436.356498172747,360.620121268986,297.22239013529,-63.3977311336996,273.532216778424,162.198519358542,86.4621424547698,23.0644113210668,-0.625762035792822,-337.555709947914
433.689147354392,356.653705361456,253.430954342198,-103.222751019262,231.633952727698,201.438404137795,124.402962144862,21.1802111255974,-0.61679048888488,-335.47349423585
430.697438507726,352.447608166406,193.202977119425,-159.244631046989,173.256499404978,256.834091978575,178.584261637258,19.3396305902619,-0.60684712417288,-333.107977576156
427.738872088593,348.121847727016,111.257508966741,-236.864338760276,93.415154592764,333.724744135828,254.107719774262,17.2433810139823,-0.598973359993412,-330.878466713042
424.661348276434,343.682364487972,35.5208501778181,-308.161514310148,19.9911964906387,404.077350451097,323.098366662638,14.9368523524869,-0.592801334688927,-328.745512135486
421.590431239398,339.235412795468,-31.1410737891778,-370.376486584639,-44.3393921940918,465.342822878873,382.987804434945,12.6113178503056,-0.587000554604107,-326.62409494515
418.416875134064,334.929009411861,-97.7751080424709,-432.704117454329,-108.506091951479,526.340463710723,442.852597988513,10.1484805341814,-0.582503374817236,-324.780528877691
414.767789771889,330.416360358508,-142.65464027024,-473.071000628749,-150.822218679675,565.010795540373,480.659366126989,7.58836549824202,-0.579212911196566,-322.827994860278
410.404320723398,325.4331208842,-199.810906204722,-525.244027088915,-205.540619851295,615.365986820344,530.394786981149,5.15075989223171,-0.578953754349383,-320.282360991983
406.093454228205,320.594686225676,-218.674353358996,-539.269039584675,-222.020313961156,627.530608099641,542.031840097117,2.76280051243709,-0.583160089703134,-317.831885713224
401.670826386291,315.805135430636,-255.31082691781,-571.115962348436,-256.345711047811,657.427015352329,571.561324396666,0.445362048226683,-0.589522081763625,-315.359773382411
396.877342342715,310.834143969278,-284.260315921031,-595.094459890304,-282.833269964724,679.11419736329,593.07099898985,-2.02346090045861,-0.596414944144333,-312.857604869747
391.872822474971,305.826223131905,-302.997384257267,-608.823607389177,-299.267050781315,690.538419308473,604.491819965422,-4.33178742376187,-0.60145394780288,-310.158010555672
387.164195742988,301.262555537534,-353.298906619048,-654.561462156575,-347.517312482742,734.081854040175,648.180213834715,-6.38124832186614,-0.599654185558752,-307.643803859387
382.453722079287,296.738697020525,-381.050472082243,-677.789169102781,-373.284331158176,755.147651338251,669.432626279497,-8.35654282328909,-0.590401899221487,-305.095239843826
377.274481005891,291.921900202362,-396.865027420022,-688.78692762237,-387.066343496897,763.765832929065,678.413252125532,-10.3736754968433,-0.574991573723177,-302.295575699205
371.551544319035,286.731376013605,-378.220551680372,-664.951927693968,-366.600347372878,737.593777160065,652.773608854634,-12.1783188393385,-0.558114531854316,-298.909694852955
366.185594159809,282.020681023335,-370.835673882603,-652.856354905939,-357.81572746583,723.460941961082,639.296028824608,-13.560326081339,-0.540379664573644,-295.58100710466
361.259241475592,277.718608069153,-371.3541278209,-649.072735890042,-357.094307172175,717.827381678382,634.286748271937,-14.7859876181073,-0.526166969384981,-292.504595687244
356.222441385465,273.361434918476,-365.087695688091,-638.449130606564,-349.684367334079,705.389458895442,622.528452428457,-15.920678178106,-0.517349824107517,-289.282113096582
351.787009799625,269.575895640483,-351.174816674861,-620.75071231533,-334.85091013823,686.126395130223,603.915280971071,-16.8354313442605,-0.511524807643783,-286.411326984731
347.995576638075,266.460128969449,-317.524820169034,-583.984949138469,-300.395471157075,647.883958778816,566.348511110172,-17.6364380283027,-0.507089016348711,-284.096566997729
344.880124940715,264.027117059267,-294.59245406831,-558.619571127585,-276.580390592269,620.960471648374,540.107463766941,-18.5121073606449,-0.50004388461685,-282.539224419924
341.670335304021,261.737441080862,-272.082372928902,-533.819814009761,-253.120996373822,594.298408256698,514.365514033546,-19.4542999762188,-0.492923421145008,-281.19174105707
338.35269222726,259.497370772209,-255.057508541816,-514.554879314027,-235.202743400645,573.072032872972,494.216711417933,-20.338167896094,-0.483402754941302,-279.835538668306
334.86049267961,257.133206948553,-209.310839747115,-466.44404669566,-188.599744643661,522.986565252776,445.25927952172,-21.1847671739444,-0.473672070494781,-278.317974122484
331.263209488656,254.626635661113,-174.444271898668,-429.070907559796,-152.800935337126,483.600829089359,406.964255261826,-22.1066522979756,-0.463315736423667,-276.733287959089
327.130279482707,251.718725688439,-131.64454686334,-383.363272551792,-108.949292349425,435.625641070198,360.214087275938,-23.1491852758542,-0.453930761947263,-274.867910964299
322.312425659915,248.268774366379,-100.657404519335,-348.926178885697,-76.8191612606309,398.68292587915,324.639274585594,-24.2869043000985,-0.448661041397495,-272.555678666454
316.943818099181,244.466051967295,-75.5427055814936,-320.008757548796,-50.5241170549544,367.021797686763,294.544031554878,-25.4647259939205,-0.446137467380233,-269.930777961211
311.141210338488,240.451751850189,-46.3560136516168,-286.807765501809,-20.1286467133077,330.827612824632,260.138154336338,-26.669611165469,-0.442244227151988,-267.121363015652
304.79330947804,236.178501368304,-53.3210609506262,-289.499562318919,-25.8222793469231,330.17771557208,261.562907462332,-27.936654856585,-0.437873252880179,-264.115156224863
298.190239624259,231.975738728859,-5.34382858465311,-237.319567313517,23.3848853925346,274.374942303626,208.160441408232,-29.1591259052814,-0.430411928083768,-261.134864634154
292.114795241976,228.405439462895,12.6282376523598,-215.777201810529,42.5760028456746,249.115466661199,185.406110882119,-30.3710909284067,-0.4233257351011,-258.776530391293
286.694846223614,225.475025511416,12.4607606625331,-213.014264848882,43.457202855885,242.820930611805,181.601109899618,-31.413154949265,-0.416712755913325,-256.888180460687
281.582126406927,222.733378423577,29.1719431014871,-193.561435322094,61.2358008130853,219.934318184631,161.08557020128,-32.4758651208113,-0.412007409215346,-255.209243544387
276.391392194377,219.931359664421,23.7843853359928,-196.14697432841,56.8152426864854,219.167445848257,162.707413318294,-33.4395610101196,-0.408703659623101,-253.370920674517
270.754310013788,216.688666236247,6.0190391326296,-210.669627103606,40.0508316082733,230.298459758656,176.232815981115,-34.4368111224957,-0.405018646842157,-251.12547735873
264.631482726986,212.952752779121,17.8115050703019,-195.141247708822,52.7892481332339,211.440041196361,159.761311248511,-35.3799364603146,-0.40219339736931,-248.332689239427
258.610387237364,209.291061295294,26.0632514920696,-183.227809803222,61.8938927928346,196.316239551486,146.996913609442,-36.2308961937821,-0.400254893025806,-245.52195748908
252.697253179471,205.754582645082,43.6170044112371,-162.137578233836,80.1962954562168,172.103059361472,125.160388827093,-36.9771894067431,-0.39789836177459,-242.731772051845
246.850898211312,202.397781869122,62.8335906114371,-139.564191257676,100.024712125681,146.42900533088,101.975888988699,-37.5883022689761,-0.397180754738992,-239.986084138086
241.467042037594,199.480054195984,45.1340138070589,-154.346040388935,82.7459777639247,158.323809224748,116.336821383132,-38.0092190057981,-0.397255048910278,-237.489273201781
237.044783164219,197.365633642408,21.8533385448154,-175.512295097601,59.7024189273911,176.945933622597,137.266784100792,-38.245510996809,-0.396430614229814,-235.61114463921
233.235976191744,195.752453721152,-18.3208170441188,-214.073270765264,19.4783451314056,213.364172867756,175.880650397167,-38.1926203680988,-0.393458192565038,-233.945074089248
229.789332306419,194.396949271548,-67.2954071313306,-261.692356402881,-29.6957719291473,259.09870133019,223.706318295325,-37.9860381075562,-0.386402905362828,-232.382987379101
226.566101873974,193.193010814479,-109.702907020404,-302.895917834888,-72.4202270328734,298.610489619084,265.2373985596,-37.658519275291,-0.375839287752627,-230.851530089788
223.652619288021,192.209061668036,-106.683591133778,-298.892652801826,-69.7384987166396,293.029445278515,261.585887658543,-37.306765143288,-0.361672726140649,-229.51582681133
220.661060924162,191.060415727129,-91.3515401511997,-282.411955878344,-54.8379105122496,275.152430925191,245.551785728164,-36.8601701501784,-0.346540511220348,-227.920585877323
217.281677162849,189.563469238579,-108.759498346842,-298.322967585418,-72.837017796768,289.786517381687,262.068309457416,-36.2546581280019,-0.332177577934439,-225.818127366576
214.190611704763,188.18055886959,-118.52936253838,-306.709921407989,-83.4177510923669,297.288139521126,271.278086685951,-35.4318347220414,-0.320223276007063,-223.612393591653
211.925542999233,187.363224719845,-137.277711318351,-324.6409360382,-103.220529634297,314.837393618995,290.275075339606,-34.365860698598,-0.308679014539045,-221.729085418447
210.667974622264,187.188920327991,-161.589065461576,-348.777985789568,-128.791763178814,339.161180822686,315.682126528413,-33.095859261155,-0.298556978388918,-220.284779589145
209.924467917634,187.411295735571,-158.094947830284,-345.506243565853,-126.867770840318,336.500506460953,313.987334278877,-31.5189092869726,-0.291732296997575,-218.930205022541
209.804899803535,188.094839391245,-146.818078931912,-334.912918323171,-117.13869498139,326.655758131454,304.94569771916,-29.9672206040122,-0.287836653471855,-218.062059995263
209.615197939972,188.638682551564,-138.04124628126,-326.679928832833,-109.856138017175,319.183649891767,298.207134503385,-28.4727943294483,-0.287686065379014,-217.111476881033
209.349943376099,189.09827181846,-113.673926220962,-302.772198039412,-86.9595747169413,296.019990232689,275.768318675055,-27.0038793643585,-0.289527860350307,-216.10215118283
208.615285490018,189.220526464367,-113.027416946437,-302.24794341082,-87.8011188966813,296.123759280226,276.729000254589,-25.5189431562317,-0.292645106470191,-214.739469620614
207.297790005826,188.934899775014,-140.219485365721,-329.15438514072,-116.426720413426,323.42710693377,305.064216702952,-24.0901684377686,-0.297403485476437,-213.025068212784
205.593468775194,188.280582870316,-151.881093860216,-340.161676730517,-129.521480229123,334.811925256171,317.499039351286,-22.6626373792311,-0.303023748152977,-210.943220249555
203.350864225256,187.093883481619,-184.464723597649,-371.558607079276,-163.493886428115,366.534989484393,350.278008740773,-21.2805983385031,-0.309761168957671,-208.374481820148
201.08934073546,185.778795102229,-210.571542339883,-396.350337442128,-191.03935318202,391.813371538784,376.502825905557,-19.8475115365687,-0.315322378702349,-205.626306638809
198.815249811947,184.501459428054,-222.425198748695,-406.926658176766,-204.287573381288,402.781969903947,388.468179520071,-18.4584786566984,-0.32085328928147,-202.959938084763
196.394061506452,183.13263710552,-230.600021746145,-413.732658851669,-213.833922516638,409.900862509022,396.639438108104,-17.0932207435665,-0.327121514052834,-200.225857849098
194.068417483673,181.813651631536,-223.632413285114,-405.446064916661,-208.178489167788,401.913329262899,389.658563410776,-15.7875015058843,-0.333577388565715,-197.601153137445
191.884986813974,180.768602304495,-248.94697101491,-429.715573319398,-234.911759250107,426.458524010239,415.342139500768,-14.3734338186284,-0.338222053834777,-195.14203612312
189.611072048275,179.757677923321,-261.422439197341,-441.180117120664,-248.908267360114,438.1807658754,428.327371750453,-12.8527453702103,-0.33857353298757,-192.610423293529
187.470905883893,178.887302915087,-308.184848029391,-487.072150944477,-297.181561844733,484.3175285506,475.733925581819,-11.33822536266,-0.334939178015785,-190.225528277764
185.408106994794,178.063357460983,-368.371709842133,-546.435067303098,-358.873480563641,543.953239707402,536.608490173583,-9.82657712951902,-0.328347851039862,-187.889934590508
183.829966210194,177.6269363823,-424.337561300122,-601.964497682403,-416.451245070758,599.961340598093,593.758310770177,-8.20618691223025,-0.319870682862593,-185.833123294519
182.530563194383,177.453347726425,-478.112306452482,-655.565654178899,-472.04911535448,654.26806105312,649.190845585175,-6.37480859372464,-0.311617495720406,-183.828156320152
181.371663682152,177.253509953875,-508.893323314142,-686.146833268008,-504.675594486823,685.744101937021,681.625948208744,-4.52088505926744,-0.303156231959695,-181.774395013134
180.189622874907,176.971306907263,-538.223524917545,-715.194831824798,-535.871447114715,715.766538931944,712.54822296429,-2.6466088605107,-0.294531057681866,-179.617915767765
179.293714388351,176.872405821908,-567.629997271552,-744.502403093467,-567.192966375736,746.201149064285,743.779840497856,-0.722562595609525,-0.285531699793654,-177.594968417515
178.87216024503,177.052281039922,-574.819459726429,-751.871740766354,-576.209474593243,754.807583565321,752.987704360202,1.11596359385031,-0.274051272954165,-175.936317446072
178.686814428922,177.296702216684,-609.869539550007,-787.166241766678,-613.070340367408,791.494103987616,790.103991775388,2.93775000870617,-0.263050808706475,-174.358952207978
178.896329892651,177.781168931838,-625.220813740919,-803.001982672719,-630.127979265632,808.770644428602,807.655483467776,4.65350079505077,-0.253664729677085,-173.127668136765
179.180822451026,178.191609691396,-627.793762861835,-805.985372553236,-634.334928285407,813.270262828388,812.281050068767,6.29567751553013,-0.245487908044748,-171.895932175858
179.540503241721,178.57121021453,-640.613133296255,-819.184343510785,-648.693422052722,827.995541293738,827.026248266546,7.84190475576638,-0.238384000705062,-170.729305458772
180.002648613938,178.921351089087,-643.131049279348,-822.052400368431,-652.538096794526,832.308028738868,831.226731214013,9.17433084558471,-0.232716669592001,-169.747020243489
180.585042135556,179.319475780508,-617.417695595462,-796.737171375961,-627.957070318171,808.316009753669,807.050443398622,10.3132720226657,-0.226102700054105,-169.006203757849
181.329295444064,179.803791877606,-576.01137689217,-755.815168769767,-587.545019430904,768.657631249673,767.132127683204,11.3169589134352,-0.216683625307073,-168.486832964154
181.842352937313,179.981262400039,-516.389066415128,-696.37032881515,-528.913144422827,710.553810132847,708.692719595565,12.3223907804172,-0.201687227297652,-167.658871619605
182.054502227004,179.803271905791,-468.856446604265,-648.659718510044,-482.247166717839,664.119816989233,661.868586668018,13.2088681579757,-0.181851955620116,-166.594403747824
182.358783118278,179.581148990393,-426.214200397752,-605.795349388129,-440.352342329718,622.553871565479,619.776237437587,13.9808880494578,-0.157253882511491,-165.600260940926
182.644567122737,179.239934717462,-368.908391194324,-548.148325911762,-383.801224799068,566.317181837798,562.912549432509,14.7642235207501,-0.128610084004283,-164.475711196701
182.861584552154,178.703319804911,-314.445659595955,-493.148979400868,-329.969467613661,512.733395934949,508.575131187713,15.4261517868449,-0.0976562308478128,-163.277168018061
182.832275341344,177.989887808945,-268.085501643102,-446.075389452045,-284.238541007911,467.005398837404,462.163011305026,16.0876218529775,-0.0654175118392739,-161.902265955961
182.443078360492,176.99105470532,-238.167139924188,-415.158194629486,-254.887323638189,437.297541478297,431.845517823121,16.6873231936378,-0.0328605203739747,-160.303731511681
181.85830329541,175.9052476888,-213.520347593278,-389.425595282075,-230.874021188647,412.730718036797,406.777662430199,17.3520671481188,-0.00160644725505878,-158.55318054067
180.822126482951,174.509632832471,-212.233885093122,-386.743517925579,-230.221880545371,411.070650158508,404.758156508026,18.0146385824468,0.0266431301953932,-156.494994250022
179.698989984745,173.106751617946,-222.336851666324,-395.443603284279,-241.054813228577,420.807607571322,414.215369204531,18.7717659202505,0.0538043580050793,-154.334985697694
178.895435007255,172.011095161449,-214.975182069639,-386.986277231074,-234.551573364761,413.525624098816,406.641284253002,19.6550070219303,0.0786157268042015,-152.35608813951
178.770285315587,171.476223669123,-217.14470456626,-388.620928235373,-237.692083075552,416.56249235647,409.26843070999,20.6475024746176,0.100123965324978,-150.828721194489
179.043567481939,171.209817293106,-273.617579838364,-444.827397131469,-295.086964470433,474.24727569272,466.413525503894,21.5861283724207,0.116743740353139,-149.62368892069
179.366979862293,170.90905690544,-297.351389340376,-468.260446245826,-319.722856503217,499.219159727326,490.761236770489,22.5007905246614,0.129323361821059,-148.408266380793
179.755612548948,170.550725833581,-328.143616839213,-498.694342672793,-351.335721526805,531.230246069208,522.025359353842,23.3310166810486,0.138911993461037,-147.219709152539
180.511884885638,170.42459312153,-344.790320523116,-515.214913644649,-368.84535700361,549.503125480202,539.415833716089,24.2009200714355,0.145883590947457,-146.223673050074
181.399713324729,170.366542043735,-383.41796620104,-553.784508244764,-408.241945666497,589.792747583226,578.759576302217,24.9750680574524,0.151088591990857,-145.391473986283
182.32183069789,170.220511565309,-433.919956523664,-604.140468088987,-459.39240405557,641.869343932718,629.768024800144,25.6275567111596,0.155109179255859,-144.592954854161
183.306760803178,170.090233941402,-476.353458033895,-646.443691975291,-502.456164900181,685.920675499337,672.704148637551,26.2604566622533,0.157749795973974,-143.829777279154
184.711674189948,170.234080384794,-497.982564211694,-668.216644596479,-524.796108141062,709.669023400727,695.191429595563,26.9747849990891,0.161241069711556,-143.259295385711
186.376083741241,170.586275191353,-532.1987879527,-702.785063144062,-559.792840765172,746.333824299845,730.54401574995,27.7589526058899,0.164899793437789,-142.827322585472
188.610619386468,171.355631569382,-538.81141919798,-710.167050767376,-567.317070507711,756.09832353773,738.84333572066,28.6762849532859,0.170633643559104,-142.679346616109
190.802281217014,172.080563259936,-525.939659429823,-698.020222689771,-555.372919798766,746.354350493678,727.632632536613,29.6124098468499,0.179149477903942,-142.468153413112
192.884815671567,172.705086059535,-506.703522080036,-679.408608139572,-537.111172478447,730.185266115244,710.005536503205,30.5969283636383,0.189277965225532,-142.108157695907
194.724215551476,173.087076174961,-504.981861823216,-678.068937998176,-536.242804130961,731.167471633132,709.530332256609,31.4613942584368,0.200451950692306,-141.625681916529
196.163359409062,173.103722933305,-518.426335913816,-691.530058847138,-550.366309758598,746.741318258335,723.681681782588,32.1516229354526,0.21164909067966,-140.952099997869
196.939371043058,172.579813926728,-509.420532998407,-682.00034692513,-541.877100724347,739.038531369279,714.67897425293,32.6786273277996,0.222059601878832,-139.901186598934
197.163214124612,171.642106278076,-515.730647002657,-687.372753280755,-548.58651721421,745.979253104921,720.458145258397,33.0853919776492,0.229521766093408,-138.556714300436
197.113138705564,170.462782135304,-545.039315727904,-715.502097863213,-578.18315166286,775.531558507656,748.881201937396,33.3791040741842,0.235268139245533,-137.083678061117
196.968945790647,169.116070348286,-554.036407643768,-723.15247799207,-587.29984761164,784.508568602967,756.655693160609,33.5032151685435,0.239775200681471,-135.61285517976
196.327358321438,167.418575395331,-543.792151736999,-711.210727132344,-577.146841799585,773.716230560773,744.807447634666,33.5967205023255,0.242030439744622,-133.821854893022
195.343303575105,165.526617303362,-535.661529877074,-701.188147180432,-569.112771826269,764.699265867649,734.882579595903,33.6944324154752,0.243190466271432,-131.832184887883
194.175790151007,163.506013229804,-530.985513325238,-694.49152655505,-564.395125363826,758.812876284022,728.143099362828,33.6515728077811,0.241960769199153,-129.85444042205
192.83932170854,161.380311342945,-529.287733055961,-690.668044398929,-562.458050749631,755.537934535334,724.078924169739,33.4108797708097,0.240562077149531,-127.969431572155
191.037356206809,158.905343669701,-511.100693678114,-670.006037347813,-543.82748822323,735.10392076675,702.97190822963,32.9658708818197,0.239076336691893,-125.9394727879
188.703057233566,156.009384653058,-510.511060368014,-666.520445021074,-542.714714930573,731.655750401484,698.96207782097,32.4416327998974,0.237978237343271,-123.56775185317
185.983806643253,152.771383110375,-486.646569625599,-639.417952735983,-518.211486601516,704.433953661981,671.221530129114,31.803577393135,0.238660417233668,-120.967805717249
183.104767870612,149.315880974838,-465.971929352845,-615.287810327689,-496.773075311417,680.11816594406,646.32927904829,31.0414687206007,0.240322762017231,-118.274412254243
180.431302899747,145.944379267723,-436.741785170389,-582.686164438124,-466.804755545848,647.478967032407,612.992043400397,30.3058789622716,0.242908586810395,-115.638500305483
177.744031940228,142.499643430711,-410.287912023766,-552.787555454475,-439.421893868049,617.410071896284,582.165683386764,29.3781279322933,0.244146087990017,-113.12151549842
175.284854061501,139.138280277502,-403.09186848315,-542.230148760662,-431.248698681115,606.779130033397,570.632556249383,28.4024074887214,0.245577290762678,-110.735872788796
173.040234656599,135.897783056831,-410.238203445916,-546.135986502742,-437.27741806206,610.567264024485,573.424812424711,27.2888259219695,0.249611305812124,-108.608957134871
171.208828033573,132.938592898983,-387.349766527961,-520.288359426925,-413.18497393586,584.650532476863,546.380297342256,26.0919379153306,0.256730507431254,-106.84665498365
169.417303656996,130.010798971242,-358.147325274708,-488.158124245957,-382.61174207352,552.296439897714,512.889935211962,24.7318109660016,0.26739416718035,-105.278988005239
167.862849343078,127.29781420139,-316.028679654719,-443.326493856116,-339.082467994011,507.225861653237,466.660826511534,23.3343326554265,0.280544316136926,-103.963481545959
166.452485757291,124.741339195187,-285.971899966689,-410.713239161883,-307.64479840011,474.392369835392,432.681223273292,21.9679841114094,0.295085677994163,-102.773355083775
165.248175824328,122.298515920539,-304.765433616938,-427.063949537484,-324.907209110757,490.467279435469,447.51761953168,20.4536699942043,0.311894500386119,-101.844845926349
163.707276556949,119.610330948108,-304.124115116757,-423.734446064868,-322.564679265788,486.603181800513,442.506236191677,18.7717901268006,0.331225977764593,-100.838540821294
161.906228997903,116.691782210029,-294.045451948658,-410.73723415867,-310.63206241766,472.892521746352,427.678074958485,16.9408407998143,0.354230330789288,-99.7509414102227
159.86659592727,113.601940495562,-286.55926098485,-400.161201480393,-301.171310923966,461.417130578215,415.152475146493,14.9912736660971,0.379223726959641,-98.6106668294627
157.826511824715,110.58211400559,-269.765545149206,-380.347659154771,-282.386863203225,440.619577307477,393.37517948832,13.027520333543,0.406202279519565,-97.5545936720292
155.509687798988,107.461002446548,-269.089582364449,-376.55058481098,-279.698858043215,435.641681613301,387.592996260852,11.042411449883,0.433135771092826,-96.4185909966461
152.917162643391,104.252332948105,-249.528453780365,-353.780786728479,-258.211040657991,411.586840070542,362.922010375263,9.14122364677912,0.458636769168129,-95.1111093013284
150.15315238495,101.065595355956,-267.681781441216,-368.747376797167,-274.457395815834,425.091826470826,376.004269441829,7.25689264465815,0.481278270019392,-93.8087027112947
147.508869900134,98.0420764064556,-261.560113536989,-359.602189943437,-266.53928565863,414.549465988235,365.082672494537,5.48048255111085,0.501310429456273,-92.5615938553592
144.874930843081,95.190987016745,-250.73191204683,-345.922899063569,-254.027734297446,399.422213007615,349.738269181274,3.81537011770244,0.519547867076539,-91.3756168990372
142.275079015936,92.5191806333558,-239.491351686889,-332.010532320239,-241.266963925926,384.078532400649,334.322634018081,2.31210169783885,0.536489458815186,-90.2070789355043
139.602060526548,89.9366883196885,-229.257754874147,-319.194443193857,-229.631255772902,369.785725633644,320.120353426808,0.925910232954299,0.552409334203606,-89.010778086736
136.704751944215,87.2965419838391,-265.693060793337,-352.989602777155,-264.680077525093,401.949980041372,352.54177008097,-0.447832696185066,0.565150572062833,-87.7443746799862
133.59450928074,84.5663638676872,-305.007088168717,-389.573452036396,-302.726966933531,436.895752865229,387.867607452165,-1.70584458422796,0.574276650951455,-86.2722084518989
130.542822435817,81.9432293414722,-324.163419610626,-406.106648952094,-320.681017451535,451.804905932567,403.205312838215,-2.90133611388157,0.581066045217398,-84.8445654553375
127.453015180897,79.3228582014503,-359.646857086967,-438.96971528841,-354.999193592144,483.037674331943,434.907517352475,-4.0621979359331,0.585465558889988,-83.3850561373725
124.436335320585,76.7994683616341,-375.82866871215,-452.628137073783,-370.029420845066,495.053137140734,447.416270181808,-5.21186689198003,0.587380975103698,-82.0113352536214
121.724471889559,74.5535449660931,-397.539289231275,-472.092834197357,-390.694744027597,513.006362809147,465.835435885664,-6.25739831168954,0.587146891980745,-80.8109432777681
119.140686632347,72.4983965649846,-414.132262871748,-486.630659436738,-406.345248789102,526.071718728143,479.429428660762,-7.20123077597943,0.585783306675225,-79.6996273409695
116.46024527269,70.3965985416656,-442.57813081058,-512.974729352238,-433.929903296446,550.973687927721,504.910041196703,-8.06468815553347,0.583539358588421,-78.4612866971783
113.66378323328,68.2548614169269,-494.535348304959,-562.790209721872,-485.106339755628,599.351005099667,553.942083283314,-8.84812643856038,0.580882110763061,-77.1029878554846
110.902210836417,66.2048465001919,-542.709313508909,-608.91416000908,-532.675604591609,644.155997486094,599.458633149861,-9.45552685922256,0.578182058070584,-75.66037335939
108.28221367196,64.3185464422371,-585.28145428167,-649.600000723896,-574.714504199798,683.572382095843,639.608714866117,-9.99128585777755,0.575664224082276,-74.3098323000206
105.583110032837,62.423807752973,-618.438247561701,-680.862055314663,-607.43689990935,713.59308056865,670.433778288786,-10.4282770258713,0.573070626444092,-72.8520847788575
102.635962791437,60.3628133968192,-650.731786686923,-711.094600083732,-639.266287351054,742.472168359406,700.19901896477,-10.8955811189566,0.569918216903607,-71.2583945157808
99.6328466102604,58.2596712074088,-659.06943922758,-717.329110434983,-647.180481330223,747.379565980204,706.006390577353,-11.3227198576249,0.566238039717249,-69.5823910650159
96.7231488094074,56.2724820014788,-642.054173678862,-698.326655680335,-629.810499871924,727.095840705593,686.645173897668,-11.6814817826674,0.562192024265197,-67.9539637841516
93.9214980144513,54.3901716938335,-604.758510554267,-659.148682248105,-592.245606847417,686.725003949805,647.193677629205,-11.9550046189027,0.557899087943174,-66.345176312743
90.9796448968409,52.46202969407,-557.584970879936,-610.047000574001,-544.951842838028,636.483633132632,597.96601792986,-12.0809826441403,0.552145397759303,-64.5430123382135
88.15691043678,50.6567047863359,-485.125611475512,-535.782316261869,-472.460306894201,561.163040613232,523.662834962801,-12.1194812990671,0.545823282249153,-62.7761860854084
85.4411140863138,48.9761948681484,-398.697948878126,-447.674143746271,-386.11140468574,472.091048389999,435.626129171821,-12.0480145744444,0.53852961793274,-61.0242094425856
82.6703673759792,47.2796005492576,-295.639841068936,-342.919441618199,-283.137537473311,366.337856483161,330.947089656448,-11.9723519617483,0.529951633859142,-59.2519525110222
79.7542869300881,45.4961368333606,-204.49129553048,-249.987432363837,-192.14616427853,272.419700904458,238.161550807715,-11.8258815561218,0.519249695826791,-57.3220183894878
76.7429464679461,43.6597959372994,-148.914581265688,-192.57437720298,-136.678282439875,213.928235371497,180.845084840845,-11.7292923621364,0.507006463669969,-55.3890882994114
73.8103491218817,41.8973230518802,-100.402554823345,-142.299877875226,-88.2792006768576,162.583446470534,130.670420400505,-11.629457474717,0.493896671767465,-53.5267805266108
70.785155262007,40.0948120117825,-56.5390437515027,-96.6338557633042,-44.5735113401223,115.838414626484,85.1480713762466,-11.4857843870567,0.479748024325207,-51.58059639885
67.8679604763989,38.3691278261715,-7.33663774634539,-45.7057655725159,4.49642175215182,63.8373257170048,34.3384930667629,-11.3672725057485,0.465786992737651,-49.7364003319253
65.0092994483085,36.6838128410327,43.0246315493825,6.34081870834891,54.7435183958544,10.7190418444453,-17.6064447628314,-11.2656260544825,0.453260791992571,-47.9494388955215
62.3860131622581,35.1382199051918,112.562183684422,77.4239637791998,124.272117458197,-61.4440222283132,-88.6918154853813,-11.2678517061752,0.442082067623244,-46.4060716113787
60.2481813510704,33.8969093078242,158.371694313981,124.474785006136,170.09001728926,-109.409246032421,-135.760518075659,-11.2857330695249,0.432589905748082,-45.1826423773591
58.4420081250047,32.8684402545579,201.166003012335,168.297562757783,212.94456489298,-154.078413959691,-179.651981830121,-11.3544190723406,0.424142808284143,-44.2228593269238
56.7449511354617,31.9078152927844,243.87695767491,211.969142382114,255.746321227859,-198.585039410106,-223.422175252779,-11.4530328706683,0.41633068228641,-43.360848163451
55.1427466072915,31.0067961573668,292.638124480556,261.631328323186,304.57593317668,-249.023311693582,-273.159262143512,-11.5279338203228,0.409874875793452,-42.534729977695
53.6796707255337,30.1880646281712,335.131430323209,304.943365695021,347.109455771362,-293.023834524421,-316.515440621765,-11.5720749267461,0.405950521397815,-41.7601395549345
52.4554547238217,29.517920647012,340.156234085688,310.638313438685,352.190744972582,-299.330585637791,-322.268119714636,-11.6298062759492,0.404704610959684,-41.1477269229449
51.293482257485,28.8764899901573,300.67396072677,271.797470736591,312.811221444011,-261.111630907975,-283.528623175276,-11.7311524386899,0.406108278559319,-40.6076424288499
50.2107765411106,28.2842096460375,247.798210392731,219.514000746703,260.083891362446,-209.463590780717,-231.390157675793,-11.8761569290939,0.409524040628384,-40.160366575106
49.1385660825643,27.7149051456487,209.276450432556,181.561545286897,221.720787158325,-172.168382882972,-193.592043819883,-12.030498532982,0.413838192789437,-39.745403678628
48.1351230505101,27.2107905821587,162.074116672879,134.863326090713,174.593370435111,-126.038851872056,-146.963184340397,-12.0998582496861,0.419395512563993,-39.3106488318276
47.1282378008175,26.7086033517743,102.96482040549,76.2562170536981,115.544634566632,-67.9923708045636,-88.4120052535928,-12.1557881998973,0.424025961255611,-38.8643915516508
46.0547522905095,26.1670867741358,29.8728060598066,3.70571928567819,42.479177527899,4.00254022105768,-15.8851252953229,-12.1794060096457,0.426965458450166,-38.3464927837629
45.0685950993977,25.6752956906267,-10.7598790506732,-36.4351747412897,1.88735749472052,43.608969547508,24.2156701387271,-12.2195046025598,0.427731942825981,-37.8948002931607
44.0794657851724,25.184589427828,-80.0035622745745,-105.188151702399,-67.3154092886539,111.821483763945,92.9266074066167,-12.2615442957898,0.426608690126632,-37.4461337236146
43.0636146847472,24.6775379817611,-145.237261820485,-169.914799802232,-132.556885004355,176.0433395993,157.657262896307,-12.2575369059274,0.422839910191424,-36.9350748876865
41.9036393116253,24.0889289432574,-209.675487398786,-233.764416342062,-197.032254924831,239.352684080108,221.537973711746,-12.2264426303121,0.41678984364935,-36.3153715735651
40.7290702497648,23.4946134235851,-256.341395213313,-279.836008636889,-243.773928779654,284.912044098009,267.677587271812,-12.1584213650758,0.409045068564552,-35.6530347886406
39.5885256808007,22.9253278527829,-302.941428387898,-325.866756240678,-290.457785735977,330.446419350553,313.783221522533,-12.0835347181468,0.40010793376542,-35.0088625709292
38.5050181493071,22.3960148623345,-337.122945605992,-359.518960468324,-324.734759676472,363.62997144436,347.520968157383,-11.9979923109404,0.390193618558989,-34.3940071732537
37.4052677478051,21.8651536837495,-381.521206866443,-403.386360550172,-369.271943092972,407.05670867999,391.516594615931,-11.8697659342411,0.3794978392093,-33.7349196179735
36.3010599167585,21.3404686038027,-407.83528009685,-429.175748700647,-395.745101330031,432.414600617997,417.454009305027,-11.7217393956175,0.368439371188047,-33.062207999412
35.1390161159294,20.7936869084444,-426.604904763958,-447.39859167239,-414.725396933525,450.221175613198,435.875846405697,-11.5227452666925,0.356762563732029,-32.3164321751297
33.9969280475372,20.2667402977122,-478.180623103426,-498.447363401147,-466.567513740878,500.909140536208,487.17895278636,-11.2684106147903,0.344698747778375,-31.5351509124772
32.8341473890079,19.7362304704429,-511.978621624866,-531.714852095296,-500.649789155455,533.815682721963,520.717765803406,-10.9970862918947,0.331746177491709,-30.7333167623385
31.6906395539301,19.228196403075,-546.929438854489,-566.157635257561,-535.93035542104,567.93978275847,555.477339607599,-10.6802956499666,0.318787783484786,-29.9084920530417
30.6153044874325,18.7637344370112,-575.032502007471,-593.796236444488,-564.409777950135,595.330705179066,583.479135128634,-10.3171013158559,0.305622741488823,-29.0808357528553
29.5771508655457,18.3315020460161,-589.633269609766,-607.96477165578,-579.487679006523,609.357726456634,598.112077637097,-9.85269401868691,0.292896584560597,-28.1841960646813
28.4615774094059,17.874199229022,-614.201826145415,-632.076025374433,-604.55264862627,633.294955328958,622.707577148568,-9.36844822587002,0.280729293288795,-27.2426474548811
27.3646219930638,17.4326444545578,-629.413300577891,-646.845945032459,-620.342306283159,647.976662293873,638.044684755385,-8.80126027707952,0.269734017653898,-26.23390473164
26.2942827727729,17.0106779924215,-638.844122675366,-655.854800667778,-630.396034342299,656.950208112943,647.666603332586,-8.18819733519846,0.259890997871726,-25.1988753276154
25.2924299720888,16.6274037427324,-621.946462272932,-638.573866015667,-614.155079299423,639.698945434377,631.033919205017,-7.539946810651,0.251436162856068,-24.1673505533852
24.3256172268019,16.2659124409883,-597.923392008892,-614.189304449863,-590.812200018432,615.382012148182,607.322307362361,-6.86699708750557,0.244194902947799,-23.1329095284803
23.407034838802,15.9292098811282,-584.013358634878,-599.942568516013,-577.626942497713,601.273144876159,593.795319918507,-6.14724859750791,0.239167539645403,-22.0764584786343
22.5363278716108,15.6112370656222,-563.20511626836,-578.816353333965,-557.531285220582,580.304213632954,573.379122826947,-5.43723050702048,0.236600540754855,-21.0484675726337
21.7312159447074,15.3188369263894,-564.564007744613,-579.882844671012,-559.551141590814,581.519236178613,575.106857160304,-4.77598751070787,0.236878643094528,-20.0948244370955
20.9832589914633,15.0485562043531,-557.48500175398,-572.53355795832,-553.12665411652,574.349958566284,568.415255779159,-4.11830217916106,0.240045458301485,-19.1668583835005
20.2618642728142,14.7882915766235,-553.629584853812,-568.417876430441,-549.888874423906,570.396063651654,564.92249095546,-3.495385474982,0.245324954910039,-18.2836770515987
19.581553598846,14.5428190549331,-536.783723654756,-551.326542709675,-533.675614960057,553.510221628382,548.471487084458,-2.85505562521987,0.253053069472642,-17.3978746801405
18.8955161771235,14.2910869637046,-512.94789648783,-527.23898345155,-510.480665145089,529.639158294318,525.034729080909,-2.20425437064185,0.262976972086887,-16.4953413343435
18.2167846076118,14.0393832160488,-506.816253483422,-520.855636699481,-504.972223718787,523.463991983536,519.286590591989,-1.56904610749407,0.274983657141595,-15.6084293235416
17.5448430289448,13.786332857367,-502.849560351208,-516.635893208588,-501.668607360413,519.502145913097,515.743635741522,-0.89225746706766,0.288695523724416,-14.6785903244385
16.9131655095379,13.5506527026132,-483.374120115119,-496.924772817735,-482.820453664844,500.037362310346,496.674849503416,-0.249923314312887,0.303743135948612,-13.8005760169441
16.3554376096105,13.3470121996606,-464.468099141474,-477.815111341139,-464.493424215838,481.168189107628,478.159763697682,0.344652356544489,0.319327282182378,-13.0023598430933
15.8520273301493,13.1677253939885,-421.35094215234,-434.518667546343,-421.893745589552,438.080462407182,435.396160471024,0.877492924683353,0.334689487468504,-12.2902324693015
15.4125903588769,13.0138716824946,-394.074633981595,-407.088505664108,-395.074619445497,410.836451385723,408.437732709344,1.34922704523754,0.349241581332731,-11.6646446372564
15.0322614019724,12.8814094807116,-350.980430648241,-363.861840128951,-352.423023444871,367.818218500191,365.667366578913,1.80552644996469,0.362933653342538,-11.0758830307538
14.7034356233866,12.769404201838,-308.935540656375,-321.704944858207,-310.774783721724,325.854343018287,323.920311596722,2.21536673851509,0.37612367318029,-10.5540374633146
14.4533697926522,12.6868105042433,-263.851768054937,-276.538578559208,-266.061672104206,280.904035476309,279.137476187899,2.59889762869292,0.38899357944765,-10.0879128755471
14.2492879148214,12.6236742464979,-222.074548727396,-234.698222973896,-224.641861123112,239.292379632389,237.666765964061,2.96854299016506,0.401230594439684,-9.65513125634721
14.0947653400966,12.5802865473244,-181.060962901186,-193.641249448501,-183.917528150576,198.425319348466,196.91084055566,3.26959110715931,0.413025857759431,-9.31069544015273
13.9884013567333,12.5557505887606,-143.223779468559,-155.779530057303,-146.310489456978,160.722847993771,159.290197225792,3.51066716848766,0.423957180060298,-9.04508342025883
13.9160231857898,12.543501241482,-105.949373861845,-118.492875103339,-109.243722742613,123.593978498496,122.221456554167,3.72858145082923,0.434232570073478,-8.81491979066033
13.8531186891497,12.5327600550171,-81.2740219355252,-93.8067819905441,-84.7857248706144,99.0822850103396,97.7619263762219,3.95514438567406,0.443441450583185,-8.57761566934291
13.780167259761,12.5182329329207,-72.4012648208054,-84.9194977537261,-76.1542909739483,90.3862653193478,89.1243309924882,4.20483323875975,0.451807085630793,-8.31339969413592
13.7202462943052,12.5060357415707,-84.9542429095172,-97.460278651096,-88.9736682023668,103.153956127318,101.939745574591,4.47946692349623,0.460041630659723,-8.02656881807352
13.6722647193656,12.494747005403,-93.7132274082439,-106.207974413665,-97.936572882717,112.077313089562,110.899795375587,4.69182096192667,0.468475487471474,-7.80292604348475
13.6503450295755,12.4858588667548,-99.471397093614,-111.957255960366,-103.869777070364,117.996843175617,116.832357012781,4.87510105241968,0.47672107566892,-7.61075781433471
13.6201659114624,12.466749594021,-114.407136893133,-126.873886487165,-118.955557261955,133.059398595157,131.905982277724,5.03209579055446,0.483675421755471,-7.43465380346723
13.6048286594197,12.4486840579648,-108.13407082775,-120.58275488574,-112.811953854431,126.906408874452,125.750264273005,5.16750938726672,0.489626360598968,-7.28117467069852
13.6027931178204,12.4305525941103,-112.424287624074,-124.854840218188,-117.205791604932,131.303040975469,130.130800451755,5.27596023356641,0.494456252719224,-7.1545923605373
13.6081029836584,12.4127053992227,-115.776317346747,-128.189022745973,-120.612928091408,134.719463390043,133.524065805605,5.33504305962374,0.498432314958318,-7.07766233958789
13.61968755179,12.3945582532573,-130.285174258129,-142.679732511382,-135.143967100284,149.265678350547,148.040549052012,5.36081654062933,0.502023698464516,-7.03374171262449
13.6293076817942,12.3762422027456,-160.724979801927,-173.101222004681,-165.618463048463,179.752401023156,178.499335544105,5.39811353942025,0.504630292894769,-6.9781286633158
13.6526891228329,12.3675639542368,-172.776273524072,-185.143837478321,-177.694259204803,191.853164685964,190.56803951737,5.42420203904714,0.506216358328944,-6.94336191518821
13.6752689214834,12.3631624009305,-181.264558166059,-193.627720566985,-186.181178473628,200.3632193335,199.051112812967,5.42339224597974,0.506771938375263,-6.93977015495908
13.6995193036119,12.3608791419351,-197.798938867335,-210.159818009265,-202.749503826398,216.955108629898,215.616468468221,5.45665045895644,0.506085499891454,-6.90422868297822
13.7170320449377,12.3554611413607,-219.828226292039,-232.183687433397,-224.819200086817,239.040990082405,237.679419178831,5.49573174543205,0.504757950652845,-6.85972939592047
13.7359376627521,12.3539184008058,-260.509039194771,-272.862957595571,-265.543406740099,279.7823831534,278.400363891442,5.53740629587147,0.503038750533775,-6.81651210493116
13.7543576758416,12.352335863134,-275.710722465372,-288.063058328491,-280.783038133315,295.038130075841,293.636108263128,5.57304993463613,0.50073426667342,-6.77928592848245
13.7696358865766,12.3526203282091,-285.036436798259,-297.389057126464,-290.172044553913,304.439699914402,303.02268435602,5.633627229553,0.498019473895791,-6.71899309865153
13.7870776179429,12.3543726701228,-284.002052917707,-296.356425587822,-289.213628832178,303.495699111116,302.062994163272,5.70656857544926,0.494992660971963,-6.64780409464683
13.8061460647388,12.350816996216,-273.227276344265,-285.578093340465,-278.529659242296,292.827372247226,291.372043178696,5.79394983822178,0.491566940186096,-6.55686715799153
13.817404276247,12.3405502481735,-252.15073600852,-264.49128625668,-257.550600741493,271.856421148642,270.379567120564,5.88828086388316,0.488416130901599,-6.45226938428812
13.81659167286,12.3203848734954,-254.160412640737,-266.480797514217,-259.649385007484,273.951993095154,272.455786295765,5.97498878155065,0.486016414787818,-6.34539609192079
13.7975619899976,12.2845089818714,-275.617337375191,-287.901846357049,-281.211554756947,295.493409269182,293.980356261038,6.07850990398761,0.484292522225524,-6.20599907786885
13.7695695438845,12.2397439661495,-283.9542420601,-296.193986026229,-289.645402609969,303.898117111317,302.368291533562,6.17430550733127,0.483144957432388,-6.06543845881367
13.7434879136503,12.1945214677671,-261.675766276071,-273.870287743819,-267.439717615362,281.666257089192,280.117290643286,6.24700289947027,0.483051560172699,-5.947518568276
13.7149411987828,12.1464463876899,-234.641008737722,-246.787455125422,-240.472438537576,254.671795255758,253.103300444653,6.31584531923216,0.484415519377307,-5.83060106846157
13.6932436407872,12.1016735589952,-207.922137406169,-220.023810965149,-213.776529768781,227.957439376937,226.365869295113,6.34205832996415,0.487665967357121,-5.75961522901009
13.6725717281707,12.0581836108375,-178.110021126579,-190.1682047374,-183.992915997218,198.157776386111,196.543388268764,6.37518353136487,0.492288660715797,-5.68300007947651
13.656836002189,12.021152158104,-155.446636520261,-167.467788678358,-161.347288368315,175.502322519792,173.866638675712,6.39884999735494,0.498198149289096,-5.622302160735
13.6505657127896,11.9907442557909,-140.326257210583,-152.317001466356,-146.249645773901,160.40567254822,158.745851091181,6.42884962482874,0.505461061498932,-5.5618946309463
13.6513471224891,11.9649820057141,-140.881175115824,-152.846157121534,-146.837211829816,161.001881102762,159.315515985982,6.46935886444467,0.513322150449887,-5.49562314125203
13.6536884059979,11.94225953986,-161.237889402035,-173.180148941863,-167.255741288876,181.431292009266,179.719863143104,6.53971420124364,0.521862314389276,-5.4025453385925
13.6519827171943,11.9204278689772,-185.080498471853,-197.000926340815,-191.187433163198,205.370243301098,203.63868845285,6.63776211204067,0.530827420689908,-5.28266575692115
13.6441640815724,11.8950703272087,-218.449613777191,-230.344684104397,-224.674972957617,238.859218438688,237.110124684311,6.76544057991694,0.54008139948862,-5.129629747285
13.6273601455623,11.8648843053363,-261.476656852451,-273.341541157809,-267.827047462037,282.003828683303,280.241352843071,6.89981168526529,0.549421075684678,-4.96507262006634
13.6037444219833,11.8322569497465,-302.840065577403,-314.672322527162,-309.323185251618,323.485434234499,321.713946762261,7.04162423509954,0.558504560897833,-4.79063271463236
13.576998914115,11.7964916395384,-318.831919597293,-330.628411236824,-325.399333162402,339.543082124682,337.762574850096,7.13416361326983,0.566750048151768,-4.66232802626922
13.5446896428212,11.7546230673725,-327.753198676068,-339.507821743438,-334.376147571736,348.495272810752,346.705206235295,7.19738449185931,0.574435596187093,-4.55723857550915
13.5070643875462,11.7073680872914,-339.764884646852,-351.472252734149,-346.423365801059,360.511781396934,358.712085096688,7.23983236254135,0.581351208330863,-4.46753572474575
13.4727742740607,11.6589545008878,-326.283666436679,-337.942620937566,-332.95371948709,347.014146344443,345.200326571261,7.25770563369688,0.587652583285466,-4.40124886717188
13.4404791788143,11.6108634233822,-321.420938804796,-333.031802228173,-328.119438169765,342.153673488388,340.324057732962,7.29225550478698,0.593756139802451,-4.31860791858144
13.4064747140036,11.5576598779583,-322.061774133872,-333.619434011835,-328.794988093103,342.80119568993,340.952380853879,7.33294684204159,0.59973288280369,-4.22471303590895
13.3768691690811,11.5014626457563,-329.938456443398,-341.439919089142,-336.693934495174,350.676842732846,348.801436209512,7.36151712037219,0.606039068596691,-4.13994552536829
13.3598345768492,11.4506168263205,-347.765467023674,-359.216083850011,-354.56350957856,368.536457436332,366.627239685815,7.41115583580422,0.613113280927194,-4.03946099052725
13.3602505561554,11.4101931339544,-378.985816158115,-390.39600929207,-385.799181337893,399.780381311288,397.830323889083,7.43431459701384,0.620949417235922,-3.97587853692566
13.3779042696959,11.3831291465112,-398.031524838154,-409.414653984673,-404.851061527381,418.858074328999,416.863299205808,7.44864522113507,0.629108531901294,-3.9344839253748
13.4144559329551,11.3689940440839,-409.164902318102,-420.533896362203,-415.96738673954,430.019711778285,427.974249889419,7.44035352722165,0.637869105789045,-3.92864051687127
13.4654205822765,11.3676648739367,-420.222942149573,-431.590607023526,-427.00162212551,441.113981039779,439.016225331436,7.4256183079123,0.646938331983056,-3.94204656603095
13.5314775605779,11.3795630755184,-407.241908184891,-418.621471260419,-414.011796267437,428.199052985406,426.047138500346,7.4256672399262,0.65577915738587,-3.95389583559147
13.6032993483916,11.3976005855459,-391.182127130155,-402.579727715718,-397.93004919771,412.197372346672,409.99167358382,7.41194586810001,0.664023800568648,-3.9856547174434
13.682177870919,11.4225299578518,-372.053310969756,-383.475840927633,-378.787151038893,393.141403081618,390.881755168546,7.40591424091631,0.672074171802843,-4.01661571694142
13.7628679597683,11.4492572105849,-339.103618096285,-350.552875306888,-345.799185208509,360.241738234924,357.928127485749,7.37525217886132,0.679685066642368,-4.07400503173919
13.8432192632999,11.4750937557806,-303.363291606651,-314.838385362452,-309.999557183887,324.529674527276,322.161549019761,7.32316365730799,0.686898080089498,-4.15193009847527
13.9167112458472,11.4974228573603,-260.184661742604,-271.682084599974,-266.777749394935,281.388062160883,278.968773772398,7.28668917242648,0.69360152009046,-4.21073368494738
13.9876141421555,11.5223904867485,-221.664165500966,-233.18655598773,-228.207944044932,242.895071901642,240.429848246227,7.24329225850211,0.69951371454751,-4.27909822824282
14.0578957460278,11.5493296693062,-201.166560542284,-212.715890211585,-207.673596172088,222.43618406339,219.927617986656,7.2117277750654,0.704692145267052,-4.33760189422496
14.1251651953392,11.5773537832722,-187.211776068396,-198.789129851679,-193.691208411461,208.525429257039,205.977617844991,7.18848799330393,0.709055650247301,-4.38886578997599
14.1840694098705,11.6040579447753,-179.596770360027,-191.200828304798,-186.03347785696,200.930713716084,198.350702250971,7.14987394617272,0.713166449240371,-4.45418399859462
14.2440782339594,11.6309607072767,-189.202387476394,-200.833348183671,-195.585417233849,210.546229994388,207.933112467705,7.0997642840343,0.716734526591806,-4.5311964232261
14.3073198394316,11.6594652605557,-173.078795995397,-184.738261255976,-179.364627247997,194.391811016201,191.743956437343,7.00569518136614,0.719863928781833,-4.65377007919365
14.3739798918323,11.6871908147601,-161.247301870392,-172.934492685147,-167.450883765262,182.54737441399,179.860585336929,6.92609265177765,0.722510756898275,-4.76109816297976
14.4425497638972,11.7119543155433,-176.362124223983,-188.074078539514,-182.492108306494,197.659224324117,194.928628875745,6.85455033623598,0.724566253717397,-4.85740397929914
14.5058556944566,11.7302875047544,-199.450443417091,-211.180730921846,-205.500199213577,220.731504983095,217.955936793405,6.77520587156365,0.725450075069145,-4.95508163319167
14.5633626698803,11.7455654620719,-241.706797147356,-253.452362609429,-247.685538404327,262.974203465197,260.15640625737,6.70404364793994,0.725302390985922,-5.0415218141187
14.6082007366661,11.7527327721303,-279.126893492649,-290.87962626478,-285.032455094669,300.364093893925,297.508625929414,6.62899966462967,0.723438062597848,-5.12373310750743
14.6406384003598,11.7542063808367,-330.269525553068,-342.023731933896,-336.10515149004,351.465815351081,348.579383331555,6.55565139765547,0.720025460687747,-5.19855498316887
14.6600110465326,11.7512879030538,-370.137044347913,-381.88833225096,-375.92255505481,391.297634595238,388.388911451759,6.50057920079465,0.715068493898803,-5.25070870225295
14.667941877794,11.7415643325048,-398.44770052742,-410.189264859932,-404.205402032294,419.581587994658,416.655210449372,6.46594558943289,0.708244084567691,-5.27561874307178
14.6655408380258,11.7268978569791,-413.626314896848,-425.353212753824,-419.362291457332,434.727715919453,431.789072938407,6.43586018458165,0.699883624100361,-5.29103767239028
14.6516414250024,11.7058855781677,-402.332940165891,-414.038825744056,-408.041713742002,423.383074034693,420.437318187868,6.39849244381018,0.689718867701445,-5.30739313436797
14.6240556717708,11.6764141437828,-407.318860410739,-418.995274554509,-413.062084724556,428.363896151154,425.416254623159,6.42098006864772,0.677755754827264,-5.2554340751152
14.5862635374504,11.6401806203585,-404.338601475518,-415.978782095875,-410.172033146227,425.4230525404,422.476969623304,6.49818752742887,0.664755856714902,-5.14199309293235
14.5384811715624,11.5963708569592,-378.062111567376,-389.658482424319,-384.030954766809,399.220355578187,396.278245263586,6.61976283926162,0.650919639814303,-4.9766080176894
14.4923085237593,11.5516343131929,-351.416727396005,-362.968361709206,-357.548812957815,372.678511365847,369.737837155268,6.76947544606229,0.637389884258831,-4.78215886713653
14.441881441427,11.5026835575808,-303.783617311681,-315.286300869258,-310.097216961042,325.163170641941,322.223972758094,6.93767188883235,0.624072239482621,-4.56501166874034
14.3942591437149,11.4530527935417,-268.791705215149,-280.244758008682,-275.305522464107,290.311334007166,287.370127656979,7.12536964829617,0.611552399367527,-4.32768314522922
14.3548564694684,11.4013765146349,-240.705394957906,-252.106771472537,-247.433935327584,262.389027898883,259.43554794404,7.32877647150462,0.600236101841474,-4.07260004312263
14.332863681565,11.352321386569,-215.675723995318,-227.028045381881,-222.600761775489,237.524243971624,234.54370167663,7.51565629475278,0.590618514585959,-3.83666509181348
14.326545729672,11.3046024860407,-195.850299168128,-207.154901654161,-202.986203713026,217.895244913424,214.873301669772,7.71840001561338,0.582495470720672,-3.58620247042098
14.332558739257,11.2598129673938,-177.019031230219,-188.278844197603,-184.321977730373,199.230717300374,196.157971528496,7.87912733089342,0.576180830748573,-3.38068563648951
14.3423671175095,11.2111156528673,-170.602503410183,-181.813619063051,-178.017990300459,192.931899976973,189.800648512304,7.98702944925352,0.571542558991789,-3.22408620360786
14.3541617638154,11.1574634823611,-158.528593188447,-169.686056670796,-166.045710234328,180.968228063845,177.771529782376,8.08547311158628,0.568356065698868,-3.07199037077215
14.3704696827296,11.099797923889,-168.855845332218,-179.955643256115,-176.443396885209,191.380667901521,188.10999614268,8.15435288656336,0.566801333590433,-2.94544503731749
14.3958935181097,11.0390280103972,-179.359698938794,-190.398726949169,-186.978198808747,201.940727760805,198.583862253061,8.18513530389287,0.566635433940599,-2.85389270648664
14.4323127368869,10.9821469063922,-221.535447753162,-232.517594659555,-229.169181001998,244.169622119905,240.719456289389,8.20186162983706,0.568128381006599,-2.78028527655222
14.4731441929763,10.9304336253318,-246.86177121505,-257.792204840359,-254.511711632038,269.55513645125,266.012425883562,8.22022104320733,0.57028062620374,-2.71021258211953
14.5222859723445,10.890229307821,-284.382133148071,-295.272362455882,-292.042226739749,307.137822741281,303.505766076727,8.23340362084842,0.573310029181354,-2.65682568695067
14.5751563876983,10.8565207735298,-319.600285467372,-330.456806240887,-327.280647915765,342.433346877017,338.714711262827,8.2579050219373,0.5775425735342,-2.59861575158999
14.6377852713315,10.8340036947899,-361.275206651883,-372.109210346675,-368.963311354797,384.183927434308,380.380145857731,8.27093551105955,0.582830808155756,-2.56306818372365
14.7059132102388,10.8194571713273,-424.48241051676,-435.301867688066,-432.177025115579,447.471470094837,443.585014055908,8.28314636784339,0.588531769019035,-2.536310803471
14.7714347211776,10.8058047679817,-472.516498409487,-483.322303177459,-480.22269396662,495.588406948165,491.622776994954,8.30047381749,0.594278260362692,-2.50533095047066
14.8290998572402,10.7934930139557,-508.896384161447,-519.689877175423,-516.600753689552,532.029651704709,527.994044861434,8.30416768600951,0.599798157918416,-2.48932532795621
14.8798863459252,10.7774080363319,-521.959665037891,-532.737073074226,-529.663332820862,545.147579825835,541.045101516247,8.30802844202499,0.604360659052396,-2.46937959432327
14.9350273948203,10.7646423293634,-534.676978614485,-545.441620943846,-542.369914651351,557.913209510806,553.742824445356,8.30120350150514,0.608267464630434,-2.46343882785942
14.997090272638,10.7597216827753,-544.167871168454,-554.927592851219,-551.822418325489,567.431066195915,563.193697606029,8.26610475481082,0.611557597767804,-2.4936169279618
15.060469417497,10.7598111553605,-568.324757808358,-579.084568963725,-575.936439570228,591.610998155483,587.310339893348,8.22577092962419,0.614089167748367,-2.53404022574396
15.1222711512556,10.7598342966212,-577.087554473372,-587.847388770002,-584.6375166498,600.375831825167,596.013394970537,8.1660062005328,0.616044024110295,-2.59382809607712
15.1821969142519,10.7579952088358,-586.814380430677,-597.572375639504,-594.245018285561,610.044924103437,605.620722398007,8.04834675850017,0.617708903611334,-2.70964845033151
15.233896906246,10.7523744762436,-581.96667747416,-592.719051950419,-589.263866585012,605.116583187403,600.635060757408,7.91600880699107,0.618819696153537,-2.83636566924892
15.274697633719,10.7419786805502,-565.717050492315,-576.459029172874,-572.88901383479,588.78342362711,584.250704673941,7.7916755010668,0.619712158595008,-2.95030317948615
15.3025511836287,10.7236218545604,-561.902694465815,-572.62631632038,-568.921239513882,584.84356425882,580.264634929748,7.63831860937524,0.619773561326358,-3.08530324517566
15.3243421236247,10.7003005783284,-515.751049424497,-526.451350002826,-522.617040853068,538.560372472941,533.936330927633,7.48498092480167,0.618989496230056,-3.21531965352588
15.3366659079417,10.6755333974907,-454.995932691838,-465.671466089338,-461.71079036458,477.664129632977,473.002997122526,7.33153103318643,0.616673360457662,-3.34400236428479
15.348750870454,10.6534856463537,-400.086076511803,-410.73956215816,-406.695218330486,422.657626355743,417.962361131641,7.22279897347985,0.61365715481578,-3.43068667287975
15.358105132168,10.6323754529535,-340.963670938012,-351.596046390969,-347.476903164019,363.444898905978,358.719169226773,7.12312283580381,0.609890609795447,-3.50925261715194
15.3624645529389,10.612719461025,-305.550178585931,-316.162898046947,-311.979754018989,327.947518965621,323.197773873694,7.03487582674745,0.605300393699287,-3.57784363427231
15.3647363037197,10.5946744855229,-263.603509882358,-274.198184367887,-269.953288152079,285.917481829502,281.147420011296,6.94923564340861,0.599457373693033,-3.645438842117
15.3700418624071,10.5784589711674,-213.214858573397,-223.793317544571,-219.510117860839,235.473031567292,230.681448676055,6.8881311314857,0.592871844053515,-3.69032783968151
15.3709746966459,10.5572841514926,-144.827366721863,-155.384650873361,-151.060488372466,167.016281142174,162.202590597023,6.8179397236606,0.584818073068573,-3.73934442781643
15.3702699248566,10.5286742524724,-86.8851734468437,-97.4138476992969,-93.0356071656036,108.981679949884,104.140084277475,6.72623657817913,0.575802859414208,-3.802437674294
15.3708444389744,10.4978608240286,-42.7140630491664,-53.2119238731821,-48.8007579812286,64.7380806498059,59.8650970348531,6.65317316166966,0.566478229605704,-3.84468766236343
15.3700876526039,10.4647065816471,8.42509650613522,-2.03961007549917,2.38708381648777,13.5400233196006,8.63464224862186,6.59503217312155,0.557019483484396,-3.86967440851692
15.3647318492192,10.4263192477,31.9902845224505,21.5639652747417,25.974835942341,-10.0628684552697,-15.001281056781,6.56268421795393,0.547235637851964,-3.86363502975238
15.3526571207237,10.3861041908144,42.9320617416083,32.5459575508054,36.9420619803301,-21.0512941540794,-26.0178470840045,6.52811046679668,0.538110705517822,-3.85799372400383
15.3378056879938,10.3413696454112,48.4555420144212,38.1141723690331,42.4808507732652,-26.6125738517828,-31.6090098943808,6.50516247464852,0.530471233485866,-3.83620717074899
15.3146962170716,10.29641439,36.1922039236978,25.8957895337033,30.231466549131,-14.3934220175193,-19.4117038445864,6.48408568911316,0.523348314542798,-3.8123287008849
15.2825348100963,10.2485067261884,14.4496754670789,4.20116874090359,8.50094887788749,7.29797687572952,2.26394879181514,6.46511753271341,0.51639094352109,-3.78338919347197
15.240082458192,10.1999745196993,7.04849555977666,-3.15147895990953,1.12267146125957,14.6265803021607,9.58647236365742,6.43499340374607,0.509169305242219,-3.76498111592655
15.1887228216639,10.1517778280344,-5.69157031676266,-15.8433481447776,-11.5915813695158,27.2831421738232,22.2461971801993,6.40284903541642,0.502837982667819,-3.7489287926009
15.1298226768258,10.1034277560854,-49.6024399683336,-59.705867724418,-55.4805990142713,71.1070326705155,66.0806377497751,6.37477002535364,0.496610979415975,-3.72865773072019
15.0669867523717,10.0581405891361,-84.4086526364914,-94.4667932256166,-90.2536091102021,105.811364265417,100.802518102183,6.33572487656024,0.49076840285401,-3.72241571256339
14.9985304972839,10.0092475959313,-125.49620576591,-135.505453361833,-131.268961610712,146.752805409897,141.763522508531,6.25806914669877,0.485313301907913,-3.7511784492171
14.9310078079748,9.96460809840289,-159.385659636863,-169.350267735253,-165.072509775584,180.483816217064,175.517416507487,6.16714877223295,0.480298633503128,-3.79745932616315
14.8606471406338,9.91327038035521,-204.290394611512,-214.203664991866,-209.873489894491,225.209321220845,220.261944460559,6.05827946869151,0.475184185726367,-3.85499091166188
14.7862310523151,9.85833672016309,-229.173671357576,-239.032008077725,-234.633185684062,249.889625203767,244.961730871608,5.92972279387998,0.470208467389579,-3.9286139262632
14.7116599185184,9.80021810463555,-244.935701321481,-254.735919426106,-250.259061304937,265.436321874566,260.524880060673,5.78896063456286,0.465600651104648,-4.01125747005956
14.637381894266,9.74379263628922,-297.091875343356,-306.835667979646,-302.266996583605,317.366074308774,312.472485050799,5.63681707115241,0.461695830913105,-4.10697556512957
14.5598389712444,9.68800249194004,-332.422096581849,-342.110099073782,-337.46838794926,352.487497195481,347.615660716143,5.50556164236098,0.4592702749531,-4.18244084955507
14.4817435862922,9.630374881972,-397.20315196595,-406.83352684792,-402.108502638185,417.048586188336,412.197217484007,5.36369063608815,0.45833996385431,-4.2666842458576
14.4012383973032,9.56692739033418,-463.80243667104,-473.369364061369,-468.548078951374,483.408457891788,478.57414688481,5.20478282344258,0.459140543106389,-4.36214456688776
14.3184930258462,9.49999088986955,-513.498309501906,-522.99830039176,-518.064869502543,532.844948937363,528.026446801371,5.02814640961017,0.461586408975305,-4.47184448023811
14.2395941968591,9.42889990458089,-559.303334297324,-568.732234201894,-563.698807078491,578.40378780338,573.593093511095,4.86085930920389,0.465386528034846,-4.56804059535641
14.1687311882875,9.35690815449195,-574.036591551336,-583.393499705813,-578.287794419922,592.927266011416,588.115442977591,4.72194327177743,0.470740403204141,-4.63496488270117
14.1125289674186,9.28723014313347,-576.191115582342,-585.478345725464,-580.277582201737,594.868176374924,590.042877550617,4.5645318251534,0.478065205737043,-4.7226983179656
14.0747308302942,9.22274364778669,-562.04230751498,-571.265051162756,-565.963215666991,580.52526936921,575.673282186674,4.40823102391694,0.487322871907242,-4.81451262383422
14.0542083991324,9.16390241463863,-553.425260546289,-562.589162960905,-557.192503610975,571.74497425295,566.854668268428,4.265505307526,0.498262242822925,-4.89839710711173
14.0583418468801,9.11793084945113,-557.304425433843,-566.422356283304,-560.929283733434,575.499081025321,570.55867002788,4.13631374457945,0.511455445003717,-4.98161710486308
14.0832496913344,9.08343156498827,-559.293365215407,-568.376796780394,-562.792010553543,577.401504231344,572.401686104985,4.0248893245908,0.526243986476817,-5.05854224037484
14.1191279697725,9.05534704812993,-555.979407908473,-565.034754956612,-559.347201512096,574.008681534994,568.944900613349,3.91014565673383,0.54235205312207,-5.1452013913857
14.1661236960951,9.03805707286106,-547.44430500101,-556.482362073876,-550.7020774759,565.427913850653,560.299847227429,3.81748515355561,0.559712678672831,-5.22057191930907
14.2211162990649,9.02969491081376,-503.841793412906,-512.871488323705,-507.032783014731,521.831602024052,516.640180635805,3.76869231209827,0.57770271027353,-5.26100259869784
14.2746741523056,9.02263065077097,-459.626369007464,-468.648999658227,-462.767992088707,477.638544126057,472.386500624507,3.73750096628401,0.595877885015906,-5.28512968448786
14.3307879293596,9.0199099970462,-440.082624671602,-449.102534668632,-443.212902474338,458.158241668575,452.847363736243,3.74482906761238,0.61455126487459,-5.27508092941707
14.3888501302132,9.02323937179309,-404.478088904002,-413.501328275794,-407.644746386651,422.667032883598,417.301422125156,3.80009384936969,0.633436366713645,-5.22314552241616
14.4496916485091,9.02799869545593,-371.653525674062,-380.681524369526,-374.839966091897,389.941925491763,384.520232538721,3.83870816919695,0.652267751381918,-5.18929052625876
14.5064397321107,9.02880036205314,-341.403622789057,-350.432423151099,-344.618854988761,359.796020093643,354.318380723557,3.88595757246098,0.670725372760214,-5.14284278956704
14.5563708860699,9.02384105500692,-301.707226838602,-310.731067893606,-304.930441360012,320.175415474877,314.642885643813,3.91181775020794,0.688603228799125,-5.1120233047931
14.5970266519478,9.01396326104539,-271.092745711435,-280.106708972486,-274.345868788106,289.648433548553,284.065370157647,3.95866118516593,0.705538108515661,-5.05530207587154
14.6325206207175,8.99983028904241,-245.447270519575,-254.447100808622,-248.76104580872,264.115139520041,258.482449188364,4.03534837974567,0.721573090617906,-4.96448190929142
14.659102731626,8.98275301957356,-208.993032988577,-217.975786008129,-212.347345357734,227.742642545311,222.06629283325,4.0905068251207,0.736194455961989,-4.89224619443363
14.6789300746608,8.96260474087169,-169.71544036713,-178.678045108001,-173.156739930384,188.585168575367,182.868843241572,4.19079813356982,0.749498570304404,-4.77180660728897
14.6961493548169,8.94373620941554,-146.8358599856,-155.779596195001,-150.357410506573,165.815207051497,160.062793906082,4.28319771108091,0.761647190104906,-4.6605384983231
14.7029956716309,8.92012810572417,-118.251591702653,-127.171719808371,-121.867975488077,137.342762275478,131.559894709565,4.38817490119758,0.771791115770862,-4.53195320450646
14.7076527769012,8.89860986152155,-70.0797961625489,-78.9784060240681,-73.7880448301814,89.2759449373875,83.4669020220117,4.48849599793996,0.78024733031193,-4.41011386357458
14.7119375949452,8.87925414987944,-41.1498958532734,-50.029150003143,-44.9307048138886,60.4292483769997,54.5965649319376,4.56741492879696,0.786605968182604,-4.31183922108339
14.7114582878942,8.85870534995439,-24.6475234573347,-33.5062288073114,-28.4517986297578,43.9540572408494,38.1013043029293,4.59507549561418,0.790800323205266,-4.26362985434813
14.7064353545659,8.83816445397305,-11.0793850250738,-19.9175494790326,-14.8933164085523,30.3926448038462,24.5243739032574,4.60682442422257,0.792893040730447,-4.23134002975026
14.6992242270818,8.81763605701767,-14.3683238658906,-23.1859599228829,-18.1620422889659,33.654390015707,27.7728018456284,4.58684192274754,0.79312349964803,-4.2307941342647
14.6869097159717,8.79215814192047,-24.7757354827328,-33.567893624657,-28.5078400131804,43.9863516098476,38.0916000358168,4.52370641115701,0.791601880716678,-4.26845173076867
14.6678410714313,8.75930658057404,-29.4943159753339,-38.2536225559228,-33.1463433303576,48.6028571875114,42.694322696662,4.44070014073554,0.788672785709347,-4.31860643984393
14.6371282579557,8.71894366505571,-53.5226846064348,-62.2416282714927,-57.102690988328,72.5241187130636,66.6059341201675,4.36430584867435,0.784299466776842,-4.35463781638181
14.5952137437684,8.67081582287021,-86.2881203149495,-94.9589361378379,-89.7811001477251,105.155443616991,99.2310456960843,4.27210955824784,0.779129725495585,-4.39870626463096
14.5483676290757,8.61890345212322,-106.538123136374,-115.157026588497,-109.93728472439,125.259537846957,119.330073669989,4.17304708149449,0.773885493489857,-4.44585637062918
14.4992807438946,8.56195019047972,-137.397821035623,-145.959771226103,-140.737660409801,156.005606013996,150.068275460583,4.10850423447963,0.768664860302371,-4.45344595600959
14.4511171451564,8.50117118102729,-158.736320929853,-167.237492110886,-161.995180426316,177.21016216527,171.260216201154,4.02272409026577,0.763864593808218,-4.47844709075835
14.4043936064237,8.43650089148559,-186.434357926908,-194.870858818392,-189.562468755523,204.726153651338,198.758260936398,3.88740211801126,0.759291289400253,-4.54909877346573
14.3537406947417,8.3683999627539,-197.345651345387,-205.714051308131,-200.346587945837,215.454915059201,209.469574327215,3.75552301908788,0.754586418633113,-4.61287694365018
14.2948479609396,8.29641333021462,-223.970578113649,-232.26699144387,-226.838834499432,241.883343990372,235.884909359647,3.61791791577993,0.749661530018445,-4.6784954144356
14.2250490475761,8.21721686201262,-279.0878889763,-287.305105838303,-281.856183202269,296.825357044901,290.817524859323,3.51241902102068,0.744124795057231,-4.70479784097859
14.1504869107211,8.13712073368744,-322.871346799952,-331.008467533655,-325.507547857137,340.395749141917,334.38238296489,3.37391543123655,0.737714374059154,-4.76320530246469
14.0751969406908,8.06080041414505,-380.31071164699,-388.371512061135,-382.834632208399,397.640404631193,391.626008104654,3.25449604352061,0.730575482115064,-4.80630437062783
14.0012468540402,7.98664972147351,-435.217275544031,-443.203925265506,-437.623993969216,452.348288294414,446.33369116185,3.1297658963426,0.723047471163338,-4.85688382512424
13.9285833560821,7.9194956052509,-477.642477780392,-485.561973385654,-479.903290466629,494.546801255753,488.537713504934,2.97574011928088,0.714927433051153,-4.94375548596097
13.856152262879,7.85763577359165,-513.131899573354,-520.989535346917,-515.251313242326,529.813498049206,523.814981559905,2.82544621298583,0.706032544002254,-5.03218956057442
13.7850784545563,7.80366956633384,-542.471550586084,-550.275220152431,-544.454555130148,558.936333593539,552.954924705325,2.67970455289794,0.696700008844448,-5.12396501343194
13.7197855981854,7.75466553483111,-568.218354620351,-575.973020155157,-570.036304479894,584.443576332782,578.478456269418,2.50543611425797,0.687486254699497,-5.24922942054486
13.6630444175177,7.71218882160093,-587.420548496527,-595.132737318126,-589.079775030664,603.421753150885,597.470897554963,2.33816023684148,0.678933702702512,-5.37402858475424
13.6154059619291,7.67512486130361,-590.201704800828,-597.876829662119,-591.731729920968,606.018065800526,600.077784699898,2.20095503777542,0.670929917632362,-5.47416982350851
13.5758529616551,7.64438731591892,-592.046024387748,-599.69041170368,-593.436582047713,607.676603448365,601.74513780263,2.05472609895509,0.664168438990261,-5.58966121696247
13.5376837021763,7.61291671142822,-577.056886823245,-584.669803534664,-578.312256761681,592.508733143943,586.583966153193,1.91416261853393,0.658792680094563,-5.6987540928866
13.5047200874609,7.58303159313499,-548.473645143663,-556.056676736765,-549.597319379815,563.75698693792,557.835298443572,1.77862170680342,0.654947470631939,-5.80440988630578
13.4776360732444,7.55599761065693,-520.268128252271,-527.824125862911,-521.291559666518,535.421974449228,529.500335986647,1.67621012373607,0.652778709476562,-5.87978748690818
13.4553234945327,7.5320449703716,-464.129072141395,-471.661117111758,-465.076499324701,479.183903574263,473.260625050081,1.59950793832785,0.652080755023262,-5.9325370320071
13.4361120753743,7.51109746692972,-430.068773856631,-437.579871323564,-430.979395700295,445.067762810577,439.142748202128,1.56287687856376,0.652255034907762,-5.94822058836098
13.4205283392999,7.49288388243193,-399.74167631602,-407.234560198461,-400.625977528806,414.700133746868,408.77248929,1.53792909154192,0.653627878762293,-5.95495479088367
13.4050104322583,7.47792541864894,-354.402372543413,-361.880297962051,-355.320178592934,369.381112737501,363.454027723877,1.57372976182548,0.655923712319822,-5.90419565679178
13.3810998352626,7.45817416780732,-309.702452373418,-317.160626541228,-310.650916548053,324.69027584605,318.767350178591,1.60672363736309,0.658259462737148,-5.85145053042296
13.3494398916761,7.43573262433153,-260.847717240301,-268.283449864642,-261.853498959021,275.864129122379,269.950421855015,1.66697199037661,0.661190271683932,-5.76876063392913
13.3183753718853,7.41399776349089,-225.717038653371,-233.131036416841,-226.767544444828,240.75088202221,234.846504413803,1.71546799696184,0.664962205486924,-5.69852976650506
13.2814389719176,7.390348606561,-195.626752867962,-203.017101474515,-196.7216467114,210.672599007527,204.781508642144,1.76440716763136,0.669513324180354,-5.62594143892444
13.2374523754283,7.36766072466926,-161.141611161581,-168.50927188624,-162.280440253469,176.192738591626,170.322946940855,1.81367505461614,0.674845962728391,-5.55398567003878
13.1944660701879,7.3481047317726,-159.749899852963,-167.098004584734,-160.939567858804,174.815222587405,168.968861248963,1.87085666423209,0.681188658385993,-5.47724806753406
13.1502757022199,7.33028593507348,-144.247440790669,-151.57772672574,-145.487270006144,159.325489948005,153.505500180849,1.92777345510719,0.687944239638094,-5.40251247996086
13.1157360593775,7.31895185663818,-135.151737360742,-142.470689217361,-136.411837764884,150.222728845612,144.425944642851,1.9552554254926,0.695155021346258,-5.36369643112748
13.0866758786359,7.30937098876091,-129.959351654006,-137.26872264277,-131.227039460643,145.016183535757,139.23887864587,1.97015600309927,0.702468196455746,-5.33921498565259
13.0628516074375,7.29686756125055,-117.445238857325,-124.74210641858,-118.689006318439,132.461170250753,126.695186204568,1.95307978599009,0.709312324881449,-5.34378777526181
13.0397878671671,7.28108946857404,-119.66516880211,-126.946258270669,-120.870941747454,134.62650539092,128.867806992298,1.92154872163305,0.715775776291094,-5.35954074690841
13.0141119324286,7.25850780786126,-119.684161685632,-126.942669493488,-120.85702759585,134.592502803991,128.836898679393,1.89422918591319,0.721363275684326,-5.36427862194264
12.9823957258877,7.23031594547053,-107.926873238364,-115.157189183833,-109.044669979805,122.75248901143,117.000409230993,1.84322004716127,0.725423305738895,-5.38709589829569
12.9458218180983,7.19399387846304,-131.435469438574,-138.629463317006,-132.490181371888,146.163917599981,140.412089660301,1.7826263432982,0.72791440997556,-5.41136753514221
12.9069119617633,7.15481890867617,-166.912305973738,-174.067124882405,-167.877994415997,181.513717870033,175.761624816923,1.69449993452117,0.728811492262575,-5.46031897412604
12.8657021787383,7.11186845192959,-206.910034521154,-214.021902973103,-207.788514299783,221.383013153998,215.629179427183,1.60727645407736,0.728796675460969,-5.50459199786852
12.828317715523,7.06952322686437,-284.782387950077,-291.851911176947,-285.550091907447,299.106485266528,293.347690777869,1.49577960092936,0.728075643561724,-5.57374362593953
12.7934515966778,7.02571775967688,-336.906400475466,-343.932118235136,-337.587994219893,351.107730841595,345.339997004576,1.40787876943856,0.726285025024419,-5.61783899022565
12.7595448363192,6.98226357769109,-389.928403110471,-396.910666688158,-390.540651538542,404.02294467525,398.245663416616,1.33499672845643,0.722748300380574,-5.64726684922742
12.7212573261343,6.94139390023909,-404.378678397684,-411.320072297915,-404.932731282947,418.371933450131,412.592070024208,1.27199772629702,0.717944841030478,-5.66939617393663
12.6770960432925,6.9010460387166,-433.128505145387,-440.02955118412,-433.595184411948,446.984153800895,441.208103796318,1.17855261219439,0.711873345657191,-5.72249342653216
12.631265043901,6.86278881024718,-468.469628789125,-475.332417599387,-468.870511114691,482.207366951398,476.438890717749,1.10647311836365,0.705590792807395,-5.75631569189076
12.5876640492599,6.82664640025535,-511.691311532253,-518.517957932518,-512.030132145062,525.316531042247,519.555513393246,1.03755546073484,0.698734847939618,-5.78909093953227
12.5411823291198,6.78922671665038,-544.894845165461,-551.68407188213,-545.170678047194,558.403588448741,552.651632836262,0.96756095413582,0.691728072428073,-5.82166576251909
12.4984509358065,6.74962004341829,-565.02344230918,-571.773062352606,-565.245134831434,578.42868352617,572.67985263378,0.906790281174409,0.685097758930205,-5.8428297622457
12.4568900522659,6.70300286581814,-559.788526116491,-566.491528982331,-559.976371936406,573.112105370346,567.358218183911,0.866689201582185,0.678843381674824,-5.8363136642398
12.4118311562882,6.64914546416397,-539.050675710401,-545.699821174585,-539.208166422809,552.292397989078,546.529712296968,0.829891122381843,0.672400409989765,-5.81925434178598
12.3597779652236,6.58928802884949,-531.605217288745,-538.194505317593,-531.723656998439,544.749569407117,538.979079470733,0.784574153141727,0.666134443444284,-5.80471387571059
12.3009625896956,6.5210783343411,-506.546388247104,-513.067466581439,-506.616821905064,519.577986960145,513.798102704774,0.730636123335215,0.660202465389165,-5.79044221098326
12.2356541416344,6.45056375699702,-476.697933156438,-483.148496913443,-476.702929712314,489.592669031915,483.80757864728,0.659081733839422,0.654085177962828,-5.79148202315625
12.1687825044908,6.37969782124513,-425.651163175184,-432.030860996442,-425.594323548449,438.410440071553,432.621355388307,0.59049439186862,0.64733401860067,-5.78920342937923
12.0991498232395,6.31183138039358,-377.080087305567,-383.391918685972,-376.953193126426,389.692154956953,383.904836514125,0.512917828151505,0.639812007303412,-5.79891355225655
12.0270340221855,6.24816425921951,-317.124010117451,-323.372174376669,-316.928237586652,329.587111411946,323.808241648991,0.436067272320687,0.63183980312088,-5.81209698689792
11.9611893281905,6.18935821463867,-255.054305266006,-261.243663480651,-254.810449920515,267.39500408139,261.623172967838,0.379509487184827,0.623364832680365,-5.80984872745022
11.9028039396287,6.1331411012719,-186.212722748583,-192.345863849865,-185.932617956944,198.449704057414,192.680041219045,0.334177369181251,0.614282160834251,-5.79896373207979
11.8530923212336,6.08095760297381,-128.7351747488,-134.81613235177,-128.382658670281,140.840790736669,135.068656018389,0.252523666616996,0.605039745137734,-5.82843393633691
11.8040474243788,6.02844997875907,-92.4904551575951,-98.5189051363403,-92.0554386552955,104.454723683467,98.6791262378476,0.160221101514329,0.595237603818589,-5.86822887724021
11.7512549613363,5.9718481631564,-50.4314804914017,-56.4033286545627,-49.932102312123,62.2681750817364,56.488768283552,0.0854396289893298,0.584817808279152,-5.88640853416888
11.6942662921118,5.91501691918621,-21.6830101598948,-27.5980270791058,-21.1071899689234,33.3755358081226,27.596286435197,-0.00174064390936937,0.574079547089636,-5.91675756309829
11.6372782758883,5.85862371673042,8.21430978968928,2.35568607294834,8.86634065274899,3.33385422086276,-2.44480033829515,-0.0891142653471512,0.562916597728622,-5.94773798207485
11.584339693996,5.806082914034,32.7540328829532,26.9479499689111,33.4499532949719,-21.3139764975242,-27.0922332774889,-0.144283308575167,0.551637103460707,-5.95036622260646
11.5380286028314,5.75714503812981,78.8524516047973,73.0953065666422,79.5876285473484,-67.508869782216,-73.289753346904,-0.194446780262705,0.540730162291309,-5.95159181840971
11.4907588975249,5.70902932160131,121.823701538775,116.114672217169,122.612911086997,-110.591335749585,-116.373065325522,-0.258393108356016,0.530816439881086,-5.96742242993199
11.4379708497442,5.66203398563047,140.078705118555,134.416671132932,140.935754389331,-128.975987748149,-134.751924612282,-0.33525347934748,0.521795791447112,-5.99728746496438
11.3807245247479,5.61619875026166,148.106660142733,142.490461392463,148.976330685521,-137.08197168862,-142.846497463108,-0.35603607064104,0.513634472153855,-5.97223482089094
11.3145348878308,5.56772933261011,162.4038920292,156.836162696611,163.300823182045,-151.479401818668,-157.226207373899,-0.390044677285776,0.506886475557277,-5.95777400988141
11.2413626770454,5.52029861887759,188.234605951425,182.714307332532,189.1223834184,-177.379118734179,-183.100182792352,-0.385875459821973,0.501902007170662,-5.90617407868871
11.16499589254,5.46903620839872,220.2206137013,214.751577492906,221.085355877152,-209.421909465434,-215.117869149595,-0.366291656691049,0.498450519181507,-5.83532786507619
11.0833397188574,5.40942814070062,233.885118073922,228.475689933206,234.737306609652,-223.157476040121,-228.831387618272,-0.355697685071567,0.496490850668143,-5.76512582577671
11.0018849254751,5.34783171949975,229.912877429215,224.565045709715,230.714624808593,-219.216503271245,-224.870556477225,-0.305510767503842,0.496236611890088,-5.65334248698821
10.9205036783234,5.28038898684932,212.19636861543,206.915979628575,212.95079099888,-201.533120489888,-207.173235181377,-0.257255552802687,0.497166830651277,-5.53764453963662
10.8406668632003,5.20807351918477,210.073145846595,204.865072327403,210.828499342899,-199.488951836873,-205.12154518088,-0.256472853473971,0.498880642837781,-5.46454637266688
10.7639230298778,5.13572375883282,193.894305728716,188.758581969869,194.658781479454,-183.394724209834,-189.022923480875,-0.264341511005179,0.50013423975615,-5.40006526983167
10.6955585320534,5.0695131596891,151.314406154038,146.244892994341,152.082625310119,-140.885850995908,-146.51189636828,-0.267003373942991,0.501215782166306,-5.33651653361535
10.6299906251527,5.00700881733288,95.9274422555612,90.9204334382201,96.6959532430093,-85.5638821478879,-91.1868639557167,-0.26643051749794,0.502080469957233,-5.27343933481951
10.5683263063293,4.94731099094808,32.1487889894664,27.2014779985282,32.9406311242715,-21.8695592318342,-27.4905745472335,-0.289096548696717,0.502745586118875,-5.23640753963439
10.5097771528728,4.88664854459819,-26.2212724593062,-31.1079210039148,-25.3835160556757,36.3963941740301,30.7732655657596,-0.334655438158824,0.503100965478194,-5.22130398275249
10.4642567725651,4.83048230731467,-83.4068941525333,-88.2373764598588,-82.5348641866505,93.5028441677248,87.8690697024717,-0.368306757384672,0.503723208519401,-5.19878906469912
10.4257315795496,4.77357714202534,-153.163648312508,-157.937225454551,-152.241697315757,163.171596746832,157.519442309314,-0.417783145233219,0.504167851527648,-5.19136028725969
10.4009154085667,4.72448598503328,-194.551762033344,-199.276248018363,-193.570008904951,204.475779625818,198.79935020227,-0.476897816090918,0.504855312302254,-5.20138380111379
10.3899562167668,4.68401024733155,-231.066190235092,-235.750200482419,-230.008095179528,240.903661477134,235.197715507675,-0.552484974739811,0.505610080830259,-5.23649522205281
10.3881330680757,4.64866807867852,-276.295068436681,-280.943736515361,-275.13618151845,286.030544201576,280.291079212146,-0.652657303212444,0.506229615035812,-5.301325381881
10.3916263498033,4.61749188764522,-316.652427531395,-321.269919419056,-315.401294635187,326.300162483666,320.526028021489,-0.743891397562598,0.507241498665347,-5.36138328518881
10.3952082163637,4.58984801182623,-345.947676718163,-350.537524729984,-344.581897739564,355.48526150162,349.679901297081,-0.857623432905923,0.508155545698564,-5.4474714447403
10.4028441696758,4.56555810702858,-379.14179068323,-383.70734879026,-377.618291933509,388.530024893537,382.692738830902,-1.01460995936478,0.50888879036425,-5.58016806637798
10.4093515958539,4.54170981064019,-402.163128026974,-406.704837837604,-400.482865885349,411.401539740055,405.533897954811,-1.1709398827873,0.509322258848127,-5.71264969340306
10.413090686159,4.52156027271779,-419.605528484675,-424.127088757399,-417.759329340375,428.682031243948,422.790500830512,-1.33658792689059,0.509611217418199,-5.85814819959209
10.4169466703102,4.50699806309679,-434.170057654316,-438.677055717389,-432.16960249809,443.096118166492,437.186169559261,-1.49088615812253,0.509568998089379,-5.99788422120483
10.4182325540105,4.49340994648121,-451.776979391466,-456.270389337947,-449.615591576969,460.543247424822,454.61842481729,-1.65196452065904,0.509423293854156,-6.14537446713482
10.4174659571441,4.4834358492763,-457.351684424128,-461.835120273381,-455.01736085518,465.944483566612,460.010453458738,-1.82466681464869,0.509656754295424,-6.30810266389241
10.4079308800247,4.46910139078055,-448.025494684707,-452.49459607549,-445.551222284823,456.469016352115,450.530186862875,-1.9644092126144,0.509863187266836,-6.43351060338137
10.3876138603744,4.45058715392711,-427.183974868228,-431.63456202215,-424.570864605179,435.468391918356,429.531365211888,-2.10319681025307,0.509913452799578,-6.55378396415574
10.3610269588982,4.42820249016752,-390.779637504633,-395.207839994804,-388.046822904259,398.917696623544,392.984872154825,-2.22296783998084,0.509846760390192,-6.6511703301384
10.3228253873338,4.39828334579677,-353.56201037388,-357.960293719674,-350.712358242254,361.544038331739,355.61949629021,-2.34079742946447,0.508854702163933,-6.73908077523952
10.2774245918695,4.36383878742322,-323.884484944918,-328.248323732338,-320.906445106837,331.690855159,325.777269354559,-2.47105437777918,0.506985460305532,-6.8348931651834
10.2284107200541,4.32792767628564,-292.144201787672,-296.472129463952,-289.022906360089,299.75559061389,293.855107570106,-2.6170218938453,0.504273533738518,-6.94494957012732
10.1729171885027,4.28806490569843,-267.289032474942,-271.577097380618,-264.057244116182,274.730447661173,268.845595378344,-2.73150200227889,0.500286356481498,-7.01956690793931
10.1120129295591,4.24684243653227,-246.37907189394,-250.625914330469,-243.088421105086,253.695891829962,247.83072133693,-2.79519299354243,0.495457795308993,-7.04203543005795
10.0457334588884,4.20320266717638,-247.786281817928,-251.989484485091,-244.438964000115,254.974789533158,249.132258741438,-2.85722574365549,0.490092074154606,-7.06042841081195
9.97702227328679,4.16051443431986,-235.816507361178,-239.977021795507,-232.440862718325,242.902071042652,237.085563203699,-2.89145859180695,0.484186051049803,-7.0519730261336
9.90501714192975,4.11985447007956,-216.99895337464,-221.118807844714,-213.583185960527,223.965734427534,218.180571755678,-2.93823608903355,0.477531325086758,-7.05809055909196
9.83026029407775,4.08178826067072,-204.287495264478,-208.369283525142,-200.828524660301,211.12947252719,205.381000493764,-2.98828303138007,0.470687572804729,-7.07007129203648
9.75089241690984,4.04485444744109,-194.096474262108,-198.141328709557,-190.614005807762,200.828341850185,195.122303880708,-3.01902482884667,0.463443625516071,-7.06387927627555
9.66334001177268,4.00863461677561,-169.341181820148,-173.34981643692,-165.833948227078,175.953169669165,170.298464274151,-3.05135216277167,0.455881430304983,-7.05998677953325
9.57601753742487,3.97674794160228,-146.622804043903,-150.599551985505,-143.088606678073,153.112819523311,147.513549927493,-3.08600205801512,0.448195307838221,-7.06274999961243
9.49096439422205,3.94946779981183,-116.302349103187,-120.251816902992,-112.771094744466,122.702924086693,117.161427492272,-3.09038941072168,0.440864948014818,-7.03985721051722
9.40399356445604,3.92542229259732,-82.6937330345215,-86.6191553271222,-79.1848857470465,89.0220888999474,83.5435176280801,-3.07563769905326,0.433209588447544,-7.0010599916361
9.31703689030803,3.90483521902707,-45.051166388236,-48.9560016072505,-41.5813147271753,51.3233170382947,45.9111153669918,-3.04488624026049,0.424965420805291,-6.9497214592776
9.22919829630368,3.88470106316863,-11.4028649998972,-15.2875660630708,-7.98009397242982,17.6258430233778,12.2813457902476,-3.00622027282005,0.416550754659073,-6.89092133598958
9.13712226429301,3.86129811534113,28.2367474532988,24.3754493379581,31.6176572065724,-22.0723771120336,-27.3482012609979,-2.9727519230394,0.408157830239718,-6.83405003836786
9.04116716739098,3.83623989363019,58.6858195154136,54.8495796217795,62.0151819029046,-52.5744150292083,-57.7793423029738,-2.92976268119676,0.399599706315806,-6.76600257482876
8.93779786616433,3.80810663182437,92.0176852761638,88.209578644353,95.2673916863884,-85.9386292020903,-91.0683204364403,-2.85874179208541,0.390964618147522,-6.66684842390616
8.82829704096376,3.77879334641195,127.077801515414,123.299008168996,130.242538097985,-121.031442906727,-126.080946601289,-2.78193843229045,0.382798150300109,-6.56073177869063
8.71164857369709,3.74649002690111,147.939767002113,144.193276975205,151.026388535376,-141.939487885244,-146.904646432051,-2.71136945684461,0.375252076443212,-6.45785948373848
8.59589567657223,3.71431407685943,170.517189686041,166.802875609179,173.577369463816,-164.612992380303,-169.494573980023,-2.69169837084533,0.368481406948572,-6.40601244769752
8.48418941928582,3.68096023227972,169.019274020298,165.33831378801,172.062950817913,-163.21618502894,-168.019414215947,-2.68110042793515,0.3625763696908,-6.36206066022664
8.37665395162352,3.64575885267941,173.981564161769,170.335805309078,177.026374985311,-168.292207207344,-173.023102306291,-2.68729699721091,0.357513826342473,-6.33305584990118
8.27461395301631,3.61025693434842,162.388274822533,158.778017888175,165.458083338958,-156.82980441591,-161.494161434573,-2.71614354639699,0.353664970045106,-6.3264004807445
8.17836065305373,3.57564763007984,159.808504795813,156.232857165729,162.900729886199,-154.371409094908,-158.974122117877,-2.74126495214576,0.350960138249116,-6.31691258223284
8.09191655749736,3.54603821944637,155.621257304689,152.075219085226,158.755937143529,-150.314564342899,-154.860442680935,-2.78522359570841,0.349456243139155,-6.33126181516474
8.01388971556876,3.52439018080972,145.296694064107,141.772303883277,148.500987310781,-140.138477717916,-144.627977252667,-2.85567336938949,0.348619877306004,-6.38006355020103
7.94568579597715,3.51109949120866,117.628680660162,114.117581168936,120.866526963184,-112.572377679296,-117.006963984061,-2.88938281512878,0.348463487909361,-6.40048230634197
7.88967348920476,3.50731017595868,96.7178594879462,93.2105493119629,99.9882915702488,-91.7495486331801,-96.1319119464226,-2.92136263446222,0.349069447859857,-6.42867281042814
7.84336574853509,3.51071581945178,86.4307035368236,82.9199877173567,89.7248566912051,-81.5307151431976,-85.8633650722769,-2.9433773549222,0.350775799484592,-6.45409317437715
7.79591407654472,3.51027694809367,71.4942605734357,67.9839836253334,74.8287523972455,-66.6794456323343,-70.9650827607738,-2.98109913544231,0.353392688381468,-6.49137608354334
7.74751266837301,3.50611758424355,51.8400213038087,48.3339037195487,55.233947014847,-47.1295116091395,-51.3709066932453,-3.03700297369814,0.356922737360761,-6.54312055795096
7.70454647525624,3.50205482389376,30.9180600518258,27.4160052279124,34.364097531121,-26.2979992809565,-30.5004909323088,-3.08448570439605,0.361551774909179,-6.58654052830429
7.66500187474072,3.49654067810571,20.2069763255109,16.710435647381,23.7128691806289,-15.6811216909934,-19.8495828876176,-3.13914724023636,0.366745614882946,-6.63568791835067
7.63482311537057,3.49653163590659,-7.54924350366199,-11.045775139586,-3.97346424822224,11.981373414056,7.84308193460201,-3.2026932049883,0.373086050458694,-6.69922484090394
7.60466943561408,3.49647755545462,-12.7633768401902,-16.2598543956627,-9.0977387210776,17.0824394839435,12.9742476037958,-3.28560679186899,0.380031327260622,-6.78208434732723
7.5738678857905,3.4934136210185,-35.460095844189,-38.953509465231,-31.6895771511949,39.6509559787828,35.5705017140298,-3.38300775120214,0.387510941798081,-6.87642137224056
7.54015228679391,3.48464092366448,-54.1743157933909,-57.658956717059,-50.2864328750434,58.2219431550005,54.1664317918668,-3.4925249251976,0.395357993160093,-6.97716584885665
7.50445849929581,3.47100128563242,-73.4561585411791,-76.9271598268302,-69.4590523093432,77.3674265623339,73.3339693486795,-3.59319047815193,0.403915753698273,-7.06419176379159
7.46993436556096,3.45320424025533,-84.8833187797855,-88.3365230200421,-80.7619935213104,88.6448750523262,84.6281449270206,-3.70837809302572,0.412947165462993,-7.1615823332738
7.43581360671217,3.43317603423062,-93.2627156803672,-96.6958917146092,-89.0262810012074,96.8844027279091,92.8817651554385,-3.81412655917205,0.422308119992066,-7.2473025934081
7.40812574326268,3.41302351879845,-92.8034997539318,-96.216523272704,-88.4574349358899,96.2978534353942,92.3027512109137,-3.91377206179119,0.432292756229002,-7.32679558057696
7.38580287667851,3.39141606653165,-96.9054506996862,-100.296866766223,-92.4830744208694,100.31122163856,96.3168348284045,-3.98003193781692,0.442344341003739,-7.37144800435944
7.37616497291609,3.3742951449691,-98.1702815114988,-101.544576656454,-93.6977669091314,101.526829551714,97.5249597237702,-4.01961693268874,0.452897669677555,-7.39391207763793
7.37524898915006,3.36011421748512,-95.4876276840636,-98.8477419015614,-90.9411874588622,98.7800221198842,94.764887348212,-4.08285455334935,0.463585671868295,-7.4429687708399
7.37808806851028,3.34694023216026,-99.3778064003028,-102.724746632477,-94.7842066630403,102.636084058998,98.6049362226517,-4.1198104098222,0.473789327455489,-7.46675064198246
7.38101763835772,3.33354145071611,-104.318127636677,-107.65166908737,-99.6779148332101,107.542074353712,103.494598166052,-4.15707092131945,0.483141882132161,-7.4906123720247
7.37765051453466,3.31691981338334,-101.168907000583,-104.485826813968,-96.4908632876368,104.360196793696,100.299466092541,-4.18636072143203,0.491682991520995,-7.50328053481175
7.3589247366227,3.29401877720137,-102.186241709815,-105.480260487024,-97.4590164509605,105.317474560191,101.252568600766,-4.22769188626051,0.499533372593589,-7.5217106634655
7.33157509512497,3.26577734789359,-103.587688048413,-106.853465396296,-98.810875034787,106.649749325355,102.583951578105,-4.26951381818738,0.507299195454873,-7.53529116606559
7.29842507256334,3.23354574380509,-99.028968694447,-102.262514438247,-94.1968434994807,102.009515180427,97.9446358516563,-4.317878586594,0.514246608373647,-7.55142433038099
7.26337265504924,3.20099662714235,-93.5411555086225,-96.7421521357649,-88.6594314770493,96.4434801058842,92.3811040779864,-4.36104805777764,0.520675973807424,-7.56204468491184
7.22829053852168,3.16978898318258,-91.5276021661221,-94.6973911493001,-86.6418806732722,94.3969977376231,90.3384961822949,-4.35889496700929,0.526826525841721,-7.52868395018146
7.19922220756176,3.14221933164043,-84.0819533579848,-87.2241726896306,-79.2361772680986,86.9682787338922,82.9112758579609,-4.3128968316678,0.532879258242849,-7.45511616329482
7.17595808009234,3.11900285936972,-90.0878944595257,-93.2068973188827,-85.2947731737131,93.0090248056455,88.9520695849174,-4.25482773396301,0.538293551856134,-7.37383059333318
7.16432248297409,3.10453923789837,-102.443431369975,-105.54797060787,-97.7110387331202,105.418308856724,101.358525611639,-4.18944499622786,0.542947640628948,-7.29398423412306
7.15481130808838,3.09285303949948,-104.186551055698,-107.279404095199,-99.5141832333699,107.21537306748,103.153414798892,-4.12598929630793,0.54637852602184,-7.21884233579474
7.14758979820939,3.08775303404927,-113.439377091863,-116.527130125897,-108.863120678041,116.559900031601,112.500063267438,-4.02706685845909,0.549189555351926,-7.11481989250384
7.14020260337983,3.08838242709101,-113.098666407161,-116.187048834258,-108.602453747509,116.294527642595,112.242707466321,-3.94434136793423,0.551871291724684,-7.03272379502524
7.13242895384224,3.0897901545924,-114.4524280423,-117.542218196885,-110.010824745668,117.697076480712,113.654437681471,-3.88778051541461,0.553822781224948,-6.97757066998801
7.12837968436156,3.0949844248897,-118.674506314142,-121.769490739036,-114.290576424251,121.973892728281,117.940497468807,-3.82899327022616,0.554936619685914,-6.92397769510862
7.13021118578341,3.10582815415694,-123.857554708704,-126.963382862863,-119.51905820715,127.20455508121,123.180172049583,-3.78321081328055,0.555285688281961,-6.88903896743749
7.13649270068438,3.12000647516318,-122.038295967155,-125.158302442318,-117.765480023989,125.457203432039,121.440717206534,-3.71758523578163,0.555230707378399,-6.837591710943
7.14461007640417,3.13488219057701,-125.47824673532,-128.613128925897,-121.303990675272,129.003133177143,124.993405291318,-3.61972363457895,0.554532425475159,-6.75460582515415
7.15120559092702,3.1468823849648,-126.85359631452,-130.000478699481,-122.765865254756,130.47023667287,126.465913466897,-3.53456523258373,0.5531658271834,-6.68144761753586
7.14844273802606,3.14725817762952,-130.035924270329,-133.18318244797,-126.002298444336,133.701595155468,129.700410595066,-3.48277185290176,0.550853973106808,-6.63003003052404
7.13515381001667,3.13628412905512,-135.280182047064,-138.416466176137,-131.281570855706,138.96513685729,134.966267176342,-3.45019899979342,0.548412191581327,-6.58648312885397
7.10322257294614,3.11027096068184,-134.895032553203,-138.005303513885,-130.941171422601,138.58997278368,134.597021171414,-3.40828234246462,0.545578788144811,-6.51855330314375
7.05452680493279,3.07059537550929,-135.626826036747,-138.697421412284,-131.694743978785,139.291419295599,135.3074878662,-3.38993354608098,0.542148511900917,-6.46052892160384
6.98881855238848,3.01779175828147,-131.618358002738,-134.636149761034,-127.687422350664,135.214644116064,131.243617321965,-3.39253243906704,0.538403213028665,-6.41032419735303
6.90883748004153,2.95413769759687,-136.317384650574,-139.271522348191,-132.354509916696,139.797460192609,135.842760410162,-3.42876193802976,0.534112795866552,-6.38289963564065
6.81521695186144,2.88174472391909,-135.13794694072,-138.019691664661,-131.112848151099,138.457385713772,134.523913485842,-3.49577817881654,0.529320610828102,-6.37752290274242
6.71029988190827,2.80334661070319,-115.968501995492,-118.771848606208,-111.894829911812,119.129253893153,115.222300621952,-3.54954798425393,0.524124099430424,-6.35289459496708
6.59541956340375,2.71888391920107,-95.837427777907,-98.5563116971172,-91.6982889054352,98.8129518565616,94.9364162123571,-3.61989548475915,0.51924338771901,-6.33877940395932
6.47647350800266,2.63266077358185,-91.7769106871931,-94.4095714607858,-87.5527809834175,94.5442885221575,90.7004757877457,-3.70909567303916,0.515034030755236,-6.34175644662553
6.35870126490748,2.5471203819015,-78.7795846995918,-81.3267050815096,-74.4329281692747,81.3032515618852,77.4916706788865,-3.83503440262902,0.511622127705997,-6.38215478454274
6.24000209913679,2.45759552370384,-75.5633830919362,-78.0209786156582,-71.0849326670756,77.8332406466626,74.0508340712242,-3.97014454442897,0.508305880449263,-6.42774006813417
6.12022685449103,2.36757440041783,-72.8781413412006,-75.2457157416238,-68.2338803641433,74.8595096650972,71.1068572110403,-4.1388585305799,0.505402446477615,-6.50643293101221
6.00649563717657,2.28457375889711,-58.6543098201014,-60.938883579013,-53.8594664889953,60.3690096855841,56.6470878073046,-4.29179577170387,0.503047559408071,-6.5763695306055
5.8976020373013,2.20598752302117,-58.5773164159623,-60.7833039389997,-53.6375574358749,60.0356721032675,56.3440575890181,-4.4392463499834,0.500512630106932,-6.64523387303172
5.79022598983602,2.13322415363959,-60.7860931542361,-62.9193173078974,-55.7070071179387,61.9953685195101,58.3383666833227,-4.58095062456471,0.49813541175279,-6.7141747782215
5.68232819363945,2.06591573519229,-57.1953621121672,-59.2612778473703,-52.0153490986143,58.1935814330526,54.5771689746127,-4.6841088727513,0.495904140799796,-6.75002460795173
5.57652833937795,2.00721740075165,-46.0544829902694,-48.0617003910473,-40.7984435305839,46.86899535388,43.29968441527,-4.76201597577417,0.494023483905686,-6.76923337654257
5.47777383905393,1.95534961352413,-35.0106509472013,-36.9660005607399,-29.7163370749737,35.686569596906,32.1641453713852,-4.8018551893497,0.49245868287881,-6.75720480288242
5.38370882329306,1.91326711331544,-22.4727720940165,-24.3860392073455,-17.1367809281108,23.0109610739784,19.5405193640135,-4.84551984333344,0.490471322571613,-6.75878695666109
5.29217841888916,1.87866484296152,-19.8271956527488,-21.7058604957139,-14.5009275495434,20.2811498184018,16.8676362424895,-4.83822425322578,0.488043849980069,-6.71688909619409
5.20092029163417,1.84924556390066,-25.8354228398427,-27.6846684037642,-20.5181424225109,26.2039582899783,22.8522835622584,-4.83238484150349,0.48489557583572,-6.6816304054209
5.10869677603223,1.82152459694234,-23.3598956313668,-25.18142022832,-18.0603713567927,23.6503459437487,20.3631737646832,-4.81824646363093,0.481277810944565,-6.63977106058729
5.02037442574211,1.79752889788005,-22.2874034515702,-24.0849323494657,-17.0119837021819,22.5094116745902,19.2865661467499,-4.79836620271805,0.477053546675493,-6.59589510061303
4.94314039615141,1.78194251949415,-10.7402676050927,-12.5222101245868,-5.47630229133993,10.8921055294704,7.73090765280902,-4.79130247177294,0.472662841971326,-6.5732449912715
4.87661868378889,1.77054045543408,1.71172548371817,-0.0588149717398915,6.98486926822595,-1.64047899375967,-4.74655722210363,-4.80537219384669,0.467771590683941,-6.5759126492862
4.82274477704418,1.7686656436424,8.36530062036391,6.59663497672174,13.6493899951625,-8.36299891168101,-11.4170780450703,-4.82044306834793,0.463646306450396,-6.58910871199011
4.78096825902805,1.77345627418333,26.2462044065715,24.4727481323749,31.5609837217244,-26.3197232370027,-29.3272352218431,-4.85448708947055,0.4602922256907,-6.62794336365976
4.75227461112491,1.78272292268462,49.0247273578266,47.2420044351317,54.4260880138736,-49.2166661713725,-52.1862178597942,-4.94421342466017,0.457147231399723,-6.72693634734456
4.73463774925194,1.79793591372509,68.7746215642976,66.9766856505711,74.2875556386772,-69.0995041963344,-72.0362060318617,-5.05952038128921,0.453413693083403,-6.85745629502064
4.72895064422873,1.82302015490171,77.4228576148875,75.59983745998,83.0263027069426,-77.8481619723618,-80.7540924616793,-5.15425500170096,0.449190090356559,-6.97727515661421
4.72693650719897,1.85557005170324,90.1030175467759,88.2474474950686,95.7918524830118,-90.6202393188349,-93.4916057743366,-5.24415827926409,0.444676656973575,-7.09972833097162
4.72947946439368,1.89639164431725,99.7709391802184,97.8745475359011,105.49897502639,-100.329630409472,-103.162718229545,-5.28817069364225,0.439865152521486,-7.18456233795678
4.73586834464276,1.93895939470018,102.887609370784,100.948649976077,108.619129808781,-103.44884553071,-106.245754480654,-5.29710450457758,0.434415933433051,-7.23606389926419
4.74046024155556,1.97979238458825,103.666279289824,101.686486905237,109.380028489588,-104.211685056896,-106.972352913876,-5.28586600863477,0.42788319114507,-7.26565839321261
4.73953603161001,2.0180180927248,109.120284738549,107.102266645836,114.815728539999,-109.655007221643,-112.376525160538,-5.27425851470784,0.421185286748662,-7.29227660741183
4.73247007413634,2.04717469122351,113.048081907347,111.000907216107,118.734399933585,-113.588614212477,-116.273909595383,-5.27300237927249,0.413315646981448,-7.32017707050144
4.70956798839637,2.06211326264055,110.109061900269,108.046948637638,115.812354952316,-110.698877038718,-113.3463317645,-5.29938312685543,0.403909925187452,-7.36149638949145
4.66942271443068,2.06117870420058,100.956612065109,98.895433360909,106.649228133131,-101.586926384605,-104.195170394832,-5.29973703392929,0.392879034094766,-7.36091573812625
4.61429606286304,2.04773147937464,90.661197538894,88.6134660595266,96.3533995907656,-91.3586944953228,-93.9252590788302,-5.31179301930067,0.38040903257636,-7.35952449866197
4.54982464422587,2.02843573621399,86.8021518919088,84.7737161557048,92.509316691526,-87.5922821802988,-90.1136710883351,-5.33995493262915,0.367209866994347,-7.3683906688316
4.47609140582933,2.00448664644529,77.4352568503201,75.4307702038726,83.1673978360603,-78.3379123547939,-80.8095171141906,-5.37874691031882,0.353394075446835,-7.38323355676105
4.39231653938177,1.9757770046418,77.7967237951207,75.8209467904834,83.5515887517992,-78.8199036683045,-81.2364432030485,-5.41549641256419,0.339368544116868,-7.39127341719784
4.29956942060519,1.94680795456899,60.3478657738645,58.4010578193007,66.1248478112277,-61.4997464187364,-63.8525078847868,-5.4514500654887,0.325531971893853,-7.3982580200388
4.20255565111669,1.91948431267958,52.0520891477657,50.1326048350789,57.8273369238374,-53.3124804207965,-55.5955517592189,-5.4629469241406,0.312300851948711,-7.38243123681888
4.10032347412517,1.89029962733113,49.848955905045,47.9586562777116,55.6360668928568,-51.2365952068254,-53.4466190536009,-5.48796277589029,0.299148211921579,-7.37826240322289
3.99589948495533,1.8633149047794,29.4543721765222,27.5910572717428,35.2611502476174,-30.9784396696968,-33.1110242498727,-5.51996697813311,0.286811092984976,-7.38328188289576
3.89618345586433,1.84105499801602,10.8054994986989,8.96444450067202,16.6269690805089,-12.4557301690141,-14.5108586268459,-5.54641412617729,0.275055455646013,-7.38746912419738
3.80419522850793,1.82411392740507,-8.37873951519095,-10.2028534425919,-2.53855317254325,6.6069457258439,4.62686442473403,-5.57598901786108,0.264197324800411,-7.40010294524918
3.72112838373645,1.81299342547405,-18.8001851275802,-20.6131785530697,-12.9341603629544,16.9100893558459,15.0019543975912,-5.61122415547664,0.254800609174249,-7.42421758094163
3.65120817553632,1.81081211330157,-38.421940584362,-40.2327526976681,-32.5498677886429,36.4479930381738,34.6075969759431,-5.62515572172841,0.246917074002946,-7.43596783503383
3.59396222662054,1.81388114516934,-50.9324184140395,-52.7462995592147,-45.1091920587083,48.9429085145888,47.1628274331555,-5.58347212606036,0.239754229270608,-7.39735327123966
3.54390310458079,1.81966974303865,-73.9059380778737,-75.7256078209137,-68.1189598863758,71.8961183922632,70.1718850307194,-5.55372279019442,0.233255401317056,-7.3733925332213
3.49838275229966,1.8267336474375,-99.4486216565321,-101.275355303982,-93.7240173832067,97.4503475444678,95.7786984396202,-5.49665686436472,0.22794740896901,-7.32339051178864
3.45579045895121,1.83249416842376,-126.560644212216,-128.393138380644,-120.873672823234,124.553893108164,122.93059681764,-5.46254156300693,0.22442982598607,-7.29503573143114
3.41857063570092,1.83927953073101,-144.615531359726,-146.454810890473,-138.996466589342,142.637075239698,141.057784134745,-5.39702675572259,0.222038014671078,-7.23630628645406
3.38516359385266,1.84457168521756,-164.459780268787,-166.304351954006,-158.928778379915,162.534942254251,160.994350345627,-5.31000160837892,0.221000280481264,-7.1545732936001
3.35202411175194,1.84668998458614,-179.043080682049,-180.889770666639,-173.557849507475,177.1309533788,175.625619251634,-5.26415141500203,0.221079759577387,-7.11084139959088
3.32042914215906,1.84749016385124,-186.02600192407,-187.873492087937,-180.600706579875,184.143499821443,182.670560843156,-5.2029312447757,0.222364099410275,-7.05042140863191
3.2873607311358,1.84542803372916,-189.391486967334,-191.236915001081,-183.981376378087,187.493383888047,186.051451190653,-5.18546381043166,0.224646778833356,-7.03089184417191
3.25257716110688,1.84191983078034,-181.526305193787,-183.368225024572,-176.096204571786,179.576683973092,178.166026642768,-5.20219838180429,0.227902240203594,-7.04411821258847
3.21684379332977,1.83644145289101,-180.082092123582,-181.918533576473,-174.611404875706,178.060164862245,176.679762521815,-5.23877105466418,0.231916193221537,-7.0752125075458
3.17855921247567,1.82911432059835,-174.141888388033,-175.971002708655,-168.639353574309,172.054166260262,170.704721368408,-5.26628134024657,0.236253473497936,-7.0953956608551
3.1432922814617,1.82282820873259,-171.504188149952,-173.327016358697,-165.982474976783,169.366984031314,168.046519958593,-5.280496400105,0.241216773074482,-7.10332460883205
3.10967367117459,1.81937773660571,-171.034453498288,-172.853831234904,-165.506527011932,168.862777277837,167.57248134328,-5.28134989162995,0.246576594721446,-7.10072762824313
3.08041522825685,1.81845312433062,-155.834964203861,-157.653417328183,-150.315369466119,153.64813258493,152.386170480999,-5.26724684718045,0.252347890558934,-7.085699971501
3.05862603845225,1.82022278865236,-141.684533209449,-143.504755998112,-136.182875610982,139.499611668755,138.261208418973,-5.24354757914257,0.258110019338993,-7.0637703677938
3.04324016095193,1.82574527211618,-135.806208579668,-137.631953851781,-130.358824864466,133.666178538763,132.44868364991,-5.18327020187396,0.264113513337841,-7.00901547399059
3.03039366160352,1.83328959418224,-122.727024067208,-124.560313661385,-117.32873717572,120.629436582119,119.432332514688,-5.12798114669979,0.270305744785249,-6.96127074087298
3.01643269125325,1.84162826975491,-113.762397984363,-115.604026254113,-108.415643977742,111.708155435669,110.533351014165,-5.07067523994963,0.276078766678207,-6.91230350970295
3.00046566202585,1.85026699839118,-103.129508038478,-104.979775036886,-97.8192574226372,101.101279443078,99.951080779455,-5.02869425742413,0.281556358421086,-6.87896125581554
2.97921649141253,1.85848980447127,-85.7007803403482,-87.5592701448206,-80.4297979726294,83.6958430072059,82.5751163202702,-4.98415382454928,0.286828543171305,-6.84264362903549
2.95448833038402,1.86528567057845,-66.1416218487584,-68.0069075193439,-60.9173736378978,64.1636455343313,63.0744428745416,-4.9324646448068,0.291783566041592,-6.79775031540177
2.9224855049945,1.86664055014505,-50.9933071344008,-52.8599476845475,-45.8304897542315,49.0491147503864,47.9932697955302,-4.86667788901956,0.296139491164235,-6.73331843915353
2.88610945976148,1.86290022370788,-27.4572913006701,-29.320191524397,-22.3995218588722,25.5856918011384,24.5624825650911,-4.75770895930633,0.300060482492057,-6.62060918301829
2.84368220936829,1.85529902422632,-11.7862827315803,-13.6415817558101,-6.82716987245835,9.97439618645629,8.98601300130527,-4.65556875450683,0.303544104624217,-6.51086777873316
2.79743111544118,1.84236906243867,-6.47660782849244,-8.31897689093518,-1.61360352757171,4.71791764936863,3.76285559636024,-4.55612129457607,0.306883006346022,-6.39849035701089
2.75105116522325,1.82805315410742,1.66982785073282,-0.158225303379578,6.44861679127941,-3.38729171976456,-4.31028973087315,-4.46851503425545,0.31027390629273,-6.2965681883692
2.70764066375959,1.81084171215396,11.6276468919234,9.81680517977391,16.3764479339459,-13.3551879126653,-14.2519868642677,-4.4351816844945,0.313619357530133,-6.24602339664914
2.66603105614619,1.7923439057133,22.846576597947,21.0542326922188,27.5533084908774,-24.5703299615072,-25.4440171119365,-4.3897844197177,0.316947473221901,-6.18212832543597
2.63028802503664,1.775712144524,21.354364370596,19.5786522260679,26.0250759618438,-23.0746114054198,-23.9291872859293,-4.35053505986093,0.320176531389207,-6.12624720438041
2.59739627716637,1.75872734326967,26.1000930064143,24.341365663139,30.7604030697372,-27.8399299898753,-28.6785989237544,-4.3372332606242,0.323076802707957,-6.0959606038821
2.56867967251113,1.74228443524667,23.4220020302451,21.6797175949912,28.089570500735,-25.1951735561371,-26.0215687934002,-4.34185119840883,0.325717272088511,-6.08413563366071
2.53566540771529,1.72474079341261,25.054454216949,23.3297134235363,29.7429126038861,-26.8795070879816,-27.6904317022829,-4.36071827875331,0.327740108201496,-6.08545907215732
2.49569816949648,1.7056858784187,22.9047755245554,21.1990896461223,27.6280140199267,-24.8031300826309,-25.5931423737046,-4.3940527275835,0.329185767795717,-6.09973860601012
2.45316059974296,1.68510195039995,26.9428483098166,25.2577463594099,31.7292432814214,-28.9462615264108,-29.7143201757434,-4.45657381633377,0.329821155269868,-6.14167576675476
2.40294717772492,1.66025932267511,30.1641121363309,28.5038528136438,35.0376123333073,-32.3048918555781,-33.0475797106236,-4.54372689698549,0.329773299996782,-6.20398621965631
2.34540831846293,1.62867941817068,32.5679782709402,30.9392988527715,37.5151853212314,-34.8401651975768,-35.5568940978585,-4.61759524508658,0.329611805205634,-6.2462746632585
2.28625873947992,1.59546138103454,42.1190362124857,40.5235748314454,47.1390892917162,-44.5232447995519,-45.2140421580084,-4.69046732656098,0.329585752671221,-6.28592870760061
2.22466875768228,1.55960036840098,51.102934342638,49.5433339742433,56.1922951376896,-53.6381048498769,-54.3031732391718,-4.75983926493302,0.329521530128398,-6.31943963332676
2.16030271145523,1.52110974059284,51.2375264700984,49.7164167294983,56.3644263879138,-53.8751967385333,-54.5143897093877,-4.79797297989134,0.328926937928852,-6.3190827204749
2.09639780006695,1.48545292217694,50.1627657317219,48.6773128095525,55.3228994706615,-52.8987149342042,-53.5096598121184,-4.83234700256634,0.327786736386268,-6.31779992472891
2.02698961351758,1.45221454351127,44.5567908741776,43.1045763306845,49.7440057813187,-47.3913436374596,-47.9661187074791,-4.86154237679143,0.325672530346488,-6.31375692030315
1.95195413280036,1.42045048120331,30.3262805869356,28.9058301057388,35.5129285260992,-33.2380386481425,-33.7695422997366,-4.86371219399997,0.322935745149011,-6.28416267520521
1.88432527365719,1.3988006479687,24.5449312378492,23.1461305898776,29.7321318601493,-27.527696213136,-28.0132208388088,-4.8670902489318,0.320110373369819,-6.26589089690502
1.81787488688113,1.3835924101597,21.9160904184643,20.5324980083055,27.1078816656371,-24.973285052807,-25.4075675295282,-4.87506952122636,0.316721725954373,-6.25866193138968
1.75549618006513,1.37619670643584,18.6981092182805,17.3219125118508,23.8916028399451,-21.8231830607744,-22.2024825344179,-4.8805700225694,0.312923599105596,-6.25676672899167
1.70222919758326,1.37819496915287,14.0207149335505,12.6425199643946,19.2251440024925,-17.2134690925668,-17.5375033209891,-4.89498335659727,0.309445712342723,-6.27317832575059
1.65199786081251,1.38599017909769,3.49814431592315,2.11215413684357,8.70438799095332,-6.74638760083607,-7.01239528256469,-4.90024114572475,0.306002529308587,-6.28623132483149
1.600726295516,1.39523664099482,-7.6111524119336,-9.00638905292005,-2.40883595039534,4.31214879329956,4.1066591387682,-4.89972991415139,0.30258654740248,-6.2949665551435
1.54931761481346,1.40516568583131,-24.5721194101,-25.977285095915,-19.3546567645677,21.2032390270874,21.059087098093,-4.91819799782535,0.299264647706255,-6.32336368363991
1.49749691532952,1.4163905305587,-40.8615456009709,-42.2779361315364,-35.6425732356325,37.4365689050928,37.355462520324,-4.922473611216,0.296498754133712,-6.33886414177832
1.44874651803915,1.43273374734426,-50.3250785130099,-51.7578122603605,-45.0954164011699,46.8388267454899,46.8228139748027,-4.93499828555981,0.294663826291032,-6.36773203290905
1.40594497062374,1.45254721408538,-66.147454733277,-67.600001947383,-60.9085699874343,62.6082095974994,62.6548118409879,-4.94519010639367,0.293694639463743,-6.39773732050348
1.36817587656489,1.47653370176463,-73.1459810625476,-74.6225147643034,-67.905610895827,69.5672757257074,69.6756335509058,-4.94688121340056,0.293488953315062,-6.42341491517378
1.34452076536849,1.50872826432326,-64.2429893158007,-65.7517175801303,-59.0285404415111,60.6670769310608,60.831284430016,-4.92043315011246,0.294015724178443,-6.4291614144407
1.32985991723944,1.54565979188817,-58.6772929900466,-60.2229527819463,-53.4955603637352,55.1203719538449,55.3361718285222,-4.88678095342982,0.294951672886161,-6.43244074531754
1.32379624087896,1.58756088570803,-59.2243195693176,-60.8118804550331,-54.0767017899677,55.6968807598596,55.9606454046923,-4.85123505034105,0.296382729029935,-6.43879593604862
1.32037812890259,1.63134981294147,-60.5785069903549,-62.2098568033068,-55.4737996666668,57.0918569177474,57.4028286017992,-4.80702820150779,0.297679122184621,-6.43837801445967
1.31887170184762,1.67629761338429,-57.7501073285315,-59.4264049419162,-52.6610754551665,54.2789597213305,54.6363856328802,-4.79001930903596,0.29901256432383,-6.46631692242388
1.31475551295356,1.72162083423433,-51.4355192560055,-53.1571400902635,-46.3753555626097,47.9910274185706,48.3978927398756,-4.75924735038837,0.300916343024571,-6.48086818464578
1.3046385624036,1.76476501268529,-48.1925737025946,-49.9573387152993,-43.172238781192,44.7803867546628,45.2405132049517,-4.71682551035031,0.303509411069431,-6.48159052303606
1.29066649797591,1.80508669422699,-40.6266250337091,-42.4317117279592,-35.6248908195757,37.2222289650002,37.7366491612633,-4.69506256669792,0.306671647448749,-6.50014926093125
1.2755020161868,1.84522799910404,-37.0952280606962,-38.9404560598163,-32.126445697063,33.7122934575426,34.2820194404727,-4.65843661933996,0.310345744304255,-6.50366461844309
1.25456617639895,1.88197292401605,-25.0536566211637,-26.9356295452,-20.1235025014359,21.6925179403817,22.3199246879942,-4.61570485720508,0.31444926253987,-6.49767778121999
1.22936158345431,1.91285134562127,-7.82221853498829,-9.73506988062354,-2.92711504050273,4.47538830865395,5.15887807082307,-4.57619180980098,0.31891168469126,-6.48904315543527
1.20083397763181,1.93526236718906,5.53644742433297,3.6011850571309,10.3900180625194,-8.8651523832983,-8.13072399373347,-4.5295389366028,0.324031701588196,-6.46480130379435
1.17270048338091,1.95060137212023,16.0675278227863,14.1169264506596,20.9238826739425,-19.4209365946674,-18.64303570594,-4.52610925528142,0.330245595889218,-6.47671062740578
1.15037585978294,1.96254738993885,24.0304850175329,22.0679376275822,28.9329471591827,-27.444973141389,-26.6328016112278,-4.56486398364146,0.337598158011758,-6.52741137358737
1.12905559803389,1.97031948405551,32.5819809841837,30.6116615001134,37.5202369399286,-36.0458123446741,-35.204548458659,-4.59288695854047,0.3453689972165,-6.56320644261096
1.11100602700973,1.97463379591247,37.0297625044612,35.0551287085517,42.0349891072662,-40.5701575540929,-39.7065297851876,-4.65140107663753,0.353825526167182,-6.62603487255752
1.09716769240514,1.9756320772097,41.3656306144527,39.3899985372313,46.423692358131,-44.9640915229024,-44.0856271380964,-4.69562860086396,0.362433142814807,-6.67126067808175
1.08852190755677,1.97416341402889,48.5421208018171,46.5679573877871,53.6623176271195,-52.20268089613,-51.3170393896485,-4.74908200186549,0.371114823437523,-6.7232454158945
1.08582694312255,1.97302877620058,45.162322915361,43.1892941391633,50.3574622517779,-48.8921797450829,-48.0049779120023,-4.81568377283972,0.379455563586488,-6.78871254904958
1.08242317856777,1.96800664733947,41.8289548209819,39.8609481736467,47.0893426516371,-45.6201683645,-44.7345848957284,-4.87363672208048,0.386751108571382,-6.8416433694281
1.07229391133559,1.95673609991441,49.3118595235499,47.3551234236222,54.6052065292288,-53.1402191232376,-52.2557769346497,-4.90065351102897,0.392693494646145,-6.85738961095401
1.05471029558895,1.94067226174542,44.6224775080948,42.6818052463464,49.9440175849543,-48.4918402214987,-47.6058782553382,-4.92407300898831,0.397467067877448,-6.86474527073237
1.02903423398422,1.91808138680042,39.6945315610701,37.776450174249,45.0729516436798,-43.6432520749671,-42.7542049221382,-4.97775474788492,0.400665334750336,-6.89583613469371
1.00240340082389,1.88932943025168,39.0276208855302,37.1382914552774,44.454867391752,-43.0498723167966,-42.1629462873601,-5.02465483208302,0.402591674141061,-6.91398426232021
0.977103840528948,1.85810443056988,35.577537599808,33.7194331692222,41.0419605342767,-39.6613479611628,-38.7803473710967,-5.06091420187554,0.403508732599261,-6.91901863244542
0.951802995541034,1.8251797714487,29.9779851233263,28.1528053518756,35.4761007880273,-34.1207639279332,-33.2473871520047,-5.09458180013012,0.40353386457652,-6.91976157158425
0.933200870855079,1.79371021355279,16.6843291821395,14.8906189685718,22.2109965327964,-20.8744910315747,-20.0139816888656,-5.12336272029279,0.403304630383646,-6.91707293384784
0.914758137826409,1.76469826832073,9.70440790449623,7.93970963617233,15.2268402716588,-13.9096928156326,-13.0597526851344,-5.12004304896231,0.402389318199848,-6.88474131727988
0.903726337265777,1.74156449808295,11.3368772767318,9.59531277864022,16.8424988684975,-15.5373432788863,-14.6995051180504,-5.10419233940859,0.401429252352147,-6.84575683750625
0.894799287178426,1.72452486972745,15.7758430792028,14.0513182094657,21.2348218329443,-19.9395072736625,-19.1097816910929,-5.05846348162754,0.400515272109421,-6.78298835135613
0.887929994073507,1.71332082173364,20.0579225403303,18.3446017185879,25.4285994383594,-24.1415864625757,-23.316195634909,-4.97159391631887,0.399082981715924,-6.68491473805206
0.887360347496423,1.70875660016358,19.2156478889428,17.5068912887639,24.4632193081794,-23.178662287211,-22.3572660345336,-4.85037474576415,0.397196673471128,-6.55913134593339
0.889781712272917,1.70892245418404,23.0363380813119,21.3274156271119,28.1520587220205,-26.8674083822362,-26.0482676403169,-4.72085201320355,0.394868627521169,-6.42977446738895
0.895303079208578,1.71312118797546,18.2922697956099,16.5791486076269,23.2959753196448,-22.0090186795269,-21.1912005707591,-4.61205196313255,0.391653560899131,-6.32517315110823
0.900282299287248,1.71732967114664,12.8331665064129,11.1158368352559,17.695561170931,-16.4081352088056,-15.5910878369315,-4.47525100167379,0.387143662848091,-6.1925806728408
0.907845074336241,1.72584840125677,11.3182375858618,9.59238918459602,16.0354987024606,-14.7463325356289,-13.9283292086929,-4.33594002409913,0.381321092492578,-6.06178842535454
0.911206055606332,1.73451792430296,7.27067129435226,5.53615337003403,11.8548666921284,-10.569811186114,-9.74649931739951,-4.21034594736649,0.373849450404221,-5.94486387168665
0.913840487047277,1.74689482921957,11.038488405439,9.29159357620967,15.5175576694074,-14.239056104448,-13.4060017622657,-4.114408186054,0.364661077908589,-5.86130301528352
0.91866920877744,1.76507919298918,9.18311654801677,7.41803735501707,13.5263901555149,-12.2533151311818,-11.4069051469664,-3.98886779194292,0.354405815563996,-5.75394698493617
0.918150165135474,1.78130220355732,1.74697443393246,-0.0343277696279114,5.95982349753575,-4.69908309883671,-3.83593106041712,-3.8702588300456,0.342590233547734,-5.65156103359975
0.917912967515742,1.79951865783285,-6.74934618582676,-8.5488648436707,-2.65024874668181,3.89859333209851,4.78019902242739,-3.76866582124535,0.330431617903446,-5.56818447907186
0.924214974917341,1.82191108517888,-8.49464963853044,-10.316560723704,-4.49526936203726,5.73761576335502,6.6353118736134,-3.6812488500914,0.318131426406076,-5.50315993527571
0.93326076526698,1.85013991902855,-10.8976356077965,-12.7477755268365,-6.98036664999855,8.21993792768608,9.13681708145126,-3.61095844537737,0.306310512427108,-5.4610983644213
0.940978421502004,1.87879432027705,-0.333098723282504,-2.21189304355537,3.4809808547566,-2.24521866560514,-1.30740276683191,-3.51929581039418,0.294783767649679,-5.39809013066308
0.942940767534055,1.90634262450836,-1.20493301324387,-3.1112756377632,2.51496951430095,-1.28863698694279,-0.32523512996668,-3.43651076773113,0.283391759826813,-5.34285339224537
0.938161952372195,1.93481039059094,4.06743340183726,2.13262301123659,7.71205110539319,-6.50140245832354,-5.50475402010389,-3.37213100886753,0.272486694692476,-5.3069413994648
0.933753678319022,1.96655860540536,10.9139713665047,8.94741276110318,14.5121901395456,-13.3167715700908,-12.2839666430036,-3.33655388189744,0.261664891144192,-5.30311248730235
0.930703758999734,1.99852461074963,8.583546745027,6.58502213428077,12.1423872614024,-10.9611726459604,-9.89335179421598,-3.30832965993816,0.250510856438839,-5.30685427069367
0.923196253567243,2.02903259516964,10.8355350421852,8.80650244701601,14.3732281518273,-13.2108263996972,-12.1049900581043,-3.29848761108602,0.239205498553802,-5.32752020625566
0.920667960686814,2.06232022385016,13.3833323205523,11.3210120967008,16.8833632010177,-15.7340156484931,-14.5923633853343,-3.27135128863074,0.228679591831023,-5.33367151248226
0.918259573927958,2.09062378058813,22.3739768994992,20.2833531189167,25.8386227058842,-24.702327675673,-23.5299634690242,-3.2466103501054,0.218035456297496,-5.33723413068493
0.918713232895596,2.11498170666237,18.0256644829499,15.9106827762846,21.4870956252203,-20.360626992975,-19.1643585192164,-3.2536757429306,0.207755399346343,-5.36865744960428
0.923275356493669,2.13964170965287,19.0786625625995,16.9390208529455,22.5500589017589,-21.4287571458026,-20.2123907926439,-3.27336993969323,0.198026399466863,-5.41301164934475
0.928847902359403,2.16507631864677,27.4087721659332,25.243695847288,30.9319469401209,-29.8144779333418,-28.5782495170562,-3.33455366976523,0.18862110442519,-5.49962998841743
0.937300812576122,2.19467483549601,23.0610402622437,20.8663654267341,26.6277415804923,-25.5099471757945,-24.2525731528755,-3.38620772613851,0.180493592130983,-5.58088256164017
0.948249228657074,2.23103133283476,23.2983637253009,21.0673323924469,26.8905682544938,-25.7682411654457,-24.4854590612585,-3.41812666881148,0.174077860393088,-5.64915800165381
0.956074075400467,2.26647420305002,33.1652449237905,30.8987707207427,36.7891031998645,-35.664284049327,-34.353883921669,-3.45511320092538,0.16874507513414,-5.7215874039806
0.961492670041059,2.30190849383303,33.1405787670241,30.8386702731764,36.7776984311776,-35.6517155951267,-34.3112997713287,-3.47262949815411,0.164490166012301,-5.77453799199121
0.968182674042547,2.33766319733059,35.1476700501634,32.8100068528309,38.7998784849641,-37.6704052991973,-36.3009247759077,-3.49091792307691,0.161290511723329,-5.82858112041338
0.970637907209807,2.36855482855636,32.2507192547514,29.8821644261822,35.9031776060722,-34.7738296536111,-33.3759127322503,-3.49374830607321,0.158710045252399,-5.86230313464224
0.968265118262033,2.39492186427703,30.3175251334218,27.9226032691373,33.9492162056973,-32.8245881418575,-31.3979313958407,-3.47532812669779,0.156362945584316,-5.87024999097753
0.962041004465855,2.41960986183759,28.0993598975292,25.6797500356794,31.6957645776045,-30.5791837100294,-29.1216148526468,-3.44186481696746,0.154539863107205,-5.86147467881184
0.95389196021524,2.44442853484524,17.2057325905741,14.7613040557291,20.772997752051,-19.6658869375243,-18.1753503628798,-3.41404630715322,0.153218854310134,-5.85847484201113
0.939740853577823,2.4670187109236,9.15024959612402,6.68323088518708,12.6716750683326,-11.5793369985491,-10.0520591411895,-3.36882825600449,0.152597216210908,-5.83584696693532
0.919077293033213,2.48790330178601,6.63755139366581,4.14964809186215,10.1214083099323,-9.04963699102255,-7.48081098226749,-3.33116289040941,0.152694025864115,-5.81906619219814
0.894513843376533,2.50633488721834,1.10582028347112,-1.40051460375197,4.53525875209115,-3.48717966883699,-1.87535862499564,-3.27587322875191,0.153565239864723,-5.78220811597297
0.869898146043728,2.52612715573806,3.69133049082029,1.16520333507001,7.06864389434522,-6.04301436384099,-4.38678535413761,-3.22158201907348,0.155731384455072,-5.7477091748233
0.842972464450392,2.54573604026293,-8.51941509224453,-11.0651511325161,-5.18515797240969,6.18700920054427,7.88977277637219,-3.17537835614522,0.158878763690066,-5.7211143964154
0.817336097707206,2.56672728678756,-5.75625554708614,-8.32298283388954,-2.4627123135409,3.44303213843878,5.19242332752729,-3.13055950636451,0.162983727180268,-5.69728679315932
0.794101134458497,2.59199456364076,-9.61300761679475,-12.2050021804403,-6.35005137352843,7.31233874932239,9.11023217850103,-3.09477000194081,0.168186241324151,-5.68676456559515
0.771803347426453,2.61913200906062,-19.1001436624032,-21.7192756714718,-15.8776969322283,16.8235908482057,18.6709195098498,-3.0483561616266,0.174090568562499,-5.6674881706818
0.754492983079006,2.64908515394053,-20.5548316987197,-23.2039168526675,-17.3914172715336,18.3269463024112,20.2215384732718,-2.98237837939835,0.181036047789063,-5.63146353333978
0.745530028631087,2.68305941524873,-22.0785426320191,-24.7616020472745,-18.971704919789,19.9064651398012,21.8439945264197,-2.91760752085086,0.189230191381965,-5.60066693609687
0.738327701251132,2.71525871108555,-34.349521635379,-37.0647803464659,-31.2954922133407,32.232066289271,34.2089972991281,-2.85578304733918,0.198246374705479,-5.57104175842564
0.735359322945827,2.74559772510961,-36.873091394413,-39.6186891195291,-33.887623090345,34.8308764220088,36.8411148241771,-2.77757429535636,0.207894008729084,-5.52317202046235
0.743959707837005,2.77755296359923,-43.2765473474715,-46.0541003110643,-40.3702345118144,41.3325442475049,43.3661375032526,-2.6879628078145,0.218350027854834,-5.46551577139925
0.75555924081449,2.80855379382328,-41.2428299147723,-44.0513837086059,-38.4053104054282,39.3902870831473,41.4432816361616,-2.60810207244393,0.22941743690802,-5.41665586627806
0.76990204859811,2.83520826868771,-44.209900468863,-47.0451087375371,-41.4551132655276,42.4658955660811,44.5312017861689,-2.51390695137554,0.240880251960536,-5.34911522006144
0.784989249768537,2.85662358789456,-47.6257201624732,-50.4823437503732,-44.9615794755889,45.9991567747231,48.0707911128718,-2.41155263750639,0.252588049381016,-5.26817622541407
0.798058660713588,2.87316071406456,-36.2723870893309,-39.1455478034027,-33.7016437979174,34.7639761633222,36.8390782166773,-2.3064695867222,0.264273704687383,-5.17963030079852
0.80170215953746,2.88251148934854,-44.5151010202597,-47.3976125096155,-42.0461303656088,43.1229441520804,45.2037534818965,-2.19385902771719,0.275111626936177,-5.07637051705441
0.795304934116781,2.88278385725296,-45.6106191635298,-48.4934030207903,-43.2460047222866,44.3261833298758,46.4136622530269,-2.07974076776293,0.284873673480332,-4.96252462501657
0.781994034068259,2.87758155668515,-44.3682013752466,-47.2457829319381,-42.1001075553102,43.1756397665354,45.2712272891674,-1.97455564276831,0.29353817717708,-4.85213719945006
0.768592483625612,2.87157617327535,-43.2730145416575,-46.144590714935,-41.0820326571424,42.1519711642274,44.2549548539001,-1.88963586103412,0.301346023475835,-4.76121203430935
0.749262841250042,2.86375348536575,-52.0524183407361,-54.9161718261106,-49.9480438061942,51.0052837846879,53.1197744288303,-1.79639739727914,0.30797713726082,-4.66015088264048
0.726791598224982,2.85527380713623,-43.1129481345904,-45.9682219417398,-41.0842454818895,42.1244213633317,44.2529035722599,-1.71531836947461,0.313384283238531,-4.57059217660721
0.70396160746701,2.84839531253983,-31.3734157228113,-34.2218110353673,-29.4235734120953,30.4453123607922,32.5897460658813,-1.63206496948387,0.317777341239397,-4.48046028202778
0.685022514657388,2.84399567254022,-23.2394942196169,-26.0834898921629,-21.3702804482143,22.3763584931181,24.5353316510027,-1.54815824116074,0.321055530250956,-4.39215391369462
0.672979683449638,2.84241794236412,-18.7279752648487,-21.5703932072341,-16.9169868071943,17.9132151065926,20.0826533655233,-1.48773984171349,0.323248615954298,-4.3301577840853
0.667077677369668,2.84472017978165,-15.580454686991,-18.4251748667867,-13.800046305288,14.7912281022391,16.9688706046633,-1.45630426211844,0.324104119600878,-4.30102444190145
0.66906797468836,2.8507862965589,-11.2736479186229,-14.1244342151947,-9.51109129411012,10.5033501643034,12.6850684861806,-1.4393657290126,0.323190895510852,-4.29015202558553
0.675800061265171,2.8598037824022,-5.60197156419673,-8.46177534658932,-3.83625937978383,4.83252268369546,7.01652640482796,-1.44524894175604,0.32046324264374,-4.30505272415734
0.684037510771757,2.87173736066557,-4.84039333601508,-7.71213069669321,-3.07073486282828,4.07099514090672,6.2586949907942,-1.45343570590048,0.316222767301711,-4.32517306656243
0.689093156791029,2.88484794920128,5.77211357528309,2.88726562606585,7.56829963123066,-6.56893263854977,-4.3731778461316,-1.48591222006563,0.310273835897324,-4.3707601692676
0.688589155243617,2.89702406335252,5.13413909719976,2.23711503384509,6.97646797744447,-5.98491889200616,-3.77648398390291,-1.5393689500559,0.302959930183605,-4.43639301342041
0.685920749771507,2.91320164377197,2.01237115646741,-0.900830487316439,3.90210601772508,-2.9211708266203,-0.693889932618255,-1.59472041993345,0.295014441323098,-4.50792206370926
0.682113418436136,2.93026667297501,4.85406087739285,1.92379420440415,6.81827764268838,-5.85021470186452,-3.60206144732904,-1.67826724292636,0.28594952237528,-4.60853391589617
0.674713072695555,2.94880838598196,9.66161850524514,6.71281011924949,11.7082665156224,-10.7577213027005,-8.48362598940006,-1.77081587014809,0.275832140227224,-4.71962425613865
0.666905513357854,2.96653106306187,15.6160102241145,12.6494791610527,17.759234723835,-16.8276206936589,-14.5279951439519,-1.87851598289903,0.264708516815409,-4.84504704596339
0.6627507375117,2.9874855119706,26.349306136415,23.3618206244389,28.5563758098881,-27.6404384676859,-25.3157036932406,-1.95388306880078,0.253186604668784,-4.94136858077501
0.660887668254777,3.01012864871429,34.6718376309567,31.6617089822433,36.9298704551918,-36.0278315905652,-33.6785906100993,-2.01688162786062,0.241151196378228,-5.02701027656428
0.660341343322933,3.03326484457652,39.750272536865,36.7170076922833,42.0480002422353,-41.1587233903254,-38.7857998890849,-2.06879219679801,0.228935508583776,-5.10205704137227
0.666468788100365,3.06126035279386,41.5385289705301,38.4772686177382,43.8921995464318,-43.0088604425992,-40.6140688779158,-2.13680026017173,0.216870315740178,-5.19806061295179
0.681935865742465,3.09950790246786,36.2425636825248,33.1430557800582,38.6436802563823,-37.7566261026389,-35.3390540659294,-2.19599828586992,0.20511828799799,-5.29550618832013
0.706175659695392,3.14475642971184,35.1315547325936,31.9867983028776,37.5709841465903,-36.6708841616898,-34.2323033916687,-2.24550508879726,0.193924325211263,-5.39026151849563
0.73386314749696,3.19260183042386,40.1497757186814,36.9571738882533,42.6236014283336,-41.7070996516119,-39.2483609686972,-2.29118708044877,0.182638629233742,-5.48378891084774
0.757964414662968,3.23866753405674,31.3212957251355,28.0826281910903,33.820488258322,-32.8910420296082,-30.4103389102404,-2.32771071915011,0.171481814052624,-5.56637825318716
0.773917081044485,3.27841934792976,32.9578174121363,29.6793980642081,35.5003909290785,-34.566394088493,-32.0618918216023,-2.38249375739708,0.160079759549018,-5.66091310531643
0.783814841313007,3.31212442136977,37.2547558453921,33.9426314240341,39.8479039880616,-38.915671631006,-36.3873620509741,-2.44473062693825,0.148417515740608,-5.75685504829082
0.79130460577225,3.34139742398321,34.2624708996548,30.921073475673,36.9242032790843,-35.9957237271293,-33.4456309089333,-2.52455743325854,0.137174946179051,-5.86595485724085
0.795028874841568,3.36666944097235,38.6649874858902,35.2983180449287,41.3815645175381,-40.4602351867828,-37.8885946206602,-2.59027657573147,0.126300455918635,-5.95694601670382
0.800109359203585,3.38631540337764,33.328645525502,29.9423301221151,36.0964253179229,-35.1803309852067,-32.5941249410311,-2.65179481892032,0.115984973509002,-6.03811022229366
0.797785682098232,3.3999649277509,29.1143662844204,25.7144013566684,31.9094696218968,-31.0051984001708,-28.403019154518,-2.68861779784619,0.106485539628691,-6.08858272558272
0.792473996410181,3.41194569232418,25.6728935270309,22.2609478347175,28.4848575397269,-27.5943213833118,-24.9748496874174,-2.71390185270579,0.09806215999724,-6.12584754501074
0.783103559961471,3.42038552080027,18.1669989069227,14.7466133861288,20.9693793647676,-20.0956785772738,-17.4583966164384,-2.71178323030924,0.0905972275336746,-6.13216875110227
0.768269516543718,3.42678915038958,23.2157499615521,19.7889608111526,25.9961566422687,-25.1432343582415,-22.4847147243914,-2.69575391323586,0.0846527674813747,-6.12254306363834
0.755249916347091,3.43749098142879,18.9714623693227,15.533971387888,21.7257749595869,-20.8897834591503,-18.2075423940607,-2.67357100617273,0.0807415840792514,-6.11106198760921
0.744860549872801,3.45319395574431,13.6978791697617,10.2446852140142,16.4288748717705,-15.6057306896263,-12.8973972837434,-2.65271206973555,0.0782836322730137,-6.10590602548212
0.740493201421695,3.47649942654338,6.92254191935714,3.44604249280878,9.60529962010624,-8.78769421702196,-6.05168799190095,-2.60564549909353,0.0771122016657535,-6.08214492563057
0.739747192106953,3.50625990119747,-2.36144327047934,-5.86770317169129,0.26899750068724,0.54780538446918,3.31431809356988,-2.55338507812458,0.0770556930383799,-6.05964497933155
0.746587232423202,3.54400813081225,-9.46743190484764,-13.0114400356766,-6.91198250937454,7.73702417428002,10.5344450726953,-2.47699496298178,0.0784544324872525,-6.02100309379674
0.758997078298024,3.58625871562865,-15.880853416304,-19.4671121319481,-13.4125167521253,14.2527682295325,17.0800298668799,-2.38708226506999,0.0812543991184273,-5.97334098069412
0.782752088449381,3.63486353333124,-18.3721864788157,-22.0070500121623,-16.0031010814797,16.871137738808,19.723249183698,-2.28380082846702,0.0852845688805299,-5.9186643618073
0.816386478883373,3.68609132336415,-12.9291161063975,-16.6152074297712,-10.6821345277113,11.5891692912454,14.458874135728,-2.15633329404274,0.090648284644446,-5.84242461741231
0.857971273465815,3.74038543498399,-17.9546114442195,-21.6949968792012,-15.8372116295749,16.7924862266686,19.6749003881894,-2.02009649101221,0.0973033236246466,-5.76048192599801
0.903472171792266,3.7965766834792,-19.6532382192153,-23.4498149027095,-17.6778703247268,18.6872090239529,21.5803135356316,-1.86950136708282,0.105866527420842,-5.66607805056202
0.950396765597288,3.85024279827909,-20.8260732195833,-24.6763160178683,-18.9899105149248,20.055370847357,22.9552168800388,-1.72109913782455,0.115063566839878,-5.57134193610635
0.997268495844103,3.89973667095279,-13.6552902005551,-17.5550268715174,-11.9868467736616,13.1086406270069,16.011108802112,-1.54391806941041,0.124525357497335,-5.44365474035415
1.04450275790602,3.94270883107411,-2.7424654163279,-6.68517424740111,-1.25227017431955,2.43083312818228,5.32903920135762,-1.35613504604168,0.134060195961694,-5.29884387711307
1.09438486954793,3.98299296178554,-5.25280282548488,-9.23579578728807,-3.94948376073394,5.18831871908821,8.07692681133848,-1.15886897594913,0.144450088816969,-5.14186193773738
1.14232095462009,4.01514821011207,-0.979343353807781,-4.9944915639185,0.130024968799424,1.16721764906691,4.0400449045598,-0.954446659360961,0.154921663255975,-4.96959486946579
1.18821606882445,4.04003763320495,-3.056062689509,-7.09610032271078,-2.10054530048032,3.45330977851147,6.30513134291278,-0.790968979795738,0.164548409217109,-4.83100661300159
1.23188094447201,4.06037430269001,-2.41801669682848,-6.47839099951215,-1.59904457267602,3.00491664162769,5.83340999983664,-0.644980999676418,0.173991124473776,-4.70535530233747
1.27391442814362,4.07613973015425,4.24798508625083,0.171845356097709,4.94350563408038,-3.48704350982278,-0.684818207803096,-0.512972851702898,0.182547696134342,-4.58911258185534
1.31191837875239,4.09023259871208,7.93615060549074,3.84591800678432,8.50384355591116,-7.0014400829419,-4.22312586298131,-0.377207856198575,0.190485094216416,-4.46744045490296
1.34746677700007,4.10105426100502,14.935395811488,10.8343415504945,15.3697450308851,-13.8249630037174,-11.0713755197034,-0.237033969209058,0.197315250174934,-4.33808823018919
1.38110693078941,4.1128163596722,21.2696670299691,17.156850670289,21.59152882466,-20.007393335824,-17.2756839069407,-0.118833236648829,0.203028558040005,-4.23164959633279
1.41857126384496,4.13039495495299,21.3078778832644,17.1774829283205,21.5396695530696,-19.9138269585162,-17.2020032674054,-0.0245203390799868,0.207271330716791,-4.15491529402981
1.46118714301272,4.15542630024211,20.8315818913831,16.6761555911498,20.9643925512219,-19.2926717071565,-16.5984325499149,0.0777230412356259,0.210533701067798,-4.07770325900739
1.50587449950122,4.18156319741337,25.936063176383,21.7544999789803,25.9893197476542,-24.2710489059913,-21.5953602080928,0.159139770892041,0.212396342145999,-4.02242342651477
1.54997971024006,4.20492706528754,18.7840043976523,14.5790773323747,18.7732076141114,-17.0099100598729,-14.3549627048218,0.22411462755157,0.21331784399534,-3.98081243773461
1.58930257142343,4.22468241540565,16.222507809335,11.9978253939284,16.153803233613,-14.3511393395188,-11.7157594955076,0.282065898415101,0.213361322691988,-3.9426165169867
1.6236495720829,4.23771878307825,15.0759850121687,10.8382662290977,14.9648514706334,-13.1286371909154,-10.5145679799042,0.32369824919503,0.212564707650198,-3.9140205338934
1.65092077144251,4.24489616441194,10.7545628769738,6.50966671255641,10.6424696586657,-8.7798897892434,-6.18591439625406,0.323752316309364,0.211659097984982,-3.92114384810868
1.67672122455228,4.24807188440516,7.18397104416488,2.93589915975338,7.09154995968538,-5.20384240416725,-2.63249174431346,0.303407415441274,0.210986330962909,-3.94466446896343
1.7011548898991,4.24793038999099,15.179767311586,10.9318369215819,15.1138565632704,-13.2021575677191,-10.6553820676077,0.276454853974156,0.210544105654943,-3.97147553602905
1.72588775754409,4.24963835403287,15.9465873090186,11.6969489549971,15.9259710440953,-13.9895726749447,-11.4658220784623,0.231126876543634,0.210510611608561,-4.01851147748313
1.74591563016799,4.25087248340821,14.919394710303,10.6685222268916,14.9500772184226,-12.9933372284118,-10.4883803751562,0.180141851740398,0.210824359843708,-4.07073063167867
1.76059704997999,4.24950258390556,16.2247488852192,11.9752463013136,16.2938129988303,-14.3216937471627,-11.8327882132259,0.142458088082136,0.211522201686397,-4.10704449582501
1.77277076118911,4.24768045820401,12.1463772574633,7.89869679926204,12.2380956175409,-10.2521418693636,-7.77723217237219,0.12146462689867,0.213182986972797,-4.12621583129606
1.78169020037081,4.2428659995759,7.49597619800485,3.25311019841991,7.60143509527815,-5.60400653378884,-3.14283073456656,0.11027946385335,0.215738361125063,-4.13258653571802
1.79255446493879,4.23582778139578,3.78019305641887,-0.455634724987767,3.90042849392445,-1.88897530850027,0.554298007967579,0.0986632829743815,0.218898720494214,-4.13716449842139
1.8066382834505,4.22869321859855,3.00993564655412,-1.21875757204443,3.15127385263417,-1.12214525580448,1.29990967934584,0.0811521072968826,0.222490313380325,-4.14754111129534
1.82431398048287,4.22419883652461,1.29079831519008,-2.93340052134132,1.50123131462528,0.549626042003824,2.94951089805551,0.0161103767046906,0.226543376151204,-4.20808845982173
1.84039402144542,4.22002870437985,12.0539322158682,7.83390351149242,12.3342865788612,-10.2638619036554,-7.88422722071572,-0.0503237092264713,0.230030653773797,-4.27035241360089
1.85324653062835,4.21740062147527,19.6844116666366,15.4670110451414,20.0439461400937,-17.9572828352694,-15.5931287444187,-0.12611769927318,0.233416774196585,-4.34351832076158
1.86063554449653,4.21626559939902,23.9582790636591,19.7420134642768,24.412456957417,-22.3153213262286,-19.9596912713415,-0.217677807070648,0.23650008668142,-4.43394340646152
1.87080393353001,4.22073397410181,28.3144321813347,24.0936982072238,28.8776313617673,-26.7673478667969,-24.417417826207,-0.323719618988628,0.239479561451962,-4.54445359310673
1.88346009859607,4.22950769707097,30.6636982299831,26.4341905329121,31.3369339085804,-29.2110238942472,-26.8649762957615,-0.430785762848454,0.242449915746591,-4.66029345992757
1.90165034913891,4.24051643430959,30.4293059255254,26.1887894912059,31.2109702244705,-29.0634042447654,-26.7245381595775,-0.535748668369793,0.245915630574821,-4.77626510269205
1.92181317767344,4.25119559425748,28.8991482733958,24.6479526791356,29.7762447209853,-27.6048759670133,-25.2754935504284,-0.627540871294612,0.249555576313694,-4.87873646553399
1.94356242372891,4.26282403891249,31.3279220191916,27.06509798028,32.2933243455499,-30.0963003794944,-27.7770387643244,-0.711940784048944,0.253461542324117,-4.974764822956
1.96655682829526,4.27673803812546,35.3261866488117,31.0494486106903,36.3543063982021,-34.1305160597917,-31.8203348499606,-0.770886239272599,0.257233510124683,-5.04762427740349
1.9934821283767,4.29490824153717,30.7112713442723,26.4163631027269,31.7905217189237,-29.5363051206927,-27.2348790075286,-0.818515904808908,0.260734469857677,-5.11342414634699
2.02363951458886,4.31923552326391,34.5200355638876,30.2008000406273,35.626857726346,-33.3394214224968,-31.0438254138272,-0.843025373199917,0.263796789251246,-5.16226089646926
2.06249913301742,4.35424914822504,36.9416408661972,32.5873917179672,38.0371300238298,-35.7072707511796,-33.415520735991,-0.828129018022452,0.267360139616916,-5.18237816625292
2.10834494028132,4.39733045094667,38.2191227739767,33.8217923230138,39.2759772134317,-36.8960882329732,-34.6071027222934,-0.785310399283241,0.271544040183232,-5.18264085023082
2.15620490755937,4.4442920809389,38.1661225335892,33.7218304526512,39.1801231778159,-36.7481883549837,-34.4601011816068,-0.738270728955673,0.275729915273328,-5.18256280988915
2.19797088812758,4.48894343409503,37.794767348122,33.3058239140142,38.7649106577444,-36.2873599530823,-33.9963874071158,-0.690563493105062,0.279579816530011,-5.17950692720099
2.2353335875625,4.530703594566,34.673294437241,30.1425908426664,35.5953459402146,-33.0764047233451,-30.7810347163317,-0.638443873672085,0.283607629318319,-5.16914746824261
2.27190325218475,4.57122670967888,33.8873270043471,29.3161002946641,34.7576269799177,-32.1975577801332,-29.8982343226268,-0.582134027960389,0.288165947619013,-5.15336073764697
2.30442027991911,4.60562558866226,30.9852491252765,26.3796235366107,31.7893222304762,-29.1923764164734,-26.8911711077325,-0.511547571117379,0.292525534086116,-5.11717315977557
2.33417728048748,4.63618279476465,33.9966354041339,29.3604526093722,34.7330965827273,-32.1024429947409,-29.8004374804697,-0.439984871094016,0.296476307487526,-5.07616766586364
2.36577101866194,4.66887365506765,31.3065537639882,26.6376801089264,31.9782450010166,-29.3118218814083,-27.0087192449995,-0.371039136076904,0.300652100946718,-5.03991279114613
2.40061644657693,4.70161587837721,19.9175521395141,15.2159362611346,20.4825538677599,-17.7771590417713,-15.476159609954,-0.260223348820614,0.304778379434312,-4.96183922720767
2.43916796521619,4.73218298126809,17.6793108794628,12.9471278981943,18.1350017124063,-15.3873492198823,-13.094334203839,-0.147206305644536,0.308484527306175,-4.87938928690651
2.48088269207294,4.76211297118528,18.4490044987946,13.6868915276125,18.8057675858049,-16.0126701217141,-13.7314398426199,-0.0445483150096398,0.31221477199297,-4.80666128618768
2.52411760407092,4.78742814003205,19.1399503077477,14.3525221677039,19.3922801328962,-16.5524864202262,-14.2891758842687,0.0633462834361112,0.315676108599786,-4.72408185660318
2.56844365352763,4.80737549216243,11.3891622009927,6.58178670883479,11.5251988452724,-8.63801018236181,-6.39907834374059,0.182708365093298,0.318745009368286,-4.62466712706461
2.61747803135646,4.82621178177228,8.16246215905723,3.33625037728495,8.19225212705093,-5.25283009363737,-3.04409634323014,0.292154034055711,0.321944002036288,-4.53405774771385
2.67333595362556,4.84517855974289,7.20997156548713,2.36479300574967,7.11453530735511,-4.11653269422345,-1.94469008810883,0.420102917641742,0.324666659495014,-4.42507564208757
2.72884079872516,4.85952495669347,-7.64681503906542,-12.5063399957593,-7.87013923711496,10.9252453192847,13.0559294772551,0.549589481495277,0.32626528345253,-4.30993547519548
2.78368988956539,4.87377492783716,-20.6880785825276,-25.5618535103693,-21.0154426463846,24.1263998485717,26.2164848868358,0.654631376469216,0.327267312613996,-4.2191435513607
2.83267175084282,4.8860910258503,-26.6395608478228,-31.5256518736781,-27.0496884419097,30.2096144361252,32.2630337111225,0.737381837451134,0.32725424337924,-4.14870918838649
2.87703366914313,4.89619540567605,-26.3794308667776,-31.27562627246,-26.8836264134148,30.0873141583246,32.1064758948598,0.8308496224007,0.326654075772752,-4.06534578327716
2.91889727782129,4.90477070820213,-22.9948001073346,-27.8995708155403,-23.5780849678911,26.822628685733,28.8085021161166,0.908931300578054,0.325646440027439,-3.9958394076295
2.96115524589697,4.91375644663955,-15.2984503465763,-20.2122067932064,-15.9358279298669,19.2217044544599,21.174305655178,0.962098861982063,0.324721278691758,-3.95165758465025
2.99914898067727,4.92032524360483,-8.69400373764836,-13.6143289812523,-9.36656843536905,12.689510652819,14.6106869157411,0.996357934490621,0.323793236773544,-3.92396730910788
3.03712902571626,4.92659250330415,-10.35627241542,-15.2828649187205,-11.0632695693023,14.4235231045424,16.3129865821158,1.03012166339614,0.323124509507951,-3.89647083989805
3.07802813145376,4.934290479503,-11.467575880678,-16.4018663601928,-12.2180319802674,15.6190853685338,17.4753477165857,1.07348135639203,0.323025256815748,-3.86080912312183
3.11771423095951,4.94074191628033,-7.77227276068025,-12.7130146769425,-8.56663123300105,12.0076189284024,13.8306466137286,1.11763193678524,0.32327346445493,-3.823109979496
3.15790323864947,4.94869539644153,-1.18129883285348,-6.1299942292941,-2.01294399759541,5.49455331973333,7.28534547752539,1.15535124822948,0.323706083478944,-3.79334414821296
3.20093216364018,4.96256590169376,5.39763956300125,0.435073661308399,4.52390285375355,-0.999198458257943,0.762435279781156,1.19750894109227,0.323772231844345,-3.7650569606033
3.24458985457485,4.97926005800377,6.7376242130488,1.75836415505227,5.83293523643785,-2.26486219881343,-0.530191995370029,1.22817215967952,0.323483183058621,-3.75108789834144
3.2871978657159,4.99918265772515,9.90818148800891,4.90899883028829,8.96712970402385,-5.3574924105896,-3.64550761858579,1.26349121170432,0.322439427718799,-3.73569144600906
3.32963562414658,5.02696259589857,13.5402614389889,8.51329884308945,12.5947759176946,-8.94335900042912,-7.24603202867895,1.26726681441684,0.321781293112075,-3.75969578148716
3.36926576073768,5.05504058984238,17.5869196731963,12.5318790833625,16.6398408227248,-12.9497895507292,-11.2640147216155,1.26786436175156,0.320785511261535,-3.78717622809489
3.39711688555944,5.07773333463539,23.4317004149734,18.3539670803186,22.4775257556599,-18.7615315787208,-17.080915129634,1.27305195068776,0.318877291397497,-3.80468138395306
3.41463288248483,5.09441138030662,28.1348855887966,23.0404742085058,27.1661299113293,-23.4346490756086,-21.7548705777914,1.285603630714,0.316847953240797,-3.80880774957634
3.42355697741777,5.10824405526121,33.5857130237488,28.4774689684754,32.6121099039268,-28.8737144652026,-27.1890273873411,1.28844158113341,0.314838461313837,-3.81980247414183
3.42425424508584,5.11731544968584,35.7705019563907,30.6531865067026,34.8032937071153,-31.0662718143774,-29.3732106097665,1.27997589693359,0.312767647654117,-3.83733955274207
3.41972284471169,5.12053512455669,28.3491775542425,23.2286424296709,27.4024169302253,-23.6726552080607,-21.9718429281918,1.25679950147903,0.310038877466347,-3.86373562308389
3.41291199545978,5.12193812449274,30.0354507829871,24.9135126584944,29.1089907528288,-25.3888566323816,-23.6798305033396,1.2336821551487,0.307222124988772,-3.88825596934881
3.40328131570862,5.12234569426383,31.5733728878747,26.451027193597,30.6478256240914,-26.9411638485353,-25.2220994699683,1.22892772363592,0.303380459861104,-3.89341797062401
3.39130412570343,5.12359655697163,31.2239385564966,26.1003419995159,30.2720323372524,-26.5819043119776,-24.8496118807035,1.25073011881926,0.298823899572509,-3.87286643815508
3.37583058516054,5.12274767026356,41.3259888423735,36.2032411721049,40.3369128487523,-36.6673895600415,-34.920472474931,1.28276869717649,0.293692703566996,-3.83997897309069
3.35607887027954,5.11949250676042,42.6502352526377,37.5307427458683,41.623588008283,-37.9792513625268,-36.2158377260346,1.3149050198327,0.288257775485219,-3.80458748692138
3.33382002358751,5.114423689408,39.9394889572767,34.8250652678623,38.8535966676768,-35.2374117564289,-33.4568080905896,1.36825717727095,0.282364887673683,-3.74616651213117
3.30840039489279,5.1038601266508,36.7274464860475,31.6235863593979,35.5953188842602,-32.0108974826776,-30.2154377509185,1.4081486084818,0.276021006694394,-3.69571151814638
3.28552900528783,5.08856307435328,35.5888136747258,30.5002506003714,34.4227677655557,-30.867938380817,-29.0649043117533,1.43534628861558,0.269300379447682,-3.65321678572866
3.2610390058658,5.06498487788615,46.3271449753658,41.2621600974825,45.1683815638032,-41.6451974038733,-39.841251531862,1.4209085656244,0.262145154058333,-3.64407631225949
3.23746532739744,5.03577202823161,42.6283373172486,37.5925652890186,41.4882127859126,-37.9964611371128,-36.1981544362868,1.39441085273927,0.254286321400926,-3.64136117548692
3.21630607535601,5.00530446180666,45.4278252694839,40.4225208076811,44.3096935653333,-40.847821608708,-39.0588232222528,1.36369758543167,0.245565881278702,-3.64160687636414
3.20562357709818,4.981563539933,52.7727878636403,47.7912243237073,51.693765465496,-48.2511980966805,-46.4752581338421,1.31596618986157,0.236943791720105,-3.66559735005875
3.20129003575971,4.96320623584251,46.9305344224447,41.9673281865915,45.8708346029029,-42.441362635905,-40.6794464358177,1.28788175077184,0.228181931233749,-3.67532448506252
3.20542634560376,4.95257803723868,41.3563872371014,36.4038091998629,40.2939006520672,-36.8685941246462,-35.1214424329995,1.28236676685501,0.21988018182472,-3.67021127037371
3.22005434247572,4.95230088784451,46.2233704210696,41.2710695332244,45.1456094700517,-41.7128470731533,-39.9806005277918,1.29046900543602,0.212708054409083,-3.66183188241029
3.23858516845776,4.95633900607778,43.5769977832486,38.6206587771786,42.496451705591,-39.0512293439261,-37.333475506288,1.28718327088743,0.206637193236601,-3.66915573517315
3.25996914810245,4.96274756915339,31.0252490280951,26.0625014589419,29.9160059487485,-26.4548251675433,-24.7520467464851,1.31045471246022,0.201211633116022,-3.65229285668955
3.28901895406983,4.97649837535443,21.2566297610985,16.2801313857427,20.1059804753979,-16.6198282080211,-14.9323487867419,1.34778259900752,0.197133313304794,-3.62871577634148
3.32531292143706,4.99652566599494,20.4289794877222,15.4324538217291,19.2311587924132,-15.7118282186418,-14.040615474092,1.39183834763841,0.194017652334511,-3.60468731834884
3.36415964902077,5.01836226876025,20.2879910685079,15.2696287997646,19.0343718303963,-15.4783182508648,-13.824115631138,1.44551316862636,0.191893930500102,-3.57284910012076
3.40921389003464,5.04588515754423,7.45104031093542,2.40515515339955,6.12013352090136,-2.51992684515669,-0.883255577644838,1.52189957574951,0.190992785718512,-3.52398558178929
3.44916344055701,5.07082859358675,-1.88160440602147,-6.9524329995994,-3.27852069515558,6.91847637196527,8.54014152497193,1.58770852537094,0.190792236242383,-3.48312006819816
3.48790486792122,5.09863338024293,-8.14219374606427,-13.2408271262951,-9.57776162303094,13.2568716797263,14.8676001920294,1.62677306573308,0.191205188772977,-3.4718603144904
3.52136683483419,5.12558220949954,-9.70359936618654,-14.8291815756853,-11.1822398282258,14.8959237277577,16.5001391024142,1.67095752672663,0.192317064696076,-3.45462468276262
3.55330455007413,5.15441380340544,-7.34151217812967,-12.4959259815339,-8.84881396952245,12.5959476842138,14.1970569375446,1.70113095601262,0.193829164619669,-3.45328284738145
3.58860856185661,5.18763643245786,-9.26590881164686,-14.453545244103,-10.8104511204079,14.5950728173714,16.1941006879805,1.74055544387684,0.196013135115541,-3.44708098857994
3.63205999098863,5.22748163924982,-13.6486937050663,-18.8761753442934,-15.2391924490144,19.0704981380018,20.6659197862566,1.78974444195841,0.199245698013853,-3.43773719726856
3.68600812516708,5.27256063849052,-21.1377742793972,-26.4103349178963,-22.7929374649143,26.6824983503265,28.2690508636434,1.85871594574889,0.203552760257575,-3.41384469272987
3.74899443431031,5.31835994514681,-24.6593517193134,-29.977711664451,-26.3992246960926,30.3576183530232,31.9269838638475,1.94927219939902,0.209399222622922,-3.36908774572788
3.82170016335213,5.36593113552898,-30.0630399328236,-35.4289710683523,-31.876510610489,35.9146133086341,37.4588442808015,2.02987321245324,0.216402534795047,-3.336057923059
3.90204518900386,5.41401969744264,-38.4476888517626,-43.8617085492096,-40.3129277351223,44.4390970909856,45.9510715994221,2.08936305021196,0.224124166867863,-3.32465664722547
3.9880724485721,5.46184124758121,-36.202477566,-41.6643188135885,-38.0995935687055,42.3197257358604,43.7934945348636,2.12917572127604,0.232059718590149,-3.33266552629816
4.07401547306177,5.50761121013306,-37.0969807217359,-42.604591931877,-39.0281655620476,43.3420726775949,44.7756684146576,2.17107648278208,0.239891642476866,-3.33653472735392
4.1598952436101,5.5546010007613,-39.2532276774026,-44.8078286781671,-41.2065953921049,45.6138383018383,47.0085440589997,2.20071538083393,0.247347666146944,-3.35388561992737
4.24460601355551,5.60333336994733,-38.5583707560777,-44.1617041260284,-40.508981148639,45.008258691301,46.3669860476788,2.20528192164972,0.254671529099138,-3.39805144829127
4.32279711426666,5.64918759639716,-34.1972434268061,-39.8464310232012,-36.1603882085384,40.7442439324078,42.0706344145446,2.22420339134252,0.261058609615432,-3.42498420504355
4.39108786334449,5.68791765855051,-32.3010841077601,-37.9890017663103,-34.2929169849318,38.9504828220948,40.2473126173124,2.25831085100202,0.266477973842419,-3.42960680754397
4.45310136191076,5.72355762807212,-27.5209458434504,-33.244503471532,-29.5525053332807,34.2765713605231,35.5470276266912,2.3025241551633,0.270964665328102,-3.42103347291607
4.50694332932157,5.75560604469566,-20.0909746600472,-25.8465807047341,-22.1821212464087,26.9634983935384,28.2121611088992,2.36558040416599,0.274433817804168,-3.39002564052017
4.55521782621582,5.78445964008823,-12.4697456784525,-18.2542053185482,-14.6378180724003,19.4700328147901,20.6992746286696,2.44506931012434,0.276996916173564,-3.33939032998403
4.59461471880085,5.80767284279763,-9.4706631121203,-15.2783359549216,-11.708304998254,16.5816880053102,17.7947461292961,2.51641017437661,0.278768288254678,-3.29126266841537
4.62887055173415,5.82888957189416,0.39248614888584,-5.43640342301692,-1.91788638122488,6.82671790605839,8.02673692622225,2.59033350320623,0.279960973099357,-3.23855606870557
4.66093941042118,5.8495976678408,3.3724201339631,-2.47717753387182,1.00354546986238,3.93801695524205,5.12667521266167,2.64949767879664,0.280623014688114,-3.20009998904416
4.69246174265297,5.87034154469935,10.0381054978698,4.16776395315192,7.59998071380503,-2.62669587407743,-1.44881607203399,2.71894788112178,0.280823097070561,-3.15139366358707
4.71954121751271,5.8888030063046,15.0243850556067,9.13558204930983,12.5257881440791,-7.5256472124729,-6.35638542369187,2.77919662561706,0.280599714087574,-3.10960638069116
4.74013082217516,5.90424535650148,19.6411329784708,13.7368876219666,17.0902480070956,-12.0701442227298,-10.9060296884198,2.83085793355006,0.279972962182186,-3.0733874229564
4.75202756502328,5.91526860029295,23.300563991106,17.3852953908198,20.7081792892343,-15.6772530617639,-14.5140120264989,2.87128336431388,0.278898662446968,-3.04398523597997
4.75736768520007,5.92317431394203,28.6226795324286,22.6995052184763,25.9949815755654,-20.9599952849621,-19.7941886562206,2.90531656225063,0.27761860538828,-3.01785775169774
4.76371615808149,5.93276755773146,35.0210662106861,29.0882986529427,32.3613928032386,-27.320963707409,-26.151912307746,2.9363863451915,0.276712937744387,-2.99638121255082
4.76378920464347,5.93717205485345,35.9716567397389,30.0344846848761,33.2813798813014,-28.2418270993297,-27.0684442491134,2.96604043576437,0.275763577345032,-2.97113161909496
4.75995211128374,5.93713383241742,36.0030979036532,30.0659640712325,33.2884559979349,-28.2539864836136,-27.0768047624867,2.98915930874637,0.274517403029003,-2.94797452367241
4.75654606191139,5.93404749276223,28.7102222399455,22.776174747179,25.9917657820253,-20.9614769313647,-19.7839755005134,2.99219924667117,0.273742788749705,-2.94184824608925
4.75206160446877,5.92616919329095,28.8284428516716,22.9022736583747,26.1182358774481,-21.0931359161799,-19.9190283273496,2.98324533101928,0.273038356796751,-2.94292386228253
4.74897075241723,5.91464179866849,24.4022707817379,18.4876289830621,21.7009602964116,-16.6799024580204,-15.5142314117768,2.97339757128399,0.27208708596076,-2.94124422738269
4.74634037485239,5.89648855214195,25.6244030251639,19.7279144730153,22.9456442337722,-17.9284805394718,-16.7783323621886,2.94958211082863,0.270823319434425,-2.94690644131581
4.74933554162792,5.87799182243508,27.4860949044915,21.6081030820491,24.8436289386674,-19.8246638589286,-18.6960075781205,2.91209550393,0.269629538116933,-2.96589631851187
4.74726955079274,5.84963764273267,22.0746118004268,16.2249741576907,19.4690815389222,-14.4536689199992,-13.3513008280607,2.8736733296258,0.268143068131311,-2.97596431310869
4.744521221184,5.81664764412124,18.2071818215637,12.3905341774384,15.6793151254412,-10.6677240038135,-9.59559758087343,2.79493659656573,0.267069900446627,-3.02171104755053
4.73951919271499,5.77761741738089,14.3572359227723,8.57961850538676,11.9283047252442,-6.92310496563756,-5.88500674098329,2.69461176440525,0.265680566875389,-3.08300565296116
4.72816718381307,5.72959677574557,9.38640487620533,3.65680810045388,7.06878308524478,-2.07664113035797,-1.07521153842841,2.58159656202388,0.263974771059487,-3.14800021371671
4.71971941436664,5.68457064106409,2.48194928159186,-3.20262135946929,0.278217669576406,4.70455355320734,5.66940477989393,2.46678342041944,0.263051808397765,-3.21778722063786
4.70940715603465,5.63608492670112,4.43892134667761,-1.19716358001639,2.36274964202547,2.60962613474666,3.53630390540725,2.33914032538373,0.262968620730915,-3.296944601302
4.70151152171962,5.58881714188496,4.25225295232875,-1.33656418953913,2.31648358009191,2.64809173840167,3.53539735855547,2.19883316901374,0.263063796769544,-3.38998397285312
4.6998163723976,5.54928582878123,8.72048241072728,3.17119658194187,6.90541163838466,-1.94156467443965,-1.09209521804856,2.07910136388935,0.264030591541864,-3.4701844648964
4.70617906349567,5.5186636619907,10.9001536609639,5.38148999898517,9.16734290304001,-4.19538887940864,-3.38290428091836,1.9985857180603,0.265774960139317,-3.52007794391773
4.72191268168716,5.5000107610495,15.3644283098486,9.86441754881491,13.6940612333046,-8.70330433513918,-7.92520625580671,1.93921129301234,0.26884421645537,-3.56079946802992
4.74655896501273,5.49035185389402,10.1948797797171,4.70452792583834,8.58340268685284,-3.56409197254966,-2.82029908369553,1.8842288421438,0.272751749261709,-3.60612301173483
4.78120688746518,5.49064392199698,10.7700850194351,5.279441097457,9.19956343453396,-4.14055494622185,-3.43111791171539,1.84832318574263,0.277801600834708,-3.6423207362272
4.82626523722988,5.50041205083012,17.7327827290642,12.2323706782533,16.1831856387621,-11.0727533776099,-10.3986065640369,1.8337641142153,0.284167023907928,-3.66664793660214
4.87556126363308,5.51658148727985,13.793761221701,8.27717973443519,12.2617481695606,-7.09480103723654,-6.45378081362778,1.82339892080606,0.291385868662901,-3.69318256644845
4.92472559642282,5.53484761133877,13.6635081049406,8.12866049360908,12.1354670461224,-6.9116391169072,-6.30151710201659,1.82714339159791,0.29910233277403,-3.70770421972819
4.97375886072382,5.55638635237099,7.19015338592615,1.63376703355765,5.64628517491412,-0.3654202076401,0.217207283996212,1.85097431755137,0.307106106542277,-3.70541203481419
5.02344813518248,5.58384168955368,4.48693603009304,-1.09690565944163,2.91164111310889,2.42736737644599,2.98776093080271,1.89085527136379,0.315560354367989,-3.6929864181736
5.07317205561928,5.61517301920088,-0.139745893389479,-5.7549189125804,-1.74719452979794,7.1441908116218,7.6861917752034,1.931272862623,0.323824226193264,-3.68390015657155
5.11924734278297,5.6484377974476,-7.53152222261991,-13.1799600200564,-9.20657834450129,14.6577751530159,15.1869656076796,2.00700558762205,0.331949465729471,-3.64143220982193
5.16517728170338,5.68251177728306,-5.49619510324185,-11.1787068805027,-7.24597309546435,12.7507844991019,13.2681189946671,2.0894121141621,0.339634121940616,-3.59309966310106
5.21354606072079,5.71929126512712,-15.4184581238172,-21.1377493889228,-17.2494567903257,22.8101252509848,23.3158704553811,2.17812106645403,0.347122399931759,-3.54117019866585
5.26043329225714,5.75213708716243,-17.6912816590344,-23.4434187461955,-19.6062000850858,25.2205772801629,25.7122810750727,2.26886232886997,0.353943902819731,-3.48327475828205
5.31319362729194,5.78767535369572,-25.9428640559906,-31.7305394096804,-27.927108347997,33.6011979530708,34.075679679477,2.34514026979796,0.360895977789523,-3.44253508389662
5.37083530171518,5.82452993068493,-31.1518138131784,-36.9763437438638,-33.2108877983371,38.9493838432412,39.4030784722264,2.42673472835808,0.367660743201358,-3.39779520232458
5.43164133247933,5.86084618636265,-32.0499814666855,-37.9108276530395,-34.163855186536,39.9697513881006,40.3989562420043,2.48812858896073,0.374254869105045,-3.37271759739423
5.49521310392503,5.89804508465372,-20.0286852337177,-25.926730318378,-22.1705927186862,28.0463329475053,28.4491649282566,2.52243460987471,0.380527124914184,-3.37561047479032
5.56195592641671,5.93688429484779,-11.9115072412143,-17.8483915360474,-14.0563765079855,20.0043565121455,20.3792848805743,2.53089334452896,0.38602407774535,-3.40599095030707
5.62680723750919,5.97579151260385,-8.32644645270029,-14.3022379653173,-10.474770581013,16.4920778363387,16.841062111437,2.53882414612202,0.390500017817642,-3.43696736649359
5.68741966004549,6.01421958152693,-4.67508724344889,-10.6893068249668,-6.83610259299144,12.9176890170713,13.2444889385577,2.55518211359457,0.394166764058806,-3.45903746793508
5.73996739401197,6.04834219422716,-7.0594251642458,-13.1077673584639,-9.24641844410489,15.3833447932653,15.6917195934793,2.5839522350127,0.396958955137767,-3.46438995922171
5.78494314184689,6.07851882835722,-3.0921019194711,-9.17062074783194,-5.33552553327311,11.5191909000345,11.8127665865317,2.64214583870523,0.398722224903001,-3.43637298967099
5.82058848135818,6.10071951748244,2.43823011192711,-3.66248940554401,0.127477369545457,6.09322238529931,6.37335342143375,2.71086401589019,0.400111273500618,-3.38985550161035
5.85310306988903,6.11792201235297,7.85609409628315,1.73817208394421,5.47949499348894,0.775071136570609,1.03989007903772,2.77806216298419,0.401463060184772,-3.33985984936516
5.88071055120569,6.12667527678988,2.65302473566231,-3.47365054112395,0.194802803417308,6.08875393941166,6.33471866500762,2.86106812388367,0.402846191639797,-3.26560715291979
5.90199234237056,6.12414653705699,5.88833124536308,-0.235815291677396,3.36537430405371,2.94053637171915,3.16269056639291,2.92687527471891,0.403918333408179,-3.19727126233808
5.91938189397031,6.11335490041741,4.86758595256477,-1.24576894784404,2.29016923211493,4.03418259897095,4.22815560540628,2.9823866575645,0.404969937125297,-3.13096824285472
5.93485641247974,6.09437357979864,1.65553762006915,-4.43883595970992,-0.964734968120201,7.30558651403693,7.46510368134859,3.02626772163992,0.40599513344559,-3.06810585815239
5.94607738488552,6.06924621664726,0.785878260249763,-5.28336795639196,-1.87743492705785,8.23017687767932,8.35334570942206,3.06997775303542,0.406664565733346,-2.99926846363266
5.9550292592865,6.03876586586411,3.15484691379036,-2.88391895206062,0.433683277041705,5.92863039231784,6.01236699889002,3.12844804682533,0.407284410074634,-2.91031781904059
5.960516163453,6.00257372897774,0.570016294815537,-5.43255743414942,-2.17012654603672,8.53845471660158,8.58051228209555,3.14795484794783,0.407812007098976,-2.85461888101361
5.96362213186279,5.96118588711925,-2.93153224882567,-8.89271813592818,-5.65087184398295,12.0231559926443,12.0207197478953,3.12800161197394,0.4086620168178,-2.83318427514984
5.96512161748189,5.91438739400165,-8.30837316472225,-14.2227605587136,-10.9881326188492,17.3626629800307,17.3119287565513,3.08916819784012,0.409408743689208,-2.82521919617963
5.96279739190718,5.86112635253419,-3.01943570721362,-8.88056205973175,-5.64007507305161,12.0132065532626,11.9115355138751,3.03097345414178,0.410334088281951,-2.8301528983897
5.96076435328573,5.80647195620232,-2.82726911493225,-8.63374107113514,-5.35415472937757,11.7265770626974,11.5722846656067,2.93854359447218,0.411657980018711,-2.86792836173558
5.9521641208726,5.74426464535173,-1.83035166802716,-7.57461631337119,-4.24145229624184,10.6066184626318,10.3987189870992,2.82410267373208,0.413002045521245,-2.9201619716287
5.94655051158399,5.681693062465,3.22365354539861,-2.45803951707726,0.93599461269564,5.42510549769537,5.16024804857955,2.7022085315041,0.414549598792424,-2.97948453095683
5.9428717312851,5.61992306349504,10.3945575793924,4.77463451588315,8.23705045886128,-1.87805338035925,-2.20100204814705,2.57363246773226,0.416125347198483,-3.04629059576143
5.93907855861649,5.55852349583273,12.9513628891768,7.39283939333619,10.9481599996676,-4.59142695585822,-4.97198201864763,2.42085737468941,0.417654485172711,-3.13766612116866
5.93836058909028,5.50022375967039,15.9983766500388,10.4981528903845,14.1440707097849,-7.78674269848086,-8.22487952790234,2.27327336248545,0.418967422212866,-3.22695039718098
5.94135208842612,5.44901783760018,13.1714919570605,7.72247411943615,11.4431923478914,-5.08179833223017,-5.57413258304457,2.14834153639611,0.420041927222689,-3.3006763012267
5.94837728692662,5.40424308490345,6.89251184532649,1.48826876040635,5.270779871218,1.09847714953791,0.554342947520164,2.04261170793347,0.420879733820461,-3.36163137698197
5.95623492188317,5.36637712327584,6.30329141690893,0.936914293635064,4.76365118986765,1.61406628675288,1.02420848813967,1.96112278177909,0.421482554738717,-3.40525434149902
5.96378302637332,5.33487106894801,-0.248264469868848,-5.58313553880803,-1.72179850016741,8.10779773530915,7.47888577788203,1.89575023907739,0.42221620876095,-3.43912082986564
5.97270754583187,5.30890084317984,-6.08703416199636,-11.3959350051719,-7.49480462452601,13.8906901154814,13.2268834128194,1.83094840765179,0.423177945123717,-3.47795243552941
5.97926742077033,5.28516458155202,-5.63350788175162,-10.918672463314,-7.00697734305025,13.4102148633293,12.7161120241254,1.79743956081185,0.423970099512318,-3.48772502074378
5.98161371968926,5.26185155205928,-4.9293968550955,-10.1912484071575,-6.27772125188692,12.6834728944706,11.9637107268425,1.77246231969312,0.424137922900342,-3.48938923237883
5.98129856705202,5.24215061611073,-4.33911475542104,-9.58126537154783,-5.68624500403917,12.0911510924331,11.3520031415109,1.77073776996464,0.423607521359849,-3.47141284615424
5.9803196951689,5.22598489675131,-4.54780587123162,-9.77379076800624,-5.91940007502877,12.3224141366304,11.5680793382117,1.79428857021202,0.422694366417809,-3.43169632655423
5.9845538995436,5.21993956895522,-1.68279028160405,-6.90272985056334,-3.07928043039492,9.48581995982998,8.72120562924092,1.8184757786821,0.421985629882864,-3.40146379027628
5.99221739790197,5.21997550775752,6.0084399329598,0.788464425192771,4.57477431023535,1.83861333498911,1.06637144484082,1.85483587003269,0.421170247303262,-3.36513963771443
6.00408973177737,5.22691410105491,12.1709190315057,6.94400493044314,10.6987153424531,-4.27432713234631,-5.05150276307013,1.89250216737572,0.420298478347534,-3.33441193367421
6.02025019139978,5.24015752226114,11.9076175988155,6.66746007653444,10.3750218261862,-3.93486813861068,-4.71496080775882,1.95249926877879,0.41990349615496,-3.28765825348733
6.0467126800437,5.26336369831097,12.1254564008166,6.86209270250382,10.523576021104,-4.05632099564268,-4.83966997740075,2.02242272510442,0.420542345400148,-3.24094097319523
6.08158660673901,5.29132523027813,17.1715629329096,11.8802377026333,15.4904368832794,-8.98704360197076,-9.77730497844659,2.10293272418396,0.421806674570106,-3.18839250608511
6.12185295791781,5.32277423566962,19.9168774432116,14.5941032075483,18.1455497516046,-11.6003025126919,-12.3993812349477,2.19472197259698,0.423394280997629,-3.12805226306903
6.16921953657828,5.35980763350069,14.2943538143232,8.93454618083967,12.4350653253604,-5.83991480557351,-6.64932670868323,2.2852194721587,0.4259309831937,-3.0745881613239
6.21930106396563,5.39851936906489,6.70776867172142,1.30924930265246,4.77927548055645,1.8686928167741,1.04791112186702,2.35716042452129,0.428667233360839,-3.04135894452822
6.27077518898787,5.4371922689013,3.26428460983598,-2.17290765907845,1.27727111601664,5.42439500603574,4.59081208593582,2.41790442685465,0.430890933051389,-3.01928784204077
6.31386916645675,5.46868525704675,2.90639207984952,-2.56229317719339,0.870084238451325,5.87609411871212,5.0309102092856,2.46861703208995,0.432309190691987,-3.00006822495204
6.35220219287931,5.49562701529328,10.9674768990668,5.47184988378345,8.89370089178892,-2.10864267235738,-2.965217849952,2.50663203383077,0.432856026538209,-2.98899498145278
6.37951002984269,5.51151007331321,4.18647286137684,-1.325037211928,2.06047086139274,4.75098887302952,3.88298891648307,2.55795170455597,0.43194970456305,-2.95355836874774
6.40160009502438,5.5208381166459,7.52043626121489,1.99959814455903,5.3786863143383,1.45277451559452,0.572012537228038,2.5716106817839,0.429860734903463,-2.94922743485363
6.42261066567605,5.52534743430287,12.5490115354973,7.0236641011893,10.4249947735292,-3.5753767565446,-4.47263998792831,2.55102411325545,0.427007351303699,-2.97432332103972
6.43950100015013,5.52430195627468,10.5684616787339,5.04415972244623,8.45778163922887,-1.5951117536768,-2.51031079753522,2.53384892490445,0.423168885404157,-2.99045303137385
6.45747928489706,5.52168785007734,7.42713636082784,1.90544851074756,5.33672829853521,1.53947733900643,0.603685904173312,2.5091344149202,0.418726352629486,-3.01255343515929
6.47675157120439,5.51790228777495,-0.265127242284857,-5.78302953005902,-2.34706377676454,9.23757941330032,8.27873012987038,2.49570059981006,0.413764065325457,-3.02220168795556
6.49725925161768,5.5130293127095,-1.0089138199234,-6.52194313262309,-3.0772006886317,9.98261903391348,8.99838909500338,2.47644596238068,0.408159093665678,-3.03658335032512
6.52090643597921,5.50877150719075,-3.00455722330451,-8.51332873048505,-5.02874617654363,11.9516868995083,10.9395519707135,2.42622324022748,0.402034286975741,-3.0825482669519
6.54598560626279,5.50375558633223,-0.410439492991616,-5.91419507930824,-2.37627151101263,9.31781292807406,8.27558290811169,2.36138782880506,0.395555810793778,-3.14236775749482
6.57554224633455,5.50112055979155,7.10217192943911,1.60105136965463,5.19048822273304,1.77410150011901,0.69967981357527,2.30073118322996,0.389047476527959,-3.20038937656001
6.60180676079367,5.49606697340618,8.91859809434869,3.42253112094613,7.05892496860873,-0.0748366656646665,-1.18057645305872,2.24195466788209,0.382281542143606,-3.25411230551968
6.62306318356066,5.4880826292402,9.43005908835241,3.94197645913359,7.62247860143857,-0.624262475654794,-1.75924302997743,2.18273342915528,0.375152942252529,-3.30534920008062
6.64454795221415,5.48201224099631,11.264671195045,5.78265895407416,9.51938877804286,-2.50680511873801,-3.66934082996751,2.11331812410993,0.368035707091714,-3.36869411687824
6.66065249251757,5.47324488491935,11.7363990592264,6.26315417431851,10.0623706752983,-3.04125039750128,-4.22865800510517,2.03449616921046,0.360467785276768,-3.43874871569701
6.67764364017863,5.46634268361362,13.1040718365023,7.63772915290244,11.4875755256876,-4.45666114987323,-5.66796210644269,1.96976704645582,0.353270735639619,-3.49657563715666
6.6929813887819,5.45888814834771,13.6728064612177,8.21391831286138,12.1133412762108,-5.07390367961573,-6.3079969200646,1.90592139279782,0.34645620778527,-3.55296675555328
6.71133582343585,5.45331144511005,11.1651446191437,5.7118331740413,9.63008281844148,-2.5785154388026,-3.83653981711791,1.87529335692489,0.340231556203479,-3.57801808819421
6.73084399684453,5.44962038930263,5.50088622324364,0.0512658339455376,3.98088821781794,3.08442030319199,1.80319669565575,1.85446252960094,0.334464524163022,-3.59515785970033
6.75095358961583,5.44535978369784,9.83057411054857,4.38521432686295,8.29810654155483,-1.2178391334465,-2.52343293936596,1.8617813875005,0.329313818492499,-3.58357839619395
6.76778277457195,5.43827184711459,15.1118536278084,9.67358178069903,13.5627247552606,-6.47037100230898,-7.79988192975185,1.87369985094288,0.324570978392527,-3.56457199617149
6.78369428273526,5.43033957084961,16.3180662916305,10.8877267207716,14.7537545017406,-7.64967032690647,-9.00302503881089,1.88470168196279,0.320389892078938,-3.54563788887551
6.80127578258399,5.42252510794383,19.3592945353189,13.9367694273882,17.7838521069504,-10.6657308646694,-12.044481539336,1.89228788805371,0.316845459679813,-3.53023721986931
6.81861891324177,5.41274408759337,26.1816596632753,20.7689155756864,24.611462698118,-17.4788835135576,-18.8847583391992,1.88415723649895,0.313960271308685,-3.52858685112338
6.8332103396774,5.39944543646046,25.2443981257976,19.8449526893417,23.6804517896337,-16.5355764446156,-17.9693413478416,1.8756113415059,0.311665005327779,-3.5238340949446
6.8444106889123,5.38415915241322,22.3604895706651,16.9763304182608,20.8073145537461,-13.652804177793,-15.1130557143092,1.86327470395175,0.310099687027239,-3.52088444845423
6.85088868732804,5.36619953619655,27.1519849770662,21.7857854408735,25.6325756744912,-18.4725335637149,-19.9572227148604,1.82856272601326,0.309153423443676,-3.53763681018419
6.85439782914777,5.34837501308183,26.953056267011,21.6046812539601,25.4830731628979,-18.3202241638094,-19.8262469798969,1.77843427406923,0.308451169930703,-3.56994073900627
6.85899308131622,5.33514541812581,22.9116234158187,17.5764779977053,21.4882210840637,-14.3211814188982,-15.8450290820864,1.73144891562141,0.308046583848778,-3.60369650249535
6.86285134955546,5.32409300784371,19.5081114700015,14.1840184621705,18.1253761736453,-10.9549023215202,-12.4936606632432,1.6903577989313,0.307622502573093,-3.63373520890336
6.86792101190073,5.31645292369875,18.9790721684586,13.6626192447768,17.6182069246873,-10.4430691872129,-11.994537275437,1.66808196934451,0.307216725565368,-3.64837095433207
6.86965925384049,5.30784721491158,17.7335902567088,12.4257430417816,16.391165786907,-9.21507247749615,-10.7768845164115,1.64885852537213,0.306434055566299,-3.65898868954578
6.86715310198355,5.29710980644495,10.600131126919,5.30302132050042,9.26673723217842,-2.09432481973096,-3.66436811527998,1.63865320522526,0.305259310464131,-3.65845660120611
6.86441310573337,5.28650779252468,8.65689716057307,3.37038936805122,7.33093296034864,-0.162294629609178,-1.74019994281153,1.63018942524048,0.304225225012434,-3.65631836727696
6.85861893481529,5.27343385381329,4.54697021964369,-0.7264636341696,3.22066567448286,3.94106786591033,2.35588278491874,1.62941915075253,0.303114605595315,-3.64401470305013
6.84866872977237,5.25786800043561,1.46066430440232,-3.79720369601757,0.108002342837632,7.04238337979799,5.45158265046033,1.65437895444514,0.301716992888822,-3.60348904598414
6.83912715495386,5.24259367797694,-3.58483704573414,-8.82743072370904,-4.97670887240487,12.1162989354358,10.5197654584553,1.69233473474965,0.300462908072594,-3.55025894322638
6.83108168757865,5.22971157493944,0.334474043071675,-4.89523753188383,-1.1171724861714,8.24731766016642,6.64594754754372,1.75071001566265,0.299063486400974,-3.47900155928091
6.82470539955837,5.21955547316328,-1.53955203419292,-6.75910750734489,-3.07146532531643,10.1937957680581,8.5886458416676,1.82953833431807,0.297625043184838,-3.3900171388357
6.8223973441402,5.21406258159001,-9.09817934300537,-14.3122419245983,-10.7231738658511,17.8417702557029,16.2334354931434,1.9211935685462,0.296199045711504,-3.29286901303454
6.82110015698233,5.21095680619569,-6.38259000182007,-11.5935468080171,-8.1133133100076,15.2295447462768,13.6194013954965,2.02585458748026,0.295131279294994,-3.18510221869869
6.81859060732396,5.20728115174119,-7.80743375748208,-13.0147149092074,-9.66188507130328,16.7747259578343,15.1634165022282,2.14870159301827,0.29425027920069,-3.05857955871116
6.81689270924636,5.20393119245565,-8.93634443864429,-14.1402756310965,-10.9172985603448,18.0280364055591,16.415074888767,2.27479925767118,0.293845135974947,-2.92913193477949
6.81472323560477,5.20014724572007,-4.090712967431,-9.29086021314745,-6.18484547981527,13.2933837386963,11.6788077488011,2.38794753565367,0.293815023273925,-2.81219971006188
6.81591894198843,5.19713286236218,-2.44639343585171,-7.64352629818459,-4.66082861234295,11.7711155671274,10.1523294874862,2.50880318930041,0.294368012797402,-2.68832967304729
6.81850282399326,5.19356271371506,3.30363281263786,-1.88992990106781,0.983646592543441,6.13026229081249,4.50532218052456,2.61539227945913,0.295406059365841,-2.57817043423421
6.82315907211371,5.1899082117485,2.71076422032653,-2.47914399143473,0.299195839416152,6.82084390726456,5.18759304690161,2.70844905546516,0.296880674564286,-2.48145915628696
6.82926444574988,5.18719337417937,5.33143787639916,0.144244502226863,2.83795389336461,4.28972779432596,2.64765672275273,2.79190122497886,0.298417241938423,-2.39529214918874
6.83141086022465,5.18089329071553,-3.4457319210364,-8.62662521175069,-6.00553306554914,13.1366836758225,11.486166106289,2.85954089453797,0.299739750039938,-2.3213523961495
6.8283312625068,5.17009746768051,-1.48001661653059,-6.65011408418429,-4.07942120082119,11.2083850873234,9.55015129248808,2.90003720830322,0.30063262399792,-2.27006025936371
6.81964786989348,5.15325138523842,-5.3396607226827,-10.4929121078941,-7.94718480182937,15.0678513773941,13.4014548927136,2.90854278481968,0.301018705667133,-2.24470860037167
6.80502134872161,5.13102255033943,-9.10852870291173,-14.2395512532443,-11.6957637959959,18.8017297715177,17.1277309731102,2.88817971986533,0.300944626792013,-2.24284283046414
6.78172058513998,5.10101725225879,-10.9449797257839,-16.0459969780212,-13.5018613120058,20.5840130048787,18.9033096719984,2.8573126939729,0.30043110772818,-2.24370455826959
6.75251032481381,5.06423655893759,-10.2629735234824,-15.3272100824054,-12.7846322733116,19.8368206581823,18.1485468922988,2.82133680988878,0.299678060056441,-2.24289974905514
6.71873363577539,5.02223270693097,-8.82702094681409,-13.8492536537194,-11.3095908391392,18.3268564047257,16.6303554758623,2.7811018221417,0.298531929809606,-2.24113088476936
6.68167626348019,4.97538569036679,-3.98969032259186,-8.96507601295514,-6.42263067507188,13.4011780419455,11.6948874688185,2.72981145586438,0.29687110339658,-2.24557423450422
6.64744368077331,4.92738609753759,-1.94562188300609,-6.87300798053169,-4.3168385246202,11.2591191029576,9.53906151970742,2.66605353917324,0.29483689754623,-2.26133255835032
6.61792554699637,4.88033848969434,-9.2273491876828,-14.1076876773659,-11.5273929275319,18.4379325056968,16.7003454483663,2.59265777100406,0.292614031152707,-2.28768071867851
6.58892191774361,4.83013541847685,-11.9821221826832,-16.8122576011758,-14.2034903167194,21.0824406402234,19.323654140968,2.51139653978491,0.290028405767224,-2.31873887871456
6.56857038767912,4.78441336590243,-11.9911052309614,-16.7755185968516,-14.1380962920859,20.9946237021009,19.2104666802916,2.43494808343823,0.287957022316162,-2.3494652824547
6.55364436781318,4.74064693152832,-11.5480813288661,-16.288728260403,-13.6324008741317,20.4722692860785,18.6592718497909,2.37054358938479,0.286224044142816,-2.37010334214907
6.53856745050936,4.69601226502448,-9.43143035589099,-14.1274426209063,-11.4520523166329,18.2752799548895,16.432724769377,2.30528214847317,0.284660187730678,-2.39073011655255
6.52445335777076,4.65179946658041,-15.5621004993398,-20.2138999659171,-17.5181925246751,24.3260641378397,22.4534102466419,2.23951028072082,0.283418255396987,-2.41228918585676
6.51684339948187,4.61397960593071,-15.7420639174513,-20.3560435233902,-17.627267725563,24.4272695427102,22.5244057491441,2.16836222575297,0.283158417656498,-2.44561738018363
6.51636643916644,4.58181105788337,-11.5240755797309,-16.1058866376228,-13.3348418813601,20.134831553726,18.2002761724237,2.09438953479861,0.283623233184796,-2.48742152308091
6.52528852041887,4.55663655577743,-5.61582335378283,-10.1724599095686,-7.34953038306116,14.1599786180996,12.1913266534473,2.01886674388112,0.285159714610711,-2.53776981191396
6.54400186226192,4.53910209332295,-2.74452959864144,-7.28363169198068,-4.40018973374998,11.2321247929206,9.2272250239884,1.94359333200635,0.287933196916369,-2.59550876132022
6.57159604727353,4.52857460416455,1.72573647304891,-2.80283813112786,0.135745126587512,6.72782851073962,4.68480706762566,1.88196893649192,0.291977590054728,-2.64660566767897
6.60594422364403,4.5239283033729,5.57131766992014,1.04738936652733,4.03716081002161,2.86554119314689,0.783525272891146,1.83091463941892,0.296757779535779,-2.69301366396212
6.64254139064729,4.52147663068986,5.82661796877463,1.30514133808545,4.35484005378666,2.58978036444488,0.468715604477489,1.77385694255728,0.302079027563431,-2.74761968814162
6.68379494336056,4.52372659805101,10.2657877179759,5.74206111992214,8.85715747645995,-1.86564372635894,-4.02571207166906,1.71634904825218,0.307718806734908,-2.80737754980245
6.72748023415649,4.5282358107663,6.7753379436389,2.24710213287057,5.42477255202721,1.61601691514134,-0.583227508273283,1.66387462459117,0.313309232988083,-2.8643611861706
6.77290868072746,4.53459780616912,5.36777961852556,0.833181812341956,4.09201016798398,2.9996719771645,0.761361102607061,1.59454291494178,0.31877346440337,-2.9400548912201
6.82000062465885,4.54323037578005,-0.33344959822801,-4.87667997400353,-1.54128350589725,8.68538786647052,6.40861761757056,1.5319376435625,0.324103735907517,-3.01129273221302
6.86893306289545,4.55512522839813,-3.4112312249709,-7.96635645337186,-4.55331282417559,11.7515625036335,9.43775466912534,1.47139821574816,0.329316616555236,-3.08372701264997
6.91597069912853,4.56736995116513,2.06555604251903,-2.50181390864678,1.01606945301052,6.23388824859395,3.88528750062557,1.38347359197857,0.333987002471639,-3.18389635918657
6.96102970480499,4.58083930908837,0.459071716092766,-4.12176759298723,-0.515231465137011,7.81450400425509,5.43431360854435,1.31254601556504,0.338242834313991,-3.2682932935351
7.00116484597745,4.59253198884797,-5.32379432105838,-9.91632630991857,-6.23198904215102,13.5750245509553,11.166391693824,1.25006538390411,0.341870662807401,-3.34246660493843
7.03573823687996,4.60152207914128,-11.8335637636374,-16.4350858427724,-12.6470638371903,20.0276270684287,17.593410910681,1.15832506791137,0.344824994346073,-3.44319701120547
7.06475710183874,4.60858188615162,-14.1272035804482,-18.7357854665881,-14.8631582067206,22.2750623790408,19.8188871633401,1.08310169675383,0.347147070462892,-3.52548018938512
7.08706325347978,4.61246977149861,-9.97245425733116,-14.5849240288171,-10.6328360892079,18.0685483216552,15.5939548396667,1.00903081085236,0.348648978962696,-3.60343896063629
7.10101748566687,4.61243243676595,-14.066946113893,-18.6793785506646,-14.6527644711301,22.1030356340677,19.6144505851713,0.935072034507794,0.349253677277246,-3.67736040225182
7.10626986573574,4.60781602251214,-24.8150783703057,-29.4228943928212,-25.3537314734064,32.8091586235136,30.3107047802909,0.887810387471247,0.349157284366906,-3.72000563503818
7.10493532307555,4.59982140320267,-25.3753038550735,-29.975125258269,-25.8691939608971,33.322491934561,30.817378014689,0.842252756424603,0.348362650610941,-3.75756864677264
7.10315517504836,4.59052791015269,-28.1509792901561,-32.7415072003183,-28.6173237672237,36.0679165041916,33.5552892393059,0.813782038988927,0.347437561925209,-3.77674587116196
7.10267822311936,4.5816831947879,-34.4773007719854,-39.0589839667711,-34.9288226745958,42.3782804815444,39.8572854532112,0.798301486437824,0.346779583816202,-3.7833817083356
7.1011966016321,4.57193872574409,-29.575634384106,-34.1475731098302,-30.03050034684,37.4779204891124,34.9486626132208,0.80108950339598,0.346223540643485,-3.77084922234449
7.09748581776611,4.56029274902579,-21.2732792748328,-25.8335720238539,-21.74200959794,29.1852560146224,26.6480629458766,0.814490922019827,0.3457605989215,-3.74580182699872
7.0903447308841,4.5461243926914,-20.1073909947075,-24.6535153874097,-20.5953991755706,28.0309603251951,25.4867399869961,0.833224599590874,0.345216418735717,-3.71289979310234
7.07611203477496,4.52807574619632,-16.9437785067852,-21.4718542529607,-17.4623192631512,24.8828825919126,22.3348463033294,0.86299205036604,0.344451293990512,-3.66508369582576
7.05719586836846,4.5072338825528,-17.991742197102,-22.4989760796344,-18.5481272286856,25.9488173700413,23.3988553842055,0.899879304574489,0.343494273005352,-3.60735457795296
7.02874334546782,4.48087248118889,-15.6822373227219,-20.1631098038864,-16.2848730832881,23.6554936669564,21.1076228026882,0.944512998799959,0.341877238215622,-3.53635948238237
6.99152403185823,4.44919682331781,-18.3812930102164,-22.8304898335252,-19.034641878645,26.3660553091842,23.8237281006357,0.993238267110117,0.339889398676889,-3.45595855619921
6.94784530095097,4.41278168382404,-11.536589415677,-15.9493710994831,-12.2565599857378,19.542006429502,17.0069428123735,1.05757171288925,0.337601142814175,-3.35520997092099
6.90415126465775,4.37520686085757,-10.0403021687879,-14.4155090296375,-10.8160808233669,18.0556527095764,15.5267083057604,1.11119927612809,0.335420621539338,-3.26400758471952
6.8571319880527,4.33469924561325,-4.562343648929,-8.89704289453636,-5.36857422879301,12.5590491819615,10.0366164395157,1.13957354498156,0.33334296511869,-3.19512570061448
6.80910866898353,4.29396812351325,-0.380707434600308,-4.67467555810337,-1.2224554852578,8.3631269876475,5.84798644214825,1.17331088404465,0.331562833390556,-3.12065723946045
6.76056718258269,4.25126225366443,4.04900775358363,-0.202254500059977,3.16451581182688,3.92623659916425,1.4169316702306,1.21467717016972,0.330185228397805,-3.03658508348656
6.7074676088996,4.20508705093313,2.12875458507991,-2.07633246583828,1.21903900256194,5.81724095471345,3.31486039673158,1.23852793089285,0.328812348377141,-2.96655912001855
6.65977304415059,4.16169604410547,-1.13062857206371,-5.2923246161728,-2.06265551205525,9.05036093305029,6.55228393299521,1.2599593168206,0.327932376837886,-2.90173672729211
6.61324784486212,4.11813592758714,-4.815968714754,-8.93410464235608,-5.7583310140371,12.6986763162816,10.2035643990207,1.26945975666868,0.327097457389422,-2.8486761709257
6.56802572720151,4.07471642762502,-8.47627795378671,-12.5509943813923,-9.41072118074513,16.305122160284,13.8118128606885,1.26081847929485,0.326375252326482,-2.81389794830664
6.52144947719368,4.03067484821498,-3.27941297598733,-7.31008782420412,-4.19726873740945,11.0440043066624,8.55322967769272,1.24314185349403,0.325286092062185,-2.78753299473543
6.47868447070371,3.98948625413623,-0.429155788729212,-4.41864204286861,-1.30887127152135,8.11170878635938,5.62251056978014,1.20386852691289,0.324153044130255,-2.78561772722335
6.4371138965463,3.94870968702257,4.53794645442581,0.589236767406406,3.70279548158444,3.05702214952616,0.568617939988859,1.15785470739029,0.322703734537599,-2.79085497963229
6.40114164709922,3.91134595280319,3.73622542002082,-0.175120532757035,2.93720459657114,3.78502338058953,1.29522768627269,1.12010715351747,0.321086330059871,-2.79123879927306
6.36575231771913,3.87464678552874,1.07394322656924,-2.80070355895543,0.305780141573649,6.37914477129068,3.88803923910029,1.08733568013989,0.319172595159908,-2.78731110537618
6.33546356556881,3.84157742613309,-0.645998368044253,-4.48757579416196,-1.35763461137348,8.01025682685768,5.51637068740205,1.02879489324009,0.31715864990408,-2.81278253288395
6.31132790290608,3.81326281501521,-1.43407429403203,-5.24733710904408,-2.0930040865427,8.71949123802248,6.22142615012166,0.974089041075319,0.315159248563518,-2.83917377394442
6.29102544866654,3.7874022528884,-6.77052215589038,-10.5579244087577,-7.37812864854461,13.9825179696706,11.4788947738798,0.920970365119079,0.313363872457158,-2.86643188775665
6.27401283197738,3.7642844865638,-7.66164611710328,-11.4259306036779,-8.22310051164862,14.8090670635096,12.2993387180979,0.873408114417222,0.311953719876855,-2.89087637214658
6.26369499222107,3.74589498012541,-12.4350235692585,-16.1809185493866,-12.9568761392769,19.5317963060006,17.0139962938986,0.833077744508399,0.311225174509887,-2.91281723561973
6.25599323416471,3.72924835126452,-11.3166859403716,-15.045934291647,-11.8149383951384,18.3817925359818,15.8550476530735,0.80911336141748,0.31086090667376,-2.92013498984342
6.25594513163159,3.71761098660101,-10.955387629259,-14.6729986158582,-11.4173420722912,17.9843033092084,15.4459691641688,0.772970548309603,0.311016105280364,-2.94464043829956
6.26692255386364,3.71382321154679,-8.68311567650701,-12.3969388880638,-9.09683836524287,15.6755116716411,13.1224123293089,0.725473441246922,0.311750752523051,-2.98834977030349
6.28513017378655,3.71539052355169,1.48391220722786,-2.23147831633628,1.10249947239188,5.49545528815717,2.92571563791824,0.694237321581279,0.312824586765665,-3.02115320197268
6.30364544451168,3.71851912512108,1.64278015678077,-2.0757389683729,1.28418913371933,5.33336305318525,2.74823673380461,0.672497765430357,0.313906742390417,-3.04602135970566
6.31942988149333,3.72004138673606,5.37707603965371,1.65703465290724,5.06287859394907,1.57156623476723,-1.02782225997691,0.629212392925803,0.315014947232255,-3.09082899381297
6.33538416083097,3.72215401465064,9.27784096612165,5.55568695145834,9.0183038100622,-2.36652327761546,-4.97975342378628,0.575933527667528,0.316396371610336,-3.14622048700574
6.34578620692384,3.7210986043704,13.6094559044048,9.88835730001854,13.4026789933179,-6.73951855125005,-9.36420615381752,0.524151146206896,0.317374235126565,-3.19694745818296
6.35692195897511,3.72150640462256,19.0099608334753,15.2884544288349,18.8483470619011,-12.1730116706837,-14.8084272250381,0.480027203790688,0.318413432219597,-3.24147920083685
6.36862765642859,3.72315694315882,22.0747624024427,18.3516054592732,21.9530213317165,-15.2649678741668,-17.910438587437,0.441166871833724,0.319425801110732,-3.2819900713441
6.38216451088019,3.72668995615728,18.1155163008716,14.3888263447007,18.0287104410575,-11.3261847965115,-13.9816593512208,0.407166993476277,0.320361133663036,-3.31952296269458
6.39428488089114,3.72948432409461,16.6458801816754,12.9163958575772,16.575264204393,-9.86011629567216,-12.5249168524728,0.391479005101268,0.320863027814133,-3.3380053190042
6.40681377439909,3.73269343722985,21.0759846450846,17.3432912078376,21.0256191245647,-14.2979761216549,-16.9720964588142,0.371194749018874,0.320829228501209,-3.36149868823088
6.41946158497852,3.73600297351345,10.6731068979608,6.93710392444015,10.6475984440018,-3.90784408182242,-6.59130269328478,0.345801231153563,0.320292777189509,-3.39020174236894
6.43282463606465,3.73937827052387,7.12361853842174,3.38424026789243,7.11661139544755,-0.364333630170659,-3.05777999571732,0.326460272176019,0.3194531291964,-3.41291799834333
6.44499589183139,3.74180518272102,12.3411893000061,8.59938411728458,12.3577981939661,-5.59469480462828,-8.29788551374951,0.301498603532806,0.318107497505482,-3.44030657918188
6.45757419145345,3.74359106524251,4.38873660390829,0.645145538654921,4.42597041520009,2.34792767472355,-0.36605545148286,0.27909008717387,0.316323898469059,-3.46450097809489
6.46784527341322,3.74330585059303,2.04623922308684,-1.69706662749307,2.10737271405452,4.67439458859574,1.94985516575972,0.252788538271625,0.313922029226182,-3.49051731232594
6.47851600711197,3.74250860177017,2.78917935372405,-0.953329248061047,2.88372251888116,3.90589051603532,1.16988311069171,0.216553862627498,0.31109702780135,-3.52595473914629
6.48889209778818,3.74102625466586,10.3563950386738,6.61536878400796,10.4557036471791,-3.6589250725751,-6.40679091569833,0.208577868309636,0.307886476812439,-3.5324483863517
6.49316956062844,3.73568548141563,10.7374344539038,7.00174897248097,10.841912591495,-4.04471187908619,-6.80219595830352,0.199553014181076,0.304031151778583,-3.53613246724451
6.49578126578929,3.72913825815314,10.2814340379896,6.55229577982293,10.3733857796737,-3.57766158518402,-6.34430459280751,0.207991187019044,0.299942928701241,-3.52114707114948
6.49902481382642,3.72245475486558,2.44993756827514,-1.27251718659225,2.52641257671214,4.26857043607694,1.49200037712425,0.219483190533806,0.295958198968772,-3.50297156434083
6.50454395800554,3.71583920386344,9.3319943068464,5.61615510300558,9.39529340825722,-2.59853255918088,-5.38723731334018,0.228917789656354,0.292216891069436,-3.48692141419894
6.50889541409309,3.70769422898835,5.9291855219147,2.22149129293812,5.99257448887628,0.804950967253674,-1.99625021787912,0.225241075058995,0.288630042024196,-3.48245315390582
6.51202581487632,3.69785232396309,5.10019322973472,1.40234090577389,5.16483667428606,1.63242181801971,-1.18175167288718,0.220589232886259,0.28523267744529,-3.47726309107955
6.5140801313812,3.68639792264616,10.0905899863773,6.40419206374023,10.1481621285613,-3.35185316505148,-6.17953537380824,0.224656689937423,0.28222883212248,-3.46174123270873
6.51300737106461,3.67215192150886,6.12226625189974,2.4501143304108,6.15043022178939,0.642092402113929,-2.19876304745993,0.251351282954491,0.279515252832144,-3.42080063854351
6.51153536261837,3.65680529230769,6.47359295911631,2.81678766680364,6.46329345223218,0.325683827360819,-2.529046242958,0.287741423846088,0.277441916979154,-3.36906386846342
6.5068560699897,3.63845559594242,5.16744746514338,1.52899186920865,5.11191049740768,1.67091368699575,-1.19748678705153,0.331505082156672,0.275968114406719,-3.30695051378937
6.49588031427477,3.61545309849605,9.71841996174896,6.10296686324612,9.60861155964557,-2.83790928798215,-5.71833650376675,0.384630359484804,0.274821957379156,-3.23082273902029
6.48091011414389,3.59006361063458,6.79169744260399,3.20163383198299,6.64763488650206,0.107390131127991,-2.78345637240418,0.418177459571797,0.274114903456064,-3.17188615104287
6.4613927622752,3.56217691956488,4.65452803332319,1.09235111374247,4.49480664124034,2.24045372311663,-0.658762119592333,0.433588994150136,0.273867602075203,-3.12858792543194
6.43802168191319,3.53261572201134,8.83926224531524,5.30664652330435,8.67073873906017,-1.9589193803833,-4.86432534026161,0.442321183047718,0.273797676791966,-3.09029453897992
6.41010881905001,3.50114731343085,8.8508777970736,5.34973048364727,8.67055745137741,-1.98630299230728,-4.89526449794636,0.45446598570182,0.274145640014011,-3.04668132771274
6.3764180119563,3.4670718419171,2.16514373381701,-1.30192810810733,1.99084771721578,4.66030335298715,1.75095718296243,0.449029074849668,0.274733058262238,-3.018042767062
6.33931549474148,3.43173356985617,-0.614036069281464,-4.04576963916026,-0.793990277497874,7.40875842928003,4.50117650442006,0.45540686525075,0.275452657055836,-2.97632670460995
6.29728219267144,3.394158607938,-3.35494828584402,-6.7491068938051,-3.54018603822812,10.1136286755294,7.21050509082858,0.461398197024829,0.276160444649329,-2.93276041092675
6.25425053748824,3.35648439560299,-6.04477923953375,-9.4012636351467,-6.22948435865401,12.7604573149455,9.86269117307472,0.461427537928923,0.276722418809802,-2.89505685767407
6.20793958027839,3.31693456086635,-4.38693094598736,-7.70386550686819,-4.57391957539714,11.0589398282233,8.16793480884208,0.464069301965741,0.27708067256388,-2.85286525891057
6.16040810398157,3.27705505978772,-1.54031161427954,-4.81736667406907,-1.7456644224374,8.18317682144709,5.29982377724872,0.482457103176935,0.277104295019298,-2.79459795661712
6.10914258051399,3.23552378125496,4.08443100463718,0.84890722339218,3.87817930378223,2.50784827332375,-0.36577052592985,0.483136697453279,0.276884996593795,-2.7523870838044
6.06330905936159,3.1970867217112,4.55014166357204,1.35305494185631,4.34388085003975,1.99613335716336,-0.870088980465302,0.48296596138196,0.276705147863698,-2.71412076034101
6.02440123818996,3.16250561971708,-0.720487380890851,-3.88299300060476,-0.907280283521198,7.20827900907396,4.34638339062778,0.463390390017587,0.276597487382714,-2.69911522969814
5.99627332647301,3.13357537141137,-7.71348515927947,-10.8470605306999,-7.87758945854357,14.1506273758836,11.2879294208545,0.440868890151903,0.276764590884636,-2.69270648127395
5.97826121731474,3.11059841753207,-4.96105466974651,-8.07165308725505,-5.11596637338118,11.3714256026303,8.50376280284766,0.432109715590802,0.277198011936001,-2.67848870193493
5.96793309548567,3.09169301393544,-7.40154269802953,-10.4932357119595,-7.53851213600881,13.7840747933933,10.9078347118602,0.414598999892527,0.277629561901031,-2.6770940140574
5.96296357700694,3.0756807298471,-6.71684535723578,-9.79252608707835,-6.84066674267679,13.0815273246468,10.194244477496,0.401718390405004,0.277897004954258,-2.67396233944029
5.96605575217461,3.06421876086177,-4.52357665088256,-7.58779541173709,-4.64140841267836,10.8856750291702,7.98383803785108,0.396042626126659,0.278210864317277,-2.66817613474054
5.97109053034763,3.05375518983065,-0.683691683381912,-3.73744687323248,-0.79431052349935,7.04355075391348,4.12621541345172,0.38876854021562,0.278149700064467,-2.66498664966572
5.97674995484745,3.04399843631625,-1.18856176076343,-4.2325601971177,-1.28873510974069,7.54327131892519,4.61051980040757,0.377959603317031,0.277786254340672,-2.66603883303
5.98452047674136,3.03551397695631,1.07687630180715,-1.95863767511024,1.00585913451242,5.25593454974719,2.30692804995037,0.348290374855519,0.277273207524361,-2.68722360210803
5.99236324007204,3.02760733580407,4.67748230911856,1.64987497327648,4.64435888501382,1.62450117468508,-1.34025472957927,0.309620243688164,0.27649681961306,-2.71798709212677
5.99809145315146,3.01886659323268,5.23688924841518,2.21802265516253,5.24531021659363,1.02802807747489,-1.95119678243677,0.266825872729316,0.275246840912194,-2.75204072051308
5.99774428731079,3.00775754915512,4.40351653127027,1.39575898210058,4.46035257330847,1.81073901239616,-1.17924772573133,0.216511256376602,0.273347298410813,-2.79124629279676
5.99616223923406,2.99668305233009,-0.499261549650443,-3.49594460196882,-0.402988696868185,6.67016521138225,3.67068602446199,0.174741422506348,0.271014275289171,-2.82194162981152
5.98679512132781,2.9817852113338,-0.721202909026885,-3.70298812036957,-0.590356357506068,6.84501174334943,3.84000183332352,0.137013712974828,0.267860264499718,-2.84477149836893
5.97687298048422,2.96727163324891,3.15250331512403,0.185231681859441,3.31623766407284,2.92516502789136,-0.0844363193574114,0.100795362487393,0.264529711453618,-2.86647627075394
5.96595770409883,2.95300053729539,6.30781636232432,3.35481582501929,6.52428812822517,-0.297178598287569,-3.31013576509101,0.0446800599272921,0.261151825840697,-2.90832047737172
5.95323160566947,2.93881152443899,10.8236454512763,7.88483392684878,11.097601798287,-4.88667466500121,-7.90109474622202,-0.0162608193912868,0.257695527629161,-2.95507234381557
5.93830528031615,2.92410059000725,15.8373829405167,12.9132823505054,16.1535284785867,-9.96143688380784,-12.9756415741062,-0.062359223601592,0.253786314481578,-2.98645981359391
5.92271384384584,2.90928985695088,14.0424649885198,11.1331751315622,14.4142297587237,-8.24217887626286,-11.2556028631253,-0.122427731557804,0.249337038658473,-3.03171758850868
5.9045282222079,2.89348725232398,14.2740237313287,11.3805364790165,14.7117791790895,-8.56310580325332,-11.574146773114,-0.193610294097066,0.244145153661913,-3.08709754641245
5.88685165497812,2.87842441660844,15.6246177420125,12.7461933254103,16.1367147435299,-10.0114498969825,-13.0198771353626,-0.273683809952908,0.238413191570623,-3.15210822655252
5.867142703195,2.86299852722943,14.1450741887799,11.28207566155,14.7295574632847,-8.63043925887113,-11.6345834348534,-0.352507773303473,0.231975501204209,-3.21550630052294
5.84681671184458,2.84788465814482,7.71775899585644,4.86987433771626,8.37438777367973,-2.30236313215356,-5.30129518587797,-0.431420848152326,0.225207929671977,-3.27930550628945
5.82320607181338,2.83176886224965,14.9015138515093,12.0697449892645,15.6389813883858,-9.59766647721024,-12.5891036867674,-0.519358697500753,0.218108839375773,-3.35112755975538
5.79878563316226,2.81595554153378,13.0486071844602,10.2326516429217,13.8536855977651,-7.84399401805788,-10.8268241096778,-0.594172466754012,0.210905946551893,-3.41012800829367
5.77263832280812,2.79956294059848,7.92802757095723,5.12846463035445,8.79486366028493,-2.81846913478208,-5.79154451699987,-0.663079886638855,0.203756202695293,-3.46264282723326
5.74247136678586,2.78167070620725,12.1862881106168,9.40461740440456,13.1020531027186,-7.16279367884789,-10.1235943394265,-0.718976935020135,0.196788057081439,-3.50064764123598
5.71025556892671,2.76312659019867,7.33470113443136,4.57157454423949,8.29132473638301,-2.39090257178787,-5.33803155053537,-0.766457006288195,0.190166595661528,-3.52958359649139
5.67371769385382,2.74250046440569,2.06253332664794,-0.679967137759341,3.04401075481134,2.81348163410623,-0.117735595334198,-0.797702733103043,0.183774695064093,-3.54020319750715
5.63603674550247,2.7209773383821,4.15866219067803,1.43768485230113,5.163347514053,0.650491886254512,-2.26456752086132,-0.826882668557478,0.177802654815452,-3.54786000693302
5.59499616830712,2.69736799453924,9.6583464475144,6.96097845297856,10.6760044713026,-4.90888791788581,-7.80651609166104,-0.845537638682257,0.172120385117348,-3.54290563320656
5.54966487198529,2.67145932043574,3.88029895363642,1.20883963321151,4.90949206561234,0.806889317755065,-2.07131623378453,-0.862476600579097,0.166716511389019,-3.53393592101778
5.50063885899987,2.64350220914278,4.68780856241768,2.04430635327218,5.7259912599309,-0.063665523954945,-2.9208021738066,-0.876495820533057,0.161686876974955,-3.51999802967358
5.45375762500803,2.61639021325719,5.6315138387015,3.01512362543911,6.66787482947708,-1.05680655792991,-3.89417396968573,-0.879050344242547,0.157310646540617,-3.49544055751309
5.4100606276231,2.59014791703129,7.44501898130013,4.85487106428242,8.46836915054423,-2.90477954042827,-5.72469225104046,-0.869821186758717,0.153528982487759,-3.45996910377982
5.36981927866679,2.56497346039452,13.1388560306169,10.5738825702264,14.1392611585724,-8.61904461082819,-11.4238904290962,-0.850007858873138,0.150397269074254,-3.414981319274
5.33102259356836,2.54029235412503,7.56073752854769,5.02044517441768,8.52040285775592,-3.04163297182999,-5.83236321128644,-0.811918036868539,0.147747292352023,-3.35221039098973
5.29530467613409,2.51690488324235,13.3976106771627,10.8807057939165,14.3104717895331,-8.86971796450972,-11.64811775742,-0.767411963504841,0.145449148852376,-3.28431684674697
5.26140319810686,2.49344545126457,9.11827356822742,6.62482811697959,9.9988715743322,-4.59417108416062,-7.36212883099997,-0.737300714019137,0.143297292080896,-3.23074616527907
5.2293569946524,2.47029704540295,8.90230901475608,6.4320119693623,9.74822634095607,-4.37766257094073,-7.13672252020274,-0.704710550835468,0.141206775345515,-3.17500759625719
5.20010675421298,2.44824422579494,4.73756679093811,2.28932256513548,5.55031209310156,-0.210924575202153,-2.96278710361634,-0.673464538480669,0.139280763704762,-3.12170876426472
5.17485758435502,2.42767081076987,4.72599924327507,2.29832843248597,5.50755753690799,-0.195105939977499,-2.94229271354619,-0.643964281058189,0.137594012598542,-3.07163509183298
5.14923207867308,2.4068463086843,-0.646289120926961,-3.05313542962336,0.11430282439164,5.17094258159834,2.42855681160777,-0.62457861802285,0.136013327308422,-3.03142492671518
5.12027917429624,2.38396731100839,0.832600217832088,-1.55136709315854,1.57116723786116,3.68335332350097,0.947041460207829,-0.604325632944855,0.134241387078677,-2.98829294395505
5.09069321232244,2.36037248326692,-4.74440199336846,-7.10477447664341,-4.01874074625327,9.2418687328257,6.51154800378765,-0.593226472859156,0.132434774265535,-2.95359895612042
5.06034924406051,2.33592292006092,-7.50775651040191,-9.84367943046512,-6.80065185615234,11.9916022830089,9.26717595900447,-0.576503471458246,0.130601182794384,-2.91242639151419
5.02912205346725,2.31072071600485,-8.08012083486678,-10.3908415508893,-7.40628136556317,12.56430846825,9.84590713080201,-0.544934420086705,0.128905049222454,-2.85565513610004
4.9936332609251,2.28278778860955,-7.31162659734473,-9.59441438595766,-6.67571234898017,11.7964362632026,9.08559079089182,-0.508823595065633,0.127090653300962,-2.7916113836908
4.95689441101848,2.25423316382038,3.17190056247591,0.917667398660722,3.77073220782836,1.31150843314924,-1.39115281405508,-0.47348541539152,0.125346229959232,-2.72771857920726
4.91926164373726,2.22501255097854,2.13192287465671,-0.0930896763317441,2.68570108395667,2.35728942512999,-0.33695966762353,-0.430049343963572,0.123728865349735,-2.65506189493996
4.8838761380717,2.19663691888785,2.6229933821112,0.42635646322414,3.14988890038921,1.85612672354358,-0.831112495637105,-0.404756032412739,0.12213948586018,-2.60139295130251
4.84965603229335,2.16881306406176,3.5770228238083,1.40820975973914,4.08399658338271,0.886203317767221,-1.79463965046257,-0.386429890724731,0.120543868858159,-2.55524295480402
4.82032530346978,2.14352096151832,5.36800345966178,3.22448249813198,5.85785703909239,-0.918272018295046,-3.59507636024259,-0.370593862109775,0.119259717323038,-2.51411482362046
4.79641601270874,2.12083435818495,-0.0972553162715163,-2.21808967446778,0.376307201748252,4.53829887794852,1.86271722344555,-0.355372451022231,0.11819006700195,-2.47620680921171
4.77973873837805,2.10175498100803,-8.8475033809993,-10.9492583619884,-8.37455692425808,13.2716993792969,10.5937156219201,-0.355542740066861,0.117403716657155,-2.45729772108394
4.76939773333935,2.08591854738015,-9.24426348448936,-11.3301820318789,-8.76195058325782,13.6484255080407,10.9649463220836,-0.365235709797263,0.117077191431796,-2.45115425716905
4.76673771745541,2.07383293552601,-9.23852981702199,-11.3123627525792,-8.72925945007821,13.6132700157502,10.9203652338416,-0.391997518733237,0.117272848233515,-2.46583045427973
4.76863219071563,2.06386607355892,-4.0415308019083,-6.10539687546817,-3.50264396181509,8.38921862904144,5.68445251189614,-0.420944363576613,0.117942476527113,-2.48481043713643
4.77823683404725,2.05733943326205,-1.53473210273685,-3.5920715360157,-0.951729834597446,5.84921411901013,3.12831671823489,-0.463754817779205,0.119247450367244,-2.52109425106657
4.79333536984785,2.05338176778012,-6.55574516797089,-8.60912693573828,-5.91850870841457,10.8330177728738,8.09306417079473,-0.516062764942491,0.121173694605357,-2.56944453271886
4.81184729934825,2.05114125798341,-1.27197022800876,-3.32311148601327,-0.589380152080031,5.524686859917,2.76398081854923,-0.559130667463489,0.123459408472544,-2.61027192546324
4.83228205875525,2.05035634054481,0.130241126011228,-1.92011521453975,0.861629147576738,4.09697879390453,1.31505307568978,-0.605062138849511,0.126325882708815,-2.65541847941327
4.85434722643711,2.05097122770165,2.76404586445135,0.713074636741723,3.55314723216178,1.43079226205476,-1.37258373667362,-0.65950909993542,0.129592267771621,-2.7104803276546
4.87495593893712,2.05188484698538,7.06503453037988,5.01314968338512,7.90610393537326,-2.89803067384902,-5.72110176580212,-0.70795208241412,0.133117322568339,-2.7598369294258
4.89371600259182,2.05284601947848,13.1346057604336,11.0817597409769,14.0309270109087,-9.00046213509979,-11.8413321182157,-0.759572377241514,0.13674887321302,-2.81241839672679
4.90581370896657,2.05154655346931,21.1467192169447,19.0951726634662,22.1022182178174,-17.0561504769448,-19.9104176324574,-0.81524496899028,0.14025403190401,-2.86679152246977
4.91105918337449,2.04799632664564,22.5079669976848,20.4599706710445,23.5252053862369,-18.4704300089291,-21.3334928656659,-0.873522194621694,0.143716193906206,-2.9215185212757
4.91120244729884,2.04260660750308,18.1993588623695,16.1567522548601,19.2702142261566,-14.2119498500761,-17.0805456898903,-0.923793435021846,0.147061928762331,-2.96640004253104
4.90445315548236,2.03479278931689,13.296867103916,11.2620743145681,14.4270324971639,-9.37229720404328,-12.241957570192,-0.979883255620747,0.150282137625624,-3.01467604496389
4.89316204180751,2.02554942822795,14.8893478939109,12.863798465669,16.0907408742404,-11.0442858301215,-13.9118984436965,-1.04809997802346,0.153293002295567,-3.07364940625752
4.87631766199142,2.01434183967878,16.2101320211909,14.1957901815046,17.4735370773652,-12.4414449592915,-15.3034207816082,-1.10763060009769,0.155774456066459,-3.12197243979253
4.8555406897317,2.00178120223908,11.8705329493818,9.86875174715448,13.1909200477516,-8.17730563538988,-11.0310651228895,-1.16231337573121,0.158073722617474,-3.16409457796339
4.82765992012045,1.98644387383065,1.64094637161749,-0.345497502222746,3.01862486634689,1.9691213353559,-0.872094710924404,-1.21759221314254,0.160086281593202,-3.2040360869914
4.79640412269625,1.96981362059922,-3.1860519240079,-5.15586554461662,-1.75590553454171,6.71413909917414,3.88754859708163,-1.26831694753013,0.161829441914446,-3.23813056812936
4.76172897186442,1.95164666948451,-5.61978439131228,-7.57143106079018,-4.13843633647849,9.06339018384766,6.25330788147929,-1.31812317931253,0.163224875486652,-3.26976984880133
4.72772776793627,1.93424282138452,-6.58127498416913,-8.51551780554212,-5.05437777284623,9.9466417938178,7.15315684725565,-1.36236095828374,0.164536253039488,-3.29660377965243
4.69201858321239,1.91632438806746,-7.16999872746552,-9.08632311555335,-5.60222931533683,10.4597782014068,7.68408400626275,-1.4022391092897,0.165530302829156,-3.31856349738545
4.65623596974036,1.89875613506141,-7.82626309377604,-9.72501922885145,-6.22382747916463,11.0465264729931,8.28904663832416,-1.43597259053207,0.166463024076278,-3.33472872559846
4.6163777701477,1.87960163338619,-0.154682023317686,-2.03428365669188,1.47638888605866,3.30695755289871,0.570181416145791,-1.46410224054778,0.166968668809779,-3.34370387392526
4.57327012660523,1.85916599692493,3.58502452757184,1.72585853064884,5.2423863900143,-0.501958170000634,-3.21606229968569,-1.49020376902712,0.167158093377093,-3.34936976597162
4.52379068170481,1.83606097285171,8.47578159216665,6.63972061931454,10.147335439667,-5.45676926189406,-8.14449897073653,-1.50477835142499,0.166775496051157,-3.34083932427014
4.47117317838194,1.81191104485683,14.5120656009586,12.7001545561069,16.1884789843786,-11.5510978212017,-14.2103599547164,-1.51020539860649,0.166207984783479,-3.32211644349002
4.4161863662212,1.78699269361859,17.9832654154703,16.196272721846,19.6563357894623,-15.0745832741675,-17.7037769467608,-1.50750422491932,0.165566149075964,-3.29449691855239
4.36044651722993,1.76249370777815,18.2209200107749,16.4584263029815,19.8877221565952,-15.3623128280218,-17.9602656374718,-1.50183933449138,0.164962811332963,-3.26433304228084
4.30310106201802,1.73775377272075,21.8134381710158,20.0756843982864,23.4511090271189,-18.9836277269106,-21.548975016195,-1.47329061791261,0.164380238189175,-3.21104439063789
4.24801630465055,1.7145136860412,18.3629155184936,16.6484018324319,19.962172561813,-15.5500286797836,-18.0835312984009,-1.43512946596974,0.164127577345911,-3.14964315200911
4.19625441128509,1.69269866036003,24.6898174069214,22.9971187465537,26.2425976816295,-21.882231785475,-24.3857875363717,-1.38866878982554,0.16411148486091,-3.08136745022232
4.14831339600935,1.67220210521486,24.0187049459737,22.3465028407659,25.5190094699232,-21.2064896745918,-23.6826009653874,-1.33609812462356,0.16420639931499,-3.00830022983553
4.1057164888047,1.6536066058328,17.7359275801172,16.0823209742693,19.1892380482029,-14.9190153573444,-17.3711252402871,-1.28880426601803,0.164506202068793,-2.94241087187074
4.0675252511214,1.63666650548983,13.1260069851746,11.4893404796683,14.5293439986995,-10.2968388842693,-12.7276976298669,-1.2383571502038,0.164979863319835,-2.87502365570834
4.03489006068141,1.62136541676424,7.63485266527829,6.01348724850675,9.00237585107304,-4.80187311727588,-7.21539776120697,-1.20191051270593,0.165612673098326,-2.82327592947889
4.00690188789351,1.60736736654692,4.07926840476051,2.47190103820684,5.41476860799826,-1.24143240091176,-3.64096692226141,-1.16906588405789,0.166434319190721,-2.77643325060707
3.98315800068062,1.59467144147561,7.55351505384928,5.95884361237134,8.86628082181002,-4.7156947491259,-7.10418130831265,-1.14533769594837,0.167428072026964,-2.74000913742477
3.96318115838563,1.58318809587128,13.656397415278,12.073209319415,14.959307828214,-10.8276976152185,-13.2076906777459,-1.13448135833339,0.168429054592739,-2.71766945421225
3.94543087772348,1.57202523255013,10.4895258664033,8.91750063386082,11.7819106900798,-7.66713345809548,-10.0405391032655,-1.12303846940705,0.169346354252852,-2.6950637019548
3.92994758909961,1.56130832801161,7.45129135612351,5.88998302811544,8.74216306887285,-4.64214811784854,-7.01078737894231,-1.12080435082975,0.170067361916666,-2.68211267885016
3.91721726597565,1.55138473709153,0.872604525486954,-0.678780211595778,2.15998560046475,1.92785043750681,-0.437982091397107,-1.1167623029924,0.170618771969552,-2.66814704008574
3.90713564081043,1.54209293598767,-1.38173796152162,-2.92383089749996,-0.101567669055697,4.17965934821243,1.81461664338947,-1.10921425411224,0.170956038362509,-2.65130719009866
3.89836431170865,1.53299915729918,-7.50798071013986,-9.04097986744082,-6.2309904417405,10.3004460120827,7.9350808576773,-1.1058990097614,0.171091258640906,-2.63889816707675
3.8919293526913,1.52441948016724,-5.43336885488629,-6.95778833506181,-4.15357574004865,8.21647090923873,5.84896103670324,-1.1088272983581,0.170965816488148,-2.63324677853133
3.88779185178434,1.51632822549425,-1.27606084977211,-2.79238907527408,0.000752860884769549,4.05759587796485,1.68613225166515,-1.10625682360754,0.170556887053066,-2.62258504910994
3.88404708400919,1.50814520940818,-1.22474484273981,-2.73289005214078,0.0548205610393638,3.99918151766617,1.62327964306165,-1.10961040908238,0.169954994695322,-2.61775561848219
3.88112537295759,1.50024568591723,-1.37014999502475,-2.87039568095233,-0.0810205762512598,4.13132487763891,1.75044519060793,-1.11995049034502,0.169178928431862,-2.62019617626655
3.87897566937641,1.4926702706089,-3.61906862622299,-5.11173889683907,-2.31973550626619,6.36693980775396,3.98063440897943,-1.13110448786275,0.168228632105022,-2.6237747584704
3.8804151460074,1.48644991399697,-1.24488512466076,-2.73133503868194,0.0740936987275806,3.97367898078067,1.57971374880203,-1.15162128988384,0.167357533531846,-2.63807120388672
3.88327335571894,1.4811054352432,-1.59321303285325,-3.07431846811345,-0.257537728209914,4.30744622925055,1.9052783087894,-1.16904015932218,0.166635145334254,-2.6501455945809
3.88626118483378,1.47613972540586,0.853610556778128,-0.622529168628783,2.19735870852096,1.85495426356353,-0.555167195866535,-1.17769636449133,0.166051787250712,-2.65383608991315
3.89142277017797,1.47224047173636,3.84678721800447,2.37454674627475,5.20867133491643,-1.15153117099991,-3.57071346942749,-1.19616672315429,0.16571739374726,-2.66840719489564
3.89946972474952,1.4697632457965,2.63325896178371,1.16349571597748,4.03048623719617,0.0348014697896143,-2.39490500917423,-1.2314092931909,0.16581798222326,-2.70117253900132
3.90561088301926,1.46664250540874,4.07094955430307,2.6043070488821,5.50299000012823,-1.4313702029615,-3.87033858057134,-1.26603153169364,0.166008914148718,-2.73267403710181
3.90938473873807,1.46282099704715,4.65986676102701,3.19704576396407,6.13319825818011,-2.05762787136332,-4.50419161303907,-1.30714584907313,0.166185648083022,-2.76996684614189
3.9130843551042,1.45930944192445,5.14411471040867,3.68480526849454,6.65856944766001,-2.57902354583894,-5.03279845902322,-1.34799319052848,0.166461546713915,-2.80730263246232
3.91256576550598,1.45452111936831,7.37596181366842,5.92144069430937,8.94187471483254,-4.86266766035087,-7.32071230649861,-1.39927161218944,0.166641288953974,-2.85379273156419
3.90786403619962,1.44822047822326,11.4663820612408,10.0181615830089,13.0790645715584,-9.00434319501488,-11.4639867529797,-1.44582516996968,0.166857340351151,-2.8940456482094
3.89584083204946,1.43908374801647,16.9587140718495,15.5196303238501,18.6068680514957,-14.5440480118111,-17.0008050958427,-1.48117477199138,0.166979207641099,-2.92025851999546
3.87611447882986,1.42701544744968,16.014408295937,14.587392848485,17.6867594983229,-13.6437732997831,-16.0928723311658,-1.50547948267745,0.166871719713304,-2.93249493014462
3.8489242713044,1.41184061442559,17.9407768383363,16.5289362238989,19.6200601175225,-15.6046056615517,-18.0416893184261,-1.51275309452152,0.166530184658648,-2.92459370896756
3.81528757680461,1.39426059447649,12.798100943717,11.4038403492222,14.4764655663893,-10.4952898649259,-12.9163168472435,-1.51247649802162,0.165888124640078,-2.9067370925086
3.77560011885582,1.37466335275271,14.7042925669961,13.3296292142367,16.3856749401226,-12.4450731160936,-14.8460098821838,-1.5163806679441,0.165001705172472,-2.8910440207116
3.73086605956045,1.35350966524148,13.4226692291782,12.0691595639384,15.1024774178434,-11.2078295053795,-13.5851858996905,-1.51602633574928,0.16378185292095,-2.86953600100174
3.68528912699464,1.33237597587961,8.53983009008164,7.20745411419007,10.2071514701266,-6.35956605960184,-8.7124792106887,-1.50502509649979,0.162296283542924,-2.83740107240146
3.63581299989876,1.31004136948927,5.94557077784645,4.63552940834081,7.60211206986582,-3.80593910061316,-6.13171073101009,-1.49618132266864,0.160359969347909,-2.80622269216186
3.58491481742319,1.28735884522478,3.47094860504064,2.18358975981492,5.11217845112594,-1.36934119077244,-3.66689716296692,-1.48330740314891,0.157922442928925,-2.77066624837233
3.53350767144794,1.26474454264592,6.87126936257226,5.60652481991958,8.50569685471929,-4.81721662539904,-7.08597975418802,-1.47945493426825,0.154972557874036,-2.74419947692073
3.48151491081706,1.24210915671783,6.8412909237677,5.59918176703874,8.45990930604355,-4.82682416069569,-7.0662299147893,-1.46704814775007,0.151570234526233,-2.7091573044817
3.43118241992829,1.22052197131546,4.0954740879563,2.87495211662574,5.7115947993484,-2.13248417178239,-4.34314462039425,-1.46819250376676,0.147928207626917,-2.68871447508584
3.38397319743227,1.20064139950738,-4.00218249361263,-5.20282389314531,-2.38132842355729,5.90931884029012,3.72598704237813,-1.4768368507635,0.144017219293996,-2.67747825028174
3.34060934912938,1.18272539602359,6.48792574466075,5.30520034863548,8.10380733245712,-4.62331227112149,-6.78119622421903,-1.47599587558051,0.139885712209415,-2.65872127161451
3.301449037424,1.16676295595379,4.74989365108684,3.58313069512692,6.36034296903908,-2.92334024226171,-5.05802632371223,-1.47489562858778,0.135553689343643,-2.64165858455107
3.26454664327284,1.15167074379094,8.1423812728978,6.99071052911356,9.74512774439481,-6.34952454133658,-8.46240044080298,-1.47168991169408,0.131056559789361,-2.62336065547597
3.23386212074957,1.13915890407186,7.23812576395661,6.09896685987824,8.82800641616234,-5.46751206347482,-7.56221528013906,-1.46324842026212,0.126632231931619,-2.60240732433874
3.20642501228119,1.12787102667055,4.31249128300353,3.18462025633017,5.89568035989236,-2.5669912652354,-4.64554525084546,-1.46092499451657,0.122264082375208,-2.58879602118961
3.18337197911693,1.11849659047677,2.46091495913547,1.34241836866911,4.03370366504043,-0.732226045500732,-2.79710143413976,-1.45468306547167,0.118105640429782,-2.57317965594279
3.16579977853588,1.11131253641595,1.47091739021506,0.359604853777164,3.03641008958673,0.243631151458882,-1.81085609064159,-1.45125123686589,0.11424146251381,-2.56256377327811
3.15193045516729,1.10561815215016,-2.92660888734448,-4.03222703950621,-1.37702060645705,4.63951321975287,2.59320091675039,-1.43902612275879,0.110562158129323,-2.54464427492807
3.13839594045775,1.09956872722259,-0.355526070790211,-1.45509479801628,1.18241909116532,2.06296821118765,0.0241409979543542,-1.43095380006082,0.106991361899969,-2.53052252727453
3.12616824392642,1.09361751438585,2.44297126026062,1.34935374586455,3.98058146163342,-0.750721631437473,-2.78327236093721,-1.43391861506928,0.103691586287963,-2.52753612947758
3.11502747231709,1.08767890090537,7.01358794174868,5.92590904083393,8.54950466969813,-5.33393991133809,-7.3612884827323,-1.43537944190229,0.100537286053251,-2.52305834279626
3.10396992929454,1.08139829661795,3.25580395660947,2.17440565998855,4.78563113374847,-1.58415991991765,-3.60673155259208,-1.43232589260136,0.097501284530408,-2.51372418921727
3.09490122536489,1.0757130290082,11.7782279008672,10.7025148718345,13.3101538704931,-10.1207238300145,-12.139912026341,-1.437397154504,0.0945288151205292,-2.51311018352602
3.08595337196949,1.06998957191803,9.40776828464313,8.33777871272551,10.9404178489687,-7.76275297985319,-9.77871677991688,-1.44093806719144,0.091711497131488,-2.51092763911332
3.07608447019264,1.0637197939279,13.6839497499367,12.6202299559906,15.222736801877,-12.0577043025999,-14.0700689788615,-1.44983902286671,0.0889480290762479,-2.51355881680009
3.06561103356646,1.05719290702333,19.3516287421853,18.2944358351467,20.8920468529207,-17.7401678455468,-19.7485859720661,-1.45415013691567,0.0862679738117847,-2.51134304394647
3.05454677357126,1.0502919136819,21.6672272056511,20.6169352919637,23.2078799528959,-20.0697202117389,-22.0739750716151,-1.45703977964711,0.0836129676024778,-2.50733169334225
3.04194888050611,1.04254902782239,25.9227947219681,24.8802456941566,27.4693197553318,-24.3462241809963,-26.345624033689,-1.46537833952965,0.0811466938141504,-2.50792736735781
3.03072903833132,1.03502334882772,29.1124706556559,28.0774473068238,30.6674626425653,-27.5577331305052,-29.553438820007,-1.47599151317755,0.0790004737456162,-2.51101486201862
3.02055860316947,1.02780332369775,32.4227603203441,31.3949569966488,33.9959429461786,-30.8982342246838,-32.8909895041561,-1.49603250750478,0.0771501183231968,-2.52383583120321
3.01352530814874,1.0217419872513,41.9228253710229,40.901083383765,43.5154003977298,-40.4261594173343,-42.4179427382352,-1.5168593544651,0.0757156722417302,-2.53860134170802
3.00869709305715,1.01639047428962,40.1029105381868,39.0865200639169,41.7176853383722,-38.6343172467783,-40.6266238655576,-1.54010380163757,0.0746709985411441,-2.55649427591983
3.00420610945169,1.01106172050481,35.002752996639,33.9916912761439,36.6380568782829,-33.5599459976565,-35.5530903866143,-1.56139911046721,0.0739047711750626,-2.5724608309719
2.99967240100316,1.00567030011558,42.2568507028583,41.2511804027195,43.908189298462,-40.8352001004479,-42.8292022013158,-1.57802179859636,0.0733167970149377,-2.58369209872698
2.994466605856,0.999921841981329,33.433052718042,32.4331308760593,35.0919938147787,-32.0245525257194,-34.0190972895825,-1.58596641352817,0.0729746831998689,-2.58588825551607
2.98857242999412,0.99376027018965,30.7119538341002,29.7181935639112,32.3833497732405,-29.3218581036439,-31.3166702634383,-1.59847669952051,0.0729192396129443,-2.59223696971231
2.97998542411378,0.986606607753041,29.0553831721559,28.0687765644218,30.7410845451656,-27.6880266652004,-29.6814054815451,-1.61262891711811,0.0730724558741057,-2.59923552487053
2.97160379919409,0.979603299054709,22.6660739404246,21.6864706413753,24.3627237246016,-21.3176100792769,-23.3096105794037,-1.62313993802779,0.0735098461247619,-2.60274323708024
2.96187248280809,0.972285888421162,17.3065557630834,16.3342698746634,19.0095625743967,-15.9735528544839,-17.9631394488681,-1.62886957420323,0.0741372371038813,-2.60115546262502
2.95455602547597,0.965996983563356,15.2260629074255,14.2600659238819,16.9355137642573,-13.9059402905145,-15.8944993324246,-1.6344334085382,0.0750174482696508,-2.60043039210267
2.94840132270055,0.960205857181312,10.549050623933,9.58884476673671,12.2583435165141,-9.23378580486928,-11.2219812703879,-1.63313650365339,0.0761563889377961,-2.59334236082953
2.94209600413314,0.954376058318119,8.8992146368811,7.94483857855868,10.6151919803972,-7.59556871560178,-9.58328866142172,-1.63845008286703,0.0775272606474242,-2.59282614118207
2.93449452355689,0.948223542280864,3.23628623902244,2.28806269673162,4.95415471732142,-1.9405440068694,-3.92681498812653,-1.63875229139391,0.0791161868891401,-2.58697583369252
2.92508441642781,0.941489363101875,-2.80025164484145,-3.74174100793676,-1.06681572690161,4.07278816217708,2.08919310885408,-1.65254789907601,0.080888018835326,-2.59403726220153
2.91304312320381,0.933863119431296,-4.11847698903825,-5.05234010848312,-2.36273393838235,5.35853309039246,3.37935308663766,-1.67298702183921,0.0827560288065898,-2.60685014128468
2.8989729642573,0.925577860522881,-7.2978151343533,-8.22339299488942,-5.51956150496869,8.50312229822021,6.52972719451685,-1.69366580036954,0.084587829012154,-2.61924366090009
2.88235798873825,0.916399980260763,-10.2375980674274,-11.1539980476886,-8.44342925798499,11.4120077163518,9.44604970787824,-1.70794833980591,0.0862204696223062,-2.62434832007779
2.86109500036071,0.905575169898403,-7.65684062829178,-8.56241579819697,-5.85651969301638,8.80538461502105,6.8498647845786,-1.71255101361723,0.0877699216573085,-2.61812618352198
2.8347785129792,0.892781336148305,-3.7235754824219,-4.61635681857304,-1.92127994984204,4.8453657911912,2.90336861437405,-1.71298820419577,0.0893073283692852,-2.60576954035431
2.80376367322536,0.878283502503259,-8.09672814697947,-8.97501164948827,-6.2992012269842,9.19363326095389,7.26815309024536,-1.70685855924308,0.0906683607598829,-2.58514206173972
2.76950233630688,0.862710387723844,-8.13712139967992,-8.99983178740433,-6.34983385417455,9.21111392277052,7.30432197420412,-1.69550981319733,0.0917777322997851,-2.55822020092485
2.73321369540605,0.846541480181161,-6.92827964910244,-7.77482112930837,-5.15126575059751,7.9771313046124,6.09045908940496,-1.68436203990003,0.0926518586106835,-2.53090352009334
2.69517876539448,0.829928257076325,-12.6013347263891,-13.4312629834744,-10.8327040843968,13.621058463869,11.7558079555645,-1.6754550279081,0.0931756140802131,-2.50538328499058
2.65587862731981,0.812969215855046,-11.1195565249257,-11.9325257407932,-9.36752748959521,12.1168147725787,10.2739053611352,-1.6586203796559,0.0934086556816102,-2.47158959553377
2.61707365740203,0.796239020746379,-12.9644510074961,-13.7606900282488,-11.2249602623541,13.935516897306,12.1146822606753,-1.64600776757358,0.0934829775566317,-2.44224678834156
2.57824747038116,0.779638692995477,-2.70762509274576,-3.48726378576284,-0.968874571278358,3.64048122962143,1.84187245226007,-1.64539133350185,0.093359187971692,-2.42503002652875
2.53876557772069,0.763107527916268,-3.78727410813437,-4.55038163605158,-2.04084295849836,4.67279794449561,2.89713989470291,-1.65324174135132,0.0931894082732275,-2.41634926928137
2.50089852687648,0.747436676548198,-6.38653865581482,-7.13397533237998,-4.6485845493474,7.24250688797207,5.48904503764066,-1.64493029473936,0.0930238117291244,-2.39236697129655
2.46444138619086,0.73254704159079,-7.17962565606295,-7.9121726976607,-5.44003358403985,7.99729936877247,6.26540502419631,-1.64676767346931,0.0928243985545547,-2.37931471507982
2.43121709727544,0.719306199950781,-6.61934309679675,-7.33864929676003,-4.87305503568284,7.39688470922273,5.68497381192833,-1.65367548483577,0.092612576255006,-2.37298168480284
2.40163803983577,0.70766217276034,-6.05093568387515,-6.75859785663322,-4.30228873293447,6.79641577955193,5.10243991249686,-1.65615794414451,0.0924890067898877,-2.36382011691175
2.37611953859589,0.697585976905252,-2.84059038949158,-3.53817636641052,-1.09312621658519,3.56172129694155,1.88318773525685,-1.65498863114757,0.0924755417586502,-2.35257460806515
2.35511098745885,0.689220600215713,-3.11314073235495,-3.80236133257406,-1.3690954551365,3.81683570771388,2.15094532047246,-1.65141601210679,0.0926292651195796,-2.34063661231979
2.33742540667967,0.682231341959751,2.63830638239866,1.95607504041934,4.38040994330553,-1.95007634362665,-3.6052704083409,-1.64919536792371,0.0929081929914687,-2.33142670989489
2.32321923793962,0.676770685393584,3.5425664217024,2.86579573630745,5.29360671132528,-2.87712306411692,-4.52357161664806,-1.65777588034521,0.0932644092600835,-2.33454656574433
2.31165415317542,0.672452961301487,0.369213978196535,-0.303238983106083,2.14248621783901,0.262922204927853,-1.37627898692576,-1.67951797003124,0.0937542695938691,-2.35197093133951
2.30130865414418,0.668976741628875,-4.31213551107975,-4.98111225271145,-2.51682053423469,4.91239418602092,3.28006227351473,-1.70104997920346,0.0942649976303416,-2.3700267208398
2.29191393608343,0.665937948633941,-14.2786452053902,-14.9445831540474,-12.4633203066666,14.8500953128255,13.2241193253997,-1.72046382865064,0.0948610700652423,-2.3864017773159
2.28409591789536,0.663583668133477,-12.3119111511154,-12.97549481926,-10.4832916547874,12.8629549831922,11.2424427334531,-1.73305208581355,0.0955674105127676,-2.39663575394704
2.27736820244892,0.66143565873848,-14.3497082139288,-15.011143872682,-12.5129535961611,14.8867434028627,13.2708108591644,-1.74033301351577,0.096421604252224,-2.40176867227051
2.27186831745724,0.659533887675287,-12.2982201132149,-12.9577540009069,-10.4531138215768,12.8224544039994,11.2101199742556,-1.7476340266571,0.0974722649833998,-2.40716791434704
2.26755825191034,0.657798814629834,-12.9083138294735,-13.5661126441078,-11.0544220074243,13.4207026692611,11.8109432319807,-1.75516941212683,0.0987224099187265,-2.41296822676097
2.26385782697067,0.656057408140598,-9.44402817149481,-10.1000855796322,-7.58860045425961,9.95252364699263,8.34472322815574,-1.75536235147964,0.10006536575194,-2.41141975960722
2.25962529706961,0.653941434745173,-4.60852844031542,-5.26246987506897,-2.74574246346648,5.10684158356122,3.50115772125191,-1.76131215382087,0.10147382302569,-2.41525358857634
2.2558707275656,0.65180899056835,2.57533721110545,1.92352822053292,4.44733334059643,-2.08852704934928,-3.69258878632916,-1.7690605657968,0.10293556370447,-2.42086955637149
2.25194810131118,0.649443097013448,8.75817109265367,8.10872799562269,10.6394728943479,-8.28309323487213,-9.88559823915498,-1.77687024353156,0.104431558167505,-2.42631334054806
2.24843069200338,0.647064709039885,16.2019397737042,15.5548750646664,18.1017684878924,-15.7473655975131,-17.3487315804632,-1.79385651580023,0.105972198387282,-2.4409212248646
2.24447832413631,0.644328875260372,24.3792736249703,23.7349447497002,26.28785661686,-23.9358198201964,-25.5359692690623,-1.80102451936558,0.107558472519906,-2.44535339463582
2.23878547102955,0.640982933252402,31.3457846296435,30.7048016963802,33.2675393940383,-30.9196348702282,-32.5174374079975,-1.81263571161741,0.109119052782691,-2.45361864488242
2.23222516528924,0.637310550901568,33.329182380209,32.6918718293143,35.2718560920053,-32.9289726696418,-34.5238872840243,-1.83201545471245,0.110658257086732,-2.46932600560599
2.22502442783757,0.633283952104002,29.5906097914153,28.9573258393084,31.5593991141053,-29.2221264360987,-30.8138669118297,-1.8565410725211,0.112248250163265,-2.48982502463608
2.21694400905115,0.628895757621674,29.8618538572618,29.2329580996279,31.8592459245547,-29.5284217065972,-31.1164699580271,-1.88351185839945,0.113880208896691,-2.51240761602384
2.2074042333786,0.623813666798359,25.081696998824,24.4578833320225,27.1069549760981,-24.7840034741818,-26.3675940407622,-1.90971070874456,0.115547268535406,-2.53352437553831
2.19631225394539,0.618173310543122,17.7133484315421,17.0951751209891,19.7633386795817,-17.4498598160367,-19.0279987594302,-1.93282363843923,0.117166609600285,-2.55099694899476
2.1829810001185,0.611750223688361,13.9406762377036,13.3289260140081,16.0123062896609,-13.7105972088522,-15.2818279852866,-1.95290197127629,0.118728080696023,-2.56465219495867
2.16703691877075,0.604582391943569,14.1246681309045,13.5200857389648,16.2172960648879,-13.9301438730364,-15.4925983998654,-1.97251266090398,0.120115273081767,-2.57709505284283
2.14800885815284,0.596542790646152,13.2860419007826,12.6894991101313,15.3920812799289,-13.1228401229935,-14.6743061905071,-1.98480708037779,0.121232298773915,-2.58134987103039
2.12661479325989,0.587942087626405,19.4916587531453,18.9037166655066,21.6108619198248,-19.3621341554456,-20.9008068610684,-1.99709019556269,0.122112971112251,-2.58503228320267
2.10271860244779,0.578581159829413,27.0838758834132,26.5052947235749,29.2136647121418,-26.9881947444982,-28.5123321871154,-2.00703746353958,0.122751365199213,-2.58561862338121
2.07659839567764,0.568499446822108,28.3693702973016,27.80087085048,30.5019850133053,-28.3021781546179,-29.8102771034736,-2.00940625299818,0.123208462996546,-2.57790569980802
2.04978375699176,0.558238458115539,29.8748926470596,29.316654188921,32.0033791395541,-29.8300777796895,-31.3216230785603,-2.00496888963705,0.123517602865052,-2.56320734775966
2.02300354738541,0.547886925878907,28.1970811315339,27.6491942056567,30.3211286838987,-28.1743739978654,-29.6494906193704,-2.00029641370818,0.123751138654412,-2.54818333960134
1.99661722974227,0.537508034534694,20.182641330567,19.6451332960429,22.2973095518148,-20.1767252708265,-21.6358344660442,-1.99070116999764,0.123967051239158,-2.52820920454794
1.97084496065746,0.527266473027871,21.5927540929228,21.0654876198889,23.6998691369469,-21.6048760202125,-23.0484545078378,-1.98296688795063,0.124148156075871,-2.51023336098076
1.94460121794098,0.516895134526009,10.8145989544275,10.2977038199109,12.917963361855,-10.849163403196,-12.2768694866207,-1.97916566671087,0.12419874071206,-2.49606080123326
1.91654546772636,0.506035262201094,9.51802268316399,9.0119874209607,11.6139603337686,-9.57339238775039,-10.9839025932474,-1.97191517229058,0.124022478311512,-2.47795043449824
1.88723753763325,0.494909853381227,2.48501668549238,1.990106832116,4.57254058223641,-2.56165484985698,-3.95398253411918,-1.9638757019992,0.12364819473923,-2.45878555537387
1.85756225535416,0.483741239016465,-4.6510295759872,-5.13477081502504,-2.57976881462168,4.5604777907222,3.18665677440725,-1.94811404061678,0.123146720758861,-2.43185527964411
1.82889703589431,0.472911374052431,2.08126570913575,1.60835433510448,4.13420327273365,-2.18275155399793,-3.53873721583596,-1.93038288072368,0.122554682844861,-2.40329425477272
1.80161444266192,0.462579186763198,-1.77159786288716,-2.23417704965664,0.265082610962483,1.65851022568854,0.319474969806029,-1.91470207984942,0.12197839399468,-2.37728126662167
1.77461794052143,0.452503809243336,-8.22872340434436,-8.68122721358903,-6.21323945088877,8.1091993178348,6.78708518656146,-1.89414202702273,0.121341926420304,-2.34664583626901
1.74911985350402,0.442948838296293,-6.93133210181372,-7.37428094011482,-4.94013742701376,6.80997490244614,5.50380388726656,-1.87047705284823,0.120717621946244,-2.31342589115793
1.72613302750406,0.434365245109954,-0.881865428864279,-1.31623067395981,1.08974298800453,0.756479195344006,-0.535288587054775,-1.85151926101144,0.120089155846398,-2.28588450612479
1.70451714138639,0.426320551055148,0.0439254999304674,-0.382395051137974,1.98986711327812,-0.165937877750247,-1.44413446807,-1.82652951921017,0.119412094137921,-2.25285007027399
1.68462933799427,0.418929160326408,5.10809755775638,4.6891683974186,7.03235244396413,-5.22891366657682,-6.49461384422184,-1.80544544680027,0.118809439402028,-2.22437460715787
1.66607513047476,0.412022712192452,10.8104958671296,10.3984731549293,12.7182814658201,-10.9339327172363,-12.1879851355083,-1.78951198057652,0.118273618110081,-2.20153469277638
1.64926630286165,0.405714851872863,13.2074198057455,12.8017049538683,15.0990150622187,-13.3319940661715,-14.5755455171368,-1.77384056326905,0.117754693187645,-2.1795554151668
1.63400948094385,0.399926291512592,11.6416504107953,11.2417241192709,13.5188139787766,-11.7675384336006,-13.0016216230061,-1.75989750373667,0.117266064235738,-2.15982379527008
1.61936596151173,0.39437195982565,12.4877818870558,12.0934099272348,14.3483309518904,-12.612189074002,-13.837183075671,-1.74377314843585,0.116775916397401,-2.13814510826195
1.60626044742577,0.389296927736426,6.48046188365416,6.09116495590654,8.3282942231111,-6.60569131893488,-7.82265483860317,-1.73148988269336,0.116342456761541,-2.12078681044585
1.59438732008118,0.384620294815239,2.59161712490773,2.20699683009368,4.43168104694934,-2.72135054208239,-3.93111756734122,-1.72412073724397,0.115943184795989,-2.10874103207731
1.5837521750174,0.380408317074216,-3.7668337086098,-4.14724202569414,-1.92782433507683,3.62715887434155,2.42381501641076,-1.72342700928519,0.115582364255576,-2.10383532637508
1.5737539612117,0.376522375439973,2.50609509130321,2.12957271584858,4.34472366142746,-2.65574561307115,-3.8529771988215,-1.7234044829757,0.115224087151685,-2.09992685843217
1.56406101664353,0.372903574861322,-8.5474196254693,-8.92032320032236,-6.70861454715498,8.38751127094345,7.19635382918048,-1.72396937114386,0.114835707162823,-2.09687294601983
1.55511548470677,0.369577469626411,-9.25172639569988,-9.62130386531781,-7.41754536197925,9.0871218203228,7.90158380525263,-1.71972006006722,0.1144609736391,-2.08929752970641
1.54582595780892,0.366259427041547,-12.1017169476413,-12.4679763746849,-10.2705928094769,11.9304655331582,10.7508990024188,-1.71707737227199,0.114046765874722,-2.0833367993322
1.5367390869608,0.36311916137373,-7.50364713211326,-7.866766293494,-5.66818609589211,7.31855901493442,6.14493908936757,-1.72182720412878,0.113633832079698,-2.08494636551654
1.52598489049109,0.359437302003395,-6.79805062928819,-7.15748793129243,-4.96635540416672,6.60554756934741,5.43899998085893,-1.7184879504313,0.113207274686264,-2.07792525243854
1.51465077218496,0.355570282836864,-3.70297342891179,-4.058543711746,-1.87290372707464,3.50038578289393,2.34130529356286,-1.71723841818998,0.112831283640784,-2.07280870103544
1.50419011557216,0.351846725596215,-2.6878547287004,-3.03970145429667,-0.85348803169466,2.47027746196603,1.31793407199631,-1.72176738230324,0.112599314696215,-2.07361410790964
1.49426578594493,0.348151521868569,-0.601451851855656,-0.949603373723773,1.23747280781158,0.369296581038401,-0.776817683034791,-1.72642105676445,0.112503602890629,-2.07457257863415
1.48420711551215,0.344394510873006,0.470202426753297,0.125807915869713,2.30684987708032,-0.710224649972763,-1.85003725458633,-1.72422933871894,0.112418111596656,-2.06862384960711
1.47338819347025,0.34041256847881,-4.01389531790622,-4.35430788639459,-2.1773123811696,3.76296634228938,2.6299907173131,-1.7243171690863,0.112265767638895,-2.0647297375831
1.46257703177417,0.336418066368836,-3.11070542966909,-3.44712349604217,-1.26879275471209,2.84348408358155,1.71732511818063,-1.7297983778612,0.112114297081712,-2.06621644424367
1.45283464282168,0.332653340455905,-3.74761783187228,-4.08027117233675,-1.90176540329479,3.46663713736203,2.3464558350022,-1.73381533733744,0.112037091242626,-2.06646867780933
1.44249240895489,0.328761074402387,2.19489830173914,1.86613722733596,4.05092735539948,-2.4965035597019,-3.61023489422968,-1.74409766689642,0.1119313867544,-2.07285874131596
1.43113826140372,0.324552925599085,12.1091890123752,11.7846360867616,13.9699031782619,-12.426980511582,-13.5335658473706,-1.74892976060859,0.111784405280522,-2.07348268621839
1.41880288643743,0.320112623228167,11.6687918569905,11.3486792337613,13.529492077648,-11.9991258433959,-13.0978161065756,-1.74913687281874,0.111563347847621,-2.06924949604493
1.40638995350884,0.315641894689929,13.1152589779512,12.7996170832693,14.9842111423048,-13.4664996886384,-14.5572477474491,-1.75763066418402,0.111321500162275,-2.07327255887089
1.39277025459351,0.310917496357196,14.9839664382287,14.6730489418687,16.8598404106982,-15.3561142629493,-16.4379670211758,-1.76491807931102,0.110955893161613,-2.07583557566324
1.3778320904518,0.305950725411741,8.18640039078674,7.88044966536846,10.0684891917057,-8.58018141775986,-9.6520627827873,-1.77161311742022,0.110475683494132,-2.07756384283547
1.36325620166755,0.301199770468288,13.8653141039942,13.5641143335196,15.7553635791797,-14.2821363484744,-15.3441927796351,-1.78007844611887,0.109971029063179,-2.08127821660379
1.3487352144251,0.296575140945642,13.7427407901257,13.4461656491665,15.6335154674147,-14.17535778622,-15.2275178596737,-1.78135221050714,0.109422466785541,-2.07792735146178
1.33437359973334,0.292117910756502,16.7481042396257,16.4559863288589,18.642394086351,-17.1991686916013,-18.2414243805587,-1.7854380517005,0.10885179503426,-2.07755596247439
1.31832868549104,0.287315523114772,16.8999062965283,16.6125907734079,18.7930887405588,-17.3665886415428,-18.3976018039048,-1.78501103050314,0.108171413527189,-2.07232655362164
1.30171603758831,0.282465076069479,21.8065459267015,21.5240808506402,23.6998377090154,-22.2906805424554,-23.3099315039659,-1.78585065332886,0.107441128975331,-2.06831572939387
1.28376588754743,0.277448055399555,24.8358668655825,24.5584188101847,26.7292521185947,-25.3389154561685,-26.3452332883121,-1.78681447812662,0.106570774881193,-2.0642625335251
1.26447495513399,0.272210914798197,22.5141429678067,22.2419320530049,24.411312665503,-23.0412209994487,-24.0334850397676,-1.79155298677116,0.105616710921516,-2.06376390158225
1.24479659973663,0.267010387273069,20.8326059182652,20.5655955309945,22.7226709182215,-21.3732315891572,-22.3510178016177,-1.78542227062068,0.104642729323294,-2.05243265789963
1.22477959737678,0.261734442345516,15.5263408330695,15.2646063907187,17.4084329461838,-16.0799862567511,-17.04303141177,-1.77842502105232,0.103667092053693,-2.04015946341045
1.20450643640404,0.256411527459074,15.2963194261405,15.0399078986852,17.1669748225349,-15.8597860532271,-16.8078809621662,-1.76797306348435,0.102682332908875,-2.02438459095461
1.1845680171012,0.251202897167338,15.7686050487393,15.5174021515624,17.6240028490487,-16.3377768877538,-17.2711420076577,-1.75373985609824,0.101657944211731,-2.00494275328434
1.16488739732333,0.246130317990352,13.326741984086,13.0806116661064,15.1571930044338,-13.8917407099572,-14.8104977892869,-1.72988612318111,0.100564897168438,-1.97601644117186
1.14678084749938,0.241463681711002,12.6683848098498,12.4269211281376,14.4801963615594,-13.2338896485563,-14.1392068143468,-1.71228568620921,0.0995258655009562,-1.95374936791928
1.12998988298542,0.237250148620551,10.834138142517,10.596887993899,12.6223577081087,-11.3938533518098,-12.2865930861576,-1.68970509226504,0.0985144733226056,-1.92695524088135
1.11431051242103,0.233419259491515,3.58271526280552,3.34929600330936,5.35093663848368,-4.13907744009015,-5.01996869300784,-1.67067268970645,0.0975486859766336,-1.90409194919678
1.09994561379129,0.229906269417491,6.47441547218008,6.24450920277203,8.2199784360674,-7.02332192650107,-7.89336127088013,-1.6488520681073,0.0967108957836924,-1.87875833751523
1.08688487710913,0.226636867306808,7.60796092566197,7.38132405835612,9.33233713658311,-8.14941024001479,-9.00965824980161,-1.62833419144577,0.0960420194593669,-1.85497105876083
1.07499503206635,0.223600710571569,4.56887226388224,4.34527155330484,6.27062091778057,-5.10012723142607,-5.95152155291067,-1.60624999961018,0.0954986542918216,-1.82985071017315
1.06488573867773,0.220923052137705,-3.62774487781185,-3.84866792995061,-1.95030669305669,3.11029451964373,2.26633183310619,-1.5823360968471,0.0951020879075551,-1.80325914897609
1.05744825532267,0.218821348739196,-12.508222665697,-12.72704401443,-10.8530048976315,12.0053426372366,11.1667157306607,-1.56032828376839,0.0948894843006592,-1.77914963250182
1.05193295709986,0.217084789640959,-9.96481641054342,-10.1819012001794,-8.32764272321245,9.47440491195493,8.63955674450372,-1.54234445567704,0.0948292316431184,-1.75942924531562
1.04747901078942,0.21550251695303,-10.9659766959202,-11.1814792128658,-9.34162764475102,10.4839525296866,9.65197603584609,-1.52950317701707,0.0948458741522762,-1.74500569395822
1.04358804075951,0.213983204324827,-9.61822268115429,-9.83220588548489,-8.00876135764457,9.14725600111419,8.31765116468958,-1.51455472079916,0.094906602705131,-1.72853792512217
1.03951833952142,0.212364526479564,-9.15114270766656,-9.36350723413345,-7.55128430535762,8.68575387624268,7.85860006321112,-1.50490717092658,0.0949512313847408,-1.71727169739703
1.03561255264216,0.210793286793665,-5.40609029982786,-5.6168835866218,-3.81331642233768,4.94388806127691,4.11906879544414,-1.49781479118072,0.094959086297642,-1.70860807798066
1.03166886804982,0.209167369341331,-2.62670458290469,-2.83587195223454,-1.03975598857375,2.16640462976823,1.34390313105917,-1.49196882118011,0.0949797731583469,-1.70113619051935
1.02815260058197,0.20767334831989,-1.33260428509426,-1.54027763340765,0.249819559976459,0.873346344549508,0.0528670922972183,-1.48741054111,0.095013303951072,-1.69508388943326
1.0250089330634,0.206243324814866,1.59143748726203,1.38519416244508,3.16228545965325,-2.04220016860354,-2.8609657768523,-1.47577161441069,0.0950763580049691,-1.68201493921774
1.02110011326475,0.204601587640326,-3.66972274593222,-3.87432433358549,-2.10354367366687,3.21975028195325,2.40325175634758,-1.47107257723783,0.0951064950280254,-1.67567416488585
1.01648216473076,0.202783966391728,-3.87907634779134,-4.08186031417916,-2.31507367990093,3.42664266561565,2.61294446728366,-1.46891584689633,0.0950868209975906,-1.67169981328291
1.01122399255546,0.200776988935482,-6.08098035413533,-6.28175734307809,-4.52285329276556,5.62916743443384,4.8187204308267,-1.46303691225359,0.0950901491267799,-1.66381390119312
1.00620546921693,0.1987409048082,-2.75867508021722,-2.95741598503041,-1.20095282835041,2.3023443053194,1.49487974092927,-1.46253624410543,0.0951860077589555,-1.66127714891787
1.00111996148106,0.196686458028129,-1.71019230088702,-1.90687875891627,-0.151730096129206,1.24818391169538,0.443750408254358,-1.46312835066334,0.0953338540924407,-1.65981480869599
0.996162929067586,0.194656677143169,-1.8122580174535,-2.006914694609,-0.251715109627459,1.34343853919209,0.541932287282195,-1.46498240732515,0.0955605005179745,-1.65963908446549
0.9915631288849,0.19267786173168,-3.63848184533164,-3.83115970706801,-2.07189567830365,3.15934497537533,2.36045970823529,-1.47069999883216,0.0958861681896074,-1.66337786056599
0.986350311029728,0.190545313420956,-0.414374891765401,-0.60492020518763,1.16733779309569,-0.0847018278368855,-0.880506825437511,-1.48542703062466,0.0962856542360353,-1.67597234405105
0.980495888327562,0.188273980697677,8.86186467331768,8.67359069262606,10.4508596445308,-9.37362584436546,-10.1658477519783,-1.49225705935209,0.0967379118516915,-1.68053104004038
0.973667388149257,0.185767599284663,17.4575517357502,17.2717841364605,19.0526235573826,-17.9817474842256,-18.7696472730864,-1.49786313663047,0.0972086850094878,-1.68363073591842
0.966602849002033,0.183162550780419,22.9026758219772,22.7195132711873,24.4996852170191,-23.4353417792072,-24.2187820774123,-1.49926880622406,0.0977405888182645,-1.6824313570176
0.959299873963426,0.180524979016144,21.053950104543,20.8734251255238,22.6489705085135,-21.591402151025,-22.3701770459583,-1.49675192043696,0.0982684835271622,-1.6772768994625
0.95185654845353,0.177829795582193,16.6931085043611,16.5152787087685,18.2881378153225,-17.2373981474423,-18.0114249002923,-1.49614619152495,0.0988831194305468,-1.67397598711415
0.944571303543105,0.175169798404348,17.1151680412822,16.9399982428865,18.7132406706842,-17.6690930501068,-18.4384945552535,-1.49849631236805,0.0995763170372118,-1.67366611077274
0.937260922173489,0.17248452366289,19.2949099380861,19.1224254144387,20.8944617453619,-19.8568967756665,-20.6216731741722,-1.49924775973012,0.100304047522496,-1.67173228339918
0.929738648776128,0.169745233518128,18.1693154099896,17.9995701764664,19.7784379348489,-18.7476607814415,-19.5076541966997,-1.50808402023763,0.101038504625362,-1.67782925375745
0.921287086454697,0.166813545055738,23.0956991969787,22.9288856519318,24.7133393514801,-23.690331530466,-24.4448050718547,-1.51591941992535,0.101720734576553,-1.68273296497221
0.912197136831994,0.163785703849967,19.6484458411612,19.4846601373093,21.2781802822181,-20.2636451176782,-21.0120565506496,-1.52739641334741,0.102338027716112,-1.69118211720957
0.903243742866461,0.160844095777159,22.3681197920045,22.207275696226,24.0091182317058,-23.0029697876251,-23.7453694347122,-1.53809373848519,0.102904701213655,-1.69893783426946
0.894097865070873,0.157936356740889,25.5496380981081,25.3917017413733,27.1993407280799,-26.2018943029649,-26.9380558112755,-1.54635406990445,0.10334856006351,-1.70429042663943
0.884088605746855,0.154965685848853,23.6300953993424,23.4751297134961,25.2907743944195,-24.3031012496207,-25.0322241694952,-1.55709445600268,0.103584539065245,-1.71206014184689
0.872904697947197,0.151812036259261,24.0969901080356,23.9451780717801,25.7680749267573,-24.7914869200028,-25.5125795816857,-1.56740150990261,0.103683308817424,-1.71921354616323
0.860732437519626,0.148501577595678,25.7660245719511,25.6175229943518,27.4395211926563,-26.475117730177,-27.1873485900856,-1.56982559573093,0.103671024966645,-1.71832717333416
0.847407834257739,0.144983436284176,24.0212586890862,23.8762752528038,25.6998584581253,-24.7489145107059,-25.4513389086749,-1.57506365587664,0.103536113172729,-1.7200470921607
0.832703753144628,0.14126438009702,20.3743184744679,20.2330540943727,22.0578306576317,-21.121893336932,-21.8133327099652,-1.58027861559028,0.103233567562336,-1.72154299569008
0.817646798277699,0.137541279487268,20.4588254876851,20.3212842081923,22.1434882445798,-21.2229694375616,-21.9030749563292,-1.58179074813534,0.102872008757416,-1.71933202763189
0.801680237914646,0.133736312192972,20.3069813346266,20.1732450224271,21.9967880261201,-21.0927083727557,-21.7606522984718,-1.58740727604078,0.102399415445215,-1.7211435882486
0.785657220667606,0.130057154741931,15.2826301403329,15.152572985579,16.9839710353379,-16.096454284079,-16.7520543499844,-1.59948136439814,0.10185953059636,-1.72953851915357
0.769226598001716,0.126392004023097,22.2327640059411,22.1063720019051,23.9411014791762,-23.0706247803625,-23.7134593743251,-1.60708737241647,0.10125010081349,-1.73347937645919
0.752238465474866,0.122699703678192,26.6330421071787,26.5103424034962,28.3400633196931,-27.487266010204,-28.1168047719911,-1.60646236849715,0.10055884401287,-1.72916207218812
0.735020238642768,0.119030150254524,30.2609214150144,30.141891264743,31.9671805998486,-31.1323414783992,-31.7483315667593,-1.60644030201679,0.0998188828057505,-1.72547045229971
0.717595032924031,0.115385718974018,30.4804178284141,30.3650321094243,32.1817916180116,-31.3651711937808,-31.9673805077108,-1.60234839828487,0.0990253913166401,-1.71773411727631
0.70120776171024,0.112001695749834,23.5670639003688,23.4550622045971,25.2556009177357,-24.4561235595257,-25.0453296254683,-1.59026742087208,0.0982695965017047,-1.70226911664782
0.686312945173606,0.108946432657286,24.0601344828352,23.9511880501604,25.7351652132046,-24.9512504911911,-25.5286170036713,-1.57742895351452,0.0976017768609843,-1.68637538619206
0.672876233859504,0.106202933856307,12.9268211303487,12.8206181964827,14.5887126801409,-13.8187962223875,-14.3854695223702,-1.56485132588904,0.0970402238966894,-1.67105425976849
0.66137921927991,0.103856279049974,6.83116473233602,6.72730845327966,8.47709183314832,-7.71909070686282,-8.27661364707635,-1.54930519379567,0.0966219070169643,-1.65316147285679
0.651338478904652,0.101816953052165,3.28678803245534,3.18497107938895,4.91851909643454,-4.17087891435899,-4.72040044019077,-1.53542936080388,0.0963017031736174,-1.63724631386509
0.642176891976209,0.099971179778446,-0.655230385913406,-0.755201565704919,0.964242235690435,-0.226054684293334,-0.768260396478595,-1.52346196218663,0.0960106594175547,-1.62343314197638
0.633981190943155,0.0983418910569567,-1.78039787510325,-1.87873976617033,-0.172242896164794,0.901978422148403,0.366339122288226,-1.51240064388833,0.0957543350392102,-1.61074253495292
0.627496511024668,0.0970852422533399,-5.86042708218364,-5.95751232445362,-4.26468676460393,4.98772593397899,4.4573146652114,-1.50019765924286,0.0955426583581457,-1.5972829015063
0.622365516985145,0.0961118443625589,-17.9328795690696,-18.028991413436,-16.3569659372338,17.0746916645654,16.5484379919533,-1.48055342148427,0.0953602103496774,-1.5766652658531
0.619187770233525,0.0955440612696292,-20.9653436675178,-21.0608877287919,-19.4092486577522,20.1236967649365,19.6000530559806,-1.46083467280958,0.0952603369607885,-1.55637873408898
0.617140667100298,0.095198422113743,-25.4272471416653,-25.5224455637874,-23.8912932388566,24.6036447060269,24.0817024610468,-1.44074310274375,0.0952108000680389,-1.53594152486238
0.616200396351686,0.0950546024925645,-24.8528063033026,-24.9478609057762,-23.3374336748606,24.0488560693686,23.5277102755033,-1.42015063027469,0.0952219981564421,-1.51520523276457
0.616162341865064,0.0950341644299563,-20.6440460208461,-20.7390801852866,-19.1468229475171,19.8583028957913,19.337174718373,-1.40190546691367,0.0953176064136532,-1.4969396313446
0.616635125051221,0.0950714882419773,-15.8159070710966,-15.9109785593222,-14.3319898636336,15.044081396933,14.5225177601321,-1.38846079919714,0.0954564082602232,-1.48353228744131
0.617164411292429,0.0951046911896405,-8.31089850683992,-8.40600319801295,-6.83773635223619,7.55049761000323,7.02843788990324,-1.3775653081148,0.0955968464720647,-1.47266999930388
0.617467806067461,0.0950888719036813,-6.22318072390378,-6.31826959579445,-4.76008130191414,5.47325253064392,4.95087359647251,-1.367395999324,0.0957034226747133,-1.46248487122556
0.617965846979562,0.0950985903366568,-5.08184949012312,-5.17694808045644,-3.62938450689792,4.34315748920609,3.8202902325683,-1.35665784789146,0.0958071353370021,-1.45175643822774
0.618763590069077,0.0951635983647676,-3.43282013008483,-3.52798372843778,-1.98540784411433,2.70008402085865,2.17648402915819,-1.35149969928182,0.0959125866805067,-1.44666329764402
0.619713100090856,0.0952431503348451,-1.94029538491487,-2.03553853524214,-0.491953366653282,1.2076891191618,0.683219169408166,-1.3523193658348,0.0960226524281279,-1.44756251617074
0.620324700759213,0.0952384722492847,-3.45349538339568,-3.54873385563026,-2.00345183602639,2.71990945884967,2.19482323034665,-1.3539106252828,0.0961329220866321,-1.44914909751259
0.620486159167688,0.0951291775329544,-10.0810148688339,-10.1761440463617,-8.62485961805947,9.34159841730673,8.8162414356871,-1.35990261067554,0.0962526400829122,-1.45503178819837
0.620351477709859,0.0949636225224779,-13.0735387063327,-13.1685023288613,-11.6092192165043,12.3259511522829,11.8005632971122,-1.36793903174638,0.0963804580833409,-1.46290265426852
0.619805383358189,0.0947266809994842,-15.5149011431123,-15.6096278240942,-14.0430213870984,14.7593177434376,14.2342390410831,-1.37538878301045,0.0964909729907453,-1.47011546399743
0.618697766011646,0.0943823385840251,-10.7123531070432,-10.8067354456185,-9.23510953804896,9.95039120513747,9.4260757777131,-1.38065966790344,0.0965839010727591,-1.47504200648034
0.616783256456075,0.093890797396157,-5.03927844490171,-5.13316924229577,-3.55580831928866,4.26922205118569,3.74632959213991,-1.3868396501571,0.0966304754518177,-1.480730447548
0.613777793809931,0.0932132697942964,-3.62713033374805,-3.72034360353112,-2.13530726427487,2.84565858363782,2.32509405962931,-1.39524954389912,0.0965735255663652,-1.48846281368889
0.609692180258167,0.0923496195073516,3.00474823323966,2.9123986137363,4.50628424705951,-3.80015801285182,-4.31750057359845,-1.40510195986127,0.0964340539526944,-1.49745157937066
0.60439323598023,0.0912388976997324,5.70879254107154,5.6175536433796,7.21877535711159,-6.51813248222453,-7.03128682050706,-1.41373317712767,0.0962496389155444,-1.50497207481032
0.598394645087464,0.0899736869218601,4.7364915346019,4.64651784768841,6.25298107060354,-5.55851968514065,-6.06694064329517,-1.420422795608,0.0960667403854938,-1.51039648252658
0.59232787499693,0.0886524682982207,5.58742656357825,5.49877409529016,7.11467382949311,-6.42635664497199,-6.93003205166889,-1.43125795638162,0.0959893095299585,-1.51991042468052
0.58637220760811,0.087311253287405,5.90777570287135,5.82046444958941,7.44026056618002,-6.75787843221485,-7.25693938653408,-1.43647493694108,0.0960099263608513,-1.52378619022498
0.580847435014049,0.0860052966690134,11.4729344323413,11.3869291356695,13.0105474581349,-12.3335401728163,-12.8283823111642,-1.44145317549774,0.0961598503107858,-1.5274584721672
0.575174423812575,0.0846396416287228,18.0659667731818,17.9813271315573,19.6100533816014,-18.9385331960514,-19.4290679782419,-1.44774084667268,0.0963457617457876,-1.53238048830044
0.569415196029703,0.0832453998990458,20.240485599737,20.1572401998388,21.7919193841601,-21.1259869764609,-21.6121567725769,-1.4549165727356,0.0965172116898894,-1.53816197263425
0.563289317598818,0.0817746398264526,16.9174997437568,16.8357251039354,18.4743127609681,-17.8143993239578,-18.2959140017369,-1.46018889779078,0.0966241194148081,-1.54196353761644
0.55716482706167,0.0802882828017058,15.6273818544535,15.5470935716626,17.1923008993573,-16.5384199586334,-17.0152965029015,-1.46820293123775,0.0967161136738634,-1.54849121402641
0.550571536219455,0.0787188833175757,17.8734714814785,17.7947525981636,19.4407983053282,-18.7934973972084,-19.2653500501272,-1.47059745196105,0.0967293718824773,-1.54931633527942
0.543409302255068,0.0770380407371771,18.3908762451371,18.3138382044009,19.9587702268236,-19.31871298464,-19.7850842461605,-1.47124604175848,0.0966479399298527,-1.54828408248659
0.536233125305196,0.0753546216775391,25.370731380116,25.2953767584361,26.9408568713388,-26.3081066948368,-26.7689851984495,-1.47360844000915,0.0965170511998285,-1.54896306168841
0.528830960018703,0.0736268691422619,33.1632129819156,33.0895861127696,34.7325132532033,-34.1073601678316,-34.5625642587102,-1.47297814593422,0.0963221253556597,-1.54660501508169
0.521208754625711,0.071875737675224,36.2914029237626,36.2195271860873,37.8606232173772,-37.2433607654588,-37.6926937824083,-1.47316659631521,0.0960536972893152,-1.54504233398823
0.513204362285047,0.0700717992830363,31.529632130476,31.459560331181,33.0980512553869,-32.4891614578483,-32.9322940208266,-1.47273368964249,0.0956854352684994,-1.54280548894201
0.504698550969406,0.068194020117757,25.6748892538941,25.606695233764,27.2420978720216,-26.6421817817959,-27.0786863126319,-1.47199107886651,0.0952175392531016,-1.54018509901102
0.496191621695141,0.0663695589415693,24.9506255294994,24.8842559705571,26.5116511005505,-25.9208157640367,-26.3506378267944,-1.46638185623807,0.0946437148105211,-1.53275141517828
0.48754489391796,0.0645592342906037,23.0321906424771,22.967631408178,24.5875384523146,-24.0059958526264,-24.4289815122473,-1.46135010406882,0.0939977057525355,-1.52590933837226
0.478849596459558,0.0627793696803105,23.8789413461491,23.8161619764588,25.4271236219612,-24.85498975734,-25.2710599841073,-1.45489800765213,0.093284268158106,-1.51767737734149
0.469756744439515,0.0609643664208772,23.8305757735877,23.7696114071531,25.3688817843765,-24.8066136758921,-25.2154060538884,-1.44579464673228,0.0925113640434744,-1.50675901317353
0.46037989509911,0.0591385799823953,23.1689437084157,23.1098051284333,24.6981306322081,-24.14606415065,-24.5473054657452,-1.43750033731373,0.0916865864777449,-1.49663891729539
0.450842774622468,0.0573170155049659,28.2737309111118,28.2164138955918,29.7917518789932,-29.2500803540568,-29.6436061131592,-1.4271922175672,0.090828750304361,-1.48450923309955
0.441086752413961,0.0554843901546149,27.0824398794288,27.0269554892783,28.586676573865,-28.0556697845221,-28.4412721467581,-1.41431665748011,0.0899200369353905,-1.4698010476526
0.431655925365963,0.0537234468114507,22.2857870458317,22.232063599004,23.7779192477422,-23.2572072607671,-23.6351397393025,-1.40307614029799,0.0890560616007454,-1.45679958712421
0.422630654786423,0.0520591981142426,24.7379142956521,24.6858550975385,26.2158080993835,-25.7049379092595,-26.0755093659103,-1.38965426837256,0.0882395353543629,-1.44171346649455
0.414397592572142,0.0505782630259716,21.3956515740891,21.34507331104,22.8611897764527,-22.3593297477212,-22.7231490772551,-1.37807576621644,0.0874624361409204,-1.42865402925854
0.406372605388092,0.049182547282824,15.6360816102585,15.5868990629584,17.085362320469,-16.5923568431796,-16.9495469012757,-1.36264783832098,0.0866328718904831,-1.4118303856197
0.398652583741256,0.0478844575272136,10.8163328770891,10.7684484195597,12.2513831502539,-11.7669687744694,-12.1177369006655,-1.34928848111038,0.0857617920407717,-1.3971729386506
0.391121492793546,0.0466440998384796,4.43400643638152,4.38736233654418,5.85694773001026,-5.38092745509496,-5.7254048480451,-1.33804251150255,0.0848987821247578,-1.38468661133867
0.383653414942753,0.0454310590414415,1.55732668217872,1.5118956231198,2.96808540096563,-2.50039008551705,-2.83861244140971,-1.32671681829072,0.0840419004900373,-1.37214787734403
0.37679995835575,0.0443366725157052,-0.665737301094704,-0.710073973624381,0.73023524421717,-0.270195757846105,-0.602659043684284,-1.31273301731012,0.0832395280033791,-1.35706968983274
0.370647704466341,0.0433711829378955,-7.26685996846485,-7.31023115140846,-5.88400205358409,6.33714478274735,6.00986826122032,-1.30036289019164,0.0824950246858877,-1.34373407313814
0.365380874404139,0.0425596343592331,-7.51336217490572,-7.55592180927254,-6.14481317706653,6.59202621963928,6.26920497960654,-1.2867168296671,0.0818321681624994,-1.32927646404911
0.36089415282402,0.0418653921513801,-9.61486358051614,-9.65672897266639,-8.26025491279045,8.70242685614174,8.38339809547566,-1.27333087719086,0.0812777905263128,-1.3151962693468
0.356979842372402,0.0412582921188241,-12.4050764843163,-12.446334776437,-11.066534658081,11.5042916687671,11.1885701185295,-1.25776465791687,0.080777168320424,-1.29902295003382
0.353574100722069,0.0407367173398585,-10.1457949357129,-10.1865316530639,-8.82136287521508,9.25522660233599,8.94238921897601,-1.24414243409393,0.0802896264036556,-1.28487915144573
0.350469003074447,0.040249411357011,-10.5008368404714,-10.5410862518384,-9.1892072732216,9.61950687385495,9.30928728214759,-1.23179896969448,0.0798305975629851,-1.27204838105268
0.34805144846939,0.0398719831237676,-12.9486160527284,-12.9884880358608,-11.646864000008,12.0743578069068,11.7661783415633,-1.22230969429791,0.0794423584308361,-1.26218167742519
0.34638522949954,0.0396085279266032,-11.3400604825537,-11.3796690104726,-10.0482424718868,10.473772423656,10.1669957220942,-1.21267328837671,0.0791447222810596,-1.25228181629884
0.344914154956014,0.039398335678407,-6.44739357369117,-6.48679190935249,-5.16616169464719,5.58988946919346,5.28437364992321,-1.20241825942962,0.0788136196058683,-1.24181659511165
0.343354228976752,0.039163039414804,-3.72057496344144,-3.75973800285047,-2.44732488354101,2.86917467869805,2.56498348914074,-1.19475451370648,0.0784955661870251,-1.23391755311854
0.341512794519048,0.0388794538467232,-3.85441467372214,-3.89329412756422,-2.59218364613302,3.01185560494097,2.70922226427529,-1.18407186328888,0.0781591642876287,-1.22295131712864
0.339269183575654,0.0385348694534761,-2.31752841650265,-2.35606328595686,-1.06384947535671,1.4808910747461,1.18015676063014,-1.17590652533243,0.0777724158266366,-1.21444139478183
0.337109770820873,0.0381812557064004,-3.26543522148055,-3.30361647717779,-2.01871824707583,2.43329849960966,2.13436998448579,-1.1692464926901,0.0774704817079724,-1.20742774839749
0.335134913656585,0.0378465141745355,2.26007287139915,2.2222263572297,3.50194036742298,-3.08956525248699,-3.38685365196123,-1.1646272947347,0.0772402012792318,-1.20247380889407
0.33320551585321,0.0375142423703043,8.49453134240222,8.45701710004516,9.72649608128609,-9.31623702908167,-9.61192830256051,-1.15491120251699,0.0770535363609368,-1.19242544486201
0.331159337571722,0.0371732763250053,18.0143766378218,17.9772033615193,19.2389916518712,-18.830974753767,-19.1249608150235,-1.14775745350559,0.0768575605269308,-1.18493072981733
0.328997663695608,0.0368269017243177,18.6861332124615,18.6493063107364,19.9048562297555,-19.4992049811285,-19.7913757430955,-1.14206943235756,0.0766535849349829,-1.17889633408745
0.326650884146354,0.0364415633616167,19.2122875552252,19.1758459918678,20.4289176481651,-20.0257790312053,-20.3159883519799,-1.14014236010701,0.0764877328437489,-1.17658392346054
0.324100984766377,0.0360160846248689,16.5685143602113,16.5324982755943,17.780779341546,-17.3803145847185,-17.6683994848349,-1.13590120924507,0.0763637720859171,-1.1719172938697
0.321561261720094,0.0355929748347053,15.1202447542828,15.0846517794387,16.3292316047249,-15.9314023708018,-16.2173706576668,-1.13271887823036,0.0762679722035993,-1.16831185307853
0.318833230114003,0.0351433676664796,11.527328210333,11.4921848426746,12.7357717617987,-12.3407678932645,-12.6244577557102,-1.13227291303128,0.0761706384253078,-1.16741628069349
0.315960015558101,0.0346725034351896,10.988612979484,10.9539404760562,12.1995022386635,-11.8074884843645,-12.0887759965086,-1.13483552045021,0.0760537387307216,-1.16950802389076
0.313080386945161,0.0341994381139545,17.0806255563822,17.046426118277,18.2903610509065,-17.9013517103111,-18.1802326591582,-1.13380654088045,0.0759289536361091,-1.16800597899451
0.310364568546737,0.0337521124122514,20.5796024778471,20.5458503654453,21.7892441963383,-21.4030777087027,-21.6796901648484,-1.13383979939518,0.0758019190951838,-1.16759191180984
0.307456409630155,0.033277183898749,26.2316769295009,26.1983997456017,27.4397381773971,-27.0566365362935,-27.3308157620112,-1.13241601640745,0.0756452314902289,-1.16569320030874
0.304507711350165,0.0327957471094091,29.051602928716,29.0188071816241,30.2542973758591,-29.8743121817803,-30.1460241460309,-1.12721696441004,0.0754774827367003,-1.16001271150248
0.301620113434391,0.0323170585357797,30.5276492143071,30.4953321557834,31.7253137406105,-31.3483705175579,-31.6176735724583,-1.12234141667306,0.0753231096164929,-1.15465847521195
0.298963150224016,0.0318479519201654,27.4095628841864,27.3777149322734,28.6048312615553,-28.230622231746,-28.49773743004,-1.1200224977642,0.0752458795957155,-1.15187044968771
0.296496872052069,0.0314022475849942,33.8331311070034,33.8017288594258,35.026434839557,-34.6547520731039,-34.9198466975635,-1.11811783813775,0.0751858944057707,-1.14952008571318
0.294223169301545,0.0309817027626423,33.306883920038,33.2759022172772,34.4994435282741,-34.1300870639067,-34.3933285304448,-1.11742631316853,0.0751332950713706,-1.14840801592791
0.292111679874958,0.0305772574321594,31.7111710212895,31.6805937638659,32.9005358338983,-32.5333253803152,-32.7948598027717,-1.11426603890223,0.0750987736918476,-1.14484329631894
0.29007263544384,0.0301838328960497,33.6979409631028,33.6677571302147,34.8826890456928,-34.5175873713767,-34.7774761739126,-1.10971904369589,0.0750290388740899,-1.13990287659635
0.287828970406805,0.0297710939995633,26.8490269154652,26.8192558214516,28.0303505378734,-27.6676493137048,-27.9257071901023,-1.1064513686496,0.0748722537610643,-1.13622246266038
0.285490187729435,0.029345243457846,22.1645396318227,22.1351943883746,23.342177493529,-22.9820006354992,-23.2381455797564,-1.1029511913816,0.0746866703174073,-1.13229643483895
0.283120987749051,0.0289202249170877,17.3175222946637,17.2886020697532,18.4931329253937,-18.1355439192237,-18.3897446820407,-1.10114261228539,0.0744680184249285,-1.13006283721341
0.280621022141228,0.0284839910188051,10.0987128719585,10.0702288809342,11.2729360380358,-10.9181108193603,-11.1702478504604,-1.10001896952192,0.0742041965442767,-1.12850296054627
0.277813115872649,0.0280209557289951,4.77357172239002,4.74555076665172,5.94856715591288,-5.59689591861808,-5.84668807874242,-1.10113731208587,0.0738581214246632,-1.12915826782646
0.274636541166052,0.0275187721056004,6.08270128490358,6.05518251280098,7.25499907003913,-6.9069178288528,-7.15403559790336,-1.09885308510181,0.0734447000204994,-1.12637185721737
0.271396989866718,0.0270174118668471,5.94377269384029,5.91675528196416,7.11420121504468,-6.76978729499232,-7.01416687298354,-1.09741159101918,0.0730169301799863,-1.12442900289024
0.267736947772603,0.0264654652056247,7.22615196669983,7.19968650150396,8.39499775768394,-8.05472710151976,-8.29599858407175,-1.09631208256496,0.0725337083958179,-1.12277754777146
0.263801591675385,0.0258923892870335,4.65937562773649,4.63348323843226,5.82426682725799,-5.48847234432251,-5.72638154668648,-1.09289830824781,0.071992891272306,-1.11879069754624
0.259676720470958,0.025307968123549,6.25288033351009,6.22757236539942,7.41486715455381,-7.08377367050448,-7.31814242284266,-1.09057005744105,0.0714167635896346,-1.11587802555631
0.255513456868654,0.0247272523631413,3.35352553119856,3.32879827882778,4.51335313118925,-4.18699269375224,-4.41777889824451,-1.08898061941622,0.0708469805599347,-1.11370787177999
0.251379304865069,0.0241433770325219,0.254746042654928,0.230602665617061,1.41254198998693,-1.09081495535685,-1.31805088318934,-1.08744821757118,0.0703477297548772,-1.11159159460551
0.24716783590222,0.0235632976650127,2.04923437656862,2.02567107890066,3.20194107775085,-2.88494108615456,-3.10854562438311,-1.08287454548086,0.0698321556817379,-1.10643784314769
0.242799676678246,0.0229828894980961,3.98541929068377,3.96243640119055,5.13116611599555,-4.81910923807529,-5.03892602525301,-1.07648962405876,0.0692572012515734,-1.09947251354546
0.23851936454482,0.0224142857773847,1.81794461839225,1.79553033260355,2.95560819860204,-2.64835730913121,-2.8644623879004,-1.06893205529752,0.0687315249032693,-1.09134634108209
0.234317974628205,0.0218608901470328,-1.57985321662875,-1.60171410678371,-0.451589100337538,0.754131412234094,0.54167432776152,-1.06003977902026,0.0682243372551147,-1.08190066918171
0.230443045084226,0.0213492559418408,4.54325558399362,4.52190632803699,5.66578313202187,-5.36754182270485,-5.57663561183886,-1.05472928380343,0.0677982642313857,-1.07607853975404
0.226689339970194,0.020858882704661,-5.72159049090132,-5.74244937360762,-4.61025939765726,4.90433765079065,4.69850719353985,-1.04394218006816,0.0673889131746839,-1.06480106277585
0.223103730879594,0.0203935306929269,-12.9381257163549,-12.9585192470428,-11.8369627678676,12.1270705343215,11.924360334133,-1.03415891290935,0.0670040355616523,-1.05455244359568
0.219696715437473,0.0199526391260007,-12.5392954405397,-12.5592480796799,-11.4486161163158,11.7349634421171,11.5352193658188,-1.02402871386394,0.0666506103605038,-1.04398135300065
0.216360397468546,0.0195278791684487,-13.6537681965061,-13.673296075662,-12.5713866554156,12.854029464024,12.6571969457177,-1.01609912994254,0.0662824111339316,-1.03562700910543
0.213063937927749,0.0191114955469495,-18.1813989989727,-18.2005104945198,-17.105316720664,17.3842990598019,17.1903466174078,-1.01016387711216,0.0659184012064471,-1.02927537265155
0.20968894031536,0.0186876048441647,-16.7204049975838,-16.7390926024327,-15.6484410952776,15.9236816410877,15.7326803056028,-1.00641229682735,0.0655516054910274,-1.02509990166574
0.205993005625299,0.0182379425708766,-13.4472424139213,-13.4654803564833,-12.3807954826561,12.651884634229,12.4641295711793,-1.00135078530508,0.0650961459704278,-1.0195887278579
0.202258870492086,0.0177857995913903,-16.934367347129,-16.9521531467298,-15.8727425635065,16.13963705819,15.9551639872942,-0.996989159438607,0.0646356241878229,-1.01477495903752
0.198613586836921,0.0173471711469186,-15.1235169264614,-15.1408640975999,-14.0673073669135,14.3301047983189,14.1488383826221,-0.992025714975669,0.064183844576759,-1.00937288610013
0.195043163113405,0.0169174025134809,-4.69763842167286,-4.71455582419027,-3.64415294319922,3.90294404386665,3.72481828325745,-0.989737540931374,0.0637479375421537,-1.0066549434504
0.19148278615118,0.01648693007894,-1.25884572159276,-1.27533265167414,-0.208525817196878,0.463329550681298,0.288333694615055,-0.98699895705959,0.0633209473442714,-1.00348588714034
0.188110112443845,0.0160757660416866,0.15552505983657,0.139449293786052,1.20242829328725,-0.951379345967416,-1.12341369235815,-0.983964398571071,0.0629388348823816,-1.00004016461468
0.18491432865162,0.0156820893253266,6.30597284870617,6.29029075938135,7.34952806056214,-7.10201678538259,-7.27124902470396,-0.980958265327193,0.0625969465486877,-0.9966403546334
0.181772295238524,0.0152942493826737,2.91576395971444,2.90046971034483,3.96016643341564,-3.71612575580041,-3.88260380165974,-0.982134091316549,0.0622683823759422,-0.997428340677161
0.178622446126106,0.0149022230907435,6.28636455943399,6.2714623363368,7.32992735695803,-7.08934307642473,-7.25306329945977,-0.981600963120372,0.0619618344246034,-0.99650318619358
0.17558731628352,0.0145259102316803,6.72482679148075,6.71030088125171,7.76677445681545,-7.52951778826525,-7.69057919431658,-0.980278313061289,0.0616693522658835,-0.994804223295685
0.172559390470849,0.0141623279150391,6.29439648482912,6.28023415691076,7.33304410279738,-7.09916912410698,-7.25756618665872,-0.977332029744179,0.0613155882336417,-0.991494357651977
0.169607027627951,0.013812019548988,2.76810114340951,2.75428912386491,3.7996061659161,-3.569058382551,-3.72485339062504,-0.970564266759484,0.0609407557430926,-0.984376286301288
0.166696349847193,0.0134654027392655,4.73451130538346,4.72104590264486,5.76125378541438,-5.53399494240601,-5.68722588950472,-0.966179986857494,0.0605624931687611,-0.979645389598315
0.163780817078685,0.0131178934356076,2.01260023156002,1.99948233812089,3.03342981939227,-2.80947624816343,-2.96013917179486,-0.96065683367689,0.0601727541644023,-0.973774727110808
0.160995099320193,0.0127807639885886,2.63116728517872,2.61838652118997,3.6461211962429,-3.42530613807342,-3.57352047340435,-0.955133952216987,0.0598199588487733,-0.967914716202125
0.158284746577911,0.0124586178338295,2.39958092958265,2.38712231175806,3.40762483091768,-3.18989998803347,-3.33572611678007,-0.948603805018801,0.0594400963089266,-0.961062422841769
0.155674942219277,0.0121556748925691,9.68225414837114,9.6700984734854,10.6826852632481,-10.4679780378471,-10.6114973051666,-0.9413988316781,0.0590322831840991,-0.953554506565691
0.153303687085567,0.0118807844099914,7.56631772678465,7.55443694237934,8.56083429955486,-8.34888117289492,-8.49030407555324,-0.93586713317474,0.0586494395864152,-0.947747917579301
0.151286871082433,0.0116422950358929,9.5513509253078,9.53970863028642,10.5373472452265,-10.327728269682,-10.467372845733,-0.927664215445918,0.0583321044754497,-0.939306510468914
0.149351952205149,0.0114177157984733,9.75790247659582,9.74648476078882,10.7380883560599,-10.5307417922997,-10.6686760286977,-0.922191267904841,0.0579946115632782,-0.93360898370173
0.147469943922838,0.011197242879945,15.3330515439711,15.3218543010817,16.3067632395999,-16.101631384862,-16.2379040858621,-0.916049784784087,0.0576619108515136,-0.92724702765747
0.145872894493072,0.0110032128525827,10.0301131125136,10.0191098996589,10.9966187529357,-10.7933433047936,-10.9282129864267,-0.909103086763206,0.0574025536566725,-0.920106299605268
0.144418103920442,0.0108278728329167,12.5726145726685,12.5617866998281,13.5353867122229,-13.3338127745731,-13.4674030056402,-0.9056163058082,0.0571558337412689,-0.916444178638515
0.143018719829814,0.010667033201632,10.1856907616533,10.1750237284546,11.1423468712991,-10.9424376202995,-11.0747893069289,-0.899765578468205,0.05689053116786,-0.910432611664067
0.141661795776652,0.0105140867934493,13.078423865039,13.0679097782455,14.0317603708697,-13.833467968547,-13.9646156775274,-0.896705899282949,0.0566306065342505,-0.907219986072891
0.140234531255247,0.0103603814338471,20.5670328607563,20.5566724793133,21.5144287423779,-21.3178615030342,-21.4477356528408,-0.891063173525128,0.0563327080831615,-0.90142355496978
0.138496459470347,0.0101820402321622,24.5378600506554,24.5276780104407,25.4780937993579,-25.2836606969799,-25.4119751162114,-0.884297105770337,0.0559366429136366,-0.894479145994184
0.136583082946751,0.00998724377655268,24.6993344835928,24.6893472398219,25.6318613314129,-25.4397764843649,-25.5663723235166,-0.877025083693881,0.0555017641058216,-0.887012327475015
0.134588090112556,0.009785685043391,21.6846874326592,21.6749017476096,22.6093661396916,-22.4197319282506,-22.5445343333094,-0.869632585697671,0.0550461213284424,-0.87941827075384
0.132589128798605,0.00958484242443064,22.6705935737059,22.6610087312771,23.5895385358042,-23.4023639765494,-23.5253682629095,-0.864359531632208,0.0545854304550149,-0.873944374064275
0.13053365837216,0.00938250306148383,22.8621371123298,22.8527546092804,23.7756887652003,-23.591057390567,-23.7122085458941,-0.859453936614129,0.0540977162441358,-0.868836439666279
0.128515542444544,0.00918719366661647,23.9251290191552,23.9159418254913,24.8310088085937,-24.6488858445996,-24.7682141933758,-0.852272367882659,0.0536074215408,-0.861459561559373
0.126501699310182,0.00899181253366368,24.9572722082428,24.9482803957248,25.8556393315044,-25.6760113674381,-25.7935212542233,-0.845240858497799,0.0531262647352304,-0.854232671028012
0.124437631093612,0.00879334074791713,26.1237531196289,26.1149597788884,27.0154728264429,-26.838406824951,-26.954051115296,-0.839091336403996,0.0526283703906986,-0.847884677159098
0.122269923435805,0.00858398037894735,19.8789797157377,19.8703957353669,20.7639372094075,-20.589549384342,-20.7032353273981,-0.832839592031418,0.0521179016226875,-0.841423572396789
0.120208304766403,0.00838313319840703,20.2617333648981,20.2533502316926,21.1400105892382,-20.9681521876277,-21.0799773591936,-0.826627127495748,0.0516500968315916,-0.835010260709202
0.118241764626315,0.00819393435802647,12.0447501706446,12.0365562362593,12.9143853734978,-12.7449379050406,-12.8549857353051,-0.81842949904639,0.0512057038264365,-0.826623433403964
0.116444808638232,0.00802072794678955,11.3171716798658,11.3091509519202,12.1794592546606,-12.0122015364841,-12.1206256171695,-0.811474665245485,0.0508129095413837,-0.819495393187296
0.114843934547225,0.00786217320366492,10.307388939759,10.2995267665561,11.1644274124154,-10.9990804484697,-11.1060622098188,-0.806535443256223,0.0505030294023843,-0.814397616456041
0.113387369680643,0.00771200331154237,11.2532805893389,11.2455685860266,12.1043043356127,-11.9406568664109,-12.0463322327865,-0.800763646757503,0.0502600994995597,-0.808475650077192
0.112200152477389,0.00758252912395579,9.97506791406308,9.9674853849362,10.8195781653722,-10.6572629115605,-10.7618805349249,-0.794395149991358,0.050115101311102,-0.801977679108978
0.111197234919264,0.00746866517027784,8.54851609700748,8.54104743183341,9.38782987059877,-9.22660065469408,-9.33032922445387,-0.789281792624082,0.0500319809605348,-0.796750457795831
0.110353915803261,0.00736896388967629,8.13546892134536,8.12809995746092,8.97087399694984,-8.810525224209,-8.91351017613045,-0.785410218673353,0.0499948569218446,-0.792779182550697
0.109771201488869,0.00729344740457493,6.83465089724174,6.82735744981913,7.66924556612605,-7.50944638308961,-7.61192413715614,-0.784566687341269,0.0500279815381178,-0.791860134743581
0.109408952399864,0.00723619498466336,-5.9707171849968,-5.97795337999278,-5.13574951340262,5.29529010971186,5.19311735230341,-0.784836027691927,0.0501316439062158,-0.792072222681682
0.109107688227279,0.00718180697109909,-9.28342495357529,-9.29060676054413,-8.44799177922092,8.60735956693803,8.50543368568802,-0.785173074855828,0.0502600994739347,-0.79235488183428
0.108674947226255,0.0071164937133279,-7.25923163976576,-7.26634813349578,-6.42347187023095,6.58248798576192,6.48092953222609,-0.785418601274394,0.0503411682727529,-0.792535094981895
0.108255892573422,0.00705307064791987,-7.64614945198717,-7.65320252266077,-6.81163910314822,6.97031611784369,6.86911329592367,-0.784089226736083,0.0504211221049577,-0.791142297395486
0.10779542130743,0.00698837171267063,-8.56047282526718,-8.56746119698154,-7.7261903581441,7.88446132620037,7.78365427660923,-0.783806920374856,0.0504755467456219,-0.790795292082379
0.107293249188449,0.00692347550447451,-12.4779837064277,-12.4849071819442,-11.6425714267654,11.8003697079895,11.6999999343195,-0.784907247628176,0.0505050320406349,-0.791830723138731
0.106825595287619,0.00686349975288211,-8.18537208304647,-8.19223558279087,-7.3478597529902,7.50522574671658,7.40526365117494,-0.786971931616067,0.0505403984323111,-0.793835431360662
0.10630929441032,0.00680212459148635,-5.33407266169766,-5.34087478630266,-4.49503386046557,4.65189015909697,4.55238298928979,-0.788491797013104,0.0505470042174639,-0.795293921610183
0.105787351650554,0.00674130779711857,-4.98163153729241,-4.98837284511175,-4.1426983287314,4.29902555389911,4.1999795100661,-0.788393335047214,0.0505398735274476,-0.795134642852454
0.105188022804581,0.00667539551882191,-3.7173554087956,-3.72403080430251,-2.87836277338113,3.03404502618983,2.935532398888,-0.788498405414122,0.050494229986126,-0.795173800920351
0.104510657057579,0.00660380965123176,0.899414170890245,0.89281036123511,1.73786421057603,-1.58293832639475,-1.68084517379375,-0.78803481256278,0.0504152271274361,-0.794638622218862
0.103714712401056,0.00652555271483545,-1.06483159839258,-1.07135715111522,-0.230786211338492,0.384777245156536,0.287588085477812,-0.78376906563874,0.0502763214110206,-0.790294618348512
0.102760475652136,0.0064385033246995,1.5697616264344,1.56332312310585,2.3988214384456,-2.24601035565858,-2.3423323279821,-0.7790092048778,0.0500506071357529,-0.785447708204677
0.101744181947512,0.00634656620356259,-1.1012329736872,-1.10757953990411,-0.277739235149191,0.429276835395953,0.333879219655235,-0.773700320254395,0.0497934182975609,-0.78004688645561
0.100614495040981,0.00624640435837951,-1.53333877533492,-1.53958517969647,-0.716119938734801,0.866215990444965,0.771847899768102,-0.767737279924551,0.0494815566771269,-0.773983684282563
0.0993661208506366,0.00613829198162604,0.528902320765082,0.522764028796693,1.33961180633385,-1.19113526772831,-1.28436309659575,-0.761599067802506,0.0491104177529091,-0.767737359775364
0.098118528984039,0.00603220511415197,6.13199949059844,6.1259672854844,6.93648477732131,-6.78964542297815,-6.88173174685088,-0.755764461367714,0.0487208253523223,-0.761796666485614
0.0969305732855401,0.00593006945454106,5.30593295302061,5.30000288357184,6.10166253997644,-5.95638740366224,-6.04738790748855,-0.747385023918935,0.0483445630443782,-0.753315093371822
0.0957813952296911,0.0058327141207479,0.590597297774087,0.584764583657751,1.37707693497917,-1.23333577287514,-1.32328445398811,-0.738519870332398,0.0479597668637512,-0.744352584466948
0.0946777779443789,0.00573929555852607,0.00205487344957946,-0.00368442211528214,0.779131181178903,-0.63687392500088,-0.725812407386054,-0.729496829504051,0.0475794782206906,-0.73523612507027
0.0936825592260884,0.00565391779749177,0.692129295250194,0.68647537746673,1.46241717131725,-1.32150610354581,-1.40953474498215,-0.723059367518478,0.0472285085485794,-0.728713285319817
0.0927159968545014,0.00556984234536094,4.73497448151873,4.72940463917583,5.49612129004505,-5.35651921406944,-5.44366536856879,-0.714260729396387,0.0468860791314034,-0.719830571749158
0.0917805866069053,0.00548772838324638,10.7377248955544,10.7322371671934,11.4913887177628,-11.3530526180545,-11.4393454762985,-0.707108309110103,0.0465555130936811,-0.712596037478953
0.0907762073567798,0.00540117645546598,10.3363418422912,10.3309406658381,11.082809840589,-10.9458385631999,-11.0312135940984,-0.700272928257459,0.0461950700362285,-0.705674104715188
0.0897887174107507,0.00531585065673302,9.30975352857349,9.30443767791217,10.0492716966015,-9.91364252118204,-9.99811538791649,-0.693677710007652,0.0458404580347826,-0.698993560677735
0.088793229544309,0.00523025548188296,14.2248488496607,14.2196185941929,14.9588267133694,-14.8245523569122,-14.9081153309747,-0.688496736785118,0.0454811269174845,-0.693726992248729
0.0877252701991007,0.00513988788501225,8.52946813177816,8.52432824389422,9.25837984025142,-9.1255578553641,-9.20814323768679,-0.683814993789564,0.0450967146902014,-0.688954881679441
0.0865614572395113,0.00504376776563954,11.5983490263917,11.5933052586231,12.322172826734,-12.1909372207021,-12.2724549101699,-0.679149651549557,0.0446741487962113,-0.68419341931316
0.085326020918792,0.00494381776387261,10.5654718291904,10.5605280114253,11.2846732031404,-11.1551228344392,-11.2355050376045,-0.674977026181748,0.0442243477668902,-0.679920843951956
0.08404171500417,0.00484038077657309,9.15696446608754,9.15212408530849,9.87312335061974,-9.74531343508665,-9.82451476930868,-0.67239068400156,0.0437682005272458,-0.677231064781866
0.0827401295781499,0.00473479283088863,11.8814812696137,11.8767464767769,12.5940475256694,-12.467977145364,-12.5459824820878,-0.669236005312628,0.0433302507365839,-0.673970798157432
0.0813714661651297,0.00462599697570788,10.9544349619039,10.94980896492,11.6623490776814,-11.5381062064401,-11.6148516756055,-0.665042710683193,0.0428714050964088,-0.669668707684695
0.0800231645432228,0.00451909777399721,19.3075657880965,19.3030466903048,20.0106493599338,-19.888202774022,-19.9637068407675,-0.660660150463727,0.0424234213746914,-0.665179248262048
0.0786112080491306,0.00440922509632241,22.4104322689896,22.4060230438878,23.1071460099256,-22.9865878469161,-23.0607898298577,-0.65476678596833,0.0419469549673844,-0.65917601107755
0.0771251895526728,0.00429531704250676,22.6023810438776,22.5980857268271,23.2915874435521,-23.173017439973,-23.2458473124622,-0.647761585636529,0.0414448140319269,-0.652056902704264
0.0756344988247954,0.00418268019037975,19.7488107872203,19.7446281070106,20.4320224520775,-20.3154493847808,-20.3869012034056,-0.642273096398829,0.0409385684592648,-0.646455776610704
0.0742008786573164,0.00407429198635809,19.0148771471024,19.0108028551247,19.6916219401438,-19.5769682890356,-19.647094875704,-0.636292020578972,0.0404527724564525,-0.640366312562587
0.0728977261057062,0.00397359545420008,19.4242775180956,19.4203039226346,20.093944895001,-19.9810227747962,-20.0499469054342,-0.629642982796846,0.0400243941054157,-0.633616578261426
0.071623105588808,0.00387547277995685,17.206778257895,17.2029027851173,17.868533618792,-17.7573079117049,-17.8250555445017,-0.622152759384932,0.0396026015118537,-0.626028232168057
0.070310311617766,0.0037761532900216,13.7520813502557,13.7483051969462,14.4070459024804,-14.2975690115324,-14.3641031698402,-0.615797972891854,0.0391665793428912,-0.619574126198053
0.0690537913029505,0.0036793346684227,16.34223853697,16.3385592022852,16.9926169461917,-16.8847935900411,-16.9501680466489,-0.611608844365159,0.0387695648643415,-0.615288179052249
0.0678829607208494,0.00358722274430617,9.56404581396326,9.5604585912207,10.2097804479625,-10.1034787601201,-10.1677744980846,-0.607315906864954,0.0384187271294254,-0.610903129613107
0.0667907302962495,0.00349980754555141,8.65488880577163,8.65138899821974,9.29666405276563,-9.19176349041626,-9.25505441315748,-0.603665414936949,0.0381098320644663,-0.607165222484198
0.0658112797816895,0.00341888467068046,7.45974403797037,7.45632515329864,8.09970210190327,-7.99602934553951,-8.05842174063242,-0.602096587332962,0.0378614765841607,-0.605515472021178
0.0650147821204836,0.00334833585544045,0.517821553848599,0.514473217999432,1.15589280234162,-1.0531735378261,-1.11483998409114,-0.600366766092495,0.037704482398579,-0.603715101951499
0.0643744850447501,0.00328640809189438,1.05709201822261,1.05380561013105,1.69601261430303,-1.59400721319111,-1.65509529013922,-0.601289680007534,0.0376309160683014,-0.604576088119284
0.0638439091935254,0.00323140267029303,-2.60505458240875,-2.60828598507248,-1.96692811239448,2.06838043753725,2.00776793101006,-0.600518054063955,0.0376084159450009,-0.603749456723896
0.0633844219929239,0.00318084893190638,0.521664623515585,0.518483774574374,1.16021869530681,-1.05921084840512,-1.1194144214477,-0.600930646874033,0.0376234249208963,-0.6041114958112
0.062935332316259,0.00313065967552429,-0.343407721306895,-0.346538381001808,0.293846583164245,-0.19325635909416,-0.253061031725788,-0.599599412729278,0.0376548917534303,-0.602730072416936
0.0624520748111974,0.00307771541378248,-2.60722774081747,-2.61030545622941,-1.97006730645292,2.0702047347777,2.01083037538422,-0.599475080841577,0.0376853535197421,-0.602552796255587
0.0619834133146007,0.00302596252110214,-1.38410428605792,-1.38713024857898,-0.745379519085214,0.845089549425694,0.786132098625973,-0.60099814995233,0.0377266170175075,-0.604024112481168
0.0615662960844717,0.00297736425918461,-1.21625089394612,-1.2192282582244,-0.57539326107954,0.674758787145573,0.616169855314347,-0.603058402911096,0.0377992299640826,-0.606035767178765
0.0611311830964892,0.00292867245998838,-2.31872740229325,-2.32165607472973,-1.67584520323764,1.77483486285115,1.71663235219876,-0.605023722530719,0.0378584765112835,-0.607952394963951
0.0606604458837054,0.00287897791193058,2.16669753426267,2.16381855636217,2.81185133438137,-2.71329528149792,-2.77107674947286,-0.607258193114201,0.0378956070024825,-0.6101371710138
0.0601598822201292,0.0028289766822452,-0.268956718213682,-0.27178569489307,0.377394540914207,-0.279324887485261,-0.336655793033924,-0.608441487924534,0.0379097712105384,-0.611270464583869
0.0595958707271509,0.0027763867686051,-1.73816998460657,-1.74094637139068,-1.09071847164652,1.18820295059949,1.13138346665976,-0.609562904734571,0.0378886082198503,-0.612339291509116
0.0589618105801099,0.00272094094704934,2.8555385517142,2.85281761074093,3.50394436811976,-3.40715311117598,-3.46339398077855,-0.610576370035955,0.0378294463758832,-0.613297311001049
0.0582727419081903,0.00266304206346552,-2.20678820824717,-2.20945125030291,-1.55847224236518,1.65448475906638,1.59887505921454,-0.610576191088663,0.0377397747777436,-0.613239233142654
0.0575042236493394,0.00260119803410034,3.4452988756015,3.44269767757409,4.09345864770577,-3.99834525669126,-4.05324828229511,-0.610550604723139,0.0376091673654012,-0.613151802748136
0.0566430663750159,0.00253404749999053,1.89956280305193,1.89702875554957,2.54605322573207,-2.45197590252188,-2.50608492138831,-0.609056165841115,0.0374342568356562,-0.611590213325839
0.0557495806401503,0.0024657692297283,4.19782240980937,4.19535664059292,4.84156686744419,-4.74858168041661,-4.80186549183891,-0.606508851247173,0.0372356063649203,-0.60897462045868
0.0548192888332677,0.00239703780530243,11.2373231890995,11.2349261512737,11.8779714106968,-11.7861498988214,-11.8385721498323,-0.603645998558709,0.0370022230368108,-0.606043036365171
0.0538485723330872,0.00232787966588829,15.3501816295186,15.3478537498572,15.986357201916,-15.8957799590421,-15.9473006517062,-0.599446901851727,0.0367286705318182,-0.601774781518453
0.0528291293164893,0.00225773561835032,17.9305574873127,17.9282997517054,18.5614552193822,-18.4722150414288,-18.5227864351236,-0.594486683415296,0.0364110486340266,-0.596744419034481
0.051829743316484,0.00219050763614758,17.4896563504491,17.4874658428073,18.1174255302054,-18.0295136608695,-18.0791528965536,-0.591687053745598,0.0360821260162426,-0.593877561380331
0.0508487158162163,0.00212695406339393,14.7111584798838,14.7090315258205,15.3344671522049,-15.2478899639764,-15.2966117257216,-0.587580199905719,0.0357284724095902,-0.589707153963343
0.0498514132462424,0.00206439602310951,17.9812809169848,17.9792165209479,18.6002332191393,-18.5150454032708,-18.5628324205082,-0.583615899557486,0.0353364026005605,-0.585680295596717
0.0488595457198198,0.00200397111970996,12.6261505390807,12.6241465679618,13.2381995983994,-13.1544236443226,-13.2012792189299,-0.577132650969285,0.0349164083345492,-0.579136622097593
0.0478846817235512,0.00194628120886942,8.95641782601439,8.9544715448234,9.56026840107054,-9.47790525971724,-9.52384366024889,-0.569372115426279,0.0344784596264706,-0.571318396626437
0.0469064310643789,0.00189030116385046,3.39695087728845,3.39506057611521,3.99131559121295,-3.91040068539504,-3.95541681529535,-0.560356239182852,0.0340084747504194,-0.562246540355979
0.045909664815833,0.00183434338560934,-1.45867683251177,-1.46051117588398,-0.874746696228402,0.954175807508949,0.910100486055469,-0.550410689823863,0.0335194464648266,-0.552245033208794
0.0448869358220086,0.00177724397989249,2.25223246618062,2.2504552221936,2.82621905949343,-2.74831359220754,-2.79142328404816,-0.54096806185804,0.0330185314603182,-0.542745305838442
0.0438340267188443,0.00171930278437366,4.02892188218208,4.02720257939176,4.59346221653162,-4.51712667968803,-4.55924140362579,-0.532038824230175,0.0325015101354299,-0.533758127022298
0.0427932441949598,0.0016629820560812,2.62235805562171,2.6206950735736,3.17869983104364,-3.10392320784129,-3.14505346997508,-0.524358396406966,0.0319833790220907,-0.52602137845196
0.0417642233119662,0.00160716760535231,3.73894986999504,3.73734270239987,4.28786133757505,-4.21462359912019,-4.25478065484276,-0.517437952444246,0.0314735151481483,-0.519045120050843
0.0407205516145727,0.00155114440249227,0.989185246680361,0.987634102275606,1.53036801442137,-1.45869576303364,-1.49786517023277,-0.510231067962597,0.0309516997827218,-0.511782212367515
0.0397219982752133,0.00149803947765051,-0.131139488454408,-0.132637527925044,0.40448787449126,-0.334315116329782,-0.372539075144372,-0.505176603072442,0.030450759877949,-0.506674642545312
0.038756067831901,0.00144718108941738,-3.45420793177792,-3.45565511287503,-2.92448461602761,2.99320548676614,2.95589660002569,-0.499758512851265,0.0299648029011433,-0.501205693946453
0.0377395324629846,0.00139397867030733,-10.0073791598349,-10.0087731384987,-9.48372703369782,9.55092232748712,9.51457677367385,-0.494196364828508,0.0294557613007493,-0.495590343492819
0.0367372320017771,0.00134191376431343,-10.611152872904,-10.6124947866669,-10.0931002096331,10.1587909122047,10.1233955939687,-0.489099192699823,0.0289534705667168,-0.490441106470592
0.0358523221983347,0.00129605665636874,-17.1596622565617,-17.1609583132219,-16.6470354976219,16.7113975288219,16.6768412632677,-0.484117049952225,0.0285097089977582,-0.485413106605709
0.0350578312048882,0.00125561934858253,-18.0227505919684,-18.024006211319,-17.5150121268297,17.5781767603332,17.5443745484753,-0.479631662842185,0.0281068022879686,-0.48088728220836
0.0343571408268017,0.00122001579525067,-12.4463061515308,-12.44752616732,-11.9411562278746,12.0032738407791,11.9701367157294,-0.477389451597145,0.0277604720665213,-0.478609467394319
0.0337067015958494,0.00118703808906091,-12.423883340352,-12.4250703784541,-11.9195579910673,11.9807120587603,11.9481923952427,-0.476877983210249,0.0274473660821466,-0.478065021308134
0.0330775377376365,0.00115483102786461,-12.7512245718016,-12.7523794028155,-12.2480343913393,12.3082666097791,12.2763439030575,-0.476035499761666,0.027154680700288,-0.477190330778443
0.0324377163380757,0.00112216615283715,-13.4903723565098,-13.4914945226503,-12.9866754266725,13.0459756635437,13.0146601133495,-0.476834409298313,0.0268625205374107,-0.477956575441986
0.0318404542256429,0.00109212546662742,-5.84824041024971,-5.84933253569954,-5.34361471720228,5.40204637947079,5.37129805069039,-0.478034485006489,0.0265912080393603,-0.479126610472211
0.0312673895360958,0.00106403997020418,1.64306469180676,1.64200065183407,2.14926129447991,-2.09167084846529,-2.12187419803628,-0.479873546200286,0.026323056475244,-0.480937586170716
0.0307634461833349,0.00104035887563107,3.23770115927346,3.236660800386,3.74531954384737,-3.6884803552631,-3.71820344256526,-0.48154264217468,0.0260757424055094,-0.482583001069091
0.0303538622363109,0.00102200461198568,4.73692578311391,4.73590377852331,5.24466620754126,-5.18844659243433,-5.21777845006748,-0.481874671537837,0.0258657528745147,-0.482896676150502
0.0299804214537696,0.00100565653199744,3.61145722221826,3.61045156567234,4.11917010840844,-4.06352414980357,-4.09249891470885,-0.482047349033652,0.0256655371586525,-0.483053005586692
0.0296669968881756,0.000991822684236211,3.6749459226646,3.67395409997861,4.18249446984907,-4.12732191426422,-4.15599708846543,-0.48204298848689,0.0255055587114646,-0.483034811169769
0.0293990977105537,0.000979684204572723,1.55586718252441,1.55488749832889,2.06350197906271,-2.00872491133108,-2.03714432485383,-0.482256826524921,0.0253779700119422,-0.483236510724515
0.0292350415428204,0.000972208677269736,7.4091768821712,7.40820467348511,7.91735348350978,-7.86280532958667,-7.89106816243533,-0.482863488949566,0.0253131123919181,-0.483835697642788
0.0291683421381075,0.000969230299191034,12.1883529883475,12.1873837580591,12.6977204892925,-12.6432474221556,-12.671446533999,-0.484062775940055,0.0253047249977956,-0.485032006233059
0.0291255434789035,0.000967051720846738,13.4124640835299,13.4114970317993,13.9226427415615,-13.8682013264029,-13.89635981814,-0.484862786341308,0.025315871692313,-0.485829838056052
0.0290742199234411,0.000963849832364462,9.81742910842368,9.81646525857661,10.3289290140015,-10.2745199952361,-10.3026303653251,-0.486165106747546,0.0253347988352763,-0.4871289565785
0.0289891532045745,0.000958426239261308,13.467653550209,13.4666951239679,13.9797105140105,-13.9253748465751,-13.9534055735493,-0.486710449573095,0.0253465142201117,-0.487668875820842
0.0288814708542539,0.000951801023837016,11.3862660688648,11.3853142678525,11.8986128729164,-11.8443825070737,-11.872312176921,-0.48699790906451,0.0253488949746063,-0.487949710085208
0.0287643087999778,0.000944396136536745,4.89186165979654,4.89091726363013,5.40373333154968,-5.34961249526799,-5.37743240791865,-0.486515144287553,0.0253565274867546,-0.487459540433197
0.0286483681865717,0.000936419809412707,5.7670811750393,5.76614475522864,6.27875340652726,-6.22472788143657,-6.2524398298139,-0.486295074584169,0.0253771569022115,-0.48723149439682
0.0285820791697396,0.000930856733896975,14.2891986006968,14.2882677439697,14.8002586375984,-14.7462512302516,-14.7739024526689,-0.485634708700209,0.0254253281878568,-0.486565565449535
0.0285407306232279,0.000926867714020504,14.0817672879313,14.0808404202193,14.5918910207129,-14.5378723213971,-14.5654861843091,-0.484645764087403,0.0254779686812956,-0.485572631805624
0.028455515245955,0.000920644940820181,13.0515955868625,13.0506749418861,13.5591554366377,-13.505194509544,-13.5327293798167,-0.482054437935984,0.0255054118316305,-0.482975082899162
0.0283038325077629,0.0009110015240001,14.8390612107705,14.8381502092075,15.3437234701033,-15.2899212751545,-15.3173141061039,-0.479163896898113,0.0254983624570518,-0.480074898441742
0.0281223411218375,0.000900085385191002,15.4007850527229,15.3998849673331,15.9022956971874,-15.8486977355588,-15.8759199912935,-0.476035023959009,0.0254756204974378,-0.47693510934601
0.0279189707508602,0.000888369137224849,11.3038142774208,11.3029259082686,11.8030667330415,-11.749709227545,-11.7767398291266,-0.473813920859379,0.0254385347552591,-0.474702290006559
0.0276830487878246,0.000875710134789985,10.0612783549677,10.0604026448143,10.5576467419322,-10.5045927864306,-10.5314001250713,-0.470997480254152,0.0253709067016773,-0.471873190402066
0.0274043557596365,0.000861700499213986,9.60127474769178,9.60041304718957,10.0946789612137,-10.042010410973,-10.0685530662294,-0.46814001904596,0.0252641944820932,-0.46900171954359
0.0271005834925936,0.000846944501138391,3.77834659475228,3.7774996502342,4.26909079353607,-4.21685603483948,-4.24310967381586,-0.465610023579231,0.0251341752036901,-0.466456968092475
0.0267793831254371,0.000831688671672411,5.24558225500095,5.24475056632175,5.7322022647844,-5.6804358082676,-5.70638350271147,-0.46163293639085,0.0249870733898296,-0.46246462506767
0.0264396843392053,0.000815893359237013,2.70010397785915,2.69928808447627,3.18226873560422,-3.13100583411211,-3.1566296250675,-0.457341540589613,0.0248232171654398,-0.458157433964632
0.0260692798823075,0.0007989742288337,-3.56213414889819,-3.56293312314065,-3.08516099407977,3.13586714933864,3.11059684370072,-0.452336279440497,0.0246368753887562,-0.453135253683699
0.0256808674208679,0.000781680434893371,-3.62388957828777,-3.6246712587376,-3.15235532024675,3.20246740735796,3.17756822039099,-0.447103038346155,0.0244312196861886,-0.447884718797566
0.0252476326849283,0.0007627306584553,-7.87689614674926,-7.87765887743492,-7.41147853062518,7.46092361246871,7.43643871045151,-0.441220166984822,0.0241974491465769,-0.441982897655836
0.0247938163646165,0.000743047052888477,-13.8722247365527,-13.8729677836215,-13.4129179234202,13.4616630366861,13.4376122673791,-0.435355516244552,0.0239512968853214,-0.436098563313788
0.024342589469403,0.00072385384420619,-16.2152330519109,-16.2159569057596,-15.7617963059967,15.8098387109573,15.7862199753449,-0.429736930411139,0.0236998155049661,-0.430460784265584
0.0238789083268466,0.000704532890920903,-19.9161165455598,-19.916821078453,-19.4690219066402,19.5163355072884,19.4931611318681,-0.423659946587598,0.0234346923328288,-0.424364479485378
0.0234004499225998,0.000684926285547819,-22.619700256513,-22.6203851827925,-22.1788765655433,22.2254326286811,22.2027171050486,-0.417668077739268,0.0231556132396994,-0.418353004037924
0.022899158094196,0.000664766796319714,-21.8322024193021,-21.8328671861022,-21.3978293850831,21.4435846455616,21.421350254279,-0.411516931828836,0.0228561023853794,-0.412181698627801
0.0223778324072504,0.000644113205959776,-17.2849056943795,-17.2855498075958,-16.8574138384001,16.9023314877385,16.8805977685587,-0.404952039038286,0.0225398169449292,-0.40559615225027
0.0218370678528928,0.000622802973336624,-10.3403488939901,-10.3409716969839,-9.92033071462468,9.96438100156297,9.94316673669303,-0.397804960294987,0.0222132190939449,-0.398427763275451
0.0213006722837672,0.000601857823914368,-7.36658662871912,-7.36718848656542,-6.95363548574123,6.9968245113428,6.97612569688968,-0.391062789673718,0.0218883533193323,-0.391664647512397
0.0207756878516254,0.000581592963773131,-4.50503976071078,-4.5056213536795,-4.098716112292,4.1410546418429,4.12086054695912,-0.384760806722561,0.0215628417005714,-0.385342399686447
0.0202621937943469,0.000561893704927466,0.0477334277655031,0.0471715340516381,0.447282212665436,-0.405781351561322,-0.425481651653174,-0.37831011759882,0.0212386673155935,-0.378872011297752
0.0197781626030122,0.000543358328229991,-3.67411193198663,-3.67465529034391,-3.28041986673161,3.3211279020336,3.30189309777616,-0.372762192570377,0.0209298727064791,-0.373305550913993
0.019296096685814,0.000524721084392482,-2.71487396852334,-2.71539868961458,-2.32736706604097,2.36728760855915,2.34851623294365,-0.366882456666351,0.020624445826261,-0.367407177751535
0.0188261900658052,0.000506448646123993,-0.605775709809515,-0.606282158475946,-0.223669377378703,0.262821494089196,0.244501752675709,-0.361780405803009,0.0203259266480537,-0.36228685444868
0.0183829812469202,0.00048924412214504,-2.77436054223108,-2.77484978637767,-2.39722394938078,2.43564781050634,2.41775407338632,-0.35709571299316,0.0200408798763171,-0.357584957132275
0.0179637184012926,0.000472916513491346,-2.5599699665881,-2.56044288309401,-2.1869247027602,2.22466024471044,2.20716944283175,-0.353273440265881,0.0197718235584536,-0.353746356780164
0.0175896770829033,0.00045828498783182,-4.4129727721084,-4.4134310571141,-4.04291497841541,4.08003755018207,4.06290615808859,-0.35052489902959,0.0195328946886276,-0.350983184024436
0.0172549743031987,0.00044506906637645,-3.56443768774195,-3.56488275682473,-3.19658137365293,3.23315837164771,3.21634846641089,-0.34853429041497,0.0193220236853097,-0.348979359495827
0.016943183464638,0.000432818270025031,0.246766494970363,0.246333676696718,0.612797439680095,-0.576728449122522,-0.593238814335237,-0.346905137633767,0.0191258070880703,-0.347337955895194
0.0166503842623653,0.000421244059159874,2.9688768015709,2.96845555751479,3.33326085741958,-3.29766333756825,-3.31389247776739,-0.345436920254967,0.0189471355897571,-0.345858164319445
0.0163758332513914,0.000410249184335576,10.4083090670062,10.407898817817,10.7710066159511,-10.7358431814583,-10.751808765533,-0.343909947717503,0.0187876012456396,-0.344320196897765
0.016130124306328,0.000400599431648373,14.0339083470557,14.0335077476052,14.3955371794002,-14.3607611221366,-14.376490646997,-0.342982899391615,0.018645932957123,-0.343383498827902
0.015903268223022,0.000391879809551499,16.6511410722514,16.6507491924246,17.011392237016,-16.9769742224866,-16.992485610892,-0.341736418466082,0.0185147463088354,-0.342128298284741
0.0156839163340375,0.000384036185485976,20.6988743102982,20.6984902741147,21.0574875317823,-21.0234269449558,-21.0387268251019,-0.340236550989851,0.0183766704996002,-0.340620587163571
0.0154642333739063,0.000376627003489853,26.2208067656239,26.220430138606,26.5771039954848,-26.5434120751565,-26.5584996815119,-0.33806954290769,0.0182276869674276,-0.338446169913782
0.0152318798516043,0.00036914501360919,22.4540587936567,22.4536896486334,22.8076314347812,-22.7743367703753,-22.7891995052172,-0.335509856582567,0.0180627845555073,-0.335879001598099
0.0149772265705165,0.000360856335012802,16.8828465028442,16.8824856465144,17.2336155381907,-17.2007518562113,-17.2153682264565,-0.332882579943582,0.0178864553961457,-0.333243436278256
0.0147262556927299,0.00035286624485987,9.32702953196461,9.32667666570366,9.67450241194074,-9.64206647216576,-9.65643986160231,-0.329763195898512,0.0177096840855654,-0.330116062141788
0.0144932782349871,0.00034562326004716,3.53200912715929,3.53166350391785,3.87562954211354,-3.84359367358382,-3.85774132856973,-0.326077824651261,0.0175425902843829,-0.326423447907235
0.0142696591834488,0.000338856469336589,7.01595547676233,7.01561662029231,7.35608698976424,-7.32443706618005,-7.33836786890033,-0.322751248610614,0.0173802643836059,-0.32309010507633
0.0140533803494247,0.00033250582504898,9.80858437239398,9.80825186656163,10.1445226578465,-10.113247274645,-10.1269681491613,-0.31871628260468,0.017222002862563,-0.319048788445116
0.0138487037030511,0.000326588605978572,7.9750364375422,7.97470984892615,8.30722747601123,-8.27630267652755,-8.28982479161657,-0.315114942689284,0.0170760957705309,-0.315441531322415
0.0136563956902242,0.000320978936050504,9.86062940714774,9.86030842819336,10.1894350290476,-10.1588334663201,-10.172168883072,-0.311860454882395,0.0169451670284248,-0.312181433826591
0.0134818685540624,0.000315801201585546,11.2726774256988,11.2723616244756,11.5980083815332,-11.5676914585807,-11.5808575259231,-0.308495901449899,0.0168350543934296,-0.308811702671397
0.0133187257873928,0.000310911470254842,4.28120022954599,4.28088931808455,4.60296797822388,-4.57290886356769,-4.58591667790384,-0.305027359814643,0.0167403888495062,-0.30533827128716
0.0131704278292082,0.000306397806798751,4.86127938611109,4.86097298828698,5.17913502782033,-5.14930374990745,-5.16216777993069,-0.301194791642241,0.0166608500853271,-0.301501189455376
0.0130508369327214,0.000302594960590262,0.285293497681886,0.284990902736116,0.599533980782438,-0.569871700696897,-0.582619942675944,-0.297629039944127,0.0166114431528616,-0.297931634902455
0.0129526518846421,0.00029907641304246,2.60663251004538,2.60633343361253,2.91798644563033,-2.88844403088331,-2.90109760635268,-0.294764172738899,0.0165897628590098,-0.295063249159521
0.0128690478047112,0.000295671575546149,5.53774652775898,5.53745085617128,5.84641231454147,-5.81695443212461,-5.82952780833215,-0.292076952164663,0.0165888346289647,-0.292372623754464
0.0128013164581563,0.000292611823383759,9.12860614492624,9.12831353309168,9.43520029675916,-9.4057976871591,-9.41830639178582,-0.289992858693877,0.0166012931418713,-0.290285470520768
0.0127346273565953,0.000289571442549905,11.8451392139354,11.8448496424701,12.1494171168941,-12.1200729004307,-12.1325179563176,-0.287668313844328,0.0166095891385396,-0.287957885293552
0.01268392125465,0.000286996690420646,11.2485305744715,11.2482435777775,11.551151109777,-11.521841329619,-11.5342382541828,-0.285994676400327,0.0166258589069647,-0.286281673084724
0.0126299941640771,0.000284381794577611,9.09068361651451,9.09039923472746,9.39221522818791,-9.36295457600751,-9.37530018839647,-0.284900953662679,0.0166306580230809,-0.285185335452901
0.012575182799916,0.000281810081691506,7.02395063557276,7.02366882546855,7.32472775838871,-7.29552561008694,-7.30781898277971,-0.284150157307648,0.0166269655118129,-0.284431967399634
0.012512753660129,0.000279093306037381,2.7412947092094,2.74101561589733,3.04155041064806,-3.0124285507296,-3.02466221109421,-0.283646595192439,0.0166091062520555,-0.283925688511487
0.012436044005545,0.000276012407693617,-4.94349745238938,-4.9437734648009,-4.64425919358813,4.6732680536569,4.66110802206142,-0.28266544273554,0.0165728160605084,-0.282941455143686
0.0123413372612889,0.000272427624466207,-4.74049031490322,-4.74076274252515,-4.44246425389867,4.47132457634286,4.45925566669291,-0.281507075830083,0.0165189851755179,-0.281779503461111
0.012234381265645,0.000268498000954038,-5.87090943518038,-5.87117793318826,-5.5751220001545,5.60381053258953,5.5918446493159,-0.279333283867804,0.0164541511539487,-0.279601781868418
0.012117780205152,0.000264285710405837,-5.99453109356034,-5.9947953792953,-5.70073710049641,5.72923814431281,5.71738464983085,-0.277410729467904,0.0163832636057029,-0.27767501519296
0.0119963027788027,0.000259915374461978,-6.58668389702913,-6.58694381240958,-6.29463416628089,6.32293887873881,6.31120249132338,-0.275741321088129,0.0163084096558106,-0.276001236463949
0.0118698374930755,0.000255413932917663,-3.50304965273069,-3.50330506667277,-3.21309441032315,3.24119095014797,3.22957652657864,-0.273728540085034,0.0162267023235907,-0.27398395402795
0.0117418417551865,0.000250876713743247,-3.15763061551854,-3.15788149224032,-2.86938048416361,2.89726290122386,2.88577193618468,-0.272109556059881,0.0161405753010721,-0.272360432773115
0.0116089960538481,0.000246256859601992,-2.85728489690681,-2.85753115373858,-2.57031879973651,2.59797268294783,2.58660994373548,-0.270921210005365,0.0160448871479916,-0.271167466849581
0.011472348276294,0.00024167151609843,5.03946797740628,5.03922630587524,5.32459860592872,-5.29718871082295,-5.30841938758349,-0.269193081710618,0.0159375468299028,-0.269434753208954
0.0113203802625255,0.000236757752187803,8.42782397039322,8.4275872126278,8.71115689956428,-8.68402485724231,-8.69510847972584,-0.267521267096341,0.0158116620696834,-0.267758024866404
0.0111552077577249,0.000231555760118556,10.4765074284896,10.476275872707,10.7584518824683,-10.7316273140665,-10.7425509660475,-0.266275093338178,0.0156693606486893,-0.266506649103048
0.010986034595928,0.000226251523945376,7.03721808997957,7.03699183844137,7.31779434952697,-7.29128632634202,-7.30204610940498,-0.265054270961124,0.0155219885964294,-0.265280522480317
0.0108160229811157,0.000220947445934119,13.6435387615226,13.6433178140614,13.9224540943789,-13.8962656648634,-13.9068607404023,-0.263542926340591,0.0153724065295023,-0.26376387377408
0.0106535240147078,0.000215810114939573,9.65986938416153,9.6596535740458,9.93711745185937,-9.9112346068877,-9.92167232078305,-0.262018746741327,0.0152293209585172,-0.262234556858869
0.0104973079556141,0.000210849705819254,8.84182156745274,8.84161071772011,9.11758842404689,-9.09200344252082,-9.10228990076112,-0.260679183039765,0.0150876735603284,-0.260890032755088
0.0103496370169147,0.000206116991492298,8.60101122305203,8.60080510605918,8.87483206082206,-8.84953133961859,-8.85967485962976,-0.258869753569112,0.0149510841996208,-0.259075870563659
0.0102064950618824,0.000201504528875471,8.86952610539392,8.86932460085746,9.14157326860431,-9.11654794039621,-9.126552930917,-0.257228330055293,0.0148188331487645,-0.257429834586261
0.0100769254144107,0.000197204650561637,12.7513315642241,12.7511343595701,13.0218067530457,-12.9970302727984,-13.006909993562,-0.255775633995456,0.0146995548364958,-0.255972838649242
0.00995765653831669,0.000193172913050122,12.3575153337797,12.3573221608569,12.627453899707,-12.6029089367512,-12.612673420376,-0.255351259516526,0.0145873064083044,-0.25554443244253
0.00985220456912216,0.000189500381858735,13.605154617561,13.6049651171703,13.8745271690241,-13.8501875283006,-13.8598502324926,-0.25488511531578,0.0144874361553037,-0.255074615695263
0.00975215678629117,0.000186035485369804,14.4947660942358,14.4945800587355,14.7640526531573,-14.7399112618936,-14.7494773831924,-0.254897324455471,0.0143892344708357,-0.255083359953738
0.00965714256688265,0.000182732878627565,13.3929771447244,13.3927944118533,13.662391934121,-13.6384406339403,-13.6479150436396,-0.255120631782641,0.014294157607115,-0.255303364653236
0.00956589841841384,0.000179520700456334,12.4301790001628,12.4299994794624,12.7000894436506,-12.6763190819371,-12.6857054596636,-0.255705980195974,0.0142044632930256,-0.255885500905934
0.00947236208778248,0.000176291643986723,7.92780597101303,7.92762967937856,8.197802161792,-8.17421929260522,-8.18351536306446,-0.25588568368308,0.0141105070984873,-0.256061975312699
0.00937189565576881,0.000172923293699618,5.58277716603134,5.58260424272953,5.85215071478607,-5.82876461220473,-5.83796358456081,-0.25535934183075,0.0140142069218895,-0.255532265136442
0.00927397742119877,0.000169685614576782,7.29478143806777,7.29461175241653,7.56337121365261,-7.54017368940509,-7.54927798118818,-0.25466622876961,0.0139235468357652,-0.254835914399573
0.00917478723304873,0.000166479772838345,5.89569282593645,5.89552634615567,6.1628222904617,-6.13981189676565,-6.14882020420691,-0.253293858044426,0.0138356064760105,-0.253460337816076
0.00907445582991106,0.000163349418460135,3.21247896037913,3.21231561096072,3.4789421149372,-3.45612138745455,-3.46503249387112,-0.252716882906937,0.0137462716740719,-0.252880232320624
0.00896177882060727,0.000160028794155872,6.62120326842449,6.62104323961733,6.88677801896544,-6.86417146241829,-6.8729732124483,-0.251929972831625,0.0136447777198125,-0.25209000162383
0.00883203198358532,0.000156434618508619,-1.23022495069499,-1.23038138530841,-0.965590220922197,0.987947320794792,0.979271723425868,-0.251109661883816,0.0135250678865205,-0.251266096503654
0.00869335471068675,0.000152779856662332,-5.47853965500227,-5.478692434874,-5.2151549298776,5.23724146065211,5.22870088581166,-0.249991549067464,0.0133931760680335,-0.250144328915924
0.00853910685930513,0.000148906091914175,-8.6304753332087,-8.63062423928349,-8.3695336015066,8.39131824653425,8.38292804575713,-0.247696193528499,0.0132455381552804,-0.247845099612381
0.00837197902171616,0.000144870238119792,-10.4310345344942,-10.4311794047352,-10.1733430352327,10.1948015253157,10.1865744165356,-0.244604988194698,0.0130865110592218,-0.244749858430781
0.00820239289302607,0.000140887909578802,-13.1067754873898,-13.1069163753001,-12.8519699211478,12.8730991209285,12.8650376159503,-0.241878759358268,0.0129268068814977,-0.242019647265584
0.00803641178957445,0.000137021203061061,-16.315455250478,-16.3155922716787,-16.0637189555283,16.0845307198755,16.0766313292869,-0.238960942394323,0.012775352550959,-0.239097963594103
0.00786465112992406,0.000132996553194911,-16.7957715913418,-16.795904587898,-16.5474911059273,16.5679809256212,16.5602492710408,-0.235655316858203,0.0126251685722431,-0.235788313407212
0.0076922901640886,0.000128983511373155,-16.3348585383422,-16.3349875218641,-16.0900689792698,16.1102412662494,16.1026779595992,-0.232309562261733,0.0124799968034495,-0.232438545784505
0.0075195034440024,0.000124993619117144,-21.6185812712122,-21.618706264835,-21.3779627802328,21.3978208829998,21.3904263731639,-0.228279891670641,0.0123385993054848,-0.228404885301623
0.0073605089215788,0.000121307977456219,-19.72180810681,-19.7219294147815,-19.4848145583576,19.5043918794765,19.4971526785324,-0.224776736253251,0.0122168121963345,-0.224898044229462
0.00721691077958839,0.000117946200052854,-19.4477375157936,-19.447855461986,-19.2140943685008,19.2334264157974,19.2263274512226,-0.22152801076506,0.0121151365201902,-0.221645956963529
0.00708774226944825,0.000114887654129687,-21.5623998819734,-21.5625147696399,-21.3309118593491,21.3500316195569,21.3430587649521,-0.219456004680197,0.0120320179477568,-0.219570892344367
0.00697107237887698,0.000112086757601205,-16.7576081549294,-16.7577202417118,-16.5282163219721,16.5471501325832,16.5402911469787,-0.217429094733655,0.0119627382235696,-0.21754118151541
0.00687136087182862,0.000109588521224084,-16.174994285272,-16.1751038738044,-15.9467654621669,15.9655500585541,15.9587882862054,-0.216315587595672,0.0119132355095213,-0.216425176128606
0.00678008599152501,0.000107248578912083,-12.0248410394128,-12.0249482879974,-11.7972486926853,11.8159010893345,11.8092282519396,-0.215720036052474,0.0118723106634746,-0.215827284646207
0.00670437831648845,0.000105236499254439,-11.4560183322881,-11.4561235687942,-11.2285777534136,11.2471277426583,11.2405286008584,-0.215594967940448,0.0118456109411586,-0.21570020444502
0.00663250998482543,0.000103336992194791,-7.26343245349532,-7.2635357904895,-7.03629486687007,7.05474454907425,7.04821537606295,-0.215320414425018,0.0118171722033429,-0.21542375142649
0.00655964455943812,0.000101437357745782,-6.44835018875635,-6.44845162614381,-6.22191934387287,6.24025968394976,6.23380147678082,-0.214650149364839,0.0117806955240101,-0.214751586750416
0.00648476365877658,9.9516495884884e-05,-8.14386916877358,-8.14396868527031,-7.91787716900781,7.93609955239465,7.92971430523154,-0.214254380041209,0.011737619722322,-0.214353896544448
0.00641120536627557,9.76419639280401e-05,-5.6758097101388,-5.67590735210697,-5.44989773388174,5.46799950194735,5.46168593855835,-0.214221413548904,0.0116905627093801,-0.214319055519846
0.00633876075229605,9.58342604751837e-05,-5.11404435394945,-5.11414018820981,-4.88858129404168,4.9065597527355,4.90031682623643,-0.213823361971562,0.0116396979376786,-0.213919196240296
0.00626842735427548,9.40782795918144e-05,-6.67168459854432,-6.67177867682561,-6.44622273784311,6.46408256861645,6.45790821955511,-0.213870457271286,0.011591403426896,-0.213964535558797
0.00619804740302352,9.23611990749054e-05,-0.105856298619023,-0.105948659832466,0.119830575288772,-0.102093588664451,-0.10819927486048,-0.2141479346947,0.0115389392256252,-0.21424029590571
0.00612763150783384,9.06792787004143e-05,0.220876006955513,0.220785327654977,0.446889123937298,-0.42927757574678,-0.435314527961658,-0.214529200314374,0.0114839166807046,-0.214619879603143
0.00605524253902054,8.90041574785093e-05,4.36101597291395,4.36092696875613,4.58761819822653,-4.57014028125816,-4.57610651965373,-0.215179550891891,0.0114226744269144,-0.215268555041846
0.00597719465648489,8.72335702622539e-05,8.2386680247721,8.23858079122831,8.46565143236428,-8.44832235678172,-8.45421231787835,-0.215631526651346,0.011351880930511,-0.215718760205599
0.0059008245524725,8.55012460131166e-05,7.26258398162199,7.26249848040834,7.49015586174376,-7.47297299551335,-7.4787883188499,-0.216289838436137,0.0112820416705041,-0.216375339681923
0.00582841995549619,8.38640239180235e-05,6.24492829089506,6.24484442686379,6.4734383927612,-6.45639562060553,-6.46214017653643,-0.217295749658215,0.0112143522044743,-0.217379613689883
0.00575748050745587,8.22687688110753e-05,6.48293246159265,6.48285019281377,6.71241443158323,-6.6955076407938,-6.70118285250982,-0.218332659712797,0.0111493102851651,-0.218414928494392
0.00568609299505649,8.06887633193454e-05,9.39170496390392,9.39162427513246,9.6217507819088,-9.60498111538405,-9.6105865196124,-0.218962244483956,0.0110835735218595,-0.219042933248689
0.00561612151269923,7.91584808593009e-05,12.130791725808,12.1307125673196,12.3615522691656,-12.3449168051362,-12.3504537681549,-0.21974120084133,0.0110193425177418,-0.219820359337575
0.00554372958949359,7.76191836221196e-05,8.45397054739668,8.45389292820479,8.68465055132319,-8.66815669352503,-8.67362280393361,-0.219729875728141,0.0109501281896071,-0.219807494924095
0.00547277749506114,7.61409601933378e-05,8.41179377104059,8.41171763009176,8.64195081594231,-8.62559825782479,-8.63099489437368,-0.219277264274167,0.0108797806145705,-0.219353405243298
0.0054072609743279,7.4789209736636e-05,9.29209870171115,9.29202391248795,9.52209942636761,-9.50587819524352,-9.51121066699883,-0.219186754521631,0.0108139701308382,-0.219261543735214
0.00534824264734491,7.35745476549754e-05,3.9519877400142,3.95191416546878,4.18194281656125,-4.16584046244095,-4.17111513054675,-0.219200965072969,0.0107541114567717,-0.219274539616325
0.00528833941503114,7.23678900600493e-05,4.81375244529931,4.81368007740854,5.04369886946187,-5.02771940655496,-5.03293537808084,-0.219255300674947,0.0106911234779598,-0.219327668558699
0.005231550046622,7.12164183055839e-05,5.7679305109476,5.76785929452422,5.99795209961845,-5.98208475089926,-5.98724508454166,-0.219385790017489,0.0106357986626077,-0.219457006428356
0.0051712997941494,7.00191404594451e-05,7.93209054885682,7.93202052971503,8.16171895611857,-8.14597137292496,-8.15107265358988,-0.219052123873037,0.0105762833806487,-0.219122143014741
0.00510900771762158,6.87979536893098e-05,4.82882370677957,4.82875490881694,5.05801364814544,-5.04238927715677,-5.04742948692568,-0.218674578113604,0.0105153632607534,-0.218743376063674
0.00504061168619043,6.74915782821277e-05,6.79699858424115,6.79693109265588,7.02502610231931,-7.00953907841311,-7.01451219852118,-0.217581105864932,0.0104464122065478,-0.21764859745317
0.00496789301877735,6.61308408793572e-05,5.44848829554914,5.44842216470474,5.67514706638291,-5.65980901653255,-5.66471077870808,-0.216288614005746,0.0103701568282794,-0.216354744842609
0.00488927310777953,6.46844856075371e-05,2.24612289813593,2.24605821365033,2.47052221323759,-2.45534714046367,-2.4601717290808,-0.214113515430463,0.0102857996709249,-0.214178199918291
0.0048043354132925,6.31302052998392e-05,-3.1841449008936,-3.18420803109969,-2.96222190756036,2.9772215099141,2.97248030470766,-0.211727726391068,0.0101952669487911,-0.21179085659122
0.00471711935148736,6.15482882888892e-05,-8.98233551750855,-8.98239706581731,-8.76308716734621,8.77790597220707,8.77325040115672,-0.209146664660936,0.0101016855041962,-0.209208212959407
0.00463308330939357,6.00045876336746e-05,-10.1843217248532,-10.1843817294689,-9.96812061903468,9.98277104359522,9.97819796488625,-0.206183764585534,0.010017341255338,-0.206243769181539
0.00455316118045237,5.85136021893794e-05,-10.630614414326,-10.630672927942,-10.4172732006395,10.4317715422545,10.4272768946966,-0.203396033246769,0.00994518044253877,-0.203454546857783
0.0044752040514098,5.70502496017659e-05,-12.6351808770444,-12.6352379273222,-12.4247163988078,12.4390713359068,12.4346531821366,-0.200584745181424,0.00987973306588833,-0.200641795444376
0.00439424279794835,5.55197336322712e-05,-14.6057566807106,-14.605812200472,-14.3978515629452,14.4120630950434,14.407724371985,-0.198087828487938,0.00981728929864058,-0.198143348223833
0.00431017334477033,5.39262904862505e-05,-11.231698381426,-11.2317523077328,-11.0263900252437,11.040455159576,11.0361989125206,-0.195553395211103,0.00975496097726578,-0.195607321522406
0.00422618940967679,5.23380175833857e-05,-8.10404186881445,-8.10409420685149,-7.90132197096403,7.91524211594661,7.91106826456198,-0.193025942284757,0.00969395557870664,-0.193078280304377
0.00413867442274015,5.07061865698434e-05,-10.052768066277,-10.0528187724733,-9.85267261866402,9.86643809692679,9.86235012869695,-0.190468643774551,0.00962680383716969,-0.190519349962705
0.0040457496653511,4.90144735059191e-05,-7.28367878376227,-7.28372779825829,-7.08679773126307,7.10039057181329,7.09639383662461,-0.187333961629487,0.00954709087805193,-0.18738297611046
0.00394898155714097,4.7285618863283e-05,-10.261344591186,-10.2613918768191,-10.0675896716658,10.0809954812635,10.0770937853345,-0.184298091487727,0.00945682804795653,-0.184345377109758
0.00384553533185009,4.5483909272186e-05,-8.39692086351273,-8.39696634745312,-8.20687792735763,8.22007461611396,8.21627456470156,-0.180691782754155,0.00935115342317384,-0.180737266674062
0.00373693015308738,4.36251306050141e-05,-10.8949657238104,-10.8950093489577,-10.7087244526184,10.7216939305782,10.7180006255607,-0.177008723386222,0.0092325478145797,-0.177052348527009
0.00363031925725867,4.18303249289795e-05,-14.5851637354253,-14.5852055657637,-14.4025035138485,14.4152430959197,14.4116546069964,-0.173550958768261,0.00910926280795272,-0.173592789092737
0.00352753733309208,4.01268888760876e-05,-12.6243360775461,-12.6243762044357,-12.4451163687573,12.4576296259054,12.4541422154753,-0.170233988963372,0.00898571982802719,-0.170274115847496
0.003433090202018,3.85781817963624e-05,-14.083667148535,-14.0837057267208,-13.9070293141275,13.9193329512267,13.9159384392233,-0.167767287501242,0.00887054690643846,-0.167805865697972
0.00334493063419217,3.71611781193865e-05,-11.5619201308159,-11.5619572919986,-11.3876534369901,11.3997586657885,11.3964508963293,-0.165506395667907,0.00876029817471973,-0.165543556828378
0.00325637690377204,3.57726051230472e-05,-11.5274683021098,-11.5275040747184,-11.3556041828955,11.3675063249784,11.3642857206974,-0.163218354023527,0.00864576519061576,-0.163254126622201
0.00316768126341399,3.44026816576227e-05,-6.38616570791698,-6.38620011060848,-6.21700373298192,6.2286986408776,6.225565362323,-0.16063474828696,0.00852722665150193,-0.160669150982193
0.00307998824701712,3.30711813576599e-05,-3.0299223647023,-3.02995543590526,-2.86355184016892,2.8750374027984,2.87199048573308,-0.157964950171559,0.00840557438201037,-0.157998021353539
0.0029962858424112,3.18229887218181e-05,-0.294427235102583,-0.29445905809962,-0.130894678202254,0.1421768941769,0.139212431334184,-0.155246626764446,0.00828593014911984,-0.155278449736679
0.00291958059825952,3.06948031994819e-05,3.91960891641666,3.91957822160921,4.08037124229351,-4.06927662173334,-4.0721655075396,-0.152587285932593,0.00817503995506231,-0.152617980722895
0.00284820364514842,2.96566912323323e-05,3.01128627065446,3.01125661397409,3.16971376631567,-3.15879508262533,-3.16161362959603,-0.150357015619126,0.00807048005167421,-0.150386672311773
0.00278119453608237,2.86887284907702e-05,4.11129372002941,4.11126503128793,4.26733414460117,-4.2565827763004,-4.25933528210002,-0.148070250813018,0.00797017378236694,-0.148098939539189
0.00271852848647693,2.77960553504635e-05,5.08530757329209,5.08527977724919,5.23857835283959,-5.22798784360552,-5.23067857603812,-0.145398798785452,0.00787198076461803,-0.145426594830535
0.00265989107359472,2.69641306439543e-05,5.34326317408543,5.34323620995042,5.49391122274911,-5.48347397055977,-5.48610689749888,-0.14287068754811,0.00777736112767395,-0.142897651682402
0.0026037924338324,2.6176541960419e-05,6.14408448689836,6.14405831036127,6.29259707102691,-6.28231023130397,-6.28488784721162,-0.140829536850239,0.00768304728835335,-0.140855713399893
0.00255374365782164,2.54810675508021e-05,3.20593434925652,3.20590886818113,3.35240479491414,-3.34225413729179,-3.34478239988138,-0.138873531699879,0.00759691397544762,-0.138899012785984
0.00251044707637067,2.48940130270315e-05,1.23319850588512,1.23317361188037,1.3785301963905,-1.36850019496032,-1.37098574804018,-0.137812136161975,0.00751955434660187,-0.137837030171608
0.00246737562088283,2.4320676957191e-05,1.82026609832279,1.82024177764915,1.96429480286858,-1.95438754312688,-1.95683059807703,-0.136588820421017,0.0074398841248894,-0.136613141108382
0.00242100013225395,2.36999606433079e-05,2.02840357781519,2.0283798778524,2.17102113709354,-2.16124431519345,-2.16364161537071,-0.135261737518655,0.00735582176931257,-0.135285437481109
0.00237005824549893,2.30134143498595e-05,1.66187157915825,1.66184856573841,1.80295087406489,-1.79331458067289,-1.79566162549397,-0.133813059754376,0.00726623515809132,-0.13383607318909
0.00232063111554075,2.23584689898643e-05,3.21494516805452,3.21492280958763,3.35439636679982,-3.34489808189665,-3.34719635455474,-0.132273544972143,0.00717765379040226,-0.132295903449279
0.00227213899950715,2.17267388135803e-05,3.79371541024836,3.79369368350168,3.93145420355338,-3.92209463762287,-3.92434504988175,-0.130651366376056,0.00708742693360294,-0.130673093120753
0.00222667127728202,2.11442886345791e-05,3.68807457009126,3.68805342579711,3.82419199654896,-3.81496483679301,-3.81717036376762,-0.129116937973146,0.00700048847892503,-0.129138082285766
0.00218546583563401,2.06218420123307e-05,7.77949604845359,7.77947542661621,7.91404693103323,-7.90494128710258,-7.90710613109552,-0.127630704478067,0.00692017809524082,-0.127651326322115
0.00214878600353214,2.01606049597901e-05,7.14682024957719,7.14680008897189,7.28012292875716,-7.27112769928378,-7.27325632468778,-0.126456235718042,0.00684644347292632,-0.126476396326396
0.00211594494256988,1.97471617707445e-05,13.758583966026,13.7585642188571,13.8907214290704,-13.8818268356478,-13.8839230334209,-0.125358814565262,0.00677864848067817,-0.125378561720245
0.00208743726603861,1.9384217489261e-05,16.2758237223505,16.2758043381445,16.4070491598371,-16.3982430748964,-16.4003111279513,-0.124506789809898,0.00671864767727782,-0.12452617402965
0.00206154255301441,1.90542475931325e-05,18.1790031696678,18.1789841154177,18.3095211242989,-18.3007976474395,-18.3028401357517,-0.123856020338998,0.00666193428717574,-0.123875074597226
0.00203605180025188,1.87304446544314e-05,14.6242961406708,14.6242774102367,14.7538512645735,-14.7452081145209,-14.7472254358822,-0.122948025650118,0.00660709823278436,-0.122966756088889
0.00201175738903499,1.84200169198193e-05,11.6670325183173,11.6670140983023,11.7957490285833,-11.7871811120645,-11.7891744494361,-0.122160351135794,0.0065561591292493,-0.122178771146152
0.0019892739537973,1.81282762767506e-05,6.92086489395029,6.92084676567396,7.04887955792409,-7.04037997729133,-7.0423511229658,-0.121504357298682,0.00651030668380048,-0.121522485578806
0.00196900794466286,1.78517160106331e-05,5.70797509171292,5.70795724000777,5.83536227998135,-5.8269187661754,-5.82886992242159,-0.120912682420151,0.00647450585243069,-0.120930534132201
0.00195018864717367,1.75863298052601e-05,3.43433904061632,3.4343214542967,3.56118386161701,-3.55278829799827,-3.55472090032759,-0.120399446031047,0.00644537496901605,-0.120417032368659
0.00193304815116919,1.73304450813141e-05,3.03953529286096,3.0395179624195,3.16597481080321,-3.15761586235641,-3.15953158007505,-0.120013617653912,0.00642590027917276,-0.120030948112513
0.00191684476705404,1.70796572894177e-05,2.65721713344995,2.65720005380058,2.78329249099101,-2.77496226096075,-2.77686202607233,-0.119661972272081,0.00641338526158941,-0.119679051931528
0.00190102431807301,1.68324400199282e-05,1.14855744582316,1.1485406133897,1.27437883887605,-1.2660718282286,-1.26795602012521,-0.119415406734263,0.00640598631724041,-0.11943223917779
0.00188466071706008,1.65781767385404e-05,5.41436329130147,5.41434671313084,5.53987163690686,-5.53158743312018,-5.53345551566796,-0.119108802536731,0.00639954306529966,-0.119125380715223
0.00186778550770268,1.63241021653712e-05,8.06849670517589,8.0684803810589,8.19353866281596,-8.18528025584595,-8.18713171724085,-0.118651336181527,0.00639062143968141,-0.118667660301879
0.00184915741485615,1.60573778060365e-05,6.73426036688248,6.73424430950032,6.85858889147427,-6.8503641264731,-6.85219722651583,-0.117952917014483,0.00637560758622163,-0.11796897439878
0.00182949768811957,1.57821267314682e-05,1.37043809284663,1.37042231072793,1.49397935988938,-1.48579222549129,-1.48760594103919,-0.117183630308996,0.00635763672320195,-0.117199412442063
0.00180787110449592,1.54855878312282e-05,-3.09475065660514,-3.094766142209,-2.97214585504123,2.98028818676753,2.97849580126964,-0.116270340942331,0.00633446063722015,-0.116285826533443
0.00178614448832006,1.51902214561537e-05,-8.99029137264843,-8.99030656289104,-8.86886882107068,8.87696508995568,8.87519413568213,-0.115112427205745,0.0063101243868853,-0.115127617423581
0.00176402292801728,1.48895305225696e-05,-8.3809778359791,-8.38099272552592,-8.26062775451072,8.26867861128013,8.26692947788597,-0.114063247639946,0.00628683384362743,-0.114078137182347
0.00174151994450881,1.4587927272994e-05,-10.1462661983745,-10.1462807863228,-10.0269100334114,10.0349134789321,10.0331865469178,-0.113094239400209,0.0062619255807258,-0.113108827329745
0.0017173815151157,1.42741389934651e-05,-9.1847755895752,-9.18478986371594,-9.0664339902484,9.07438382521621,9.07268071783896,-0.112109145872631,0.00623245345990525,-0.112123420006759
0.00169327160600569,1.39636705304606e-05,-11.6904689270344,-11.6904828907323,-11.5729074554615,11.5808041870307,11.5791248790931,-0.111358011638419,0.00620345995055835,-0.111371975309289
0.00166851969026717,1.36524033384258e-05,-6.36750753070667,-6.36752118314734,-6.25086247394508,6.25870308744883,6.25704822018046,-0.11047296295987,0.00617209382188792,-0.110486615381309
0.00164210238829762,1.33270350718406e-05,-3.35537963092736,-3.35539295799043,-3.239844360921,3.24762412689833,3.24599535156784,-0.109397606419484,0.00613766360806326,-0.109410933466887
0.00161451674351583,1.29878648581206e-05,-6.49077258145924,-6.49078556934106,-6.37607673372584,6.38379542525963,6.38219389640246,-0.108591672933395,0.0061041748061411,-0.108604660816581
0.00158610042642559,1.26387397202041e-05,-6.31133357072439,-6.31134620949053,-6.19727659759051,6.20493460455624,6.20336114288696,-0.107985066601079,0.00607190654781987,-0.107997705354885
0.00155606517519357,1.22735838870092e-05,-8.03016975142905,-8.0301820250257,-7.91665033123296,7.92424200524452,7.92269821365706,-0.107483811370191,0.00603560884092279,-0.107496084954926
0.00152518299649912,1.19008082241196e-05,-6.66892297085161,-6.6689348716615,-6.55597363903497,6.56349530753492,6.56198202534727,-0.10695284632245,0.00599648551321344,-0.106964747130009
0.00149441434774617,1.1529932767008e-05,-9.90363559896711,-9.90364712891052,-9.79111465717828,9.79856794347217,9.79708505905876,-0.106562069851167,0.00595887195100814,-0.106573599784846
0.00146356609580265,1.11649629268053e-05,-9.21695303338135,-9.21696419834504,-9.10483492565802,9.11221782610692,9.11076542496867,-0.10619877337926,0.00591933434065232,-0.106209938332938
0.00143271986172472,1.08073604002638e-05,-5.36121457330593,-5.36122538068658,-5.25001467080593,5.25732207741343,5.25590016493036,-0.10532521575916,0.00587468676207849,-0.105336023128951
0.00140316035341475,1.04685535743123e-05,-3.63130356356831,-3.63131403213755,-3.52100063368508,3.52823257481587,3.52683988303724,-0.10447414910099,0.00582878079304501,-0.10448461766486
0.00137347871649456,1.0132941211944e-05,-0.681787129724172,-0.681797262682071,-0.572523304746388,0.579677339877654,0.57831399412975,-0.103483268556167,0.00578055643281728,-0.103493401502414
0.00134504540344615,9.81370799887864e-06,-0.264506426680583,-0.264516240395427,-0.156148703724048,0.163227965524221,0.161892733822976,-0.102623506573271,0.00573421639432263,-0.102633320280252
0.00131790214186522,9.51190834794378e-06,-1.06593768932948,-1.06594720123647,-0.958455640957505,0.965464338287236,0.964155948057848,-0.101791253178849,0.00569079521080353,-0.101800765084651
0.00129220381639789,9.22854281998121e-06,-4.06775274078078,-4.06776196933107,-3.9612083138402,3.96815139449033,3.96686841922931,-0.100893550106452,0.00565087683865415,-0.100902778658549
0.00126790311151303,8.96355484777915e-06,-3.68734271948491,-3.68735168304358,-3.581601241899,3.58848209032431,3.58722315077231,-0.100128532273248,0.00561294529888647,-0.100137495832197
0.00124427437985024,8.7101599862265e-06,-8.33556003377034,-8.33556874395179,-8.23065897933795,8.23747880421089,8.23624324000002,-0.0993255039574524,0.00557555049159238,-0.0993342141184568
0.00122101802063927,8.46369890722404e-06,-10.6111027314002,-10.6111111951048,-10.5070536076494,10.5138125206323,10.5125999663278,-0.0985112287859793,0.00553789498683597,-0.0985196924807307
0.00119773619396447,8.22190937483855e-06,-11.8880561835832,-11.8880644054976,-11.7849761522624,11.7916689613416,11.7904794470699,-0.0975849584328041,0.00549507290063235,-0.0975931803460538
0.00117433520234882,7.98441668785927e-06,-9.53435668015112,-9.53436466456696,-9.43236412854451,9.43898641712922,9.43782006635544,-0.0965445982201787,0.00544795338968942,-0.0965525826418445
0.00115176070204586,7.75722918925179e-06,-4.87901124796234,-4.87901900520663,-4.7782863268187,4.78483886302748,4.78369485957446,-0.0953241456333395,0.0054007755021476,-0.0953319028650743
0.0011289313153171,7.53255055962082e-06,-1.19257090380144,-1.19257843635709,-1.09324972910365,1.0997290506103,1.09860765186189,-0.0939707844969531,0.00535039019930892,-0.0939783170535089
0.00110760370615157,7.32604584378798e-06,1.39212174376652,1.39211441772339,1.49028695763864,-1.48387668763755,-1.48497696529313,-0.0928625475670246,0.00530266630125256,-0.0928698736188645
0.0010866150024652,7.12570604896291e-06,3.37956979376263,3.37956266806739,3.47704925471229,-3.47070629082643,-3.47178578013043,-0.0922231120695482,0.00525634887999791,-0.0922302377760497
0.00106455044924083,6.91749209825916e-06,3.02635520794117,3.02634829044502,3.12287683150413,-3.11660450697375,-3.11766213991053,-0.0913138494650816,0.00520777410037446,-0.0913207669537858
0.00104236447472266,6.71079641151938e-06,-0.942510306578133,-0.942517017393565,-0.846856088611497,0.853056612928453,0.852020959265302,-0.090496058131417,0.00515815985377288,-0.0905027689386894
0.00102078879615916,6.51440953345294e-06,-3.44776776318408,-3.44777427761346,-3.35286192159396,3.35899090853771,3.35797663416534,-0.0897976434472822,0.00510819815416016,-0.0898041578694867
0.0010003721476347,6.33105755112957e-06,-5.93256045283163,-5.93256678389327,-5.83836459575232,5.84442508666852,5.84343104558771,-0.0891357383023734,0.00506011877750636,-0.0891420693635448
0.000980321236001825,6.15426827044714e-06,-6.24671120705731,-6.24671736133941,-6.15330639243917,6.1592971321437,6.15832296519588,-0.0883943961468951,0.0050104184886685,-0.0884005504205961
0.000962096009859625,5.99515239687309e-06,-9.80329735329659,-9.80330334845019,-9.71050148434798,9.71642730322275,9.71547120235488,-0.0878321460952333,0.0049637228618643,-0.087838141239937
0.000945624220207609,5.85166989048206e-06,-7.17827134863659,-7.17827720031489,-7.08566244872942,7.09152927674648,7.09058950419424,-0.0876876961207244,0.00492120378853688,-0.0876935477892572
0.000931949239311083,5.73181935501863e-06,-5.18384812924508,-5.18385386106825,-5.09135749308298,5.09717631526314,5.09625009784465,-0.08760376322204,0.004886872928967,-0.0876094950453548
0.000920680914059701,5.6319175861899e-06,-1.09219358251109,-1.09219921444256,-0.999485485447142,1.0052654137534,1.0043503647481,-0.0878488496943776,0.00485924738778328,-0.0878544816076647
0.000911494821538122,5.54818317902331e-06,0.139020392349021,0.139014844164908,0.231827120741502,-0.226078264591301,-0.22698421122208,-0.0879693670608207,0.0048373613361291,-0.0879749152641943
0.000904039290178824,5.47816564190492e-06,0.911825436659327,0.911819958492385,1.0047003672575,-0.998976806448175,-0.99987536758725,-0.0880554091012575,0.00481952149957234,-0.0880608872634488
0.000897387467121997,5.41404874378089e-06,4.34551851254769,4.34551309851151,4.43822060671044,-4.43251949342477,-4.43341146684442,-0.0878983683350075,0.00480372583229082,-0.0879037823895512
0.00089230977742778,5.36077102850779e-06,3.92169345769103,3.92168809690795,4.01421026709382,-4.00852519505367,-4.00941214405954,-0.0877240471549744,0.00479276224869449,-0.0877294079368921
0.000888517068516177,5.3160241013076e-06,4.98981628664185,4.98981097061796,5.08202878439951,-5.07635334621451,-5.07723654727341,-0.0874255766524287,0.00478692110222868,-0.0874308926760209
0.000886038922323719,5.27993014735777e-06,4.64207467883355,4.64206939891758,4.7340354068622,-4.7283626684449,-4.7292434274437,-0.0871740285270627,0.00478669949395417,-0.0871793084585111
0.000884430894792891,5.25084509721534e-06,6.5711879196556,6.57118266882127,6.6629915391095,-6.65731745180088,-6.6581966318704,-0.0870139630512761,0.00478965641184691,-0.0870192138898115
0.000882771825535536,5.22052507170551e-06,9.0059631357012,9.00595791518815,9.09764909597505,-9.09197157024758,-9.09284912156001,-0.0868912063669359,0.00479475389254181,-0.0868964268865772
0.000880903383378443,5.18876416617742e-06,12.285875097376,12.2858699086124,12.3775878774452,-12.3719063834322,-12.3727820980562,-0.0869121894402614,0.0048005906233145,-0.0869173782120076
0.0008780275045218,5.15060347257828e-06,14.5884769482473,14.5884717976501,14.6797928724748,-14.6741122878015,-14.6749851647149,-0.0865133670648556,0.00480255716778085,-0.0865185176546389
0.000874241557428423,5.10634166578626e-06,12.5026520034267,12.5026468970737,12.593545281541,-12.587869865985,-12.5887390011984,-0.0860921041191482,0.00480117399502995,-0.0860972104728063
0.000869720151504923,5.05785406200601e-06,12.2804346668631,12.2804296090143,12.3710183713914,-12.3653519894554,-12.3662166517529,-0.0857870427378434,0.00479666178014701,-0.0857921005846648
0.000863598737923611,4.99894542020426e-06,11.1849613039038,11.1849563049683,11.2749274861284,-11.269278682281,-11.270137282079,-0.0851809771096133,0.00478520511470344,-0.0851859760464353
0.000855576420751327,4.92715303024931e-06,10.1532163976504,10.1532114704977,10.2423657133498,-10.236744828596,-10.2375954778609,-0.0843840073626688,0.00476530834012443,-0.0843889345170566
0.000845959704673412,4.84353039989319e-06,6.3841153356587,6.38411049213811,6.47221853493001,-6.4666345573633,-6.46747567354772,-0.083365181409161,0.00473801785541709,-0.0833700249266636
0.000834851246508177,4.7496315435777e-06,5.11028564236045,5.11028089272653,5.19735835844278,-5.19182021354822,-5.19265031516319,-0.0823694224355324,0.00470329364205089,-0.0823741720580252
0.000822903425500622,4.64988590025346e-06,1.63357153825056,1.63356688835034,1.71990839238899,-1.71442079940015,-1.71523905291984,-0.0816721645617392,0.0046646895766823,-0.0816768144661935
0.000809703986146881,4.54355221317739e-06,-0.53176541504766,-0.531769958621383,-0.446289288247524,0.451718614561586,0.450913454141724,-0.0808565044710892,0.00461962233085739,-0.08086104803982
0.000795973172054723,4.43678273230183e-06,-2.50018224632639,-2.50018668310698,-2.41551309686147,2.4208791737537,2.42008763736903,-0.0800990457304883,0.00457010372871971,-0.0801034825220451
0.000782114082532849,4.32920818686833e-06,4.26227909500192,4.2622747657744,4.3461382614627,-4.34083596146865,-4.34161374632291,-0.0793389805458645,0.00452018591734392,-0.0793433097635547
0.000767873890654512,4.21867449745261e-06,6.21657807245829,6.21657385378133,6.2996119601481,-6.29437513439735,-6.29513878961112,-0.0785649358267752,0.00446895186054413,-0.0785691545030828
0.000752982915179085,4.10350772712391e-06,11.1465710291247,11.1465669256109,11.228719403112,-11.2235511010997,-11.2242999804931,-0.0777330548847339,0.00441531910586141,-0.0777371584006067
0.000738183982250352,3.98978183681346e-06,13.3550202449235,13.3550162551332,13.4360686762827,-13.4309698916506,-13.4317040858406,-0.0766878307064356,0.00436060063677149,-0.0766918204952868
0.000724046427731206,3.88003058507097e-06,12.5787120260718,12.5787081460247,12.6589556166846,-12.6539224018153,-12.6546425682046,-0.0759344221805734,0.00430916842706529,-0.0759383022162495
0.00070961885583253,3.76877555057073e-06,10.2962982601525,10.2962944913704,10.3756900287249,-10.3707234994178,-10.3714293494854,-0.0751348581134303,0.00425691045813925,-0.0751386269052722
0.000695343741167796,3.65817895841552e-06,7.6165548075634,7.61655114939282,7.6951494270685,-7.69024807963958,-7.69093976518867,-0.0743886157952315,0.00420600369396602,-0.0743922739714181
0.00068103766523164,3.54723481731118e-06,9.04172050882678,9.04171696156435,9.11945631695537,-9.11461959324643,-9.11529708363408,-0.0735801220710292,0.00415568606497175,-0.0735836693242308
0.000666930116224306,3.43717086202202e-06,5.82764437272185,5.8276409355338,5.90447808241388,-5.89970424194074,-5.90036773486235,-0.0727267993290768,0.00410691037156598,-0.0727302365034884
0.000653087470112088,3.32972031191672e-06,7.51179173060279,7.51178840088746,7.58771597476046,-7.58300283491481,-7.58365259266416,-0.0718641917775069,0.00406005239233862,-0.0718675214888671
0.00063990427052604,3.22709155094288e-06,7.49286570908199,7.49286248199271,7.56799095950702,-7.56333378001783,-7.56397045717735,-0.0711079751852645,0.00401727523959257,-0.07111120226669
0.000627184195300986,3.12881348736085e-06,2.71195827160516,2.71195514279959,2.78644669312075,-2.78184204402269,-2.78246609941152,-0.0705109566104041,0.00397746490513267,-0.0705140854079961
0.00061477456636459,3.03349502029873e-06,0.47164990304018,0.471646869521628,0.545598926963927,-0.541043095897288,-0.54165483696026,-0.0700079674421392,0.00394105650010529,-0.0700110009395354
0.000602389442344333,2.94020256449344e-06,-2.59369732797521,-2.59370026818049,-2.52023894790165,2.52474732347843,2.5241478742485,-0.069552393933121,0.00390598616300086,-0.0695553341377219
0.000590113289853372,2.84834012780176e-06,-5.68009341856378,-5.6800962668944,-5.60707922120587,5.61154196851204,5.61095470355858,-0.0691415633365016,0.00387263402242785,-0.06914441166871
0.000578025168584491,2.75924903194921e-06,-5.36153242634781,-5.36153518559232,-5.28903282346409,5.29345044891541,5.29287518300451,-0.0686600025866789,0.00383960029224126,-0.0686627618395574
0.000565552655010112,2.66939405246888e-06,-7.91238563375564,-7.91238830314743,-7.84061978439157,7.84498987594041,7.8444269926738,-0.0679613104749894,0.00380453889213405,-0.0679639798590861
0.000553110184055636,2.58128677356347e-06,-7.74572859445552,-7.74573117572601,-7.67472077769103,7.67904307590588,7.67849254702101,-0.0672386287086154,0.00376918804224271,-0.0672412099858856
0.000540792395381585,2.49526840865438e-06,-10.8081311867192,-10.8081336819709,-10.7377384268327,10.7420130430981,10.7414747459558,-0.0666589360062822,0.00373382388084196,-0.0666614312712968
0.000528812289429852,2.41245763092162e-06,-8.70826080994205,-8.70826322237479,-8.63858710597446,8.6428145568178,8.64228815697921,-0.0659750653964814,0.00369863855159019,-0.0659774778495869
0.000517097142487909,2.33148325115182e-06,-6.19619301343074,-6.19619534489861,-6.12717849925247,6.13135913750442,6.13084437183862,-0.0653509730613447,0.00366354111805594,-0.0653533045233266
0.000506041237525099,2.25522793445689e-06,-7.11893232322531,-7.11893457846591,-7.05046037072225,7.05459666302074,7.0540928770349,-0.0648417014330426,0.00363025107973982,-0.0648439566679914
0.000495647633243696,2.18471894140262e-06,-11.0793285785366,-11.0793307632637,-11.0110802906964,11.0151749593532,11.0146814964465,-0.0646492668144238,0.00359902102694791,-0.0646514515324602
0.000485688704088605,2.11811987402604e-06,-11.9505247980966,-11.9505269162197,-11.8823645918827,11.8864202442239,11.8859366736537,-0.0645902425691529,0.0035699636472228,-0.0645923606926472
0.000476099244808548,2.05500353674384e-06,-15.3986342769737,-15.3986363319897,-15.3306583226373,15.3346763007588,15.3342022565343,-0.0644340754615141,0.00354187887389823,-0.0644361304682186
0.000466974588804331,1.99587315147194e-06,-18.5524647981318,-18.5524667939907,-18.484542962728,18.4885263659419,18.4880613872159,-0.0644054067732026,0.00351642863479904,-0.0644074026440914
0.00045829592136878,1.9404997341371e-06,-14.4819770717896,-14.4819790122909,-14.4142064503525,14.4181583983949,14.4177020429756,-0.0642769693150805,0.0034936521126752,-0.0642789098170773
0.000450455167297314,1.89143740748525e-06,-13.4236268262778,-13.4236287177071,-13.3560713927594,13.3599964732244,13.3595479094958,-0.0640808082107849,0.00347462528897947,-0.0640826996450246
0.00044306556615468,1.84591211545108e-06,-11.6290310207325,-11.629032866649,-11.5616016041762,11.5655026833999,11.5650614637572,-0.0639714028919794,0.0034580136763237,-0.0639732488013797
0.000436455299181771,1.80573581896208e-06,-9.67090753413578,-9.67090933987046,-9.60363226087331,9.60751343190677,9.60707878236287,-0.0638305575073678,0.00344471574711873,-0.0638323632513324
0.000430018404829954,1.76751267516115e-06,-5.00935628363796,-5.00935805114317,-4.94224325962368,4.94610329353738,4.94567504263889,-0.063683008508344,0.00343001550542049,-0.0636847760198879
0.000423786948110086,1.73096211067789e-06,-2.17719268890331,-2.1771944198704,-2.1102472001703,2.11408559493521,2.11366353896279,-0.0635308809121356,0.0034146078135248,-0.0635326118873698
0.00041770336803762,1.69651313124639e-06,-0.761946640785628,-0.761948337309959,-0.695217098277768,0.699031939506947,0.698615932656114,-0.0633324046582581,0.00339713785056327,-0.0633341011910747
0.000411285355368555,1.66122786215605e-06,2.23280576136926,2.23280410013846,2.29918733672977,-2.29540053247162,-2.29581015658691,-0.0630060564541051,0.00337551890192934,-0.0630077176987111
0.000404556704534849,1.6254230797928e-06,6.04816158914864,6.04815996374344,6.11381710512044,-6.11006224119042,-6.1104651724807,-0.0623052087386181,0.00335030722033832,-0.0623068341612454
0.000397899866002758,1.59037856075576e-06,12.5002347462475,12.5002331558663,12.5651814669897,-12.5614586352313,-12.561854944697,-0.0616217888327156,0.00332493189546036,-0.061623379226097
0.000391344071897172,1.55585446006703e-06,12.7785274086238,12.7785258527623,12.8427908928772,-12.839099091003,-12.8394888792187,-0.0609630264542758,0.00330045780126708,-0.0609645823078308
0.000384563114946623,1.51983245961057e-06,13.1503766572946,13.1503751374641,13.2138549431442,-13.2101948110887,-13.2105778543503,-0.0602027168950582,0.00327556893998572,-0.0602042367410338
0.00037761164722336,1.4827850087391e-06,9.68975293168036,9.68975144889948,9.75226938971241,-9.7486428595897,-9.74901898845714,-0.0592675395633772,0.00324891846338731,-0.0592690223467738
0.000370774114010285,1.44657565767726e-06,12.5174502703996,12.5174488238147,12.578955441669,-12.5753638709418,-12.575733198474,-0.0582843746566164,0.00322079661133019,-0.0582858212464159
0.000364076204967221,1.41088672496371e-06,12.5581951343814,12.5581937234901,12.6187652089399,-12.6152087327266,-12.6155713980509,-0.0573776745621303,0.00319239999891908,-0.0573790854556292
0.000357372418364584,1.3749461812922e-06,11.3243818917991,11.3243805168721,11.3840430971005,-11.3805220792266,-11.3808780767055,-0.0564975598339395,0.00316364545855025,-0.0564989347809127
0.000350494171240239,1.3374977820237e-06,13.4491750827508,13.4491737452497,13.5078481341956,-13.5043632103545,-13.5047123670164,-0.0555386217695682,0.00313442967818739,-0.0555399592732332
0.00034373142712173,1.30014803597253e-06,14.2445295144613,14.2445282143188,14.3023054584855,-14.2988558753966,-14.2991983066715,-0.0546700923551558,0.0031058516530311,-0.0546713925063596
0.000336735771807857,1.26130763075674e-06,13.0606437488156,13.0606424874997,13.1177283086053,-13.1143151417985,-13.1146506162556,-0.054008128757537,0.00307643102548484,-0.0540093900672041
0.000329737304424753,1.22236042664512e-06,7.9283142795522,7.92831305718818,7.98473253975142,-7.98135545471835,-7.98168396965177,-0.0533709124607904,0.00304734771772567,-0.0533721348283445
0.000322856562912638,1.18363496600365e-06,5.53653498247548,5.53653379882685,5.59221995857782,-5.58887767050344,-5.58919934341781,-0.0526655445910992,0.00301943151220323,-0.0526667282354554
0.000316223579452557,1.14565166718063e-06,2.60723601078363,2.60723486511895,2.66239382790092,-2.65908369595507,-2.65939877387358,-0.0521639087511203,0.00299390837029971,-0.0521650544111594
0.000309918857785078,1.10966315451354e-06,-1.50120191183846,-1.50120302151435,-1.44640214617959,1.44968119583356,1.44937238663734,-0.0518306348738926,0.00296913078781109,-0.0518317445270913
0.000303842106506417,1.07521508015743e-06,-0.355520801726399,-0.355521876937675,-0.301185784935662,0.304433357117737,0.304130590231175,-0.0513912867047608,0.00294373006702684,-0.0513923619208591
0.000298047420162385,1.04265861336297e-06,1.45414205386952,1.45414101121272,1.50809971237984,-1.50488363657544,-1.50518064132862,-0.0510396301186127,0.00291802838627535,-0.0510406727785837
0.000292639486107928,1.01263635765591e-06,5.44235414719667,5.4423531345606,5.49599196702202,-5.4928066278654,-5.49309825472193,-0.0507451201561059,0.00289269966565243,-0.0507461327844027
0.00028752149295413,9.84788093031669e-07,11.0734535224376,11.0734525376485,11.1266607302535,-11.1235056918398,-11.1237922285385,-0.0503396908882689,0.00286751691468306,-0.0503406756629025
0.000282580118021766,9.58560818427969e-07,10.9295998501263,10.9295988915474,10.9822882610519,-10.9791644120456,-10.979446033589,-0.0498471420356541,0.00284126887787622,-0.049848100613075
0.000277833246505585,9.34233297064423e-07,13.5118638011396,13.5118628668925,13.5640543438349,-13.5609622583211,-13.561239157309,-0.0493762904146946,0.00281425226847229,-0.0493772246533655
0.00027321253073256,9.10851579481705e-07,11.1829131751586,11.1829122643004,11.2346577513836,-11.2315966604312,-11.231868962089,-0.0489566977810345,0.00278787844123335,-0.0489576086429092
0.000268512224440035,8.8744089948656e-07,10.1855360169346,10.1855351294779,10.2368561554849,-10.2338268117087,-10.2340944364765,-0.0485593070003654,0.00276083154636648,-0.0485601944322141
0.000263883716872992,8.64606752513797e-07,12.3678929073323,12.3678920427211,12.4187452497732,-12.4157477526203,-12.4160107717359,-0.0481187290126463,0.00273361342034345,-0.0481195936171361
0.000259351040498219,8.42537394244191e-07,10.5759574435678,10.575956601016,10.6264168063805,-10.6234513859884,-10.6237098944765,-0.0477532934584357,0.00270606934595708,-0.0477541360064646
0.000254636357988225,8.19991966320312e-07,13.472577408253,13.4725765882626,13.5224820126121,-13.5195508940033,-13.5198047103786,-0.0472281221153289,0.00267648223963583,-0.0472289420966606
0.000250012734207977,7.98019451117261e-07,13.6372199857642,13.6372191877256,13.6864329812545,-13.6835366743807,-13.683785889085,-0.0465667013616062,0.00264629413225789,-0.0465674993787522
0.000245594041217462,7.77279648593146e-07,12.9766251762525,12.9766243989676,13.025241934516,-13.0223801312878,-13.0226249480472,-0.0460005490765448,0.00261620918599494,-0.0460013263597288
0.000240984418048398,7.55597662589756e-07,13.2235652952726,13.223564539658,13.2714845658279,-13.2686581753765,-13.2688984041907,-0.045333864529278,0.00258540602519011,-0.0453346201234051
0.000236221294998543,7.33360865373306e-07,13.112310637576,13.1123099042102,13.1595343083217,-13.1567443975507,-13.1569798855016,-0.0446699812891327,0.00255368947152381,-0.04467071463563
0.000231434346744166,7.11340381174671e-07,10.8936655588857,10.8936648475227,10.9402546844309,-10.937501547965,-10.9377322709706,-0.0440674234436534,0.0025217021070828,-0.0440681347862407
0.000226952995384516,6.90896538302549e-07,6.32558847949691,6.32558778860201,6.37162600126682,-6.3689067488173,-6.36913301090079,-0.0435452223045501,0.00249229945953794,-0.0435459131928861
0.000222678138784869,6.71535165594896e-07,3.29777954347555,3.29777887193829,3.34335021932036,-3.34066269323207,-3.34088469984381,-0.0431058279029229,0.00246484793895273,-0.0431064994230982
0.0002188674184205,6.54392132664098e-07,5.25249078663553,5.2524901322757,5.29766907842252,-5.29501008174096,-5.29522829480658,-0.0427381625268097,0.00244012923931126,-0.0427388168999923
0.000215326117277435,6.38727992917868e-07,4.9987661707558,4.99876553203016,5.04353169383313,-5.04089978322558,-5.04111447062505,-0.0423489385926521,0.00241658447386807,-0.0423495772976222
0.000212294490332738,6.25357314205726e-07,5.11413375993935,5.11413313456868,5.15834125193638,-5.1557328637283,-5.15594453287329,-0.0418113982998869,0.00239609370425124,-0.0418120236602133
0.000209609359734492,6.13561466669318e-07,3.90594566929036,3.90594505570884,3.94962243762852,-3.94703490825257,-3.94724390404838,-0.0412988483324027,0.00237792001049957,-0.0412994619029908
0.000207282752124457,6.03422812168985e-07,1.77363407397706,1.77363347055179,1.81689276599006,-1.81432343024226,-1.81453010956201,-0.0408966390138168,0.00236205301281251,-0.0408972424361764
0.000205190165332212,5.94067952954966e-07,4.36317723741134,4.36317664334056,4.40607631186329,-4.40352185736673,-4.40372645347191,-0.0405498101343527,0.00234926431873122,-0.0405504041757757
0.000203274156938083,5.85492363650319e-07,3.77800369779765,3.77800311230387,3.82061606339307,-3.81807512456879,-3.81827781323682,-0.040274700929899,0.00233766466761107,-0.0402752864224324
0.000201437038535106,5.77371122190626e-07,2.2110755803259,2.21107500295829,2.25356998939549,-2.25104154226076,-2.2512424019307,-0.040167398967095,0.00232701008840517,-0.0401679763364071
0.000199677058802402,5.69601049981613e-07,4.05082874740243,4.05082817781224,4.09315352967738,-4.09063521015698,-4.09083431762502,-0.0400061398092703,0.00231864246947282,-0.0400067093864489
0.000197945235059954,5.62493492956875e-07,2.80204250538619,2.80204194288613,2.84411392196021,-2.84160678054247,-2.84180416327976,-0.0397622203930105,0.00230919618734934,-0.0397627828950452
0.000196376295019922,5.56261143832675e-07,3.10248283448786,3.10248227822173,3.14433300309969,-3.14183625427556,-3.14203207430713,-0.0395497960887896,0.00230037253701867,-0.0395503523501597
0.000194833651040224,5.5028945642032e-07,1.53989824580085,1.53989769550426,1.58145451881227,-1.57896789490358,-1.5791621782709,-0.0392644827655631,0.00229179025230571,-0.0392650330576781
0.000193163807765446,5.44127703176411e-07,-1.64712084610417,-1.64712139021694,-1.6057765803194,1.60825255352532,1.60805993382928,-0.0390614563890776,0.00228280939196397,-0.0390620005214759
0.000191559565259891,5.38177737573377e-07,-0.821914031613796,-0.821914569797755,-0.78079853141979,0.783266067751233,0.78307504636603,-0.0388395234313296,0.00227597676290188,-0.0388400616265464
0.000189978062773469,5.32296557699858e-07,1.76050331112472,1.76050277883568,1.80145149363388,-1.79899359653116,-1.79918304229039,-0.0386802634546502,0.00226791903918041,-0.0386807957702145
0.000188385623356054,5.26247033804105e-07,2.7662742872088,2.76627376096471,2.8070238722014,-2.80457514725978,-2.80476300663268,-0.0384892456667259,0.0022603393116793,-0.0384897719326531
0.00018677768904799,5.20016494830681e-07,3.893992258234,3.89399173822483,3.93453012595263,-3.93208920795944,-3.93227546562014,-0.0382837273927285,0.00225414032154093,-0.0382842474351877
0.000185062426374999,5.13358760273955e-07,3.5875618139624,3.58756130060946,3.62792140264987,-3.62548887276187,-3.62567342182488,-0.0381121212168324,0.00224746746509775,-0.0381126345738957
0.000183215216381441,5.06192373348974e-07,3.1673909682089,3.16739046201393,3.20751169333877,-3.20508852222854,-3.20527123123275,-0.0378807692244252,0.00223995589871101,-0.0378812754325808
0.000181195995000176,4.98446738175447e-07,5.07009258439477,5.07009208595561,5.10986497205392,-5.10745314846957,-5.10763384599953,-0.0375417600447164,0.00223062759933023,-0.0375422585024286
0.000179096815638802,4.90161678070461e-07,4.70078684438284,4.70078635419916,4.74017479737534,-4.73777417437229,-4.73795278101664,-0.0371664268137983,0.00222152617791228,-0.037166916997877
0.000177171370928674,4.82249509025477e-07,4.51691646216504,4.51691597991157,4.55592050513233,-4.5535287136569,-4.55370540276986,-0.0367894228594197,0.00221462009723078,-0.0367899051151511
0.000175441100295593,4.74583520486125e-07,3.64095082402816,3.64095034945403,3.6796855340405,-3.67729893919145,-3.67747390571216,-0.0365235562586412,0.00221115375205556,-0.0365240308623562
0.000173855540356205,4.66915721795997e-07,2.70469305346257,2.70469258654663,2.74321426465054,-2.74082974505342,-2.74100313368376,-0.0363105471313599,0.00221066404036966,-0.0363110140566981
0.000172378377675778,4.591755170748e-07,0.690106739115379,0.690106279945858,0.728479687030363,-0.726094955897853,-0.726266875109826,-0.036160595160065,0.0022123527489227,-0.0361610543294163
0.000171079294008463,4.51743037985643e-07,2.76063393064357,2.7606334788813,2.79898293775237,-2.7965954979786,-2.79676612551515,-0.0361326466365631,0.00221636047184266,-0.0361330984078847
0.000169884730257145,4.44536827743575e-07,1.67961327457372,1.67961283002625,1.71795744565112,-1.71556632471771,-1.71573576490183,-0.0361229348744459,0.00222123618943859,-0.0361233794277912
0.000168679964496049,4.37305275390632e-07,0.560957430245534,0.560956992936186,0.599348145159662,-0.596955075496919,-0.597123318154725,-0.0361663252214242,0.00222438968851777,-0.0361667625349019
0.000167470077818406,4.30012177911282e-07,-3.76710874772295,-3.76710917772517,-3.72866596007472,3.73106034892839,3.7308933088765,-0.0362158688477933,0.00222691878926668,-0.0362162988766869
0.00016626374808704,4.22662965757854e-07,-4.18806286931465,-4.18806329198599,-4.14945922623795,4.15185507147067,4.15168923037819,-0.0363740616096933,0.00222958148677948,-0.0363744842784572
0.000164974678173821,4.15096535511221e-07,-6.28684212317902,-6.28684253827499,-6.24800652951415,6.25040250386481,6.25023794426914,-0.0366045940055532,0.00223099966218968,-0.0366050090941268
0.000163673501972207,4.07426926670315e-07,-5.34637349977568,-5.34637390719887,-5.3072917026235,5.30968820235956,5.30952493627852,-0.0368489709198964,0.00223282622990259,-0.0368493783502207
0.000162288521220084,3.99570872299409e-07,-6.49427699036824,-6.49427738993328,-6.45493218310148,6.45732854214041,6.4571666531814,-0.0371107367467841,0.00223407051561082,-0.0371111363183392
0.000160896279953196,3.91964618735689e-07,-5.3921125614373,-5.39211295338897,-5.35254119457885,5.35493656579943,5.3547760614781,-0.0373368919112821,0.00223447492937182,-0.0373372838617935
0.000159322183698676,3.83941125417937e-07,-2.1572513216844,-2.1572517056171,-2.11747525898293,2.11986799852983,2.11970906029337,-0.037542645321821,0.00223341738011876,-0.0375430292682496
0.000157635065249961,3.75835270239846e-07,-2.0237827277765,-2.02378310360444,-1.98387228906249,1.98626086726647,1.98610360803724,-0.037679495568289,0.00223094312608988,-0.0376798714121009
0.000155863856246914,3.67729415061754e-07,-1.15797574409221,-1.15797611180494,-1.11792607169935,1.1203089166022,1.12015342047161,-0.0378226913308451,0.00222698104159637,-0.0378230590594116
0.000153975027266698,3.595973126974e-07,1.10440045013387,1.10440009055613,1.14466843815417,-1.14229414561775,-1.14244776107505,-0.038047670516412,0.00222031748451997,-0.0380480300971787
0.000151855233908279,3.5099638128188e-07,2.6619300783238,2.66192972733964,2.70227974574683,-2.69991703807807,-2.70006854231904,-0.038138814974249,0.0022108524412019,-0.0381391659701212
0.000149620524937951,3.42140218606843e-07,1.48486748258461,1.48486714044417,1.52518444642808,-1.52283452164757,-1.52298380003018,-0.0381166595898648,0.00220030423776908,-0.0381170017327987
0.000147276962550667,3.33124762663457e-07,8.95371555772486,8.95371522460688,8.99401353263596,-8.99167873388905,-8.99182567773618,-0.0381104531315535,0.00218752176732556,-0.0381107862452289
0.000144774551287047,3.23748181640117e-07,13.5768338397989,13.5768335160564,13.6170993679057,-13.6147824523492,-13.6149269031487,-0.0380933870930465,0.00217214099899028,-0.0380937108485819
0.000142090223490671,3.14057539457019e-07,17.4171922585924,17.4171919445473,17.4573106162985,-17.4550147660722,-17.4551565422423,-0.0379645976962466,0.00215375999183791,-0.0379649117494869
0.000139340436116831,3.04445638832708e-07,15.9355896379712,15.9355893335258,15.9755778028562,-15.9733056074264,-15.9734446434096,-0.0378553098879041,0.00213285498907093,-0.0378556143378421
0.000136490248730162,2.94904334088688e-07,18.715029938161,18.7150296432731,18.7548804602073,-18.7526353150483,-18.7527715104042,-0.0377418671314789,0.0021086549034534,-0.0377421620255743
0.000133704808626624,2.85971240005641e-07,19.427805067508,19.4278047815299,19.4674334391369,-19.4652175923301,-19.4653510111673,-0.0375462296320192,0.00208214197857206,-0.0375465156104999
0.00013094137633623,2.77489778541383e-07,19.8629930235203,19.8629927460367,19.9023354963551,-19.9001511404199,-19.9002818043135,-0.0372890582805625,0.00205341455177291,-0.0372893357553508
0.000128292751048698,2.69644585075137e-07,17.7767651674471,17.7767648978063,17.8158101937648,-17.8136588945305,-17.8137869176317,-0.0370220198242894,0.00202300646876332,-0.0370222894634157
0.000125604916085191,2.61991267591223e-07,16.7152553555747,16.7152550935963,16.7539396776625,-16.7518242001601,-16.7519495431041,-0.0366944495117874,0.00198987257043289,-0.0366947114905677
0.000122974739854375,2.54656536644008e-07,13.3877604192456,13.3877601645922,13.4260625850483,-13.4239834894158,-13.4241062095008,-0.0363460449051936,0.00195612089536031,-0.036346299548437
0.00012045158516793,2.47839508818931e-07,15.1551730666876,15.1551728188332,15.1931127218215,-15.191069416053,-15.1911896198063,-0.0360168009740504,0.00192285415775752,-0.0360170488043953
0.000117979463157258,2.41317535570458e-07,15.1031761173054,15.1031758759779,15.1407071662663,-15.1386983977373,-15.1388161358639,-0.0356402598880096,0.00189078905899349,-0.0356405012009066
0.000115533957603606,2.35007349962859e-07,11.2395214635392,11.2395212285246,11.27655984366,-11.2745843854208,-11.2746996843667,-0.0351784558375855,0.00185992428059966,-0.0351786908401272
0.000113041261419205,2.28746038426231e-07,13.9557764817344,13.9557762529965,13.9922631713403,-13.9903211485896,-13.9904339611217,-0.0346577081268615,0.00182898147248883,-0.0346579368618128
0.000110532575267918,2.22486537040381e-07,10.8474193966194,10.8474191741457,10.883295534289,-10.8813857992388,-10.8814961093427,-0.0340769351974236,0.00179920247310195,-0.0340771576800575
0.000108077951079729,2.16374562942831e-07,9.12410298426725,9.12410276788064,9.15928516474139,-9.15740581526267,-9.15751367683876,-0.0334109089550435,0.00177127150370693,-0.0334111253293801
0.000105675000360686,2.10412831359748e-07,7.09145908471309,7.09145887431061,7.12597391942373,-7.12412298195514,-7.12422844654821,-0.0327695722343148,0.00174526246970536,-0.032769782641546
0.000103386789668927,2.0473438837322e-07,6.47316099875819,6.47316079400751,6.50711826505945,-6.5052938584336,-6.50539704049915,-0.032236246485693,0.00172101982914009,-0.032236451231508
0.000101196984203842,1.9935914564179e-07,2.97128064239866,2.9712804430372,3.00472100746191,-3.00292149305126,-3.00302249067949,-0.0317420476435619,0.00169831741871846,-0.031742247005253
9.92116859532075e-05,1.94544144575751e-07,-1.09195352710269,-1.09195372165629,-1.05907890558844,1.06085714786662,1.06075813072575,-0.0311955909296305,0.00167903059469473,-0.0311957854746802
9.72122350387253e-05,1.89547223356653e-07,-2.55631262280655,-2.55631281234354,-2.52397718751374,2.5257358580642,2.52563883536538,-0.0306739769776445,0.00166145830351381,-0.0306741665312034
9.5192957542786e-05,1.84523149875904e-07,-3.96017389007879,-3.960174074608,-3.92828256557302,3.93002304965708,3.92992804121881,-0.0302460333899223,0.00164529111766255,-0.0302462179324181
9.3270258831387e-05,1.79679186397438e-07,-8.206515713193,-8.20651589286234,-8.17500270652495,8.17672937198442,8.17663628139963,-0.0298796114604558,0.00163339520623569,-0.0298797911507294
9.14098175407267e-05,1.74910344176204e-07,-6.91019541043987,-6.91019558535172,-6.8790638450401,6.88077911210811,6.88068787719619,-0.0295077081563673,0.00162385723816522,-0.0295078830704803
8.97257356199393e-05,1.70497196582594e-07,-5.74355996272955,-5.74356013322199,-5.71273356006165,5.71443931383078,5.71434975859283,-0.0292103746318225,0.00161602803692855,-0.0292105451361996
8.82797726983e-05,1.66526630853888e-07,-7.25648874192579,-7.25648890845452,-7.22590337956525,7.22760274122753,7.22751462796365,-0.0289742804894334,0.00161108188523456,-0.0289744470120056
8.70440062950026e-05,1.62966969351495e-07,-3.93892875196009,-3.93892891493209,-3.90848799440304,3.9101833124161,3.91009643137232,-0.0288324835580689,0.00160827399360467,-0.0288326465366345
8.59125534505144e-05,1.59632671620802e-07,-4.66612115694415,-4.66612131658131,-4.63580447275,4.63749721820539,4.63741146529974,-0.0287098512814884,0.00160683292057908,-0.0287100109212875
8.48245351739134e-05,1.56324621076371e-07,-5.93694570701863,-5.93694586335521,-5.90672321144973,5.9084140735577,5.9083294053691,-0.028616457988632,0.00160603758942814,-0.0286166143374639
8.37415590723008e-05,1.53005709627279e-07,-9.62767739446636,-9.62767754748477,-9.59753513481446,9.59922429023128,9.59914070168199,-0.0285368458025879,0.00160541385185947,-0.0285369988279263
8.26774556026862e-05,1.49644259634935e-07,-10.8273107840157,-10.8273109336629,-10.79725507541,10.7989434368692,10.7988609090589,-0.0284500246071863,0.00160568399864825,-0.0284501742680201
8.17060807269099e-05,1.4642671662934e-07,-7.22163957067692,-7.22163971711003,-7.19168219751469,7.19337135145058,7.19328979179069,-0.0283499253179857,0.00160744785131168,-0.028350071750755
8.08696598321402e-05,1.43519614481949e-07,-7.38676233785327,-7.38676248136649,-7.35684184128268,7.35853364634073,7.35845292019418,-0.0283095611750231,0.00161093539504952,-0.0283097046915264
8.01805942613483e-05,1.40878604498734e-07,-6.49902069234209,-6.49902083323992,-6.46904040044816,6.47073729742346,6.47065725771663,-0.0283635755252153,0.00161671638635844,-0.028363716417509
7.95738959813489e-05,1.38445761854841e-07,-6.68637979815853,-6.68637993660955,-6.65631072930503,6.65801416750272,6.65793473205454,-0.0284452045574966,0.00162386429006011,-0.0284453430154204
7.89614323711256e-05,1.36107952126724e-07,-5.32291363068812,-5.32291376680948,-5.29279296348764,5.294501814189,5.29442298886911,-0.0284907779409944,0.00162988927328925,-0.0284909140644459
7.83336594107084e-05,1.3384616873123e-07,-1.33098685567198,-1.3309869895221,-1.30072878492024,1.30244130910437,1.30236310930696,-0.028623880217403,0.00163419052991976,-0.028624014089027
7.75144937782176e-05,1.31360831714812e-07,0.626293556346577,0.626293424988687,0.656648882452952,-0.65493714618526,-0.655014529323863,-0.0287211043366473,0.00163422175886723,-0.0287212357142229
7.65940185321316e-05,1.28825715552034e-07,1.47449141608748,1.47449128728836,1.5048383971001,-1.50313099104161,-1.50320745624767,-0.0287161689629445,0.00163081203973368,-0.0287162977794821
7.5590775046856e-05,1.26254396373723e-07,0.898482384296827,0.898482258051708,0.928861532432721,-0.927161457387862,-0.927236921922032,-0.0287546638690443,0.00162448425199366,-0.0287547901216659
7.45035984903661e-05,1.23586234128857e-07,3.95490112445481,3.95490100087299,3.98532718273859,-3.98363708531363,-3.98371146533428,-0.0288104644573221,0.0016155938178471,-0.0288105880474152
7.33205844060789e-05,1.20757873540254e-07,5.92447859715703,5.9244784764064,5.95481253201115,-5.95313491643437,-5.95320811627552,-0.0287296398699315,0.00160429498103363,-0.0287297606147804
7.1962817460733e-05,1.17624502545775e-07,7.63580089047519,7.63580077285283,7.66594470348535,-7.66428361890354,-7.66435546410769,-0.0285546912602921,0.00158912175508312,-0.0285548088769813
7.04555202952511e-05,1.14242235819499e-07,9.45396943177496,9.45396931753974,9.48385664035971,-9.48221546569953,-9.48228580696549,-0.0283164894263465,0.00157071914197108,-0.0283166036757381
6.87568141663387e-05,1.10621934266086e-07,11.671325904367,11.6713257937453,11.7008817059181,-11.6992652790857,-11.6993339252765,-0.0280081315312104,0.00154767000859475,-0.0280082421567367
6.69115935284843e-05,1.0688216276141e-07,12.1153379637057,12.1153378568375,12.1444648326057,-12.1428781872123,-12.1429449919448,-0.0276071351045767,0.00151973378240874,-0.0276072419730927
6.49854102768402e-05,1.03149631859841e-07,15.1634244871198,15.1634243839792,15.1920494229802,-15.1904966811206,-15.190561563403,-0.0271371794166234,0.00148775642470749,-0.0271372825768935
6.29602226386149e-05,9.94098603551659e-08,17.4724549374501,17.4724548380602,17.5006092512252,-17.4990940259551,-17.4991568867777,-0.0267020487242986,0.00145226503103298,-0.0267021481338726
6.08528052810561e-05,9.56284553826261e-08,17.9693235251763,17.9693234295708,17.9969143614805,-17.9954392753504,-17.9955000325603,-0.0261766029877291,0.00141423330117339,-0.0261766986036266
5.8634849256167e-05,9.1651554126202e-08,21.4406400359316,21.4406399442978,21.4674969734633,-21.4660648648664,-21.4661234080792,-0.0254834637843345,0.0013734737286241,-0.0254835554365108
5.64344136806456e-05,8.76891340759915e-08,20.9096137308022,20.9096136431369,20.9356847017383,-20.934295462925,-20.9343518096505,-0.0247381665122695,0.00133280439887909,-0.0247382542011631
5.43319814783259e-05,8.38606651832573e-08,19.0001977440259,19.0001976601692,19.0255384524149,-19.0241899478856,-19.0242441960112,-0.0240465358435886,0.00129417253004711,-0.0240466197078325
5.2318034876424e-05,8.01860591065432e-08,21.2959722723446,21.2959721921881,21.3206371681681,-21.3193266998324,-21.319378937698,-0.0234067455049857,0.0012581502858991,-0.02340682568997
5.04257285965659e-05,7.6721430519927e-08,20.6358103510427,20.6358102743498,20.6598249308084,-20.6585495659631,-20.6585999149935,-0.0227896406466188,0.00122493909820335,-0.0227897173541338
4.85824647317011e-05,7.337265158302e-08,20.4269709639917,20.4269708906467,20.4503503167301,-20.4491103628323,-20.4491588719322,-0.0221879812859952,0.00119137141873483,-0.0221880546565538
4.68357253468535e-05,7.02374704377644e-08,19.4287433626114,19.4287432923951,19.4514632443739,-19.4502576808956,-19.450304446393,-0.0215611540023654,0.00115872773819714,-0.0215612242217343
4.51790264819407e-05,6.7261582560859e-08,17.3014179886807,17.3014179214424,17.3235276395996,-17.3223546985603,-17.3223998103284,-0.0209818888869475,0.00112776201131479,-0.0209819561466068
4.36152716188088e-05,6.44594691585174e-08,18.3946100912221,18.394610026775,18.4161432290086,-18.4150005039019,-18.4150440547238,-0.0204340279529068,0.00109910983135209,-0.0204340923954058
4.22168215347564e-05,6.19180174680215e-08,15.6125086411233,15.6125085792142,15.6334786651307,-15.6323646754955,-15.6324068303847,-0.0198982511691168,0.00107177282186665,-0.0198983130876999
4.09306605338355e-05,5.957749251374e-08,15.6910375165106,15.6910374569384,15.71161249602,-15.7105257831002,-15.7105666541765,-0.0195291972430866,0.00104578225773852,-0.0195292568103971
3.97639731044788e-05,5.74216029386826e-08,16.024256687376,16.0242566299674,16.0443217088283,-16.0432599761543,-16.0432996827004,-0.019043052735905,0.00102196869859427,-0.0190431101535482
3.87177005250901e-05,5.5452158893626e-08,13.511020418195,13.5110203627465,13.5306809106471,-13.5296423361633,-13.5296809984172,-0.0186606356668204,0.000999856776891836,-0.0186606911169428
3.77383655112733e-05,5.35533107288609e-08,13.2905781246121,13.2905780710677,13.309921071909,-13.3089020686614,-13.3089397534697,-0.0183616823974302,0.00098126489158622,-0.0183617359604705
3.67800934118942e-05,5.15929174376878e-08,10.0281430700028,10.0281430183986,10.0471526815495,-10.0461506290917,-10.0461873575849,-0.0180443391859834,0.000965272355869963,-0.0180443907889698
3.587646071371e-05,4.96976895744761e-08,4.54867870059042,4.5486786508944,4.56742260618854,-4.56643479977204,-4.56647062652692,-0.0177919756347563,0.0009519299462825,-0.0177920253293913
3.50691606195606e-05,4.79364128687407e-08,-0.169757214404708,-0.169757262331787,-0.151218316357572,0.15219574978967,0.152160728562748,-0.0175965337692086,0.000942364282339478,-0.0175965817064134
3.43238654301164e-05,4.62457320432969e-08,-2.92002468869503,-2.9200247349454,-2.90166778545338,2.90263757068733,2.90260329308482,-0.0174214418611396,0.000935461368290499,-0.0174214881116233
3.36171572247793e-05,4.46636602644554e-08,-2.4449758308698,-2.44497587555727,-2.4268003597899,2.42776453665813,2.42773096416842,-0.0172449113886878,0.000930559700825573,-0.0172449560515561
3.29827428211624e-05,4.32137294923135e-08,-1.50619858444693,-1.50619862766614,-1.4881742035733,1.48913576587468,1.48910282635509,-0.0170958013153514,0.000928579549059866,-0.0170958445373962
3.24091078501749e-05,4.18796483698809e-08,-3.00415119422153,-3.00415123611577,-2.98623535792055,2.98719632698484,2.98716395976014,-0.0169872763582568,0.00092855993403978,-0.0169873182526975
3.19213482421851e-05,4.07121011189052e-08,-1.75195667775035,-1.75195671845324,-1.73407355288317,1.7350359306353,1.73500405000901,-0.0169526684450416,0.000930456418826438,-0.0169527091418979
3.14957673133752e-05,3.96477324622018e-08,-3.40824083046421,-3.40824087011681,-3.39032932911774,3.39129443184936,3.39126297574471,-0.0169778943733112,0.000933606962268797,-0.0169779340328379
3.11409813814423e-05,3.87408469230719e-08,-3.64781572869042,-3.64781576743642,-3.62991350472147,3.63088223823293,3.63085113600574,-0.0169646314303893,0.000937592539804163,-0.0169646701765535
3.08458815510697e-05,3.79769632953017e-08,-4.44536222087942,-4.44536225884925,-4.42746895279978,4.42844139796997,4.42841059004264,-0.0169516688036715,0.000941599275286882,-0.0169517067745256
3.05681537377012e-05,3.72583334369493e-08,-3.77776426385158,-3.77776430112151,-3.75987077658983,3.760846785729,3.76081625485227,-0.0169480462688163,0.000945441002402712,-0.0169480835369076
3.03081545410397e-05,3.66193502127719e-08,-3.92227290649658,-3.92227294312374,-3.90442952262265,3.905408797203,3.90537852568625,-0.0168944174289205,0.000948966435990337,-0.0168944540459833
3.00635506767342e-05,3.60545831704395e-08,-5.6993879344318,-5.69938797048502,-5.68156000401959,5.68254250629902,5.68251247881429,-0.0168754916656916,0.000952438738484902,-0.0168755277231032
2.98322984845576e-05,3.55405003498548e-08,-3.50506123022309,-3.50506126578079,-3.48722323979476,3.48820899391922,3.48817919716317,-0.0168820686186496,0.000955921831288247,-0.0168821041601682
2.9604183283677e-05,3.50571900924742e-08,0.555831712255195,0.555831677194158,0.573636573957473,-0.57264947141782,-0.572679040556097,-0.0168473633607864,0.000957498356765109,-0.0168473984180896
2.93819311611622e-05,3.46046523982976e-08,0.0130862995830117,0.0130862649770017,0.0308226399156251,-0.0298365883924761,-0.0298659357173161,-0.0167796707416154,0.000956669593260662,-0.0167797053462678
2.91974605056588e-05,3.42335714890727e-08,1.40549249453081,1.4054924603047,1.42314577485146,-1.42216099006094,-1.42219015328719,-0.0166976929787525,0.000955587336920252,-0.0166977272053096
2.90447199831204e-05,3.39276560078094e-08,5.51517078673976,5.51517075279779,5.53264314669526,-5.53166096964177,-5.53168998041588,-0.0165192276242563,0.000953132343461304,-0.0165192615639045
2.89188638199175e-05,3.36941465576142e-08,6.45402950446499,6.45402947075936,6.47133995662828,-6.47036172494186,-6.4703906101207,-0.0163611393642274,0.000949312803589814,-0.0163611730757967
2.88140977234141e-05,3.35022705752833e-08,9.27044135187658,9.27044131837908,9.28757188530898,-9.28659723573514,-9.28662601632844,-0.0161846979519857,0.000945835477926844,-0.0161847314816348
2.87117155954835e-05,3.33085844421757e-08,8.00431908909829,8.00431905579366,8.02125857016334,-8.02028789414742,-8.02031657253247,-0.0159975167382436,0.000941964314365352,-0.0159975500656084
2.85620794815271e-05,3.30859358966408e-08,10.6893121795738,10.6893121465152,10.70604408372,-10.7050786667955,-10.7051071958131,-0.0157950492976261,0.00093685482778886,-0.0157950823733798
2.8388152954298e-05,3.27745899630473e-08,10.7528120322937,10.7528119995165,10.7693049409694,-10.7683453693419,-10.7683737247174,-0.0155617251951045,0.000931183472673967,-0.0155617579767088
2.82106459488327e-05,3.24777252356675e-08,10.9125286297342,10.9125285972299,10.9288154413654,-10.9278616916913,-10.92788986984,-0.0153612726172514,0.000925539031785897,-0.0153613051126256
2.79957430384713e-05,3.21609488497438e-08,10.8951549667709,10.8951549346177,10.9112518295877,-10.9103048698869,-10.9103328334846,-0.0151778988705801,0.000918963936495118,-0.0151779310392221
2.77272886275318e-05,3.17609055280917e-08,13.884857802088,13.88485777032,13.9007262029333,-13.8997882390601,-13.8998159346163,-0.0149581642987512,0.000910236552019175,-0.014958196070744
2.7384759226508e-05,3.1259493762944e-08,14.6233869364143,14.6233869051312,14.638999279049,-14.6380732754656,-14.6381006289676,-0.0147137238374351,0.000898618803633806,-0.0147137551127677
2.69790392720201e-05,3.07146383791554e-08,14.9757255670606,14.9757255363526,14.9910922014364,-14.9901798660804,-14.9902068144079,-0.0144812780578573,0.00088535629749566,-0.0144813087930861
2.65439242790693e-05,3.0106427718182e-08,12.7491643325407,12.7491643024129,12.7643084551839,-12.7634099896217,-12.7634365034301,-0.0142722010150447,0.00087192162226042,-0.0142722311488509
2.60532267963689e-05,2.94547734385677e-08,13.3007317238186,13.3007316943638,13.3156650569055,-13.314781173412,-13.3148071971888,-0.0140755028310942,0.000857830243103706,-0.0140755322931083
2.55038514660908e-05,2.87216623740016e-08,14.9210851488362,14.9210851201125,14.9357348555813,-14.9348680595415,-14.9348935346833,-0.0138084145719448,0.000841292179080108,-0.0138084432933809
2.48914702177279e-05,2.78944234690467e-08,13.4997651662688,13.4997651383625,13.5141124624118,-13.5132653611039,-13.5132902246819,-0.0135250863231324,0.000822209820071682,-0.0135251142290956
2.41874337949373e-05,2.69784871760332e-08,14.0173163397692,14.0173163127784,14.0313692154477,-14.0305438182476,-14.030567978692,-0.0132516659142321,0.000801209763798454,-0.0132516928893252
2.34287271983885e-05,2.59973854550583e-08,14.3421967050949,14.3421966790735,14.3559414820856,-14.3551391557712,-14.3551625584929,-0.0129658794197986,0.000778897588057091,-0.0129659054429787
2.26580120615871e-05,2.50343852418505e-08,15.4104695163207,15.4104694912834,15.4238434073898,-15.4230649934953,-15.4230876264783,-0.0126181351934153,0.000755755868410027,-0.0126181602282531
2.19128526334512e-05,2.40949169887398e-08,14.6170478634558,14.6170478393529,14.630030718356,-14.629276483817,-14.6292983725759,-0.0122505332311263,0.000732321677950326,-0.0122505573300596
2.12515719720064e-05,2.32568171791247e-08,14.2464388191638,14.2464387959101,14.2591005447036,-14.2583685361091,-14.2583897644333,-0.0119509685240854,0.000710757016869528,-0.0119509917726438
2.06996153667207e-05,2.25327568684421e-08,16.113197013962,16.113196991427,16.1255254739944,-16.12481273352,-16.1248334106252,-0.0116364192001997,0.000692040834619335,-0.0116364417273634
2.02598754385354e-05,2.19372172629057e-08,14.6540108583379,14.6540108364163,14.6659954240522,-14.6652989518268,-14.665319189757,-0.0113083533386927,0.000676212369838134,-0.0113083752608913
1.9906358422297e-05,2.14285648946512e-08,13.7506161124687,13.7506160910484,13.7623403676622,-13.7616571655924,-13.7616770505422,-0.0110609594869302,0.000663295700020212,-0.0110609809188326
1.95863020431659e-05,2.09724068989212e-08,14.6837057110802,14.6837056901269,14.6951783890406,-14.694507310372,-14.6945268757333,-0.0108211856123614,0.00065149236026974,-0.0108212065530906
1.9275980654912e-05,2.04909067923172e-08,10.6647859895955,10.6647859691074,10.6759956175872,-10.675336870173,-10.6753561256809,-0.0105701565726767,0.000639471402382741,-0.0105701770680523
1.89764767276997e-05,2.00293183442571e-08,8.53804482748611,8.53804480744948,8.54904071676415,-8.54839284154899,-8.54841179797711,-0.0103669905373456,0.000628898746132184,-0.0103670105653063
1.86841446178648e-05,1.95912618562941e-08,6.3975902431354,6.39759022354776,6.40841226208235,-6.40777387311681,-6.40779253767475,-0.0102023141228063,0.000619704821314464,-0.0102023337003789
1.84707803356636e-05,1.92292317009528e-08,4.70129926732594,4.70129924810225,4.71201584504264,-4.71138448245155,-4.7114029340231,-0.0101036859084096,0.000612891806819928,-0.0101037051427324
1.83370192440189e-05,1.895046848134e-08,2.79999260735799,2.79999258840749,2.81065442429383,-2.81002696166419,-2.81004527974077,-0.0100526913410628,0.000609125588333598,-0.0100527102864403
1.82832487151968e-05,1.87694534036694e-08,2.72157404850897,2.72157402977091,2.73223316779521,-2.73160662213028,-2.73162488662479,-0.0100508568542797,0.000608262413862886,-0.0100508756081205
1.83003039558149e-05,1.86463631508533e-08,4.01393663556115,4.0139366169158,4.02463003302462,-4.02400197987871,-4.02402026155842,-0.0100836446320962,0.00060975282662073,-0.010083663265562
1.83634329641526e-05,1.85522353104646e-08,1.87826115915333,1.87826114060539,1.88900321277458,-1.88837198870265,-1.88839033358134,-0.0101291929684811,0.000612860639191317,-0.0101292115193588
1.8463181322703e-05,1.84979307871634e-08,0.125246212845786,0.125246194340614,0.136065224743112,-0.135429315332801,-0.13544776003339,-0.0102015656939064,0.000617446212923431,-0.0102015841839178
1.85738991949602e-05,1.84562973192992e-08,-1.39732351311029,-1.39732353155675,-1.38645313488296,1.38709442831026,1.38707587288003,-0.0102476586842958,0.000622719517466408,-0.0102476771392355
1.86944208438241e-05,1.84237146053184e-08,-3.18099611441888,-3.18099613284452,-3.17009395014665,3.17074017334083,3.17072149733103,-0.0102746355093009,0.000627528764063129,-0.0102746539339206
1.88147524268565e-05,1.83820811374542e-08,-3.38610544055338,-3.3861054589427,-3.37517033552116,3.37582120364505,3.37580240727244,-0.0103030516650615,0.000632053361508717,-0.0103030700482739
1.89256386431359e-05,1.83458781219201e-08,-4.52635257297437,-4.52635259131889,-4.51535451210007,4.51601041313188,4.51599150582984,-0.0103610854952726,0.00063697537959375,-0.010361103840585
1.90126725026308e-05,1.8266231487745e-08,-3.53997485451509,-3.53997487277476,-3.52889846117246,3.52955945822808,3.52954046383018,-0.0104344089408482,0.000641984393072574,-0.0104344272144334
1.9071687038253e-05,1.81630528934727e-08,-0.948758314876836,-0.948758333033554,-0.937633489740993,0.938298957800245,0.938279904280106,-0.0104784287505062,0.000646396377191773,-0.010478446937091
1.90926214319856e-05,1.80200509821129e-08,2.95004951020393,2.95004949218196,2.96122861115952,-2.96056059358707,-2.96057966819388,-0.0105301760119064,0.00064892494422904,-0.0105301940413617
1.91003417250482e-05,1.78734287691997e-08,1.04705102727237,1.0470510094132,1.05826478739485,-1.05759515138786,-1.05761423388241,-0.0105632244727182,0.000650535655082127,-0.0105632423297425
1.91164737887702e-05,1.77177558024029e-08,1.47598076553289,1.4759807478036,1.48730555170037,-1.48663333762438,-1.48665243636503,-0.0106716885593918,0.000653097600847179,-0.0106717062818992
1.91122615679128e-05,1.75711335894897e-08,3.60162617694098,3.60162615936962,3.61303147764114,-3.61235664307594,-3.61237573775676,-0.0107495783847658,0.0006557223122328,-0.0107495959728696
1.90897613937584e-05,1.74154606226929e-08,4.00671423714612,4.00671421973416,4.01814989161662,-4.01747431560054,-4.01749338792775,-0.0107791681895693,0.000656486265325106,-0.0107791856188323
1.90337716200841e-05,1.7236255695799e-08,3.25624721496754,3.25624719773146,3.26773371633443,-3.26705813195488,-3.26707714849477,-0.0108299507669909,0.000656550609623421,-0.0108299680050567
1.89065868062111e-05,1.69882650393902e-08,5.31260857347533,5.31260855648729,5.32412358071108,-5.32344916369042,-5.32346805329049,-0.0108594967980071,0.000655510437704688,-0.0108595137874459
1.86994838355466e-05,1.66642480503598e-08,7.78544695481325,7.78544693815484,7.79694869934035,-7.79627826219576,-7.79629694502383,-0.0108500068638572,0.000651737648371039,-0.0108500235380046
1.83948789034455e-05,1.62587742763775e-08,7.35045532904659,7.35045531279413,7.36185586696855,-7.3611940086459,-7.36121238728323,-0.010757074487487,0.000643463437631002,-0.0107570907229556
1.80145227816408e-05,1.57537422096764e-08,9.49329021358564,9.49329019781583,9.50455571008001,-9.50390645234408,-9.50392445110091,-0.0106342532831508,0.000631243225813375,-0.0106342690476407
1.75705235686779e-05,1.52161274289946e-08,11.2544693133339,11.2544692981144,11.2655058815746,-11.2648731376743,-11.264890692984,-0.0104213948603683,0.000615173360455937,-0.0104214101016116
1.71020800796264e-05,1.46875634021963e-08,12.0313926907066,12.0313926760128,12.0421815301999,-12.0415682879773,-12.0415853753632,-0.0101926993412139,0.0005961401506614,-0.0101927140414483
1.66192748543125e-05,1.41336572645241e-08,10.0245856731077,10.0245856589865,10.0351139245658,-10.0345202118334,-10.0345368169651,-0.00995115797755836,0.000577093470629859,-0.00995117211958757
1.61045783926145e-05,1.35507887144246e-08,11.168826388988,11.1688263754448,11.1790535557396,-11.1784794362363,-11.1784955272671,-0.00966915181852457,0.000558014920404936,-0.00966916539216644
1.55654901492005e-05,1.29679201643251e-08,10.2289155753795,10.2289155624287,10.2388191179647,-10.2382646617305,-10.2382802142652,-0.00936465183557151,0.000538890740804309,-0.0093646647917257
1.49970285891328e-05,1.23307470909245e-08,9.27598773528785,9.27598772294641,9.28558008746761,-9.28504530109594,-9.28506028579491,-0.00907256284844496,0.000519789347155391,-0.00907257519684102
1.44220921197369e-05,1.17279668822812e-08,6.20219787709828,6.20219786538598,6.21145577230776,-6.21094018561549,-6.21095459597308,-0.0087567305867085,0.000501164609649598,-0.00875674231580673
1.38602919145275e-05,1.1125186673638e-08,5.63933020119851,5.63933019008317,5.64827487177683,-5.64777733697407,-5.64779118613966,-0.00846099605547596,0.000483674519678145,-0.00846100718405666
1.32979323727281e-05,1.05097354095578e-08,3.77557497457633,3.77557496405147,3.78419084561513,-3.78371078059266,-3.78372406803024,-0.00814910397495607,0.000466767069272719,-0.00814911449442104
1.27321878489762e-05,9.89971459780768e-09,2.25404714811792,2.25404713822992,2.26239683775211,-2.2619334401509,-2.26194616243767,-0.0078990242110911,0.00045066540612793,-0.00789903411306839
1.21319816747374e-05,9.22995881042629e-09,1.40818970448241,1.40818969526489,1.41624577891578,-1.41579874812587,-1.41581087087261,-0.0076211756074926,0.000434898792841156,-0.00762118484944366
1.15109117026463e-05,8.55658272149148e-09,1.37584929933737,1.3758492907742,1.38359847472957,-1.38316761226682,-1.38317911463552,-0.0073298238645705,0.000419351541092375,-0.00732983241312068
1.08731756723541e-05,7.85424422012937e-09,1.83160452774578,1.83160451990311,1.83909881372363,-1.83868328182627,-1.83869414715765,-0.0070896272593815,0.000404658707209923,-0.00708963511651065
1.02734202256587e-05,7.1899188850781e-09,0.0121582435340819,0.0121582363364133,0.0194509456384894,-0.0190476431274665,-0.0190579093624401,-0.00689967303154212,0.000393029074053361,-0.00689968023633818
9.73088364501505e-06,6.59799958109508e-09,-2.86686477969257,-2.86686478628132,-2.85969657120924,2.86009131595415,2.86008159165315,-0.00678319463243756,0.000385013826877472,-0.00678320123159677
9.23896974099273e-06,6.05495434808314e-09,-3.93851011271423,-3.93851011876855,-3.93144128037177,3.93183051861539,3.93182128569885,-0.00668883307236659,0.000379999256688301,-0.00668883913778587
8.80445933840133e-06,5.58793544769287e-09,-3.28111007405251,-3.28111007964264,-3.27411029788514,3.27449592451865,3.27448712564499,-0.00662295400224756,0.000376822151545982,-0.00662295959810242
8.38837808086759e-06,5.14263835662308e-09,-4.18130154805611,-4.18130155321739,-4.17437059386833,4.17475336644413,4.17474498320642,-0.00655657001664686,0.000374384181650013,-0.00655657518202524
7.99630304293452e-06,4.7281138287573e-09,-2.56315660167692,-2.56315660641035,-2.55630740542164,2.55668781725604,2.55667982567885,-0.00647678073093773,0.000372415510313069,-0.00647678547353276
7.63566489354051e-06,4.36246337186259e-09,-3.46916606380587,-3.46916606817885,-3.46236331613718,3.46274218107114,3.46273454974778,-0.00643151843135423,0.000371229232074394,-0.00643152280722404
7.30415931074682e-06,4.02577532739519e-09,-2.65790161288609,-2.65790161691197,-2.65112933579496,2.65150738209626,2.65150008197336,-0.00640153494251501,0.000370742135434126,-0.0064015389647266
7.02221565621935e-06,3.75787301244263e-09,-3.58439683875266,-3.58439684250539,-3.57764133310852,3.57801956970807,3.57801255125433,-0.00638429125202087,0.000371214371189055,-0.00638429502132045
6.75418120026009e-06,3.50626205448043e-09,-2.84053201513841,-2.84053201863709,-2.83377255520904,2.83415102776058,2.83414427708541,-0.0063877415596279,0.000371718348842929,-0.00638774508905422
6.50827040709374e-06,3.28361350894554e-09,-2.34926898934063,-2.34926899262079,-2.34255089776625,2.34292948498942,2.34292297999975,-0.00634601262531676,0.000372078920695551,-0.00634601592575901
6.27390294543045e-06,3.06458526496405e-09,-1.25180538480538,-1.25180538787291,-1.24510511750151,1.24548352575955,1.24547725492447,-0.00632813294923641,0.000372134330315901,-0.00632813603475154
6.05626489724548e-06,2.88538033807011e-09,-0.704807317393051,-0.704807320278997,-0.698127892567071,0.698506510116651,0.69850045676085,-0.00630686352298363,0.000372561293521098,-0.00630686640471539
5.89182174993558e-06,2.74599872826371e-09,-0.455748515911364,-0.455748518643674,-0.449077444723052,0.449457181145197,0.449451292066193,-0.0062972265810446,0.000373844596972749,-0.00629722933575468
5.76664439327399e-06,2.66273179253522e-09,-1.40336150886171,-1.40336151151199,-1.39665263653728,1.3970343627183,1.39702859872364,-0.00633291278891555,0.000375959526456031,-0.00633291545549391
5.67351937641555e-06,2.59575621379708e-09,-1.72130083144652,-1.72130083404285,-1.71455419359528,1.71493835968779,1.71493268876001,-0.00636814528368223,0.000378492551215855,-0.00636814789352368
5.59023614933007e-06,2.57041410292319e-09,-1.73701229583801,-1.73701229840651,-1.73026468168195,1.73065067233845,1.73064508467116,-0.00636721373302862,0.000380400410537455,-0.00636721631571781
5.49131321953383e-06,2.50705882573846e-09,-0.775432043474446,-0.775432045976923,-0.768736030935401,0.769122039255948,0.769116550448882,-0.0063154955272494,0.000380517001443907,-0.00631549802180687
5.38118183612823e-06,2.43103249311679e-09,-0.0275326722217371,-0.0275326746426723,-0.0208907205361667,0.0212748680781121,0.0212694892979501,-0.00626318534113018,0.000378766344892779,-0.00626318776876864
5.26901222294806e-06,2.33871480350476e-09,1.38810569491234,1.38810569257549,1.39467330024088,-1.39429171254792,-1.39429697921487,-0.00619128663773921,0.00037631867009969,-0.00619128899625254
5.16529420374434e-06,2.28078997865015e-09,1.06209658877879,1.06209658650388,1.0686120111278,-1.06823317579999,-1.06823833882619,-0.00614175232004219,0.000373670018112434,-0.00614175461305068
5.06238351178702e-06,2.21200424913531e-09,2.74935092967442,2.74935092746069,2.75581925690529,-2.75544368101936,-2.75544874120886,-0.00609781374633077,0.000370513475377862,-0.00609781595980577
4.96019506998961e-06,2.16132002738752e-09,3.55194162178433,3.55194161963325,3.55836547538095,-3.55799382646021,-3.55799878452858,-0.00605716489018299,0.000366688696024948,-0.00605716705286063
4.84895406415789e-06,2.07443279010561e-09,2.88498823537308,2.88498823329695,2.89132888760124,-2.89096168532336,-2.89096653219349,-0.00597829889246798,0.000362353324048417,-0.00597830097380197
4.73103360196013e-06,2.02736886991125e-09,2.73619940990457,2.73619940788707,2.74243598174307,-2.74207369408496,-2.74207842310748,-0.00587901522179629,0.000357556614103438,-0.00587901725380367
4.6092321764971e-06,1.94410193418275e-09,3.83773608011012,3.83773607816907,3.84389565907513,-3.84353857085813,-3.84354317816544,-0.00580709999478336,0.000352478957670742,-0.00580710195099068
4.4834031655559e-06,1.88617710932814e-09,5.00682673515504,5.00682673329024,5.01292538727236,-5.012573384769,-5.0125778663093,-0.00575113302301272,0.000347519084128784,-0.00575113490194922
4.35623102273839e-06,1.79566957049282e-09,6.11751171188072,6.11751171007714,6.12354104829259,-6.12319408198619,-6.12319843642291,-0.00568672634950369,0.000342610063378865,-0.00568672813714072
4.22405743332484e-06,1.7359345948615e-09,7.28608106677687,7.28608106505831,7.29203898040442,-7.2916975999828,-7.29170182231267,-0.00562075724740638,0.000337156368033966,-0.00562075897870247
4.09601460798373e-06,1.64361690524947e-09,7.04432448486103,7.04432448321306,7.0502095045911,-7.04987387795208,-7.04987797231899,-0.00555348910638643,0.000331530614011171,-0.00555349076012886
3.96529818994543e-06,1.58388192961816e-09,7.80950524279462,7.80950524121453,7.81528452093432,-7.8149550963633,-7.81495906008395,-0.00545381886995555,0.000325459273046913,-0.00545382044803934
3.83814414863568e-06,1.51690635088002e-09,8.17855029239838,8.17855029087633,8.18423133979907,-8.1839082095925,-8.18391204623886,-0.00536175536167316,0.000319292046585862,-0.0053617568800644
3.71456153480837e-06,1.45174092291859e-09,8.56652812281057,8.56652812134995,8.57210746709623,-8.57179076868459,-8.57179448180714,-0.00526636045388117,0.000312983840378137,-0.00526636191241016
3.58893526075417e-06,1.3720942887435e-09,7.70028827543596,7.700288274053,7.70576353584922,-7.70545383701685,-7.70545742457809,-0.00516915052271185,0.000306109912047277,-0.00516915188666046
3.4589157507649e-06,1.30330855922866e-09,7.71647348042588,7.71647347910962,7.72185710997504,-7.72155510046156,-7.72155855809018,-0.00508507897666012,0.00029855059682454,-0.00508508027736659
3.32190000802365e-06,1.20556041728651e-09,7.2299888343057,7.22998883308226,7.23528688722829,-7.23499310330014,-7.23499642396823,-0.00500759088442594,0.000290462023155914,-0.00500759212128217
3.17764004187403e-06,1.13496453699496e-09,7.65360848032177,7.65360847917527,7.65878601870939,-7.65850126104831,-7.65850443754106,-0.00489595836306965,0.000281580014016744,-0.00489595951829232
3.03554320590257e-06,1.05169760126646e-09,6.32780360985109,6.32780360877931,6.33287424943523,-6.33259914430339,-6.33260217877872,-0.00479856999601175,0.000272069583883178,-0.00479857106417041
2.90063628881619e-06,1.00101337951868e-09,6.16077891020584,6.16077890919348,6.16574569028758,-6.16547998180794,-6.16548288144278,-0.00470397224775027,0.00026280784516064,-0.00470397324709491
2.77449412179063e-06,9.1774644379018e-10,5.45076456360801,5.45076456268525,5.45559470496521,-5.45533851055898,-5.45534128411224,-0.00457672142913335,0.000253419921279996,-0.00457672235547801
2.66179232428211e-06,8.74302825149225e-10,5.65447889867739,5.65447889779865,5.65916740674022,-5.65892082228335,-5.65892348320332,-0.00444458540583543,0.0002439226602196,-0.00444458628686976
2.56187743186024e-06,8.19998301848031e-10,4.52948592668734,4.52948592586796,4.53403668469624,-4.53379891915856,-4.53380148021865,-0.00431555435430273,0.000235203651311301,-0.00431555518074969
2.47167037805385e-06,7.6388362777013e-10,3.52065229576273,3.52065229498267,3.52510494782804,-3.52487463541422,-3.5248771063172,-0.00422481133679943,0.00022784074672486,-0.00422481210690546
2.39314422720955e-06,7.09579104468936e-10,2.35223662567961,2.35223662494483,2.35661144276938,-2.35638650917792,-2.35638890160504,-0.00415227665865488,0.000222540427265423,-0.00415227737592712
2.32258092963197e-06,6.67945636604687e-10,2.80800594430348,2.80800594361902,2.81227046191562,-2.81205055978509,-2.81205288167562,-0.00404693805897722,0.000217579552031279,-0.00404693874321422
2.26114260211978e-06,6.37173073400677e-10,1.82012004148762,1.82012004084425,1.82428657360904,-1.82407199785373,-1.82407425833591,-0.00395421749542027,0.000212314627807591,-0.00395421813395095
2.20569587367848e-06,6.22691867187026e-10,0.744666398865822,0.744666398257059,0.748766423194905,-0.748556069389395,-0.748558274474343,-0.00389187621650539,0.000208148103754015,-0.00389187683444561
2.1542894017708e-06,5.82868550099483e-10,-0.061285889194328,-0.0612858897701397,-0.0572318260361548,0.057439336106335,0.0574371823986704,-0.00384870737716845,0.000205355763581986,-0.00384870796048954
2.10216248985398e-06,5.57526439225593e-10,-0.469796632895331,-0.469796633458288,-0.465803374716445,0.466008588458313,0.466006486863758,-0.00379014659815072,0.000203111579603687,-0.00379014716812195
2.04992515873979e-06,5.24943725244876e-10,-1.02136748624953,-1.02136748677647,-1.01737470818779,1.0175787229901,1.01757667358943,-0.00379081318640051,0.000201964861305161,-0.00379081371270185
2.00003197288142e-06,4.99601614370986e-10,-1.50286739210592,-1.50286739259095,-1.49886704073717,1.49907207820158,1.49907007868935,-0.00379731390350096,0.000203037447593853,-0.0037973144058178
1.95574844428008e-06,4.72449352720389e-10,-1.81746250404402,-1.81746250450894,-1.81339516553691,1.81360311127803,1.81360115601561,-0.00386134849995215,0.000205989999233214,-0.00386134896923374
1.90886191886183e-06,4.54347844953324e-10,-1.97201097603666,-1.97201097648374,-1.96790221693362,1.96811436578827,1.96811245738794,-0.0038985190994538,0.000210239987755221,-0.00389851955018134
1.86120788951425e-06,4.27195583302727e-10,-2.0223632070197,-2.0223632074477,-2.01818205642833,2.01839858599132,2.01839672522692,-0.00396648222631236,0.000214668362789703,-0.00396648265486556
1.80830623306501e-06,4.18144829419194e-10,-2.02318752433044,-2.02318752474785,-2.01896203751879,2.01918279949306,2.01918099162172,-0.00400653312777407,0.000218953671199935,-0.00400653353686815
1.75002299835661e-06,3.80131663108359e-10,-1.6609615495843,-1.66096154995948,-1.65671165171102,1.65693564961671,1.65693389999013,-0.00402764996977123,0.000222247884499291,-0.00402765035216558
1.68715284158004e-06,3.81941813885065e-10,-0.680765951870496,-0.68076595222735,-0.676488939241893,0.676715394260273,0.676713707469462,-0.00405224476577995,0.000224767855583057,-0.00405224513505071
1.62224988548123e-06,3.43928647574229e-10,0.160774259716707,0.16077425937951,0.165073359562528,-0.164844970021531,-0.164846591923867,-0.0040723325461113,0.000226767298804399,-0.00407233289230264
1.5536886146627e-06,3.27637290583871e-10,0.918422088407132,0.91842208808436,0.922723600541335,-0.922494038859377,-0.922495592230989,-0.00407350414402718,0.000228007995832143,-0.00407350447075939
1.48415167257552e-06,2.93244425826448e-10,1.19722267394873,1.19722267366048,1.20151879594447,-1.20128865889839,-1.20129014275162,-0.00406746908278359,0.000228652891913833,-0.00406746937195518
1.41148497979541e-06,2.62471862622438e-10,2.06504027328596,2.0650402730094,2.06932911432128,-2.0690989047307,-2.06910031593103,-0.00406004292428841,0.00022879811601154,-0.00406004319219073
1.33541882385665e-06,2.53421108738906e-10,3.78332546471362,3.78332546446373,3.78756400816273,-3.78733475503771,-3.78733609019723,-0.00401062573296307,0.000227917706869014,-0.00401062599090955
1.25939249123498e-06,2.35319600971841e-10,4.23956333256831,4.23956333234369,4.24372659150268,-4.24349934604893,-4.24350060520588,-0.00393727286383908,0.000225986051305303,-0.00393727309893241
1.18440156485759e-06,2.11787640874657e-10,4.72514925326019,4.72514925306049,4.72922644030712,-4.72900179465798,-4.72900297884652,-0.00385372578600861,0.000223461241688511,-0.00385372600435805
1.10999169687951e-06,1.77394776117234e-10,5.90670439379382,5.90670439359275,5.91067716370692,-5.91045583015311,-5.91045693994909,-0.00375254635438432,0.000220223548763275,-0.00375254654965433
1.03601445493707e-06,1.8463537922406e-10,5.79844622786245,5.79844622768702,5.80230326343969,-5.8020861863441,-5.80208722217958,-0.00364099448915359,0.000216041086105842,-0.00364099466671807
9.61262468462203e-07,1.44812062136518e-10,6.05112775941574,6.05112775926558,6.05485009049238,-6.05463838990709,-6.054639351005,-0.00351159174058159,0.000210739322372353,-0.00351159191130144
8.86327656758886e-07,1.33951157476279e-10,6.0443612906966,6.04436129055439,6.04793841601417,-6.04773313663692,-6.04773402282067,-0.0033727322664899,0.000204393054124247,-0.00337273241052417
8.1223275501596e-07,1.14039498932508e-10,6.61081168362717,6.61081168347857,6.61424336239761,-6.6140455585498,-6.61404637063979,-0.00323468716797932,0.000196991615500609,-0.00323468729115089
7.41589810804213e-07,9.23176896120299e-11,7.1255369914444,7.12553699133336,7.12879817931396,-7.12860877297057,-7.1286095144533,-0.0030725231213496,0.000188664744306714,-0.00307252323589821
6.74974452070638e-07,9.95582927188558e-11,7.37562537912833,7.37562537904229,7.37873786573268,-7.37855723639701,-7.37855791128258,-0.00293253223719238,0.000179954353073726,-0.00293253234563173
6.10578338189306e-07,8.68872372819105e-11,8.24212769677082,8.24212769669913,8.24508144937463,-8.24490960301181,-8.24491021352321,-0.00278251682158353,0.000171235770229667,-0.00278251690190897
5.47979704029243e-07,7.24060310682588e-11,8.21760146473548,8.2176014646593,8.22039934050064,-8.22023656802248,-8.2202371159345,-0.00263565128220678,0.000162224490077853,-0.00263565137214865
4.86829190490545e-07,6.69755787381394e-11,8.46205791508267,8.46205791502517,8.46470547643779,-8.4645518070116,-8.46455229379517,-0.00249437877396529,0.000153182568825036,-0.00249437884806834
4.27890681200982e-07,5.97349756313135e-11,8.59960664906498,8.5996066490098,8.60207812593249,-8.60193364378809,-8.60193407162769,-0.00232742261469628,0.000144054249754452,-0.00232742266300468
3.72594195274153e-07,3.98233170875423e-11,9.0242486596741,9.0242486596297,9.02654312082555,-9.02640803171876,-9.02640840427161,-0.00215974464264506,0.000134716501443188,-0.00215974468574927
3.21712667091711e-07,3.62030155341294e-11,8.94698756287893,8.94698756284341,8.94909762584788,-8.94897197411355,-8.94897229579244,-0.00198473295367045,0.00012533002274167,-0.00198473298942093
2.75039739465111e-07,3.077256320401e-11,8.41450394066802,8.41450394062344,8.41643318633818,-8.41631721889668,-8.41631749390663,-0.00181355328668828,0.000115692391955412,-0.00181355332798235
2.31337269263087e-07,3.98233170875423e-11,8.52229044509489,8.52229044506609,8.52402681078983,-8.52392107451688,-8.52392130582219,-0.0016308607568872,0.000105504948913732,-0.00163086078358693
1.89691130343401e-07,3.25827139807165e-11,8.53486742106229,8.53486742103022,8.53641034222133,-8.53631542522127,-8.53631561489883,-0.00144819386945576,9.47272876572621e-05,-0.00144819390712952
1.50199070847996e-07,2.53421108738906e-11,8.12382597224633,8.12382597223094,8.12518449702759,-8.12510055226733,-8.12510070246606,-0.00127473023907436,8.37945245365649e-05,-0.00127473026079617
1.15520202267853e-07,3.98233170875423e-11,6.45251912256907,6.45251912253864,6.45369770148528,-6.45362415605798,-6.45362427156777,-0.00110514902811139,7.3429874521911e-05,-0.00110514905119081
8.56925377692843e-08,1.44812062136518e-11,5.87590860649292,5.87590860648404,5.87695827625105,-5.87689405869565,-5.87689414439441,-0.000985537909751485,6.41318395610743e-05,-0.000985537922648809
5.94127687930597e-08,1.44812062136518e-11,6.21042170498314,6.21042170496549,6.21132266204858,-6.21126702497238,-6.2112670843856,-0.00084537941253354,5.55776466911458e-05,-0.000845379428711762
3.80131663108359e-08,0,5.74675000141093,5.74675000139792,5.74750802061721,-5.74746101129614,-5.74746104931637,-0.000711047916754128,4.69712907062849e-05,-0.000711047933215187
2.03279932224137e-08,7.24060310682588e-12,4.87737868714669,4.87737868713028,4.87802576004691,-4.87798654845444,-4.87798656878408,-0.000607881651249098,3.9191248639332e-05,-0.000607881669690009
4.70277171788341e-09,7.24060310682588e-12,4.37760838787673,4.37760838787679,4.37815261010779,-4.37812013965122,-4.37812014433843,-0.000511756462096603,3.24657587814204e-05,-0.000511756472731239
-8.92766363071631e-09,1.44812062136518e-11,4.10708014541048,4.10708014540382,4.10752491070821,-4.10749854926681,-4.10749854032094,-0.000418394916824158,2.63703638548348e-05,-0.000418394927091107
-1.95568689915367e-08,3.62030155341294e-12,3.30978797119114,3.30978797118716,3.3101297434061,-3.31010896042967,-3.310108940864,-0.000320969677723236,2.08025174604618e-05,-0.000320969679844507
-2.73151752205006e-08,7.24060310682588e-12,2.88355175269979,2.88355175268852,2.88380263096122,-2.88378705871988,-2.88378703140361,-0.000235278715676061,1.55995454208381e-05,-0.000235278742248509
-3.28759584065429e-08,0,2.84589795618743,2.84589795617548,2.84605043887209,-2.84604006603046,-2.84604003316066,-0.000142076986466138,1.04057069494958e-05,-0.000142076993098644
-3.60618237735463e-08,0,2.41427326263576,2.41427326261709,2.41433580358041,-2.41433074195038,-2.41433070589016,-5.74432724798994e-05,5.09767692655586e-06,-5.74432740637814e-05
-3.7426677459183e-08,-1.44812062136518e-11,2.41166588260391,2.41166588259011,2.41164902780129,-2.41164874408063,-2.41164870664078,1.71759497872993e-05,3.2114699497399e-07,1.71759523328238e-05
-3.7111711224036e-08,3.62030155341294e-12,1.61886375376808,1.61886375375875,1.61877694413015,-1.61878068419004,-1.61878064705276,8.31067053677172e-05,-3.70293176860573e-06,8.3106697561442e-05
-3.48924663717939e-08,1.08609046602388e-11,0.602300416240134,0.602300416231111,0.602185403368824,-0.60219186736679,-0.602191832479188,0.00010858375246051,-6.42910798825143e-06,0.000108583751555434
-3.19926048275101e-08,2.17218093204776e-11,0.180192916988023,0.180192916984063,0.180056607591457,-0.180064398204239,-0.180064366205864,0.000128550775483996,-7.75862888833988e-06,0.000128550764509957
-2.84881529238064e-08,0,-0.181224986711703,-0.181224986730116,-0.181373980274629,0.181365441984117,0.18136547048702,0.000140483761740264,-8.50979711197903e-06,0.00014048375268951
-2.47013174989365e-08,2.17218093204776e-11,0.0549207316065321,0.0549207315830567,0.0547617364790656,-0.0547706831888483,-0.0547706584852964,0.000150073096346186,-8.92202365343378e-06,0.000150073095214842
-2.08637978523188e-08,0,-0.389807366214845,-0.389807366229552,-0.389976381743282,0.389967231618173,0.389967252490173,0.00015988626356252,-9.129252882115e-06,0.000159886262883714
-1.68525037311372e-08,1.08609046602388e-11,-0.677045949990884,-0.677045950008589,-0.677193921587934,0.67718513973308,0.677185156606174,0.000139206595152283,-8.76499081086603e-06,0.000139206579087195
-1.35399278097644e-08,-3.62030155341294e-12,-0.845996367749627,-0.845996367764787,-0.846127658371023,0.846119996692566,0.846120010239169,0.000123642478681254,-7.64814678822129e-06,0.000123642464652585
-1.07740174229569e-08,7.24060310682588e-12,-0.49070953122685,-0.490709531229339,-0.490819326434484,0.490812835528853,0.490812846320972,0.000103315089144124,-6.48013568610909e-06,0.000103315083261134
-8.4497838256658e-09,3.62030155341294e-12,-0.59339591883217,-0.593395918836356,-0.593489078225602,0.59348364138163,0.593483649834581,8.77309929076274e-05,-5.42840595466634e-06,8.77309847619489e-05
-6.52740370080353e-09,7.24060310682588e-12,-0.630982259330064,-0.630982259330007,-0.631068244026168,0.631063476246958,0.63106348278658,8.1223456064136e-05,-4.76124547096105e-06,8.12234492760705e-05
-4.65570779768904e-09,2.17218093204776e-11,-0.647266196675302,-0.647266196676603,-0.647335452499163,0.647331245658074,0.647331250312877,6.50536380273781e-05,-4.20219895762072e-06,6.50536258088604e-05
-3.44652707884912e-09,1.08609046602388e-11,-0.20118549152977,-0.20118549154691,-0.201253287287825,0.201249611691144,0.201249615155772,6.41236137834073e-05,-3.67213884120548e-06,6.41235848209948e-05
-1.86083499845425e-09,7.24060310682588e-12,-0.431796473069922,-0.431796473068395,-0.431849267541913,0.431846098138963,0.431846100018352,4.96269366636047e-05,-3.16753487516307e-06,4.96269307806147e-05
-4.67018900390269e-10,3.62030155341294e-12,-0.736118276551931,-0.73611827656825,-0.736144736863535,0.736142650608198,0.736142651091508,2.43745241911523e-05,-2.08578922354098e-06,2.4374520118313e-05
2.75142918059383e-10,0,-0.514063169986039,-0.514063169995796,-0.514060633508642,0.514059881932682,0.514059881669305,-3.288325783955e-06,-7.51846577642726e-07,-3.28833800247274e-06
3.62030155341294e-12,7.24060310682588e-12,-0.0146162595683157,-0.0146162595791836,-0.014616259571936,0.0146162595741987,0.014616259577819,-2.26268847088309e-12,4.52537694176617e-13,-3.62030155341294e-12
