compassSystemErrorCrossCorrelation,compassFilterErrorCrossCorrelation,fullSystemErrorCrossCorrelation,gyroFilterErrorCrossCorrelation,gyroSystemErrorCrossCorrelation,errorAutoCorrelation
-4.43486940293085e-12,0,-4.43486940293085e-12,4.43486940293085e-12,0,8.8697388058617e-12
4.87835634322394e-10,4.95596655777522e-10,5.01140242531186e-10,4.43486940293085e-12,4.7009615671067e-10,8.8697388058617e-12
1.45463716416132e-09,1.50342072759356e-09,1.47237664177304e-09,-1.77394776117234e-11,1.40141873132615e-09,4.43486940293085e-11
2.90927432832264e-09,2.98688454287393e-09,2.94918815294902e-09,-2.66092164175851e-11,2.78509798504057e-09,9.75671268644787e-11
9.21122374988738e-09,9.43407593738465e-09,9.36644417898996e-09,-5.76533022381011e-11,8.85199932824998e-09,2.83831641787574e-10
2.03671377329599e-08,2.08405600417228e-08,2.05777940295991e-08,-2.57222425369989e-10,1.93981187684195e-08,6.20881716410319e-10
3.64235824062711e-08,3.72251850508508e-08,3.68049811749231e-08,-4.21312593278431e-10,3.46540695145017e-08,1.15306604476202e-09
1.00795711789812e-07,1.03049734163852e-07,1.02312437125615e-07,-7.18448843274798e-10,9.64672792525519e-08,3.09553884324573e-09
2.13807271349998e-07,2.18474971396582e-07,2.15849528710047e-07,-2.6165729477292e-09,2.03409720034826e-07,6.64343436559041e-09
3.75708831208093e-07,3.83630616679078e-07,3.79376468204317e-07,-4.24860488800775e-09,3.57246469883692e-07,1.19386684326898e-08
1.02080715199312e-06,1.04333074497325e-06,1.03597218791644e-06,-7.35744833946228e-09,9.76753376779102e-07,3.15674004100618e-08
2.15214455411548e-06,2.19903331959531e-06,2.17272678301448e-06,-2.62899058205741e-08,2.04738406907944e-06,6.70108766782851e-08
3.7726325293382e-06,3.85198343013014e-06,3.80937985721089e-06,-4.26013554845537e-08,3.58707315865017e-06,1.2010069830077e-07
1.02251856809571e-05,1.04502730426334e-05,1.03765965572425e-05,-7.36631807826814e-08,9.78312676861173e-06,3.16272711470014e-07
2.15397648779409e-05,2.20086153907081e-05,2.17456193197341e-05,-2.62974450985591e-07,2.04909592866898e-05,6.7081834588732e-07
3.77460515924862e-05,3.85395439696454e-05,3.8113391825131e-05,-4.26142166058222e-07,3.58889056813149e-05,1.20171656211217e-06
0.000102273086529403,0.000104523731750392,0.000103786938069832,-7.36764853908902e-07,9.78508875483558e-05,3.16349878197625e-06
0.000215420062609372,0.000220108313286411,0.000217478429632527,-2.62987312106859e-06,0.000204930507711002,6.70885312415305e-06
0.000377484490828855,0.000385419046506286,0.000381157507321664,-4.26152366257849e-06,0.000358911222290425,1.2017928418659e-05
0.00102275501981023,0.00104526098363013,0.0010378933422977,-7.36764410421962e-06,0.000978531324792476,3.16357506172998e-05
0.00215422331045071,0.00220110514339814,0.00217480643075846,-2.62986957317307e-05,0.00204932600082386,6.70891964719409e-05
0.00377486326199557,0.00385420804433081,0.00381159291913112,-4.26151146668763e-05,0.00358912900445007,0.000120179842980135
0.010227461050575,0.0104525172983163,0.0103788413240441,-7.36759687286048e-05,0.00978522618700351,0.000316354900687223
0.0215418473307398,0.0220106551323884,0.0217476726021795,-0.000262982535752512,0.0204928902243929,0.000670880349796443
0.0377476721713763,0.0385410966041187,0.038114956118876,-0.00042614047637298,0.0358903727937667,0.00120176866517535
0.102262774061057,0.104513048067955,0.103776331441033,-0.000736716633573884,0.0978408489642399,0.00316320139182998
0.215376813955871,0.220063906249457,0.217434515147692,-0.00262939109954806,0.204889073200701,0.00670755237584845
0.37737742510979,0.385309400985993,0.381049057459902,-0.00426034352609089,0.358808978717952,0.0120146260535832
1.02175802661306,1.04423983015697,1.03687626134072,-0.00736356881181044,0.977570704313084,0.0316063545522324
2.15053485793926,2.19732937786418,2.17106687265138,-0.026262505203929,2.04579716087984,0.0669785651383877
3.76568882246058,3.84482325425682,3.80230567142633,-0.0425175828304851,3.58037253538856,0.119897974669445
5.86915423424659,5.98672083585213,5.92285071206057,-0.0638701237793568,5.57383348531134,0.190099054130371
9.9739226350874,10.1713608343021,10.0702376506602,-0.101123183636394,9.47980315172601,0.320470118329727
16.0741565950169,16.3859177722374,16.1897890797994,-0.196128692443571,15.2358864706764,0.518969107330555
24.1636818727744,24.6162525622706,24.3581633604309,-0.25808920183086,22.9116013423407,0.792995412998079
34.2357150605802,34.8467894915447,34.4976919176146,-0.349097573930132,32.4327338150303,1.13952046716807
48.8318412808768,49.673373082972,49.1832422647581,-0.490130818219456,46.2358308345212,1.62805018148695
67.8699314085423,68.995338394821,68.25532993496,-0.740008459842232,64.1489248702613,2.27351360007721
91.2633310010147,92.7055508472779,91.8031401237251,-0.902410723551154,86.2505718999764,3.08911685451777
118.920509213362,120.6904314641,119.586402018954,-1.1040294451567,112.313756817384,4.06444410730286
150.341329763841,152.418468582071,151.02860481284,-1.38986376922833,141.800980322498,5.17433288900758
181.722390578146,183.975570058424,182.278989818768,-1.69658023966421,171.066898338239,6.3168948028414
213.051501991263,215.343646885712,213.564502007678,-1.77914487803563,200.346706175259,7.48427922843202
244.314786310702,246.50387032942,244.640806012091,-1.86306431732443,229.417489075585,8.65509922238333
274.911669714704,276.8382061856,274.947940844723,-1.89026534086609,257.758736463634,9.80539190507095
304.813615352133,306.317718491251,304.51084277982,-1.80687571143526,285.410082909917,10.9209830512381
333.990299493398,334.914209763147,333.181106786958,-1.73310297619845,312.273720828087,11.9520259501679
362.406951164778,362.600424257462,360.840913951481,-1.75951030597789,338.263773700378,12.8668129396492
389.153634064454,388.455578954447,386.779592066418,-1.67598688801961,362.723683876174,13.6352151980091
414.175362275159,412.438855791331,410.9211505933,-1.51770519804088,385.592867702108,14.2431707204807
437.908578189352,435.014817905985,433.654821481884,-1.35999642413586,407.244171151845,14.6946584386662
461.179400253119,457.046502697556,455.915950761811,-1.13055193575343,428.544738679909,15.034978030041
483.962890328396,478.519929207116,477.694734529144,-0.825194677987713,449.466075413803,15.283995366438
506.237016361686,499.422722158519,499.08494476637,-0.337777392164848,470.10655230219,15.4386180848415
526.170444122347,517.889294912391,518.102729206058,0.213434293663262,488.598335197337,15.4327922720329
543.595359912798,533.765932111353,534.592319922881,0.826387811502043,504.799169837386,15.2569900752932
559.923509762711,548.519003787176,550.029585518009,1.51058173082614,520.122570583776,14.9340626401561
575.135048387466,562.146105046659,564.235906937576,2.0898018909208,534.403547181171,14.4502127461668
589.212047926478,574.648499800513,577.200137083046,2.55163728252186,547.637586781731,13.7984938357935
600.43740991479,584.288044288355,587.247134376415,2.95909008804731,558.282833829256,12.8913706252751
609.625910640854,591.931417702396,595.035882558385,3.10446485598749,567.007717660828,11.6971090297569
619.108045183619,600.00211839734,603.09259199163,3.09047359427814,576.20748699962,10.2834750896142
628.826977560607,608.469594113946,611.616762173504,3.14716805953954,586.037887060252,8.69513637716438
638.732143582031,617.3054978317,620.70697931587,3.40148148413614,596.58379232255,6.94632085666194
648.955702506334,626.66772286166,630.144512433426,3.47678957174399,607.629491678931,5.03079542758697
657.969431646842,635.01325936776,638.385013790664,3.37175442289361,617.6925840091,2.92860326984055
665.760274702169,642.353176560577,645.652874582106,3.29969802152011,626.951305973397,0.685725573879401
672.328351444902,648.707479420198,652.118364509545,3.41088508934426,635.547938601358,-1.67073107925465
678.314436240308,654.749477581875,658.041820919638,3.29234333776514,643.673130405466,-4.08932242041587
681.508129673433,658.224688499372,661.467165161598,3.24247666221179,649.449294370293,-6.58973413259124
681.956557291622,659.193959029924,662.30709277744,3.11313374750427,652.784122481188,-9.16861499151148
679.710730887692,657.721854753823,660.429231450503,2.70737669666386,653.53440416736,-11.8157687728548
669.285800256412,648.198944372777,650.627885940928,2.42894156814021,646.759773992428,-14.646963670459
651.062413751405,631.038336566264,633.494087433196,2.45575086694111,633.009603407345,-17.6300886202859
630.430544251044,611.782952685175,614.204263292568,2.42131060736553,617.169041057605,-20.6188781845444
609.155943743907,592.245531248363,594.250539985743,2.0050087373992,600.578550794996,-23.50845142928
587.310245775875,572.490528743878,574.284011385481,1.79348264161409,583.779289030714,-26.1889689941214
564.975769445486,552.58154337086,554.425902712143,1.84435934126765,566.873818378492,-28.6400115536592
540.613031004218,530.917831955575,532.500222424087,1.5823904685022,547.78374729486,-30.9131724959406
515.575904101963,508.867785308872,510.144416949747,1.27663164085686,528.009859444219,-32.9063495018952
494.399449221054,491.047607050612,492.271495184205,1.22388813358931,512.120903281779,-34.3975426567607
477.129962917493,477.447913826375,478.635576841158,1.18766301476474,499.781543928332,-35.2975512155953
463.809534264618,468.044160008368,469.431180338499,1.38702033014048,491.139016194557,-35.5595263012995
459.186038365965,467.628507884122,468.882524343026,1.25401645890379,490.185589649874,-35.0776848482168
457.709339684496,470.429065736095,471.071815725188,0.642749989092755,491.338212989164,-34.033728920542
455.496802411814,472.400435320512,472.724048241223,0.32361292073481,491.522887219626,-32.5232825418291
452.614244484948,473.552638862763,473.683450232774,0.130811370022517,490.582365800897,-30.545837696227
449.12275574626,473.89052392507,473.79291149351,-0.0976124315528155,488.414556553224,-28.1585878499784
441.443854207592,469.694772641609,469.281033783226,-0.413738858367461,481.462637730275,-25.47954252786
433.185006312982,464.622740952821,463.873609268373,-0.749131684449302,473.300723086883,-22.4542837507358
429.595973171977,464.009490071523,462.508660566248,-1.50082950528401,468.664168723801,-19.0223077214323
430.630087618361,467.755285865437,465.565939626005,-2.18934623943642,467.981212028768,-15.2304808010525
436.223710766204,475.74849123626,472.833214294059,-2.91527694220089,471.083835791974,-11.1194559170532
452.185251967294,493.899705577608,490.010249740526,-3.88945583705513,483.398974222796,-6.574237280033
474.871578856724,518.420392619528,513.482837174068,-4.93755544544242,501.495058761369,-1.68194649527736
497.905603080928,542.727146970236,537.019508786885,-5.70763818333036,519.430061546997,3.44084599198818
521.229606759235,566.725099789635,560.513346181681,-6.21175360793824,537.115512331353,8.77980744278591
544.780040957411,590.316470047288,583.673702905096,-6.64276714218847,554.351889616224,14.2442070961265
567.415791689418,612.308033294287,605.368087677298,-6.9399456170066,570.079805542622,19.7889842904971
587.719089719317,631.227962581797,624.304199436458,-6.92376314534007,583.107141999546,25.3510662018233
605.658135631611,647.034072140441,640.479868976994,-6.55420316345214,593.589972368149,30.771849645468
621.190468694011,659.692890965246,653.315649296887,-6.37724166836124,601.141269928017,35.8569936776545
632.313955918838,667.185385028396,660.788493955834,-6.39689107256431,603.971414795083,40.4247507210566
639.707986984875,670.262323712938,663.633540107243,-6.62878360568014,602.901150494832,44.3686407274467
643.326361447533,668.944664367435,661.872242415333,-7.07242195209976,598.094017260801,47.5442800489554
643.125695246322,663.272285402695,655.452965838988,-7.81931956369053,589.531820135262,49.9170537454453
635.590906649002,649.732843861546,641.383860692397,-8.34898316914304,574.400597758298,51.4027888288849
626.550062217717,634.399580728346,626.252317371317,-8.14726335700335,558.995023605884,52.1343366434654
616.216350425707,617.577641807663,609.777712230615,-7.7999295770357,542.983480749222,52.156816677011
604.495375568444,599.252027874247,592.409991609367,-6.84203626486983,526.724947497047,51.5610099451761
591.308661951713,579.417934805445,574.19692532392,-5.22100948149649,510.313910987614,50.2990271544483
572.794013537322,554.201824985112,550.114182172141,-4.0876428129606,489.037079757643,48.1605656136304
549.350734273178,524.118176456155,521.070212076556,-3.0479643795983,463.741662319577,45.1886210155003
526.516433096073,494.941850172482,492.954275270742,-1.98757490171452,439.967279836167,41.5739233019435
504.260986039074,466.725303329556,465.065836309586,-1.65946701995119,417.080945337661,37.2442132716621
482.552322452516,439.527414386901,437.594087603007,-1.93332678388272,395.245559940849,32.2263278404705
464.078541554301,416.191265397785,414.205375699892,-1.9858896978898,377.930757849601,26.6446513300152
449.161258507992,397.122331685014,394.475421111476,-2.64691057353768,364.723511781521,20.4800432637788
437.732913424449,382.329859505685,379.008289197081,-3.32157030860184,356.158026345442,13.8081251983625
429.73583550288,371.825003668806,368.025568034941,-3.79943563386,352.298688166655,6.79055108935905
430.603159633128,371.226590221797,367.379775198232,-3.84681502355684,358.5630896173,-0.285649810110529
435.105183098217,375.19497830395,370.748266016133,-4.44671228779147,368.845627594932,-7.49333024929012
436.22130713344,376.562369931682,371.036909113847,-5.52546081782784,376.305630117568,-14.8887839665703
434.066496777337,375.478565867066,369.020887284965,-6.45767858208024,381.573759147339,-22.3267230034008
428.780889055151,372.102087526819,365.014337138486,-7.08775038830714,384.869368689283,-29.7165657623183
416.293635157274,362.263544412532,354.940187228666,-7.3233571838521,382.183089445183,-37.0152356751795
399.804701779322,349.23890538882,342.370977786159,-6.8679276026486,376.784373141483,-44.0064562154745
380.295083770174,334.006582419223,327.296379601326,-6.71020281788937,368.588339121227,-50.6432992417221
358.009924224505,316.783435979286,310.213204289128,-6.57023169016632,358.029740708106,-56.8674159179741
333.201614448229,297.78561872913,291.150312571802,-6.63530615732362,345.020727055563,-62.5615506173832
307.320585766093,278.443759723377,272.111858585639,-6.33190113772206,331.413114138867,-67.6062561661315
281.251099983346,259.591541394735,253.524702239127,-6.06683915561243,317.471758987924,-71.8587676549718
255.184046903089,241.332478011245,235.767061251413,-5.56541675983462,303.354115548932,-75.0956734116832
229.3220957282,223.756744242923,218.735974637097,-5.02076960581333,288.791670141284,-77.1471947156675
202.545424793778,205.579325510355,201.921758493027,-3.65756701731201,273.281220318544,-77.9812490896544
176.291558884745,188.128434795343,185.942715900928,-2.18571889441172,257.323324610761,-77.5117925505891
147.826736163834,168.448984705268,167.474085838286,-0.974898866993109,237.771398798609,-75.8390423314668
117.391615037586,146.645213234163,146.811858710796,0.166645476637807,214.97066707013,-73.017807625753
85.2144897786978,122.811139542947,124.606683768671,1.79554422573863,189.583257514162,-69.0652476318968
47.7474813799662,93.1698317819497,96.4634366824347,3.29360490049391,157.453522839383,-64.1230548242462
9.2496798334865,61.9619473771935,66.6737967123333,4.71184933514035,122.801999014712,-58.2353269596252
-26.6662590220792,32.7732932433054,38.436912650238,5.66361940693598,88.8213822748994,-51.492946832772
-59.9396528019137,5.55601336373171,11.6894887186997,6.13347535497409,55.4900781299855,-43.9390070137948
-90.5301340708764,-19.7558568910806,-13.0361040713914,6.71975281968757,23.399708043441,-35.6366983596321
-115.279501804729,-40.0227863217083,-32.9241995631695,7.09858675855156,-4.57845160165979,-26.7293055926533
-136.163766285081,-57.3496125612818,-50.302959680035,7.04665288124012,-30.5314483026392,-17.4025062616066
-153.235346831538,-71.852957305382,-64.9789448760683,6.87401242931373,-54.2295071602943,-7.69064228529682
-166.571921190299,-83.6693283289682,-76.7328042145641,6.9365241144041,-75.2577257366834,2.20963877303459
-175.092490126556,-91.7239940556587,-85.5399178465884,6.18407620905477,-93.4596575444093,12.1352782842551
-178.706959177633,-95.9402962037717,-90.4320925179414,5.50820368582416,-107.877990693702,22.0907686003919
-177.611756478072,-96.5365534553127,-92.022162329206,4.51439112610173,-119.057255123539,32.0049220961078
-172.030727122549,-93.7485125405725,-90.3237032561984,3.4248092843774,-126.80269732459,41.6670912092449
-159.93506266014,-85.4800317749314,-83.495250919938,1.98478085497405,-129.280739856704,51.0226573396496
-150.518914923662,-81.1286310531953,-80.3535675084069,0.775063544781213,-134.760544594602,59.76915866985
-143.869403136171,-80.7239771080115,-81.1328249031024,-0.408847795099774,-143.232218922163,67.662675555985
-140.090359263698,-84.2810437328138,-85.9582266581455,-1.67718292535421,-154.556389655093,74.4400258885608
-139.046138528331,-91.5392857747374,-94.829914350714,-3.29062857598737,-168.657641253092,80.0182802902235
-134.190105533633,-95.659367926115,-99.6894635928218,-4.03009566671653,-177.852210734506,84.5882312176311
-125.833468289315,-96.8460671838462,-100.899557507925,-4.05349032408364,-182.38769389611,88.0395031768762
-114.303269751746,-95.3040438612457,-99.8236850215233,-4.519641160282,-183.553575909266,90.3042340625033
-98.7204809028888,-89.9936669106839,-95.2874928611309,-5.29382595044417,-180.224983941128,91.4002332148674
-86.0859272633175,-87.9520914086961,-94.4788618858882,-6.52677047722114,-179.192252284009,91.1123709509354
-76.5490094281844,-89.1718623427852,-96.6604165740278,-7.48855423124707,-179.793035713263,89.5152534371652
-70.2282151259027,-93.6174763695326,-101.517560343056,-7.9000839735312,-181.779597951231,86.6732091456447
-67.2283799231435,-101.246113805048,-109.374046339059,-8.12793253399889,-185.488312811919,82.5961418617434
-69.5808836284094,-113.993121924238,-121.532132298228,-7.53901037400349,-192.208273269517,77.3265989390218
-77.2809749472276,-131.707684140129,-137.991670470165,-6.28398633002916,-201.999731875126,70.9249692155719
-90.2932433827425,-154.208417336955,-159.520024829801,-5.3116074928271,-215.613179474559,63.3719389836808
-111.309831830623,-184.107123264178,-188.172568098873,-4.06544483469278,-234.94934959224,54.5825390667594
-129.402078333143,-210.051332289309,-212.72493562717,-2.67360333785501,-249.445457090268,44.9196338790502
-144.646873123025,-232.001384047064,-234.195562642822,-2.19417859576975,-260.211623698127,34.4764667908816
-157.106053085969,-249.910235321112,-251.147112931979,-1.23687761085887,-265.906139012056,23.349059566984
-161.099774721641,-257.861079006549,-258.462521124715,-0.601442118161746,-261.869843811928,11.8472527380367
-163.876386280619,-263.219387896638,-263.413396018579,-0.194008121948822,-255.077697268967,-0.121463711069719
-168.938229698384,-269.502046460124,-269.251786732237,0.250259727882249,-248.821270498109,-12.419600970012
-176.15944079477,-276.525100753816,-274.265584824385,2.25951592941793,-241.674882278393,-24.7610187261066
-185.373195376677,-284.098646841345,-280.416848264956,3.6817985763977,-235.88677566734,-36.8596051191268
-199.167579832916,-294.890397119833,-289.200953539272,5.68944358055776,-233.074252914286,-48.5198766640011
-210.658014160873,-301.880331420941,-294.269930686842,7.61040073409538,-227.356088357229,-59.459076675083
-219.701385753147,-304.989650111368,-296.954035395269,8.03561471610363,-220.131347321886,-69.6074321383998
-226.162929684786,-304.159762153932,-296.318865333602,7.84089682032853,-210.599275877757,-78.831620570158
-227.428288251068,-296.805877207601,-289.076798471148,7.72907873642842,-195.653067846326,-87.0160097711642
-223.404513188081,-282.941405161184,-275.920712852254,7.02069230893311,-176.07664678701,-94.0641692476968
-213.93055273194,-262.526279480072,-255.685127686986,6.8411517930777,-150.816517693144,-99.8609778032993
-198.854753337146,-235.546459790729,-229.172409090162,6.37405070056307,-120.837339618962,-104.23556287235
-170.910358983225,-194.7150475364,-188.459979437513,6.25506809888951,-78.7349147482803,-106.856136142411
-131.353063913036,-141.518767545122,-135.676507828116,5.84225971702503,-26.6635606646815,-107.655446354325
-84.8714887153557,-80.9766468571987,-75.5465179364252,5.43012892076707,30.7284098940125,-106.570764799938
-31.3296402779652,-13.1735619483383,-7.44505703044124,5.72850491790312,93.8857533748827,-103.418387908073
29.4041619443357,61.7734747138407,69.4269456577997,7.65347094395187,163.481468876506,-98.0728095413806
107.227194064729,153.752608332382,162.705696812667,8.95308848028404,246.597735534676,-90.2449111396003
201.211031668613,261.520391769437,271.324862001013,9.8044702315703,342.218066585283,-79.956755073883
303.235252550229,376.468113004187,387.961986357591,11.4938733533984,443.600549673277,-67.567798574745
413.308157535112,498.334442599997,510.875810702115,12.5413681021077,549.319916089654,-53.3885601758779
531.291525860175,626.793232417858,639.059803505727,12.2665710878536,658.683799267297,-37.728595192772
667.164411806768,771.910518290257,783.784069733899,11.8735514436272,782.49469816494,-20.3963851220279
819.411757036514,931.951731662162,944.921882754962,12.9701510928006,920.831770485327,-1.55639728559569
976.165510609296,1094.5769288227,1107.61160276442,13.0346739417153,1059.87758678854,18.068891615445
1137.70690663308,1260.04353879323,1272.79511371782,12.7515749245705,1200.90226662308,38.1402543238819
1303.72752845481,1428.03140355643,1441.02778137253,12.9963778161022,1344.76649794093,58.3626976496152
1473.90252227604,1598.22130471367,1610.39218645979,12.1708817461184,1489.82992327655,78.4609108671956
1658.30477664113,1781.04073689772,1793.24271050475,12.2019736070036,1648.00388554736,98.5881556372674
1855.48024035092,1975.07160786609,1986.81188665349,11.7402787873898,1816.85342124624,118.438055862327
2064.1787239623,2178.96684987552,2188.02995860277,9.06310872722617,1993.55900172329,137.791209040293
2277.10420073233,2385.1759002659,2391.11721921831,5.94131895241028,2172.83879849953,156.344610764567
2494.23888250518,2593.72386593031,2597.69055726171,3.96669133137912,2356.36361750819,174.042963390384
2715.25175828324,2804.29636061039,2807.58982656119,3.29346595082011,2544.03116610305,190.83880690063
2939.68715707635,3016.54355189404,3020.11975232031,3.57620042626569,2735.33650515598,206.544877756479
3174.28669230311,3237.54039371604,3240.67803274205,3.13763902599624,2935.47994604197,221.165533406621
3417.09713866622,3465.4413667166,3467.8126708649,2.37130414828924,3143.25608575911,234.497740846172
3662.43119595501,3694.41252563241,3695.52395367703,1.11142804460389,3353.18366260224,246.179674477529
3914.49081267565,3928.79848523401,3928.38807063537,-0.410414598651031,3569.8042520169,256.13639280269
4171.59589476198,4166.93861827503,4165.55593126417,-1.38268701087079,3792.60790289011,264.069607794787
4433.22330618616,4408.41254444652,4404.60347648202,-3.80906796452334,4019.38509396502,269.766585237678
4698.7465101188,4652.84373678231,4647.31076038783,-5.53297639449121,4251.90661301895,273.235580161356
4979.76793630177,4912.44069284975,4905.5743806499,-6.86631219987425,4501.35661860847,274.861756866088
5266.74211748056,5177.6253502104,5169.53297077328,-8.09237943710454,4758.39243874116,274.382191120994
5556.86635386076,5445.69282337562,5436.51493121516,-9.17789216045944,5020.58276761609,271.630646565553
5849.51398164734,5716.25555808739,5705.38354147505,-10.8720166123744,5286.6413135343,266.768057807193
6144.11488258972,5988.96295798945,5977.28607554124,-11.676882448224,5557.57014426406,259.946169262065
6446.76294930718,6270.37073912913,6258.64790397412,-11.7228351550139,5839.26181878141,251.529250161399
6750.44057318374,6553.50889986601,6542.07356515262,-11.4353347133926,6124.45249191082,241.579024486596
7057.95665642435,6841.46115851155,6831.23464822991,-10.2265102816559,6416.7610320881,230.069810122487
7368.53903175052,7133.60334845208,7123.0457437009,-10.5576047512026,6713.36074091257,216.760667355701
7681.47604871322,7429.33945218478,7419.16259778076,-10.1768544040146,7015.94094182171,201.638425568047
8003.52843116395,7735.82509712737,7724.99217818462,-10.8329189427679,7329.4816028023,184.94291335382
8323.34668983636,8041.66979978112,8031.39861893257,-10.2711808485416,7645.3323781572,166.488201534466
8640.15861762964,8346.30778548059,8336.57020257365,-9.73758290695855,7961.50009755213,146.475717333065
8953.4339237298,8649.27029375154,8639.55813669154,-9.71215706001593,8276.67714403752,125.289922999424
9261.31992167268,8948.65412026209,8939.85436407723,-8.79975618486836,8590.09346051627,103.252763458276
9574.11415781405,9255.12398253779,9248.49855259384,-6.62542994395723,8911.65104354169,81.2284507935953
9890.78652306185,9567.60330795218,9563.52525826757,-4.07804968461243,9239.09522689821,59.5420848511079
10210.2308052949,9884.94570005693,9883.71026163602,-1.23543842093717,9571.14676280457,38.2854765901336
10531.6256940468,10206.4029293208,10207.5097935421,1.10686422128066,9906.14061207685,17.6064159694914
10843.8132613971,10520.2778003654,10522.9296165903,2.65181622496675,10232.5036161692,-2.59597616755207
11146.5455665932,10825.9736939853,10831.1073347393,5.13364075394333,10551.1233204394,-22.0407661147732
11439.3637178382,11122.8083957939,11131.0446475674,8.23625177342481,10861.0916308792,-40.7957162407482
11722.9120254962,11411.4613800075,11420.5681135758,9.10673356828671,11160.4003697558,-59.0450016869592
12000.598323296,11695.5480651841,11704.7968007837,9.24873559953024,11454.0191714596,-76.7372456461676
12271.6428142898,11974.4012861174,11983.6224123304,9.22112621301106,11741.9220046604,-93.9420064590977
12535.5223513329,12247.5171720617,12257.8552579762,10.3380859145502,12024.755046231,-110.470939873626
12789.2135843867,12511.3913984593,12523.0001984063,11.6087999470237,12297.9876068788,-126.191615725854
13018.7753492724,12751.4270486735,12764.8566196369,13.4295709633877,12548.243042891,-141.542848099483
13224.1944739595,12967.599512064,12981.3725188512,13.7730067872489,12773.487784369,-156.534515195866
13403.1456417112,13157.688460177,13171.4875757797,13.7991156027826,12972.6886329174,-171.132259811151
13559.8700489062,13326.6245848765,13342.0801990176,15.4556141410752,13152.2429188822,-184.984065273339
13694.4313872803,13474.737043819,13492.3107455906,17.5737017716061,13311.2944071297,-198.083770796289
13811.2428551793,13606.36904283,13624.7372643793,18.3682215492762,13452.2435720725,-210.384237309343
13906.9228370228,13717.7511516535,13735.7087674524,17.9576157989062,13571.6184315697,-221.954182971757
13982.6045689888,13809.7746805226,13827.1504022004,17.3757216778016,13671.1649668058,-232.634295424883
14039.4642086596,13883.3129035274,13901.5304791824,18.2175756549924,13753.3735581906,-242.465310577125
14088.9614009316,13950.1297107614,13967.9925638588,17.8628530974699,13827.0270342542,-251.404179041383
14133.7776703979,14013.503370756,14030.1560672533,16.6526964972647,13895.5377731207,-259.338766124757
14173.9257869951,14073.5632818198,14087.7846206323,14.2213388125439,13958.5689572712,-266.177939944413
14209.7856959603,14130.4460676571,14141.9185745906,11.4725069335909,14017.1267849244,-271.885229088164
14223.1542429352,14165.4943920406,14175.087224462,9.59283242140414,14054.834125764,-277.053923481094
14198.895906271,14163.0527799424,14169.7497020731,6.6969221306294,14055.11362997,-282.237409285744
14154.9609137674,14141.0717498055,14146.5497691562,5.47801935071212,14037.615804458,-286.923349450944
14089.8060464063,14097.9580055822,14101.9280394864,3.97003390421478,13998.7328953746,-291.020969713663
14006.0155665115,14036.3758833338,14037.6343984215,1.25851508765495,13939.7900914154,-294.171796068433
13911.2907871448,13964.0927007784,13963.480002402,-0.61269837640395,13870.2904045229,-296.268595376775
13809.7725908247,13885.3586761516,13880.1815186023,-5.1771575492973,13790.9992457077,-297.46423224649
13702.2707149669,13801.251260307,13788.1523630772,-13.0988972297806,13702.1797126647,-297.640918048246
13589.4109286599,13712.5508814091,13692.970191405,-19.5806900041319,13609.3908627524,-296.816440134498
13472.6970671096,13620.5344900471,13593.4243573805,-27.1101326665704,13511.1471228507,-294.7536435334
13346.9259255135,13519.8138556447,13487.0423601292,-32.7714955154207,13404.659875844,-290.989755240484
13213.6208919549,13411.5449314084,13374.6248670803,-36.9200643281351,13290.482496408,-285.299346070464
13074.4850333437,13296.9621641636,13255.858771618,-41.1033925456127,13168.0970526332,-277.50179857749
12928.6300718321,13174.723736146,13128.8252675074,-45.8984686386306,13035.7439568189,-267.732120708168
12778.2802195563,13046.9755045502,12996.1946393101,-50.7808652401108,12896.5111056747,-256.486830340899
12624.5903803237,12914.7350565404,12860.0040870841,-54.7309694563018,12752.6800940097,-244.053555827455
12469.2051812198,12779.4856733525,12720.2143687651,-59.271304587318,12604.2046939735,-230.471093483627
12315.3184290013,12644.5521648883,12578.6185433672,-65.9336215210993,12452.5740643747,-215.516549038781
12164.8487478153,12511.5423615568,12438.3637230429,-73.178638513949,12300.6807275217,-198.967977481435
12018.7554940129,12381.0356327644,12300.4328484584,-80.6027843060109,12149.1338454346,-180.453783897778
11877.0238245494,12252.9676714411,12164.5305580966,-88.4371133445468,11997.9418375781,-160.276716000296
11744.0400461782,12132.0086171026,12036.3264079732,-95.6822091293621,11852.6725562294,-138.462698311906
11614.3070003107,12012.573720834,11910.766388928,-101.807331905963,11708.6127159527,-115.211042639333
11489.318108221,11896.2866087054,11789.3765788265,-106.910029878864,11567.5824862992,-90.8671516074705
11368.4237996058,11782.3601639229,11670.3171440069,-112.043019916015,11427.9678319898,-65.6331509026344
11250.4513687882,11669.2295306957,11553.1079575997,-116.121573095979,11289.6581755098,-39.8551575866123
11135.6761988051,11556.8896621958,11437.6516754067,-119.237986789156,11152.9738500279,-13.977786087349
11023.5453277681,11445.3385930538,11323.0794496967,-122.259143357135,11017.266975042,11.7562923786851
10916.5117360669,11337.4321921935,11212.0228573126,-125.409334880856,10885.0285834339,37.3946554907503
10819.558223579,11238.1855180175,11109.3466068393,-128.838911178265,10760.7223154221,63.1996935969849
10734.2435102178,11149.0499293076,11016.5226044466,-132.527324860996,10645.829116873,89.1252054026077
10654.503210289,11063.2817681341,10925.6187320483,-137.663036085818,10532.7095363214,115.068533253777
10583.5767007141,10983.6849312247,10843.1475702359,-140.537360988791,10427.8469309651,140.992754547978
10521.0429751803,10909.6461245258,10766.0002059673,-143.645918558445,10328.9358493118,166.102332694748
10466.4365430557,10841.251045529,10694.5373619927,-146.713683536312,10236.3139326649,190.420260768942
10439.4295446569,10799.14620715,10650.3343792791,-148.811827870948,10170.1976230294,214.749745492118
10434.1772949327,10777.4900018752,10626.4739314307,-151.016070444429,10124.1153204545,238.789528776037
10450.0905744157,10775.6051660221,10621.8929669926,-153.712199029538,10097.3235865796,262.231489492998
10470.7297395519,10776.2123712258,10619.9126573764,-156.299713849342,10074.7907147049,283.87073110677
10496.750453939,10779.5292194579,10621.5524419463,-157.976777511596,10058.2101694858,303.009658602956
10527.6475302984,10785.300894769,10626.8824839102,-158.418410858759,10047.6602719763,319.633889485306
10563.3547817301,10793.7397210651,10636.999931091,-156.73978997413,10043.8053356405,334.17019541182
10633.3465028388,10835.4057737038,10683.0808684008,-152.324905302961,10076.1491829104,347.474443433065
10733.2849872152,10906.3234058206,10754.3848013338,-151.938604486786,10134.3079620515,359.304201288035
10848.4505200476,10991.6485032567,10839.155847957,-152.492655299692,10207.4837180224,369.097471052429
10982.288162129,11094.9038370121,10942.6861467861,-152.217690225974,10301.0143588677,376.707996513867
11133.4504440719,11214.6266036235,11062.9923474948,-151.634256128707,10412.9004406288,382.196091988255
11294.9293607432,11344.0551636264,11191.5914354016,-152.463728224778,10535.0806089319,385.309950365927
11469.4220019647,11486.0204012915,11337.5556477035,-148.464753587998,10676.191309268,386.416329607575
11655.4816416087,11639.3456039273,11494.1998757684,-145.145728158911,10829.8321011677,385.26489608471
11851.2272333167,11802.7472950493,11659.6273563754,-143.119938673865,10994.5606744167,381.433451138397
12053.2589618628,11973.1766779828,11832.6763720068,-140.500305975996,11169.3353158516,374.880367259659
12252.9324854295,12141.9334887829,12004.8104805588,-137.123008224189,11346.1375479947,365.305007722619
12449.6098391023,12308.5375913054,12177.7354126735,-130.802178631943,11526.7224156374,352.666047241482
12642.4672958116,12472.4182381973,12348.2849606775,-124.133277519781,11708.0027411764,336.900059863317
12831.4589406704,12633.4066037302,12515.8061009137,-117.600502816434,11889.1233274698,318.223033443604
13026.806086776,12802.1965090117,12692.4778318872,-109.718677124499,12081.2322864165,297.398985687461
13226.8239184451,12977.6105698078,12873.0689363074,-104.541633500504,12278.7379179974,274.842042166449
13429.2178509721,13157.6462031177,13059.9164675396,-97.7297355781861,12483.387494864,251.217127982876
13634.9413127451,13344.0430602928,13253.8182990664,-90.2247612263799,12695.3487685336,227.128568920878
13842.5707899079,13535.7231019356,13451.9869954593,-83.7361064762481,12911.7013826719,202.760234719994
14051.1052556477,13731.5363483039,13655.646566512,-75.8897817919729,13133.3164902372,178.498964574993
14257.5589915964,13927.9138299321,13862.9030112925,-65.010818639654,13358.5655646439,154.171296390028
14461.0477093618,14123.4645987086,14067.4091532418,-56.0554454668522,13581.9602490509,128.950636210074
14661.3261962875,14318.201821432,14268.5684032502,-49.6334181818074,13803.0571061134,102.680207934024
14858.7345750895,14512.6262724972,14469.3627186936,-43.2635538035616,14023.8870670763,76.3102617551805
15050.5749177422,14704.6266928099,14672.2424023296,-32.3842904802501,14246.4856787002,50.3137437152288
15233.0451004292,14890.5493480049,14869.7009110094,-20.8484369955602,14463.2694197519,24.8812996783942
15405.5910758386,15069.3833562351,15058.1490276234,-11.2343286116876,14670.2411912282,0.468098770735586
15574.1194308722,15246.8320086297,15246.1677786083,-0.664230021389778,14875.939685198,-23.0401354461764
15737.2949591447,15420.8333322018,15429.1428246618,8.30949246000964,15075.9450445054,-45.767923387655
15896.2320454996,15592.1333125083,15610.566443222,18.4331307137119,15272.9977060578,-66.9508998747205
16051.6920673045,15761.1436521682,15792.1725629284,31.0289107602206,15468.4239695158,-86.1774300144109
16179.3553246682,15903.1948237029,15945.5463376534,42.3515139505129,15634.8955206132,-103.876713913922
16310.8737814965,16051.1984635769,16104.1022672397,52.9038036627889,15803.6420775726,-118.724409030622
16445.5783528178,16203.8383286488,16264.5628284553,60.7244998064848,15971.0505793689,-130.346655604783
16582.2466814448,16359.6831062733,16430.0545933615,70.3714870882002,16140.435833518,-138.909276163378
16715.7460872608,16513.2903968255,16592.5015270465,79.2111302209583,16304.3460487762,-144.904602214467
16846.2558724982,16664.5006108968,16751.4423052548,86.941694358002,16462.674826256,-148.688112913707
16973.1947532499,16812.8993053421,16907.6409934336,94.74168809147,16616.5097568478,-150.591998478229
17070.3141777231,16931.5467301422,17034.6858142247,103.139084082553,16740.9848241281,-151.463097622828
17161.2630896393,17044.6677011674,17156.4814995609,111.81379839353,16858.315389057,-150.230673152561
17247.3120315001,17152.3489542182,17271.6215954771,119.272641258843,16967.3302295905,-147.122188867445
17307.7587453662,17232.785120553,17358.7544002381,125.969279685036,17047.7112686617,-142.588443156098
17343.7919863915,17287.2489341618,17420.0811383832,132.832204221344,17101.3939746284,-136.373432125817
17369.6467047702,17330.1325988321,17469.9339957261,139.801396893976,17142.387693649,-128.529295233508
17386.7783424023,17363.1915904582,17508.365911412,145.174320953804,17170.8501310123,-119.226916687723
17386.0634975644,17377.4611279655,17529.5895660369,152.128438071413,17181.2667666202,-108.506131073647
17369.2559985705,17374.6616972502,17533.840879318,159.179182067848,17173.9744214998,-96.5103282044298
17337.9257746991,17356.2224065873,17516.5863664217,160.363959834455,17144.9490017931,-83.8037567555633
17295.4177544401,17325.2447730184,17489.0386534636,163.793880445163,17105.0342423704,-70.1116885440585
17252.4523192943,17292.6162779099,17462.018778888,169.402500978045,17064.5307311249,-55.2068207724275
17210.0121933391,17259.3843103719,17436.821734875,177.437424503158,17025.4987061657,-39.8974461021356
17162.0871271071,17219.2672446265,17402.1204978355,182.853253208974,16977.3683244511,-24.8014015042611
17110.6328036501,17174.6280384764,17361.5086812754,186.880642798944,16923.3452016066,-9.59673360752474
17050.9062382691,17120.7653487425,17310.7847621822,190.019413439663,16859.6085940447,5.4699380047065
16984.8739397515,17060.2598756466,17248.9086195634,188.648743916853,16784.7074005621,20.7495888185316
16926.0542434624,17007.479125905,17198.2328633679,190.753737462912,16720.1284722248,36.7248240944996
16875.9971800561,16963.9502337508,17153.747454891,189.797221140242,16660.6325322009,53.5878211847462
16819.9572307044,16914.3072938217,17099.927706418,185.620412596332,16591.6050760581,70.8489283278435
16760.1767729359,16860.4849503112,17040.7580781705,180.273127859234,16517.2110953741,88.2836341927138
16708.948905919,16814.5619185912,16990.1518418512,175.589923259949,16450.677048786,106.263188756664
16666.3646238382,16776.8025352049,16945.976979705,169.174444500115,16390.3036587859,124.323529995605
16618.6954665537,16733.9122478936,16895.5007152536,161.588467360023,16324.3651271044,141.793622706411
16567.5911898083,16687.7859568925,16840.5486211401,152.762664247551,16254.20655472,159.104581785936
16508.8234772362,16634.0285831743,16779.1674406728,145.138857498538,16177.7790717223,176.473299519288
16445.0947304779,16575.1372638049,16711.0332809417,135.896017136763,16094.718568027,193.879478646651
16381.0336845832,16515.2416693636,16642.8288975145,127.587228150943,16010.9844450752,211.949967767124
16319.0872905964,16456.488139282,16578.5101296936,122.021990411659,15930.3155301102,230.840940993727
16241.2596122168,16381.1672879469,16496.5370970251,115.369809078197,15833.0788211074,249.081005567738
16151.1540924015,16293.7567083398,16398.6920911385,104.935382798749,15720.1406145142,267.49083385452
16047.9325357634,16193.3015737428,16287.486057578,94.1844838352896,15593.4381110831,286.695972581871
15935.09280151,16082.8051299465,16168.7725734057,85.9674434591894,15458.4744818209,306.963262867515
15812.5727413521,15961.3650678226,16037.952576312,76.587508489385,15310.5297748245,328.451923472872
15685.892410143,15833.5304583464,15897.7664979769,64.2360396305038,15153.1260098657,350.245424018734
15560.0158288962,15704.6128161237,15757.4093481844,52.7965320606572,14996.2653463363,371.371340976509
15432.2118832817,15572.848650162,15613.8879438038,41.0392936418021,14837.5711726573,391.245236822561
15302.790822097,15438.8559578619,15466.4856523073,27.6296944454196,14675.7438300836,410.448104294407
15171.5737136011,15303.144175402,15319.2215915352,16.0774161331961,14514.3961060974,429.387932298917
15028.1793673671,15154.1157248119,15158.3469706095,4.23124579760957,14340.02198355,448.119019621015
14887.3719897518,15005.6854167875,14997.8043403595,-7.88107642800411,14164.6725989385,468.178524169302
14751.9725849094,14859.6490710527,14841.2864898713,-18.3625811814417,13992.2907243597,489.264834879978
14621.1072696392,14715.4620582571,14684.1804608045,-31.2815974525575,13819.1187825686,510.521911774648
14493.7543719446,14573.1727718228,14529.9686285335,-43.2041432893246,13648.5071693818,532.075536254282
14381.0766187574,14444.2676204384,14389.5792344248,-54.6883860136166,13492.0772445776,552.893917523553
14271.0649073418,14316.5938947124,14246.9411785024,-69.6527162100235,13334.8980417135,572.15183686
14163.1450565825,14188.2099497951,14105.0150054717,-83.1949443234083,13179.7383336374,590.100487216363
14058.0647022072,14058.9333776875,13963.2356115658,-95.6977661217296,13026.032933071,606.7415726832
13955.7305819646,13928.5744260975,13820.492023356,-108.082402741444,12873.2352020439,621.498914380828
13857.1066695654,13798.8507543421,13677.3450188755,-121.505735466592,12721.9674475963,634.242701955442
13762.718910599,13671.7609413882,13539.2336182743,-132.527323113874,12577.4032801613,645.174561743298
13674.3674798326,13548.9486586837,13408.7367976785,-140.211861005159,12441.6405408931,654.723590730417
13587.3987036702,13425.3750568462,13278.1810035636,-147.194053282664,12307.4103270361,662.616743492918
13500.8718144483,13299.4697899456,13148.0406188153,-151.429171130294,12175.7932514265,668.284573897213
13414.6316905956,13170.5968496533,13016.5541961751,-154.042653478206,12045.2919168659,671.462767158328
13327.3058649218,13037.8414194667,12880.6231170957,-157.218302370972,11913.6477783481,671.291753100407
13242.2326340206,12904.7642061088,12744.660736979,-160.103469129799,11785.191342721,667.752940335477
13156.8493081407,12769.2986674554,12608.7759194291,-160.52274802637,11659.2278821537,661.742487849999
13072.3956619249,12632.9429374295,12470.731841001,-162.211096428578,11533.9848695165,652.742821938636
12987.7729062247,12495.3765970603,12333.0545438672,-162.32205319312,11412.1932570815,640.554498630182
12901.8828955481,12356.1739944061,12194.4963115127,-161.67768289346,11292.3852446023,625.412473059699
12834.6429106797,12235.6338795509,12076.2803858566,-159.353493694259,11194.9532134566,607.585690516084
12776.1848684417,12123.7099104192,11966.5954283393,-157.114482079913,11108.6782028442,586.750881911483
12729.5362459445,12022.1446934404,11867.4223518629,-154.722341577458,11035.6782876557,562.727408670947
12686.6153307539,11921.9756473539,11771.4092600669,-150.56638728702,10968.8487931657,535.509620081604
12646.2061097139,11822.4777966264,11671.4904435181,-150.987353108208,10902.0821383659,504.134640451431
12619.4681290252,11736.0539877879,11585.1334427569,-150.920545030936,10852.5743480571,468.519983400961
12605.356502569,11663.1835767211,11512.820368841,-150.363207880024,10820.6911350533,428.765557423662
12589.6890821352,11590.5586149717,11439.4315697227,-151.127045249076,10792.5476322419,383.968517796146
12572.7802200206,11517.9391014237,11368.5234810407,-149.415620382984,10771.6175176498,334.248663888045
12560.7117676827,11451.1117913432,11299.6173210861,-151.494470257154,10757.024277947,279.865143668738
12554.5526305551,11390.5864552251,11239.4272138793,-151.15924134574,10755.1267781321,221.165382326066
12562.2513467183,11344.0704717368,11194.491613197,-149.578858539833,10772.3748885673,158.031553514537
12579.3655833912,11307.3518190386,11154.5597779977,-152.79204104096,10799.7161368275,89.35684860969
12599.9123475403,11275.4604619992,11119.2485685688,-156.211893430429,10837.1987420063,14.8507139905076
12619.8950199588,11246.3848996367,11085.7869878584,-160.597911778269,10882.8928987184,-66.2926945373674
12648.2597894897,11229.5175844045,11064.2036642415,-165.313920163002,10945.1198259312,-152.587371788195
12682.5403498105,11221.8291743341,11053.2185341752,-168.610640158952,11021.8245799167,-243.163866585569
12712.3003735254,11212.4657886683,11043.5303733808,-168.935415287507,11104.7455935505,-338.811965809897
12736.3738257273,11199.867219329,11030.2023810758,-169.664838253267,11189.3619552795,-439.901934983265
12752.3507549918,11182.5845992037,11011.7409962177,-170.843602985946,11274.5819447723,-546.799391060563
12757.2022151449,11159.3890085566,10989.7857163261,-169.603292230551,11361.3023804406,-658.697055487449
12760.6539263523,11142.0249496917,10974.5540976465,-167.470852045228,11458.5735689388,-774.699223972078
12763.5994058514,11130.2376380431,10962.8269935323,-167.410644510835,11562.2223353572,-893.805307685322
12756.036387705,11113.5685755799,10944.8972147747,-168.671360805214,11663.5372651526,-1016.74405074028
12734.3953761665,11089.3998286582,10924.0573051125,-165.342523545673,11766.7247456484,-1144.38029352651
12705.436500523,11064.5253694589,10905.5214519907,-159.003917468153,11875.4947998605,-1275.35084566347
12665.3317913676,11037.2264075476,10889.0714935814,-148.154913966184,11989.4314899992,-1409.40804264379
12613.7996911713,11008.9610012171,10870.6942507807,-138.266750436492,12103.2419432434,-1545.26946511785
12550.2662001243,10979.594544496,10844.9713346703,-134.62320982571,12210.4272211445,-1681.81047950891
12460.3766439656,10933.6418803803,10807.2894350482,-126.352445332077,12307.2707149337,-1819.52193918521
12342.8842237981,10869.6775479014,10748.5866825901,-121.090865311276,12384.3674644458,-1958.01149267299
12195.0912283355,10785.3361999484,10672.896454544,-112.439745404322,12445.5832666989,-2097.03680250933
12020.2357441668,10683.9351898952,10581.8173769364,-102.117812958839,12491.8129356925,-2235.9527035648
11818.4749131313,10566.6659676647,10473.4801174185,-93.1858502461429,12520.1385566098,-2373.70868552045
11590.2850728417,10434.6515702916,10345.2399260731,-89.4116442184568,12527.0791108945,-2509.46739782572
11342.6373218565,10296.0566282235,10209.6411719803,-86.4154562432678,12523.9347038323,-2642.1642894997
11077.4001483051,10153.4124261972,10065.9380449794,-87.4743812177681,12509.3109880034,-2771.18509834615
10795.8794495226,10008.8509775232,9915.97418783381,-92.8767896893609,12484.530768906,-2896.04532753127
10499.8310919332,9864.90543239396,9766.68400196486,-98.2214304291237,12454.6396186031,-3014.8814989979
10183.5953299362,9715.33075721606,9614.93369190658,-100.397065309477,12414.3456718249,-3125.30444701041
9852.83700351724,9565.36076510156,9462.01365225059,-103.347112850979,12362.9776684642,-3225.4301321458
9503.71083465793,9409.68997744983,9304.27451111847,-105.415466331364,12296.4166809683,-3314.61861850975
9137.1083703755,9249.1190066616,9147.37355130515,-101.745455356445,12220.1039891921,-3392.68770597941
8759.41740217979,9090.36533484563,8989.40826603137,-100.957068814278,12131.5295310815,-3459.20900841501
8375.03684523392,8937.98601689043,8837.11801341344,-100.868003477006,12036.0747632465,-3512.91768165011
8001.18270534838,8809.02548690743,8710.37476966346,-98.6507172439877,11950.5334670295,-3551.12557467606
7644.87875964804,8708.2115002265,8612.00385444392,-96.2076457825786,11874.4840841887,-3570.62853546589
7295.9132603989,8622.8361895184,8530.9933075334,-91.8428819850104,11796.2293301197,-3570.35749707184
6958.02945664752,8555.80250378696,8467.58355148936,-88.2189522976229,11715.0495487571,-3549.42293916883
6636.96837945325,8511.70582087498,8429.41503994491,-82.290780930072,11636.3603601286,-3505.68417953293
6335.30903038784,8492.78704178533,8419.77109382984,-73.0159479555,11562.2807665827,-3438.02104144834
6058.72308907378,8503.53882508554,8440.49572049473,-63.043104590794,11493.8346923329,-3345.73151330648
5812.80531778568,8546.34773195378,8489.63703816125,-56.7106937925365,11427.952267012,-3227.709914844
5603.33838639292,8623.96882504483,8565.39836575162,-58.5704592932071,11364.3204974695,-3085.52082422895
5435.59668894233,8737.38331591788,8675.32399407956,-62.0593218383493,11311.1335227894,-2919.85784254651
5303.27284213113,8876.84956417336,8810.07276494044,-66.7767992329124,11259.3836082766,-2730.79565998447
5205.87647580812,9041.03202558564,8964.39643019732,-76.6355953883299,11206.2323161242,-2520.78742771904
5155.9107879887,9242.23408918323,9151.72922181917,-90.5048673640593,11164.9604168698,-2290.02005451467
5153.53903289211,9481.092828525,9365.42918927295,-115.663639252063,11129.412677671,-2039.01320870822
5194.99495111143,9751.10659616469,9604.00042025192,-147.106175912744,11099.4145934912,-1768.91763206042
5280.82791285308,10049.9797176758,9862.78071358731,-187.199004088466,11072.6369803531,-1482.02214063403
5411.10740128688,10373.4410916126,10141.4910007758,-231.950090836814,11051.123723648,-1180.59186420589
5587.77282703725,10720.1031244316,10441.0308682249,-279.072256206726,11037.9077624042,-866.776717888675
5814.3686375582,11095.5846140561,10771.2532823529,-324.331331703224,11045.855946359,-543.839414808707
6087.61186492326,11497.264913653,11123.5519611974,-373.712952455617,11066.8198802174,-212.17543548806
6404.0715298588,11923.1250553837,11503.3279020065,-419.797153377139,11106.9204193278,127.513046972697
6762.41913777279,12370.6238993514,11907.5548904444,-463.069008906954,11164.762585913,473.608125520797
7171.0416286831,12845.7182449536,12336.1965861329,-509.521658820727,11241.2000989867,825.015977104262
7626.0033409413,13341.8037399981,12788.4340221366,-553.369717861496,11337.9200836148,1179.30404304531
8131.49454542834,13860.7315336207,13268.7755313436,-591.956002277126,11460.7419140147,1535.04521691406
8681.9904915306,14398.5258846038,13773.6889581111,-624.836926492722,11607.6785207851,1890.72810638824
9263.7107451767,14941.512426428,14289.7850491439,-651.727377284066,11766.3351341137,2245.69918670544
9870.95256381788,15484.561217258,14811.2710603256,-673.290156932364,11933.1389871555,2597.81850835331
10497.4753514058,16021.2632695534,15326.4588651488,-694.804404404587,12098.4106260799,2945.18489073994
11141.0508409503,16548.3642641722,15837.2831696967,-711.081094475504,12265.1352773456,3286.7808654502
11798.4938370341,17061.714274667,16341.1781257316,-720.536148935417,12433.404863892,3619.96367824447
12468.1311872231,17559.0421677954,16831.6325559963,-727.409611799181,12598.0938624795,3943.38225661454
13102.0485384343,17994.0378422956,17257.5610253628,-736.476816932758,12712.6962314097,4253.59743066927
13698.9293699661,18366.0121943659,17625.2090765384,-740.803117827533,12786.4617081595,4547.54697429802
14276.9066655192,18694.2851732354,17943.9841533309,-750.301019904482,12830.3739571203,4823.10791722586
14803.8896207031,18947.1958137832,18183.2700539543,-763.925759828894,12817.6253644681,5077.25230086962
15280.5564274706,19125.067906174,18352.1743927181,-772.89351345591,12758.6219305991,5308.63936902355
15704.1915658612,19227.0802689754,18445.3111252914,-781.769143684029,12650.5064154181,5514.68790893994
16041.0580345877,19220.5262555497,18428.3837055085,-792.142550041255,12463.1575570433,5692.02190860388
16258.2273772956,19074.7303136288,18273.1268389979,-801.603474630929,12171.7457181569,5837.97663855787
16360.2598831682,18796.6991086998,17988.0802365756,-808.618872124101,11785.8058947216,5951.35332001986
16373.5945782986,18415.3263712985,17598.1345374025,-817.191833895969,11329.5386310031,6032.070923375
16282.8602626251,17918.7793374615,17091.1371451331,-827.642192328355,10790.5712989315,6080.66947635369
16090.5504983213,17312.5473874436,16477.8160777338,-834.731309709799,10179.9339398365,6096.69914326777
15798.544945846,16602.0864803998,15758.7047918869,-843.381688512818,9499.14385791108,6079.02078464728
15430.4011418931,15814.6518896771,14965.0483913295,-849.603498347614,8779.10523233986,6027.2209801339
14966.0957434851,14931.4066869145,14074.7423850238,-856.664301890739,7999.01481368264,5940.50039423298
14407.6609152443,13956.5273720619,13097.8139840249,-858.713388036977,7167.75032815106,5819.94996472142
13755.3960694718,12893.0003126214,12032.2307803559,-860.76953226555,6283.83248032791,5664.91674569426
12933.0146987173,11664.8412568046,10801.1235888821,-863.717667922505,5273.05356087626,5474.78510306998
11986.3865699704,10322.7815298751,9463.2304673666,-859.551062508505,4189.93919437257,5252.46391905178
10920.9004240098,8876.05800282197,8024.59047586489,-851.467526957071,3039.724795906,4998.52450895673
9745.67279970169,7336.83834839844,6497.75202016749,-839.086328230947,1831.5235312865,4716.13477987972
8493.58991391871,5741.05923950771,4917.41612890545,-823.643110602256,595.360272851179,4409.07220928916
7156.59799279346,4082.17428446111,3276.67287061764,-805.501413843462,-676.654311552861,4078.52953607823
5737.66193458163,2365.17891003473,1579.82520621142,-785.353703823316,-1983.13968669423,3727.33360197659
4244.77081243,597.553847780174,-159.900831308063,-757.454679088243,-3315.91753424093,3360.45682177199
2606.26331055108,-1291.15369800031,-2007.47005063292,-716.316352632618,-4738.80438663876,2978.657739375
870.08964508685,-3248.69802583294,-3916.82166738219,-668.123641549263,-6211.87477717665,2586.75170321734
-941.221719287414,-5251.85151478962,-5869.65509721252,-617.803582422931,-7722.90610515011,2190.29927296371
-2818.2271183821,-7291.03262040721,-7850.17796566667,-559.145345259454,-9259.21018691078,1792.18794358161
-4742.03628210619,-9348.20879509949,-9839.19839400624,-490.989598906726,-10806.1905306697,1396.60298852914
-6711.53455775475,-11423.6716287488,-11841.0163333493,-417.344704600463,-12370.2629198057,1005.73534440755
-8720.16737170386,-13512.7980228668,-13856.8562010897,-344.05817822294,-13954.4179936991,621.288162125618
-10764.6034681953,-15611.2723470133,-15875.6238659259,-264.351518912557,-15549.4037657499,244.987826544599
-12852.0947523759,-17726.3908850833,-17915.946845839,-189.555960755735,-17176.4514872174,-120.296070395755
-14960.3227542931,-19838.0490349708,-19956.332224457,-118.283189486253,-18818.4019771132,-470.667765829204
-17074.9666213815,-21933.6333078834,-21980.1134086797,-46.4801007963864,-20460.9346544921,-804.071467240847
-19184.2978522446,-24004.9982340943,-23981.0614022882,23.9368318061394,-22099.0456210135,-1119.43461346375
-21293.966774756,-26060.5173889173,-25969.4231297189,91.0942591984238,-23741.4203545414,-1418.08681233968
-23403.7482601186,-28100.9201301666,-27942.8301782945,158.089951872086,-25385.6591129645,-1700.04047737912
-25511.7854937617,-30124.9249264477,-29903.8559528034,221.068973644315,-27034.7631406181,-1964.89807925188
-27615.2916582801,-32130.1409597636,-31846.7864816066,283.354478156997,-28684.2218982887,-2211.46347169426
-29667.1907517683,-34071.2039111224,-33731.8583837896,339.34552733282,-30296.2022137737,-2438.99307353509
-31694.0083082777,-35976.4070698367,-35592.0722013953,384.334868441411,-31902.3032498254,-2648.1713115571
-33685.9002029123,-37837.6860806421,-37411.7500818372,425.935998804864,-33486.733240209,-2839.33352708713
-35640.6420696725,-39655.1126669158,-39192.0285083595,463.084158556335,-35048.3247289727,-3014.83520482417
-37555.7814822481,-41427.3532116746,-40932.7324494083,494.620762266375,-36585.1754526426,-3176.47188503382
-39379.975425939,-43101.9625959065,-42578.032410086,523.930185820473,-38042.6076060793,-3324.57260085345
-41112.1257327419,-44679.1650080686,-44123.2337444957,555.931263572952,-39415.305784845,-3459.77210286716
-42747.7467836352,-46154.9689759291,-45573.4906737442,581.478302184914,-40708.6451892392,-3581.93772317659
-44310.7012826118,-47553.4628023251,-46946.5077265138,606.955075811376,-41939.5695332786,-3691.21256897287
-45791.8497719028,-48867.645314736,-48231.8910401178,635.754274618202,-43099.3565971293,-3786.06939644987
-47191.1674485095,-50099.264224193,-49432.7225558306,666.541668362444,-44189.2340935001,-3868.35694241214
-48509.6269885663,-51250.0196730891,-50552.6688679662,697.350805122936,-45211.7722184977,-3939.17793586922
-49764.9190285734,-52338.2878483322,-51602.4805740084,735.807274323818,-46175.2167064104,-4000.63289944687
-50951.8705396671,-53358.2562876984,-52585.7409425352,772.515345163283,-47083.2089791438,-4052.81839405247
-52070.0108509931,-54309.4474974912,-53501.3327535039,808.114743987339,-47935.7218092015,-4094.63074153786
-53120.7229969982,-55192.5234968429,-54344.3216928577,848.201803985155,-48728.4371779016,-4125.43971905136
-54053.5650209213,-55957.9192867194,-55064.9102436546,893.009043064826,-49414.7845276247,-4143.29176227554
-54857.1718285859,-56593.6006132962,-55664.4187455266,929.181867769616,-49992.9376763068,-4151.76073934791
-55539.4179752226,-57106.783032752,-56146.6918739541,960.091158797943,-50464.6151354136,-4152.82319617441
-56143.9717923372,-57542.1593673993,-56560.570257935,981.589109464289,-50874.2149033371,-4149.76688186118
-56665.7652892301,-57892.3573259606,-56896.3872336915,995.970092269079,-51211.6998535711,-4143.14442428207
-57108.3217402088,-58159.8904591813,-57162.6670751287,997.223384052654,-51486.0202807907,-4132.40459619434
-57473.6805275553,-58347.0040122464,-57350.8251963182,996.178815928191,-51689.4508729566,-4116.55419246786
-57763.6479980678,-58456.2661779805,-57462.4845269851,993.781650995435,-51825.8516987999,-4093.20961513423
-57973.3378895027,-58480.937651705,-57494.3451291056,986.592522599466,-51889.7472725598,-4064.80897794155
-58108.9090331382,-58426.0373743946,-57448.1876657926,977.849708602005,-51882.1701561877,-4031.98241546002
-58177.5556541761,-58297.1298883292,-57328.0434846593,969.086403669971,-51806.4165438628,-3995.32661218767
-58181.4527415651,-58093.334687387,-57124.6292135996,968.705473787373,-51652.7951677027,-3955.28073901113
-58111.4729961666,-57805.2724652922,-56837.610457594,967.662007698226,-51425.264117654,-3907.70539966858
-57969.1540207666,-57435.7596117398,-56463.7975343662,971.962077373588,-51124.451773401,-3848.60692140686
-57755.5640050842,-56987.6704074527,-56006.1414307863,981.528976666405,-50757.0859109883,-3774.02338828893
-57488.6470687849,-56478.4731701603,-55488.596860543,989.876309617237,-50349.3932643658,-3681.14333655548
-57166.6493133221,-55907.6578546078,-54905.9445697551,1001.71328485274,-49896.6708372595,-3569.42664457533
-56793.5792801742,-55279.6119820581,-54269.5556418371,1010.05634022099,-49408.6010067273,-3440.43342365429
-56372.4693187646,-54597.3857379427,-53591.4467507103,1005.93898723233,-48896.0351828815,-3295.21069522141
-55868.4848255725,-53828.5226043889,-52840.6089797523,987.913624636644,-48330.0450419367,-3132.4442086629
-55222.8194518463,-52914.7503494204,-51955.951991811,958.798357609396,-47652.1756330392,-2951.00510752427
-54452.2356619674,-51874.9065322687,-50955.5192723241,919.387259944587,-46879.2497386851,-2751.62448552128
-53614.0184026069,-50768.2892539273,-49902.5550096751,865.734244252113,-46072.0064759276,-2535.17360674038
-52688.2053720129,-49575.7266667209,-48776.3869981272,799.339668593722,-45210.1170212652,-2301.80958480278
-51677.1134766938,-48301.4345447658,-47575.2547931811,726.179751584756,-44291.6685159535,-2051.57916875858
-50581.8252452377,-46948.7091054502,-46299.1071012089,649.60200424137,-43318.6155068253,-1782.34001818202
-49346.5330651021,-45463.4407134009,-44882.1826205683,581.258092832528,-42227.877505278,-1492.85141075742
-47948.3732280495,-43826.3853642445,-43313.8679098232,512.517454421343,-41008.4274297907,-1184.02750476048
-46431.4710512974,-42084.8635207663,-41641.5833310371,443.280189729257,-39704.7965342486,-857.495472904263
-44808.5212031777,-40253.5854916575,-39865.1281923268,388.45729933064,-38315.3748059159,-514.252553048282
-43072.0193000931,-38325.8012876761,-38000.2805705985,325.520717077671,-36855.7362176196,-154.654740052962
-41234.288978596,-36315.549764522,-36051.7884134607,263.761351061264,-35329.6827158139,220.655900774541
-39306.0192260703,-34236.9102585852,-34044.526928457,192.383330128259,-33759.6552317051,609.55441341089
-37315.6829287149,-32122.7332789225,-32009.5369887248,113.196290197665,-32172.8417262576,1008.98767037503
-35256.6606565253,-29970.1302229313,-29937.2595221218,32.8707008095317,-30555.0838654594,1414.16375030335
-33134.2771256161,-27784.2114538625,-27840.8663314953,-56.654877632828,-28916.1973223496,1821.80366742186
-30951.7993122707,-25568.6716682848,-25710.8658318154,-142.194163530593,-27245.2197806256,2230.51402640818
-28664.3124947954,-23276.8557976512,-23501.0112349881,-224.155437336917,-25497.4219096616,2640.55516726704
-26333.4332091687,-20972.7766409269,-21279.5695222873,-306.79288136038,-23735.0787065876,3047.52902413159
-23956.0184345311,-18656.3845171449,-19035.1870797121,-378.80256256717,-21945.8314840446,3450.36787015146
-21535.8718301373,-16333.7933770018,-16783.3979151317,-449.604538129945,-20140.9315529197,3844.80805063274
-19078.4973880833,-14012.0619344228,-14525.1374483516,-513.075513928714,-18316.6231980456,4226.19949122677
-16578.3665263739,-11684.1033473407,-12252.9278335916,-568.824486250916,-16465.4259782304,4594.31306274982
-14060.9511192315,-9374.35723825201,-9986.42129677741,-612.064058525414,-14603.527988074,4946.21821866146
-11529.4936013903,-7084.6968232831,-7731.28889793021,-646.592074647112,-12734.432155605,5279.72413592712
-8994.47847330189,-4825.11359588933,-5498.75452266943,-673.640926780104,-10866.4283147448,5592.09239774038
-6462.3898129821,-2603.63675473597,-3291.76179628197,-688.125041546011,-9000.99034477805,5882.02989896137
-3953.97039663565,-439.999334234841,-1131.80625298307,-691.806918748234,-7153.2176084722,6143.50001415546
-1478.07780634542,1658.74981463569,960.435767226621,-698.314047409062,-5337.6626569861,6370.4285651443
949.150124352565,3680.23359740121,2974.76580578167,-705.467791619547,-3561.95401596136,6560.52211085077
3309.40299466827,5611.30996092353,4910.47046399756,-700.839496925989,-1824.49890075674,6711.70716983705
5638.23487465581,7489.94573846195,6795.75031383787,-694.195424624098,-99.0693720807321,6824.92617883788
7929.73261576196,9312.02621401191,8620.61462517765,-691.41158883427,1604.52317467184,6900.08572025677
10180.5451475573,11075.9816605169,10399.4009764485,-676.580684068414,3300.5692920657,6937.22836582285
12383.6733084998,12778.1102333454,12128.7440883124,-649.36614503301,4988.67738462842,6933.3997914202
14382.2992773699,14262.2029246847,13641.8806198789,-620.322304805882,6514.54670120778,6880.22267823193
16302.0028685165,15663.3845173115,15075.1317556278,-588.252761683744,8008.62504262555,6779.93214585687
18134.3453384651,16978.7370257956,16421.7685307111,-556.968495084521,9465.35209478994,6631.34219051436
19878.78697535,18210.5230854634,17677.4099364124,-533.113149050937,10877.7325209215,6437.05210121632
21534.4454515752,19360.613816639,18851.0552378006,-509.558578838437,12252.290715735,6199.56076854485
22935.3792087079,20262.9243359897,19778.1786454905,-484.745690499294,13434.1745877596,5913.62649113734
24145.4310086302,20987.9971807959,20530.4117432625,-457.585437533406,14490.0295303676,5582.45232023852
25163.1182391457,21538.7790516342,21109.7994494339,-428.979602200397,15419.3249580895,5208.64270058039
26002.8526487889,21936.3161128458,21533.2652720933,-403.050840752579,16235.0441547054,4795.59651863364
26642.1344644147,22162.7540694203,21793.4300160581,-369.324053362151,16927.4245925958,4346.22347198129
27083.5245006126,22224.4764332446,21902.3816288119,-322.094804432731,17505.7957371113,3863.23939022715
27332.6331502563,22128.1710832821,21840.4683798464,-287.702703435758,17948.1777200512,3348.925545507
27474.0823395433,21962.6199061255,21729.5239710713,-233.095935054267,18366.2365677031,2811.2441845852
27509.3702220633,21731.9228192267,21560.9498743961,-170.972944830587,18745.9726434593,2255.57160091765
27441.8071713437,21441.9281911551,21337.6772886535,-104.250902501545,19083.4668351234,1688.70431377976
27271.0964022655,21097.0283517752,21074.8283924466,-22.1999593286395,19389.2691657119,1115.15839783942
26772.7881286388,20470.3496218278,20523.0172802441,52.6676584163059,19421.1244646288,533.972885654131
26052.5755018508,19671.9537792748,19810.053509647,138.099730372238,19295.544726728,-46.2491005922173
25131.9102150012,18720.7407463846,18935.6263513436,214.885604959046,19010.5525621507,-624.240966711091
24112.5319905595,17721.2551088458,17997.4541335628,276.199024717035,18655.20690169,-1193.9883058056
22996.8983135185,16676.4770399103,17004.9692627655,328.492222855169,18234.5314164951,-1751.05723363779
21792.8717768621,15593.6377746927,15965.8232175144,372.185442821708,17752.8954215794,-2292.21786776985
20509.0641877432,14481.1970873779,14874.8134356948,393.616348316865,17200.0722779005,-2812.54391562676
19047.5508173815,13235.9223996397,13663.6497137035,427.727314063768,16506.9625430596,-3308.35214869308
17428.8463512296,11877.2164733434,12341.9075684465,464.691095103112,15676.1311794113,-3772.98361018538
15701.3106002293,10451.4589481276,10956.9330935268,505.474145399128,14750.7243759596,-4203.50630411352
13933.0246072522,9026.96155079495,9587.17724352509,560.215692730148,13799.6477494314,-4592.1119858247
12124.5509977385,7601.55482289602,8213.1961697299,611.641346833876,12797.3587096002,-4932.48578846759
10288.718649315,6181.61852085487,6862.97790820764,681.359387352768,11767.7775779228,-5220.54631939469
8439.14954955506,4775.17244416175,5525.17340736922,750.000963207464,10695.9809364911,-5452.7745780816
6506.78695592229,3305.00885310193,4117.28988209371,812.281028991801,9500.85873857002,-5628.48309604671
4552.13306918345,1829.23148200607,2702.3369687644,873.105486758321,8242.07892597457,-5745.87205507927
2594.11071450391,361.81027770914,1262.36498776258,900.554710053448,6902.09377006198,-5805.78609618804
655.440596219966,-1079.86014720844,-163.451401905589,916.40874530284,5520.45399784438,-5809.15521246574
-1251.77577892113,-2489.79412620194,-1577.50519601137,912.288930190576,4097.10320529193,-5758.52755768264
-3112.98454479185,-3860.95510959303,-2964.74746422901,896.207645364015,2650.23434659001,-5657.28046661315
-4915.55270166638,-5185.60520457871,-4314.2431266587,871.362077920017,1192.36083590595,-5507.20549803135
-6648.84764234144,-6459.06682929219,-5602.47759450079,856.589234791403,-254.185734543881,-5307.21566117342
-8309.5427759164,-7681.70946423557,-6831.01338258999,850.696081645576,-1688.27272511108,-5060.03491387536
-9895.54515420751,-8854.89013102737,-8016.88374981713,838.006381210256,-3124.53896012034,-4768.10687203852
-11405.1565307305,-9981.67677853362,-9155.56221055806,826.11456797555,-4555.28681377295,-4434.64984249264
-12802.7547095473,-11028.9589959328,-10225.9950554593,802.963940473517,-5953.69687909342,-4066.58573796485
-14088.6827710754,-12001.5883271185,-11233.8764749871,767.711852131367,-7319.14169235901,-3670.20133804258
-15256.229949289,-12895.7998191793,-12192.8161872421,702.9836319372,-8659.97501306334,-3250.93924531811
-16311.5809715462,-13720.7893030618,-13099.4914939757,621.297809086167,-9965.5778014931,-2816.06583013836
-17249.9497290975,-14473.5986945709,-13956.5403897522,517.058304818751,-11231.7692699933,-2372.66680549189
-18072.2714435592,-15155.6271533128,-14751.8630760421,403.764077270753,-12440.0505678483,-1927.29759906644
-18781.1440673852,-15769.5447590023,-15484.6847912361,284.85996776615,-13584.9129279041,-1484.73832070982
-19422.5658915282,-16360.5614513359,-16186.47010316,174.091348175862,-14691.113091209,-1050.66060614365
-20003.5511968857,-16935.163106532,-16863.8059983107,71.357108221327,-15759.2964704056,-630.993080466628
-20528.0884347216,-17498.0729759094,-17548.829191972,-50.7562160625543,-16817.2575892075,-230.110674002402
-21000.8236881089,-18054.2930327928,-18205.9084413959,-151.615408603055,-17827.2417853577,149.84051041311
-21306.6065197403,-18484.04960118,-18715.990792088,-231.941190907983,-18673.609833551,508.934462485085
-21481.0361545582,-18822.5008505307,-19128.0980082501,-305.597157719446,-19401.7447969912,844.435965564182
-21533.0928828817,-19076.0436314689,-19450.9347566257,-374.891125156731,-20014.7656982264,1150.89913355738
-21540.5260425738,-19318.8776294521,-19762.6785974352,-443.800967983085,-20582.6820253586,1421.97236414038
-21501.9655720186,-19546.246530833,-20057.1457934639,-510.899262630891,-21096.5513202237,1654.68194580982
-21423.3040964554,-19763.6487058801,-20352.6784439176,-589.029738037531,-21569.2547693787,1843.52564714341
-21310.0823361222,-19974.5657792243,-20640.9324023195,-666.366623095213,-21990.234951077,1986.29707429728
-21076.1898898311,-20085.8742262334,-20827.0354827552,-741.161256521819,-22268.341074156,2084.23488907454
-20719.1984709063,-20091.6329171247,-20916.4784490903,-824.845531965594,-22409.8622485204,2138.01911871948
-20251.3872148578,-19998.7564105603,-20895.3103319353,-896.553921374954,-22399.3326482226,2146.37530037553
-19679.2509661826,-19806.4405371794,-20765.6022154489,-959.16167826943,-22240.7162141585,2111.18519148998
-19031.6941482763,-19539.394030902,-20539.6532601962,-1000.25922929422,-21944.6251969948,2031.33317207986
-18308.3401401581,-19192.5669294552,-20226.3812990502,-1033.81436959495,-21519.3165118926,1905.90932844138
-17525.2397541467,-18778.3195650723,-19843.715662328,-1065.39609725571,-20983.9367103533,1736.44318131385
-16698.4622802205,-18308.2253913275,-19378.6241871919,-1070.39879586444,-20326.1387051915,1523.95856653491
-15849.4331517271,-17803.3662868624,-18880.5030893676,-1077.13680250523,-19598.0180142718,1271.91553650229
-14972.650742581,-17254.0214023044,-18319.7382781992,-1065.71687589477,-18772.3320919858,982.565997810335
-14097.8027450536,-16685.8758608577,-17746.469057276,-1060.59319641823,-17901.42378046,659.001654710016
-13269.152536954,-16137.9863572544,-17178.2808089888,-1040.29445173438,-17005.2197552102,304.646647159053
-12491.2513602039,-15608.108062879,-16607.2219958165,-999.113932937513,-16078.6435419365,-77.7740894565271
-11765.3473751119,-15092.7044780749,-16055.6772367339,-962.972758658991,-15148.0020442136,-484.316195786886
-11094.539803096,-14591.1431902889,-15519.5864798742,-928.443289585275,-14209.5091666172,-914.661810919079
-10435.1474635373,-14057.5396277567,-14951.1925745426,-893.652946785906,-13221.0261437878,-1364.25297880833
-9803.11482850829,-13507.9137724445,-14367.0296523671,-859.115879922607,-12203.6398484102,-1827.89952637359
-9208.72912121501,-12952.5440601566,-13749.5280506869,-796.983990530333,-11146.9065910528,-2298.01400215684
-8655.70418827526,-12395.6120875701,-13091.2019538941,-695.589866324034,-10050.177317951,-2767.38891222035
-8143.50136652307,-11835.2186494036,-12430.4895600072,-595.270910603561,-8957.72381459459,-3230.08071710803
-7674.42891105239,-11270.8846897593,-11750.5437184855,-479.659028726175,-7855.59080885343,-3683.13055582422
-7253.49704796142,-10704.8400110115,-11081.3921087532,-376.552097741693,-6774.04876363256,-4126.16917588673
-6885.77399449478,-10139.9343840651,-10419.430325478,-279.495941412923,-5717.10876340745,-4551.31489744715
-6575.6003579884,-9584.55929960143,-9755.17758384264,-170.618284241215,-4679.94952696338,-4953.52353538982
-6315.94318036943,-9036.43513049496,-9097.45742711327,-61.022296618334,-3677.2885241534,-5326.75768489554
-6093.03300899132,-8484.04628648708,-8438.58694027717,45.4593462098939,-2705.96651637766,-5666.58628274419
-5911.0532268747,-7933.81383727824,-7796.89075356685,136.92308371139,-1784.34260861735,-5972.69210994839
-5770.13426196119,-7385.3004614286,-7177.74565247851,207.554808950104,-918.404799164397,-6244.3480897996
-5674.27518308721,-6842.65323463166,-6560.45289402201,282.200340609652,-84.6229936354306,-6484.33702692035
-5602.10609271732,-6286.23680756957,-5959.05341976409,327.183387805467,698.894957051362,-6689.03723432571
-5546.62530607863,-5712.94299392388,-5344.80619041661,368.136803507263,1458.65956061126,-6856.24452789794
-5499.72010591981,-5120.20151726086,-4699.5745249094,420.62699235146,2208.68418143016,-6981.8568877268
-5456.05383411735,-4503.96174066415,-4017.35813846721,486.603602196941,2949.71050744084,-7060.55141998051
-5465.35796562376,-3918.5093796466,-3354.30690038264,564.202479263973,3625.02382973132,-7090.24718050713
-5531.42395424961,-3372.40323368683,-2721.10583536561,651.297398321225,4218.32230422448,-7064.94045636067
-5647.54380516582,-2861.53076534419,-2104.4287671171,757.101998227099,4738.34670028617,-6980.0757799603
-5715.9718285671,-2294.96491484159,-1433.24000865759,861.724906183973,5249.33637171397,-6831.26372359956
-5736.838201984,-1678.98371792705,-714.387214797071,964.596503129988,5747.87881579367,-6621.90505394244
-5707.37560732348,-1016.44649316845,40.6524578149746,1057.09895098342,6225.59163211062,-6355.13352195924
-5629.4280267779,-310.950599776739,816.854036004499,1127.80463578124,6671.35045174547,-6034.86625325617
-5622.99101990049,311.174354919585,1494.99804620114,1183.82369128155,6975.60835212604,-5667.41730139398
-5617.95151887009,915.698224427205,2127.19679586008,1211.49857143289,7185.21939156849,-5249.1262333308
-5621.364561612,1493.48404704382,2748.52510370543,1255.04105666161,7337.14693136406,-4781.65472258655
-5621.97888463936,2048.90703834375,3343.68614884592,1294.77911050218,7414.88604780688,-4263.90041393341
-5612.95450994707,2582.81226451337,3921.6742617667,1338.86199725333,7431.07031589754,-3699.62224912868
-5542.04465292829,3145.35362137919,4518.32013541039,1372.96651403121,7427.02400918144,-3095.79635353617
-5410.09331705927,3732.76780590093,5099.79624028789,1367.02843438695,7374.17951584071,-2457.63412908497
-5216.97824805187,4342.43908980027,5684.85203511232,1342.41294531206,7296.48736646366,-1790.350091431
-4961.43267620093,4972.20319647514,6279.532592383,1307.32939590786,7202.01186769003,-1096.01160451692
-4803.23919309753,5458.05554314739,6729.02497322261,1270.96943007523,6945.12602020175,-379.565811930953
-4706.8865590844,5836.68364699372,7065.45725966988,1228.77361267618,6561.10918884039,354.63571225123
-4628.39930443244,6150.57401250254,7349.02621242159,1198.45219991905,6114.83815040498,1100.60954673507
-4572.02718435726,6393.63138541796,7556.36575077171,1162.73436535376,5587.23271694845,1854.0961363927
-4527.48391602914,6574.63520586661,7714.32456147824,1139.68935561165,5006.71230370017,2613.14743710453
-4444.36228438632,6742.21997135445,7858.56219174248,1116.34222038804,4408.99951974364,3376.37892739332
-4322.67142164999,6894.25763537995,7954.35311010947,1060.09547472955,3760.45157814926,4142.66525653047
-4165.93518290012,7029.44776272999,8049.39648761436,1019.94872488435,3109.43554723354,4911.30989655428
-3980.84423787704,7144.71681083981,8122.2858831885,977.569072348698,2437.17469500864,5679.73119072434
-3814.05592293086,7194.30534928998,8152.18160227354,957.876252983576,1727.48444287093,6444.38818621312
-3650.48346176701,7193.94452812002,8143.29757850525,949.353050385246,988.0526155241,7201.23023291363
-3480.07269055979,7153.07467717442,8088.56750892589,935.49283175149,212.484861670498,7949.15010912041
-3278.54948449938,7092.5048258126,8027.37241212789,934.86758631531,-563.748895620174,8691.45493461929
-3041.42004177327,7012.24546320728,7954.57899042411,942.333527216831,-1340.61087709175,9422.85293802448
-2773.1879654984,6910.14007992156,7853.55720155457,943.417121633027,-2130.84487885589,10139.4687045285
-2478.6875328043,6783.63218209025,7718.02967122089,934.39748913066,-2936.80557468937,10837.3567427994
-2160.69254592528,6634.1333267331,7568.53675471033,934.403427977257,-3735.21725996317,11513.5213419428
-1817.3479737465,6463.83157844371,7375.53495448549,911.703376041791,-4553.77479597478,12166.0275265135
-1443.78213070518,6275.41024642684,7155.08659253715,879.676346110322,-5374.64042778549,12792.9563255309
-1048.42565961385,6060.48132757609,6945.13818730342,884.656859727327,-6159.54018357488,13394.1222738997
-635.786698253665,5815.39046933961,6703.92184694435,888.531377604748,-6945.72509558536,13964.9623501905
-208.285221844389,5539.3272159497,6462.56408972612,923.236873776419,-7701.28314588217,14504.6177044333
234.865252397866,5236.72946074361,6187.81576887328,951.086308129689,-8462.21320671951,15015.782771934
715.594641974748,4932.23139576788,5904.35374689547,972.1223511276,-9203.95567995813,15497.8961476677
1255.59357479005,4645.11148732356,5627.09009816817,981.978610844619,-9910.40715416911,15949.3209733884
1850.86341370841,4373.10063907793,5342.47015760877,969.369518530827,-10587.3051917413,16362.1111278588
2439.3839730054,4057.77294229685,5014.81744037035,957.044498073509,-11255.5817396073,16722.7226091879
3011.08986868738,3694.60786851263,4601.75669526533,907.148826752706,-11949.4607177475,17022.8368929259
3560.11749701263,3281.4296794741,4128.92558967407,847.495910199952,-12640.015473058,17259.0973582108
4088.19867125,2823.85182769066,3603.55825187017,779.706424179515,-13324.7056077283,17436.236366245
4693.80134249147,2425.33007029617,3156.07348984091,730.743419544739,-13882.8480477362,17561.369129808
5360.62517493548,2068.66623155827,2754.41166291378,685.745431355495,-14348.4970143501,17637.0501102833
6074.60177609044,1744.57624897582,2407.12788178542,662.551632809604,-14709.6133792078,17659.8594403393
6844.38053970355,1463.84292931088,2092.18972102069,628.346791709804,-14984.0363955325,17625.1754936931
7662.53841685722,1219.46515667028,1800.61311963686,581.147962966586,-15176.1808996344,17528.555052239
8535.77854068941,1021.13616659051,1566.12033798717,544.984171396659,-15252.1774975475,17369.5498565443
9447.33146506403,855.199220649683,1365.71653823191,510.517317582226,-15234.7169596963,17148.2485005682
10401.8977689139,730.919894909256,1216.83614723702,485.916252327787,-15103.4725741732,16861.466238767
11387.4525679098,638.312259356367,1092.80554672445,454.49328736808,-14888.2912051733,16512.6704633063
12389.6563837556,566.227777312665,1004.90581588813,438.678038575456,-14579.8032507091,16104.0563278461
13396.4481139134,501.602658332756,936.251387914754,434.648729581996,-14197.6633612526,15638.795964628
14419.4459597563,457.322596988042,909.881728549701,452.559131561656,-13721.0245482032,15118.7826541916
15436.8415504979,415.40397151372,908.833889939862,493.429918426155,-13164.4910494559,14542.0727926093
16448.8626954474,381.422854230988,904.933261680705,523.510407449712,-12552.6780130955,13904.8257221044
17427.2195411514,331.279817641353,891.413576470435,560.133758829082,-11884.7923714659,13199.9648159411
18339.4252314926,233.439507993413,804.08197476898,570.642466775584,-11221.6967461493,12425.0467454445
19167.5956191212,75.2116126826388,661.912284059104,586.700671376465,-10546.2216528128,11582.3640058675
19900.3932653496,-151.188545119206,473.156564491331,624.345109610541,-9853.82794663562,10675.930874267
20546.8687769837,-434.484285969775,234.723453518158,669.207739487921,-9154.14747668661,9712.17524806987
21101.6982292149,-776.019278279337,-72.9815067982079,703.037771481109,-8468.31330956254,8692.63158224572
21555.9216081492,-1180.70154543665,-417.388012004865,763.313533431782,-7761.30280256356,7614.84609266968
21918.5956986121,-1634.21856415873,-798.142069878238,836.076494280495,-7030.76828946798,6476.42235004315
22139.361261115,-2180.33347733133,-1259.76310922631,920.570368104977,-6316.42988376543,5273.70333462718
22210.9264866303,-2817.88588332551,-1809.2435972428,1008.64228608268,-5630.389950541,4011.91177253414
22157.4574683865,-3524.21697095435,-2423.77711258409,1100.43985837025,-4960.85109965519,2701.71865860983
21980.4962828851,-4297.89893741204,-3105.62787211094,1192.27106530108,-4310.86754268169,1343.95601830796
21679.3075767685,-5139.53809410281,-3867.08937934869,1272.44871475411,-3690.90223314737,-63.1957245514218
21237.9293892726,-6052.81602400788,-4708.11550014571,1344.70052386219,-3097.59694171653,-1522.98995461986
20605.4857612436,-7078.32888037278,-5681.08945598272,1397.23942439004,-2577.70504506865,-3039.90003895929
19786.8606002787,-8206.9672179986,-6780.46048992902,1426.50672806956,-2132.68114347142,-4606.84229946263
18784.9229893185,-9430.10933473772,-7972.17452003941,1457.9348146983,-1741.95437649809,-6210.20838611115
17669.1850792922,-10683.06584513,-9165.82446923453,1517.24137589545,-1330.54827802886,-7835.87714878554
16435.0645455533,-11967.1936669387,-10357.0099525191,1610.1837144196,-897.043899495577,-9480.85009828297
15075.7040617335,-13283.84441062,-11545.2685365425,1738.57587407758,-442.119443770003,-11143.986409121
13583.7677982649,-14628.2919544968,-12741.9282157786,1886.36373871811,15.0318921464949,-12817.400419229
11887.3795030397,-16067.0663864579,-14016.6208803745,2050.44550608349,398.227729767409,-14492.681819994
10049.904918412,-17538.2342711509,-15296.3383222438,2241.89594890711,765.849407834465,-16156.5961625086
8077.06537104474,-19038.1658542755,-16593.9405317881,2444.22532248734,1095.50716603318,-17799.5101681879
5978.34334401804,-20560.0076240022,-17907.7907705838,2652.21685341834,1382.9866844979,-19415.5338922784
3743.27442083714,-22103.8053207123,-19254.3118900226,2849.49343068973,1610.91542564967,-21003.6909364523
1376.35362362352,-23668.5619656957,-20625.1232647773,3043.43870091838,1773.88287623623,-22549.7202455475
-1116.00947961004,-25245.1672865755,-22006.1189446532,3239.04834192223,1873.2924500678,-24040.7457796571
-3717.22538989974,-26820.2816097884,-23373.0677392281,3447.2138705603,1924.24686900101,-25467.6844105904
-6407.76493282136,-28381.4494939938,-24753.5700009106,3627.87949308321,1887.78054068071,-26819.0867904141
-9198.83920086311,-29940.8690232254,-26146.735478787,3794.1335444384,1768.9310303399,-28098.9469334631
-12080.0278008244,-31489.0978796613,-27554.4244530354,3934.67342662582,1562.42231589788,-29303.9325188505
-15039.1740487125,-33003.0350200253,-28964.7561491308,4038.27887089448,1267.80223104658,-30421.9917731341
-18053.9749561703,-34471.7803830794,-30344.0531928949,4127.72719018446,905.499451645852,-31439.7709799941
-21096.919256985,-35873.1273281958,-31649.4157418483,4223.71158634743,505.085784325071,-32343.9892799221
-24154.8741980124,-37201.3814011631,-32899.4439613064,4301.93743985669,45.5063482290538,-33132.219571037
-27186.7815901643,-38424.7061046575,-34063.67052948,4361.03557517747,-438.665109324061,-33809.4758728024
-30191.5544099964,-39545.9694478125,-35170.8561769119,4375.11327090056,-973.61624638086,-34378.2453883478
-33160.0658003461,-40561.2647646922,-36200.7138918806,4360.55087281153,-1539.78378861365,-34837.7981778201
-36086.2187881198,-41461.8035990892,-37140.2855043558,4321.51809473346,-2129.66862958058,-35182.6382552422
-39027.0110922389,-42320.1690865936,-38080.7470274187,4239.42205917488,-2845.69033788841,-35399.0952112345
-41940.0195772981,-43101.219055019,-38936.6156600997,4164.6033949192,-3611.4469591609,-35478.8036896375
-44756.9808424319,-43744.5501563518,-39672.2139198956,4072.33623645612,-4407.4037088196,-35406.87236185
-47459.0506853098,-44246.7943887889,-40258.6634054747,3988.13098331417,-5211.992635573,-35175.9398277255
-50052.1876058246,-44616.2365551096,-40719.8942567425,3896.34229836713,-6034.82864895325,-34800.4874334912
-52520.8680959041,-44843.2460357012,-41056.0575580488,3787.18847765236,-6879.19707426278,-34277.5221663364
-54860.4448341032,-44931.8273432305,-41283.9674749488,3647.85986828172,-7752.31864977401,-33616.6491101079
-57051.2921424612,-44877.8656517999,-41403.9114743005,3473.95417749943,-8652.66853157632,-32819.8201874261
-59065.2282533307,-44668.253648842,-41384.9010933882,3283.35255545381,-9555.83697572108,-31880.6154834567
-60903.6526180116,-44316.9063477834,-41267.932119526,3048.97422825738,-10490.0646055221,-30811.6355415047
-62545.3693766369,-43813.5794207829,-41033.7292790262,2779.85014175673,-11436.2099470109,-29612.9987581698
-63987.9950104633,-43156.1860559005,-40717.7521988612,2438.43385703926,-12417.368140232,-28297.2194153569
-65212.0243456473,-42329.0577823081,-40275.0973318274,2053.96045048065,-13384.5215554606,-26868.7763775311
-66203.639001218,-41327.8791605078,-39684.8192896148,1643.05987089303,-14314.0716155322,-25330.3998875047
-66955.6421315496,-40157.9122390266,-38957.242728059,1200.6695109676,-15207.3083034567,-23691.2341496638
-67480.7697074332,-38844.4343072999,-38095.17042372,749.263883579966,-16053.4874243951,-21964.6234447438
-67780.8867876809,-37398.9297186045,-37102.3922969856,296.537421618924,-16846.2046743809,-20160.7676772682
-67852.1975919299,-35826.753857754,-35963.361757233,-136.607899479003,-17567.0598599293,-18282.5270001739
-67697.3943965582,-34130.4886091579,-34706.262505953,-575.773896795103,-18242.2831918412,-16331.8555249544
-67259.9407984306,-32262.7507490912,-33259.8588859478,-997.108136856656,-18813.1223633435,-14297.2727350179
-66551.2593327175,-30240.8363501351,-31671.3377748758,-1430.50142474066,-19310.7985946686,-12194.7485577171
-65580.9139882545,-28080.4377518167,-29966.781126561,-1886.3433747443,-19743.4104278239,-10042.2942530225
-64352.1940918125,-25787.0503045573,-28153.6304596926,-2366.5801551353,-20097.2173975869,-7861.55548008735
-62876.8259549059,-23374.8196322827,-26231.367014377,-2856.54738209434,-20354.593095064,-5669.67893716505
-61203.4870415693,-20902.0059729174,-24263.7673119194,-3361.76133900201,-20572.4971746837,-3472.00516374446
-59327.1938138705,-18365.1237318149,-22254.9502861866,-3889.82655437167,-20755.629440264,-1267.96232563216
-57241.4023258068,-15765.7928741106,-20197.6908243615,-4431.89795025089,-20896.2725886164,941.873083240778
-54972.6968283951,-13125.3876204558,-18056.1480905669,-4930.7604701111,-20944.5633549203,3143.44901437397
-52476.5619740462,-10401.8890524669,-15795.711386569,-5393.8223341021,-20862.0020729695,5331.36505034462
-49798.7927347065,-7638.16374310747,-13421.0604418969,-5782.89669878939,-20635.6101977589,7488.40277779689
-46940.5168055434,-4827.33154104587,-10959.7891725823,-6132.45763153643,-20291.9561659877,9613.22622831044
-43909.1900508043,-1980.89940547958,-8459.91324733414,-6479.01384185455,-19871.5311833918,11698.3980923311
-40727.0648979727,883.880737715587,-5921.91537249982,-6805.79611021539,-19369.7077871781,13739.1707386126
-37401.033275032,3754.29956156808,-3378.47071338675,-7132.77027495478,-18814.6601967531,15731.1880698987
-33960.981146156,6608.91904638866,-843.404726995288,-7452.32377338395,-18203.678287785,17657.9579893548
-30422.1835099663,9438.93554456591,1674.92562400673,-7764.00992055918,-17540.5361192056,19514.862313205
-26825.6035727495,12213.7692707277,4181.77807870654,-8031.99119202111,-16810.790538047,21293.1127472504
-23175.6080067544,14936.3449306656,6662.75664118665,-8273.58828947893,-16029.5677541079,22993.4423543579
-19480.8738537736,17597.1463803159,9111.32885001237,-8485.81753030349,-15199.7668959869,24612.2687371167
-15741.8413290013,20189.8687928952,11537.583626315,-8652.28516658026,-14310.2250909198,26148.5273206697
-11901.3024818646,22760.6666510065,13981.8159762789,-8778.85067472759,-13320.543480658,27600.6652463528
-7977.08428097397,25311.0156021655,16442.3214908226,-8868.6941113429,-12232.1304754235,28968.1574591926
-4009.22112151196,27810.7139461356,18884.1987590107,-8926.51518712496,-11083.061762496,30254.9905407996
-21.5609796647515,30251.8545498874,21306.9674724978,-8944.88707738952,-9870.61405809612,31458.0406212314
3971.84404321639,32624.4651878795,23695.1847833574,-8929.28040452216,-8609.61935363421,32576.9139419816
7951.45587829527,34898.9351764644,26004.4894052696,-8894.44577119477,-7338.53318977475,33606.2452715723
11913.5717855658,37064.1014242111,28237.9828392697,-8826.11858494139,-6046.24585903417,34537.9571235578
15855.3153808872,39105.4718516068,30396.7990616568,-8708.67278995001,-4724.96155134168,35365.3765242116
19750.7789121848,41016.2990045699,32478.7023567729,-8537.59664779708,-3376.3253329754,36087.9107545006
23608.5567746611,42817.8519931811,34488.5830591762,-8329.26893400492,-2006.24656073238,36716.1166267944
27414.6366507792,44506.6340280193,36405.498123819,-8101.1359042003,-634.024968987419,37248.4365688835
31156.5945833302,46076.762991167,38200.7314745139,-7876.0315166531,710.566919618224,37686.0549852012
34819.5908197698,47509.6388372983,39848.3253417818,-7661.31349551647,2009.32338377677,38021.5064095475
38383.906756698,48784.6344312519,41353.126925632,-7431.50750561991,3288.57984232179,38233.2917695923
41840.6002269945,49894.9698892257,42702.3295502782,-7192.64033894751,4541.09576599177,38315.8408338468
45169.7678995852,50839.4098144742,43891.4830431518,-6947.92677132245,5761.87887204186,38269.7073646287
48384.6011369375,51636.5336744416,44920.7461445854,-6715.78752985618,6940.8256297071,38105.1394427576
51468.4465264591,52279.0228894352,45786.1047354671,-6492.91815396816,8077.56351349111,37818.6605374773
54403.6083274953,52759.2158386166,46492.18990652,-6267.0259320966,9177.55410896604,37409.6169654309
57178.3786515352,53068.0213799953,47042.0559973235,-6025.96538267175,10251.5605557908,36870.2934106681
59760.8348908576,53187.1156957976,47451.21678267,-5735.89891312767,11328.0421985582,36187.7017572413
62153.3795189562,53119.4589649969,47695.1700709999,-5424.2888939969,12381.0711886129,35363.1791124823
64338.6343488122,52860.4799844297,47751.8316425813,-5108.64834184845,13394.0787801591,34391.2565135635
66301.6817719315,52402.5163216544,47585.2391939149,-4817.27712773945,14331.4137858502,33272.0344322065
68015.8684742631,51725.0982584174,47176.5353946665,-4548.56286375088,15176.7010038811,32003.6224779011
69475.4026620466,50841.5395539776,46571.3397122378,-4270.19984173977,15960.8245511184,30600.8244073996
70682.3117363187,49759.0358466515,45793.2245609362,-3965.81128571536,16697.2216829771,29073.8341063821
71628.8732639814,48481.4333765933,44852.46001839,-3628.97335820337,17384.5194768612,27434.4489094711
72279.0709570551,46989.8047147613,43737.4979216906,-3252.30679307078,18011.3015110312,25682.9097155065
72613.0230289716,45276.9448602745,42431.95699661,-2844.98786366453,18571.4256156113,23808.9007375431
72612.8059387195,43333.0565616591,40910.6881821478,-2422.36837951124,19035.6705598433,21816.8940702057
72270.7681294074,41154.1125977435,39171.2269684902,-1982.88562925329,19405.0595603984,19703.4024616071
71616.8925310815,38768.8508960195,37228.525328303,-1540.32556771657,19670.3729120934,17492.5597955828
70669.6346823111,36205.1147632812,35110.9678872649,-1094.14687601628,19842.9437426336,15201.0507115569
69436.8614101967,33486.1451465454,32855.7156834209,-630.429463124559,19947.1190255543,12841.4199340089
67904.4600465833,30621.4007846281,30457.1874045063,-164.213380121814,19963.5134724718,10427.4811612989
66050.2160562659,27604.2335725759,27928.5092633073,324.27569073142,19910.5938998836,7953.97461013492
63894.8958429296,24454.6541730076,25278.8373430178,824.183170010153,19785.9399714515,5432.21800808036
61450.181878124,21174.3056306503,22492.726938962,1318.42130831171,19566.5916402213,2869.94765410872
58760.4871226735,17793.403331903,19596.8017488899,1803.3984169869,19261.4836724072,284.679221969109
55838.615814867,14333.7819241026,16626.9989568975,2293.21703279487,18888.4757909965,-2305.5527750891
52705.0368864398,10823.3043138182,13584.8006168118,2761.49630299357,18437.6943826656,-4889.62505655951
49364.2066581551,7282.31463386527,10463.4906178579,3181.17598399265,17895.2165382924,-7460.47485684634
45804.6890089838,3714.67963689499,7298.85429553947,3584.17465864448,17300.5836844561,-10021.9964238633
42034.8582820321,130.292560540368,4052.08019261976,3921.78763207938,16610.5632128632,-12569.8371740095
38084.1681871162,-3450.45510779394,785.492210393929,4235.94731818786,15878.4619910562,-15095.1820271075
33998.6572379832,-6990.31413099971,-2437.23344667108,4553.08068432864,15148.3585365322,-17578.8294604888
29810.7275933905,-10458.2698150589,-5586.43444273557,4871.83537232333,14424.7061704108,-19995.7406911129
25537.9120892395,-13841.1086002119,-8622.81312467061,5218.29547554125,13733.0882539802,-22332.1748712967
21196.2475776382,-17117.1960631838,-11559.7547710488,5557.44129213501,13041.5294339178,-24569.6230844997
16863.1847388398,-20201.0943210555,-14320.5481334532,5880.54618760224,12422.5320832953,-26706.1241322603
12552.6747084257,-23074.0738568519,-16925.0519499966,6149.02190685528,11845.5786404787,-28731.1288895508
8169.64235205637,-25846.2958635332,-19459.6813213105,6386.61454222263,11223.7104728883,-30640.8943017027
3738.74990341664,-28503.2260834046,-21904.6713700238,6598.55471338079,10569.9035760295,-32428.7569775138
-743.814435210569,-31063.8771657395,-24277.5406443468,6786.3365213927,9846.24275400016,-34073.2527475968
-5249.4682667678,-33512.0288301566,-26518.2706445916,6993.75818556502,9102.08335267733,-35563.8266332588
-9607.74156774426,-35675.2202135797,-28465.6203005576,7209.59991302205,8469.48563711785,-36875.4236007802
-13809.6349984251,-37548.4825494817,-30111.3229329899,7437.15961649182,7933.07370315019,-37984.0530762849
-17901.6902332513,-39180.855724076,-31518.3309988829,7662.52472519311,7420.12949801579,-38878.2414890884
-21867.7669411014,-40580.1193214358,-32679.4458857626,7900.67343567316,6944.66750864333,-39564.778659057
-25790.7840702229,-41858.4461879662,-33751.2953523717,8107.15083559455,6356.00894718203,-40046.5165476349
-29638.8226095944,-43009.7493144293,-34715.6554924175,8294.09382201176,5683.58752325955,-40335.0684289642
-33231.1039117391,-43864.8752382965,-35417.1436106022,8447.73162769432,5062.19087686314,-40413.9888793048
-36548.1316494385,-44407.6525908738,-35855.5240071356,8552.12858373819,4478.84411170155,-40270.0917747155
-39600.7986741807,-44655.9839771187,-36010.8828654541,8645.10111166459,3944.6985618128,-39893.9597524482
-42371.3995217447,-44597.1813141282,-35901.5101355689,8695.6711785593,3426.78440328751,-39270.5590667337
-44970.2712370681,-44374.864089369,-35691.2256875834,8683.63840178563,2793.23697557901,-38428.4394209721
-47376.9632748163,-43999.6725655659,-35377.083779052,8622.58878651393,2061.7734541186,-37382.33799832
-49471.485928953,-43366.1934507061,-34842.1173524337,8524.07609827243,1366.5421223909,-36152.8438754313
-51255.600105902,-42493.0801712446,-34131.0709165939,8362.00925465073,672.360262556619,-34749.3375104516
-52695.8029665197,-41348.2214046946,-33165.3845461002,8182.83685859445,59.5317803425105,-33174.5812017031
-53782.2005715021,-39929.9664558771,-31929.9906654702,7999.97579040686,-460.767749648292,-31424.5597080632
-54642.5224161054,-38384.4519553807,-30636.6881940662,7747.7637613145,-1089.73113550301,-29505.6562310245
-55274.7814039433,-36720.5394902252,-29284.8788768893,7435.66061333589,-1804.95297818781,-27440.0299540811
-55608.0351568452,-34888.7914431573,-27821.7553182607,7067.0361248966,-2540.2860852003,-25242.583782732
-55667.3926751654,-32921.3107367896,-26294.513771733,6626.79696505665,-3313.28737904993,-22942.9457733606
-55351.6635265456,-30725.8770594805,-24554.0532475365,6171.82381194409,-3961.14218112158,-20557.8272780089
-54678.693952333,-28327.0209528876,-22638.6016121442,5688.4193407434,-4510.62329747691,-18098.1828436878
-53766.9010331151,-25846.6258523612,-20664.6135994839,5182.01225287735,-5068.83537725548,-15570.2818610707
-52611.3259418677,-23282.6455392215,-18601.2098298743,4681.4357093472,-5605.57589518764,-12973.3390063392
-51258.7411609978,-20690.0233244947,-16544.1229973703,4145.90032712435,-6199.26480196961,-10323.6154900845
-49707.8651143193,-18073.3676514836,-14495.1075811784,3578.2600703052,-6833.8562733772,-7639.3221801712
-47851.1028441683,-15321.4529947314,-12347.7290994908,2973.72389524059,-7383.58668969113,-4943.5504510282
-45714.9513820892,-12465.1403565931,-10100.6493319641,2364.49102462903,-7821.54054420062,-2261.82694080154
-43386.1363709236,-9587.01941142863,-7841.24788646769,1745.77152496095,-8221.58098946279,394.229723340382
-40869.3786825203,-6698.39085514004,-5544.3491375331,1154.04171760696,-8551.09081657451,3017.31531115582
-38256.7210033834,-3898.40374995994,-3322.23441584654,576.169334113414,-8911.18353701624,5598.84110220322
-35546.3911674344,-1195.56316567623,-1225.6620781718,-30.0989124955582,-9339.29662937413,8125.40718136377
-32638.2109062736,1511.19918698744,868.161331639035,-643.037855348384,-9707.21143150012,10588.6085563792
-29577.915702672,4193.92360146138,2898.85112256349,-1295.0724788979,-10051.743410902,12964.9863349679
-26367.1708032369,6865.85407575035,4915.47264953287,-1950.38142621744,-10304.9953023847,15234.7697470698
-23026.5256828481,9516.86472322221,6908.17663333604,-2608.68808988615,-10471.8349715737,17393.0477173596
-19692.0464607835,12004.0898012535,8780.82689578971,-3223.26290546377,-10631.4555613206,19426.3314057637
-16360.5891619013,14334.2099056041,10572.3643059105,-3761.84559969358,-10743.4610383539,21332.748228596
-13009.6529729998,16522.5190157287,12267.8054585588,-4254.71355716991,-10823.4434942896,23112.3148463337
-9659.65397116005,18561.4670727932,13851.8646230882,-4709.60244970496,-10881.6269659617,24759.8851794987
-6220.55682834326,20565.0618120455,15451.8661050568,-5113.19570698872,-10794.6228756797,26276.0223670082
-2720.80426006295,22518.2564389682,17006.2152211305,-5512.04121783773,-10621.8254986193,27658.9346580153
738.280950206232,24329.613556415,18435.8343465665,-5893.7792098484,-10424.1462737248,28892.5611899297
4145.15411029081,25986.6620510377,19772.8354510733,-6213.82659996441,-10161.6622740787,29969.01825387
7393.76898622972,27385.2113380648,20899.1755167646,-6486.03582130011,-9942.37991053425,30880.76399051
10482.3174896188,28527.2801235556,21830.4538963214,-6696.82622723421,-9741.37802518673,31617.9682333588
13527.5226402575,29546.3831910395,22672.8245177351,-6873.55867330443,-9469.67453922553,32194.430652658
16529.0350928423,30454.0782824556,23398.5850355502,-7055.49324690539,-9162.54352644417,32617.6796139333
19494.7543034381,31270.7937752971,24022.1771480539,-7248.61662724325,-8805.70161219354,32887.4775191329
22404.0622771451,31984.7996406413,24513.5312369468,-7471.26840369451,-8421.9086674373,32996.6669356864
25112.8902272541,32459.1857345268,24753.9791838398,-7705.20655068707,-8107.4786601212,32926.0778008043
27586.044911249,32675.0389451893,24790.0938634499,-7884.94508173949,-7800.02925787065,32659.8557719853
29841.9400501788,32665.501173839,24645.7121806959,-8019.78899314311,-7478.23493495552,32199.4333743659
31875.3383778659,32442.8697183632,24355.1752929224,-8087.69442544073,-7119.27479755512,31556.2193638813
33811.6551708496,32142.2637964484,24049.4222057012,-8092.84159074718,-6614.78100196894,30749.6497470601
35659.9946090973,31781.0358097157,23708.6881877686,-8072.34762194715,-6001.40145208811,29796.520815121
37336.4237815907,31282.9096082393,23229.7670736005,-8053.14253463889,-5383.05761790651,28699.7717188827
38826.9310037563,30643.228669722,22657.9330390001,-7985.29563072192,-4716.03232669769,27460.9502183318
40030.9309240136,29777.1139009936,21917.6248658116,-7859.48903518202,-4069.54668672551,26075.7304501272
40939.7049860087,28687.5765237796,20995.40358456,-7692.17293921968,-3463.62409216156,24550.6408462347
41645.6637396433,27482.47187837,20042.1609264045,-7440.31095196549,-2753.74386850898,22888.8921382537
42141.7120620846,26164.8755795135,19023.3385411203,-7141.53703839317,-1989.04469671718,21105.3536509158
42498.9442018603,24810.4786550656,18009.2529310201,-6801.22572404551,-1124.05817653704,19223.4341560901
42716.8134521258,23428.5990241919,16986.3977426144,-6442.20128157742,-184.260384442245,17255.2049985857
42665.7654925652,21889.7549369434,15846.3452468577,-6043.40969008576,715.046919604367,15211.4426200265
42342.8875491407,20203.6947487124,14626.6177081984,-5577.07704051404,1597.06658048219,13106.2963585316
41724.443691738,18358.7001430388,13288.3876498441,-5070.31249319471,2414.79539915351,10948.3678928851
40809.8699069464,16356.8742850628,11838.0712831759,-4518.80300188694,3165.46955104598,8746.83449956841
39752.6283460563,14358.5254296604,10423.0368229831,-3935.48860667733,3968.61457420434,6525.76803793218
38553.8259240747,12362.6853994851,9006.9718861427,-3355.7135133424,4780.54795104482,4292.91254893439
37202.1267503061,10358.7623158483,7573.20694063318,-2785.55537521518,5574.97085463166,2058.47221828131
35707.1091824187,8361.38759042173,6132.99004287657,-2228.39754754517,6350.75854457453,-165.123537263153
33942.3863209681,6247.74085011359,4577.24834131761,-1670.49250879597,6999.76726752264,-2375.2631367094
31937.7880790143,4044.16315184817,2922.40154470811,-1121.76160714008,7521.50474423392,-4555.28686308277
29760.6575637051,1808.83700486178,1253.54999037219,-555.287014489601,7990.08011157231,-6695.51376064534
27414.8037923712,-452.645374971414,-409.267314474435,43.3780604969804,8416.47077830261,-8786.82874131445
25002.1071197106,-2634.40331632488,-1989.74305591291,644.660260411944,8864.29861946025,-10819.2507687736
22526.6661671744,-4731.75047660843,-3516.18570080176,1215.56477580664,9298.66827685293,-12785.9393492383
19952.9614051592,-6775.78070557809,-5047.66931728452,1728.11138829357,9649.06938377203,-14674.0514621326
17298.7284806917,-8758.72072985449,-6547.90732384314,2210.81340601134,9949.28076136134,-16480.9448096525
14456.1667684683,-10797.859801266,-8146.75062688287,2651.10917438311,10068.5506052053,-18202.2285777979
11444.7644294378,-12878.3412239602,-9793.98570245401,3084.3555215062,10054.2550887805,-19835.5714082138
8375.7618458182,-14890.5212524401,-11365.4995662234,3525.02168621664,10019.2727394329,-21372.5263455722
5265.71159835032,-16818.4695200679,-12876.9927397005,3941.4767803674,9935.17777546329,-22800.3679836784
2210.47892497089,-18565.5128132737,-14250.9625276467,4314.55028562703,9862.78013830159,-24104.4595364254
-780.3792967437,-20121.8954883952,-15508.9090810109,4612.98640738424,9771.87742771848,-25275.7504816384
-3797.0692746537,-21587.8397238693,-16751.5862726819,4836.2534511874,9572.82470383409,-26322.6703819112
-6831.55537375473,-22957.7387330363,-17949.1979103276,5008.54082270865,9286.16297235747,-27235.9933260975
-9936.83486201175,-24300.0135219453,-19108.6513501879,5191.36217175746,8909.11840081605,-28018.0744025988
-13076.3925813527,-25590.3550707727,-20174.6058878957,5415.74918287701,8477.76608974036,-28650.0236330321
-16126.8510087475,-26710.3927462661,-20994.5625866587,5715.83015960742,8118.20269503539,-29108.1133342701
-19060.6381332479,-27646.0790579965,-21610.9435312661,6035.13552673042,7776.23522867895,-29380.6151089403
-21790.9098914401,-28319.9740914135,-21985.5544953568,6334.41959605672,7473.51206702533,-29452.7074629531
-24311.1855952499,-28740.1857109047,-22146.6580351218,6593.52767578294,7186.90752874673,-29329.3669040914
-26709.6079033943,-29011.1082764885,-22236.0494009397,6775.05887554882,6773.69053091872,-29006.5749982251
-28974.3658461073,-29138.9061013155,-22224.5238772085,6914.38222410696,6275.44724745619,-28496.6659369604
-31132.8665686244,-29166.6075547093,-22142.3622623258,7024.24529238348,5670.11199243392,-27806.85430057
-33160.6426307867,-29082.9220378625,-21983.181172777,7099.74086508545,4972.6333911007,-26945.9944578932
-34945.7461984761,-28787.3128744965,-21686.0443641835,7101.268510313,4254.12904527692,-25927.0842392551
-36462.249006126,-28271.5041117316,-21287.7026223664,6983.8014893652,3485.52337148642,-24757.9930653227
-37644.8984741784,-27481.6967649615,-20700.0835892276,6781.61317573396,2759.39674607887,-23444.696715201
-38491.0888808483,-26427.7516916541,-19931.9897448272,6495.76194682684,2069.64935526464,-21989.5120008285
-39119.9439505359,-25241.1326386668,-19065.1718419836,6175.96079668325,1355.57586934442,-20410.3217545874
-39542.2766990989,-23937.9223123115,-18087.4104099716,5850.51190233985,645.861187114263,-18723.5384433966
-39802.2845015795,-22570.602562674,-17083.1291615737,5487.47340110028,-127.288248508732,-16944.725653066
-39890.9734792648,-21141.6778011607,-16067.5507909942,5074.12701016649,-961.695124383572,-15091.6188437393
-39692.7508611717,-19544.256351974,-14941.7640953513,4602.49225662278,-1750.36018500755,-13175.4537125608
-39203.1016773686,-17780.5749528633,-13694.9909345325,4085.58401833088,-2478.01105166658,-11200.8254012015
-38377.1295203717,-15814.5092198282,-12260.1787048451,3554.33051498316,-3076.57835426865,-9169.82206350449
-37229.6040979444,-13665.5702396135,-10605.1948754132,3060.37536420029,-3510.62804314266,-7085.36413087398
-35857.1920359194,-11441.6691086346,-8839.69719254214,2601.97191609248,-3881.62809667374,-4952.87704556544
-34284.3153706046,-9170.44577181123,-7026.38160992314,2144.06416188809,-4233.0265030864,-2791.49156782321
-32586.1725563316,-6930.23288331548,-5221.37873341046,1708.85414990502,-4594.58987904514,-626.201017141316
-30769.0216458796,-4729.52972867768,-3487.09441334851,1242.43531532918,-5013.65465290006,1527.61961379719
-28763.9997058835,-2497.12267023312,-1734.75611129899,762.366558934122,-5388.9858417493,3655.18865867144
-26570.6368526911,-238.087884329809,30.6575324694149,268.745416799233,-5716.36866584218,5747.26873285126
-24123.5429695254,2116.38742283298,1874.30433308964,-242.083089743333,-5922.56248504914,7793.77016873544
-21448.3243756693,4536.94288900393,3766.91087086878,-770.032018135158,-6021.0017676408,9779.40299924499
-18662.2054004678,6911.5221857066,5592.17454037873,-1319.34764532787,-6106.02421848279,11684.8586865124
-15790.5512398293,9223.42760623743,7367.11108030734,-1856.31652593009,-6150.22716459841,13499.8273515626
-12920.9032666921,11387.9410090122,9002.57704569532,-2385.36396331691,-6232.90919401528,15216.2908902116
-10060.2324063216,13406.5043165002,10533.2105335954,-2873.29378290481,-6307.48889911702,16821.8641277338
-7150.47891000369,15345.6075660685,11992.9074321841,-3352.7001338844,-6336.39160922481,18310.6286425764
-4202.53111052788,17196.5751790755,13375.1604653176,-3821.4147137579,-6313.94995458725,19670.4521724931
-1159.50164661938,19021.9267848488,14740.6318068451,-4281.29497800372,-6169.51117281605,20889.3580562157
1930.81237414623,20791.9735476362,16078.5090220861,-4713.46452555003,-5902.35540535803,21956.3518877114
4991.54058965641,22441.7275132179,17350.8604538331,-5090.86705938483,-5554.00550233456,22876.8305248959
8000.76476968411,23963.7688330171,18548.6153252001,-5415.15350781708,-5135.00397725097,23652.1555293527
10858.6516596496,25268.672672078,19598.0339428528,-5670.63872922516,-4718.95320744142,24284.4642857988
13564.0399332732,26365.104448918,20462.2402551948,-5902.86419372313,-4346.95823996556,24777.6485802317
16139.9290293578,27283.1198310127,21180.0028468899,-6103.11698412286,-3974.96476935005,25125.3506873194
18571.4158513675,28015.1215139764,21728.9837119782,-6286.13780199826,-3621.42615969874,25323.7744100936
20953.78541874,28671.6066637393,22238.6863686227,-6432.92029511661,-3167.55116399705,25380.9214918875
23272.5689048085,29243.9510872986,22709.6451658939,-6534.30592140475,-2617.8330493968,25302.1778677695
25485.2543874989,29702.2419973848,23091.3759869843,-6610.86601040043,-2016.64468533146,25082.1481699022
27583.9323327786,30048.4932544071,23421.0543407023,-6627.43891370478,-1338.42709047416,24732.3625705626
29448.0791950091,30168.2364006644,23558.9856169055,-6609.25078375891,-715.278660592405,24248.0889214682
31080.6934507861,30072.9624970125,23512.0837353917,-6560.87876162076,-145.556268414451,23634.2745002659
32466.4000070515,29753.2125323748,23250.9486923827,-6502.26383999214,335.000476158633,22897.6903345757
33593.9034655944,29212.4423457269,22766.5538179629,-6445.88852776408,715.221977398699,22040.5382004345
34581.3242894626,28579.8866319834,22215.304886818,-6364.58174516538,1137.81719398641,21073.2805460373
35427.0259403782,27858.7999818454,21609.6627261039,-6249.13725574152,1609.56360640426,20001.8007531331
36158.4058580383,27084.1758698436,20979.7923814384,-6104.38348840517,2153.72980475644,18832.0898085083
36776.389276617,26261.4157074336,20354.2641172505,-5907.15159018314,2797.65665568555,17565.2557550132
37181.9868151991,25296.4983319317,19567.8683172306,-5728.63001470114,3379.10662658035,16200.6759237205
37368.8520094611,24198.8891537327,18654.975247213,-5543.9139065198,3930.45983751901,14740.2074483882
37277.5038236847,22916.1575292607,17576.0936102031,-5340.06391905765,4395.18993651152,13202.7332677023
36915.1698627667,21460.3932245482,16310.3693020614,-5150.02392248675,4743.46334432243,11597.3067076413
36359.0237888155,19913.3088418534,14929.7580295822,-4983.55081227121,5036.69838914733,9932.75377484513
35617.7690731587,18285.4959878908,13429.6443122987,-4855.8516755921,5269.19384689285,8210.02496197046
34790.5173568496,16684.2766435965,11930.7601416425,-4753.51650195405,5557.15521254545,6430.94536151529
33875.5987954584,15117.9344769555,10482.7944927372,-4635.13998421833,5942.66352661362,4602.92463643441
32839.4857576089,13563.368343952,9101.75424526448,-4461.61409868756,6425.25328031081,2743.22420177336
31680.3122228077,12024.9687225925,7843.12510017947,-4181.84362241305,7031.36457868515,880.991273853131
30301.7491086277,10409.1167403575,6629.23412625039,-3779.88261410715,7667.54164860976,-965.337319058146
28724.3278938798,8729.7001025046,5455.01827658682,-3274.68182591779,8303.94023475789,-2770.94780636653
26953.4109199277,6990.46226822561,4266.41346335295,-2724.04880487269,8875.46837596694,-4524.59887879564
25014.5403932328,5215.46302306962,3073.83276144501,-2141.63026162461,9378.98092716468,-6212.86349860701
23020.0826163749,3511.45219053614,1917.85095136428,-1593.60123917189,9840.80049361905,-7823.762443813
20983.6606087322,1892.39936489307,830.852763978095,-1061.54660091496,10283.0809252363,-9347.14958464945
18969.9857289492,415.623846767518,-120.169359244128,-535.793206011653,10760.032211663,-10771.6947264614
16989.3499243319,-921.81486005594,-904.863559776765,16.9513002791572,11289.1504662717,-12084.3628898811
15001.5319447102,-2172.41252851825,-1542.46202797376,629.950500544478,11847.923283885,-13280.6111713051
13016.7725018786,-3331.69462119834,-2109.37694049847,1222.31768069985,12354.8748563981,-14355.2710521527
10942.5449520054,-4495.236876866,-2677.9229812964,1817.31389556958,12733.5496232057,-15301.3259547875
8800.35207737498,-5646.15384444147,-3272.67844746495,2373.47539697652,12962.4486615368,-16121.9643007298
6644.85544966386,-6739.37871555538,-3845.76825991366,2893.61045564169,13073.9118298544,-16802.3322207166
4502.72455255035,-7770.3827457161,-4382.19072598993,3388.19201972618,13085.1658064665,-17344.7809550994
2503.20271287411,-8625.94529361122,-4751.1431625083,3874.80213110292,13119.3880888604,-17744.8650548229
643.587050057942,-9317.10729354369,-5000.39832525556,4316.70896828813,13139.9167241641,-18013.6437644232
-1053.75853788258,-9822.61309295998,-5205.44939424682,4617.16369871313,13089.7713567093,-18170.4016072626
-2600.39510521811,-10146.999781397,-5329.22563738021,4817.77414401675,13021.1278044501,-18230.0424743558
-4082.34709209648,-10387.5244207343,-5527.2819393211,4860.24248141317,12794.8730520482,-18206.0232703735
-5479.8281274982,-10542.309523339,-5698.8982491764,4843.41127416261,12504.02888057,-18090.5925305926
-6855.50422569318,-10691.3440688743,-5837.01005613641,4854.33401273788,12161.0369304253,-17887.0221427884
-8200.71477728197,-10835.7249374454,-5949.9284785284,4885.79645891701,11744.4766931341,-17582.257411538
-9484.44873733549,-10940.3142975707,-5991.82477980018,4948.4895177705,11307.1229758739,-17184.6683754754
-10708.3081171043,-10999.688115346,-5976.79675876385,5022.89135658216,10838.7705147633,-16698.3792455138
-11759.62812847,-10897.9428916663,-5821.17459886154,5076.76829280473,10413.9621324825,-16117.2118676808
-12624.0249538207,-10636.5253296736,-5536.46838149118,5100.05694818239,10034.3106501712,-15454.2654100197
-13290.9987572052,-10220.4880763708,-5118.78027094431,5101.70780542645,9711.47808652263,-14717.2836113114
-13766.0311089254,-9669.36376991305,-4617.67672673382,5051.68704317925,9411.94517573466,-13922.0183284832
-14128.828566325,-9068.59682624982,-4124.0274995515,4944.56932669832,9062.95892686513,-13084.5054813613
-14396.5888314083,-8426.53260136446,-3697.76714464111,4728.76545672333,8616.97420224764,-12217.0398829886
-14659.6975849126,-7830.71298568633,-3387.68425302287,4443.02873266346,8027.91138619171,-11320.0112639025
-14904.4987484178,-7263.71415095057,-3139.08348549737,4124.63066545321,7348.24043957564,-10391.6115641884
-15070.927036706,-6674.74544351061,-2865.87424901493,3808.87119449567,6669.0517694678,-9438.31074901523
-15155.976092277,-6072.60127150861,-2522.87684239508,3549.72442911355,6040.01179027601,-8464.60929535382
-15062.9220353179,-5363.37792994101,-2016.08317802906,3347.29475191197,5557.52824538487,-7475.57992670689
-14819.5618963205,-4570.68340770896,-1397.10961938453,3173.57378832445,5179.41511393906,-6480.32369214407
-14430.0498670465,-3690.34993464679,-685.963892253647,3004.38604239314,4890.4378704296,-5483.84322474435
-13883.0868338462,-2712.33562912748,50.7647301767698,2763.10035930427,4618.69938183342,-4480.81622419838
-13261.7279468925,-1725.02596519401,734.292743758981,2459.31870895301,4302.74352473099,-3486.29769931776
-12555.2961304366,-726.946325494102,1331.08303530577,2058.02936079989,3918.701943977,-2510.07849214721
-11832.2567523206,209.123388728752,1765.21922862691,1556.09583989818,3410.92991884143,-1570.67756059521
-11134.1576519478,1056.65709672494,2046.87654960939,990.219452884483,2819.7534297513,-698.187687080401
-10452.153768153,1839.21683512412,2250.55065417967,411.333819055581,2220.73634893337,105.578884519336
-9785.17872481515,2568.69191025418,2392.02437555117,-176.667534702995,1631.98584161531,838.189037319993
-9041.93811193799,3341.58574780557,2587.99497589533,-753.590771910237,1149.03426906484,1518.47093047861
-8202.13264174243,4170.48141602761,2918.52219385576,-1251.95922217182,845.181760945326,2152.94500169018
-7211.78957435042,5109.27525060672,3394.27838592693,-1714.99686467976,720.580008561788,2750.45684801587
-6109.45534955485,6126.74829079105,4026.61939677099,-2100.12889402004,790.431807565527,3307.44929967446
-5002.19444441201,7130.70824165642,4699.52636972778,-2431.18187192863,948.365007469084,3816.54724381389
-3900.59163493952,8122.15680290977,5376.06303308015,-2746.09376982961,1137.47528589653,4297.9467105851
-2890.71618696671,9011.16372133823,6031.71423264222,-2979.44948869601,1335.81537367331,4751.68201704857
-1936.60412986529,9822.08836966297,6663.24606116569,-3158.84230849727,1513.85221469294,5203.79935926682
-1028.93853223621,10549.1629786887,7249.62917224817,-3299.53380644054,1654.86061813549,5650.21539526848
-179.867188321464,11179.5823048646,7821.61665098688,-3357.96565387772,1799.62247483145,6080.80328838241
676.456382908023,11787.0473453821,8369.35609758958,-3417.69124779253,1941.43524934091,6490.32429165031
1530.66324733106,12377.5059421049,8819.38029229892,-3558.125649806,2021.28102897699,6864.1661715019
2459.90199302048,13040.2440803628,9294.89469466316,-3745.3493856996,2151.17902041958,7211.17203441487
3492.70513269264,13792.1289436463,9718.1527620942,-4073.97618155213,2255.31883893874,7529.35510584212
4627.55807574233,14622.6705701979,10172.1993728864,-4450.47119731147,2412.69641063663,7822.82244168777
5839.10434552175,15503.5572050768,10725.8791854988,-4777.67801957803,2705.57246912563,8078.50373034224
7032.77987613751,16342.39099645,11308.7850399633,-5033.60595648672,3061.50710407389,8300.87975760546
8186.9671705916,17130.2854172795,12024.2592932382,-5106.02612404129,3576.11243344265,8497.73111514291
9240.46300085451,17814.4058894578,12731.2653162246,-5083.14057323327,4099.91411637907,8679.17829289896
10230.3056228826,18422.5810236997,13449.8390502541,-4972.74197344561,4624.28514274153,8873.60600502587
11207.9944251716,18988.3773325028,14163.4019911407,-4824.97534136212,5135.57422568925,9077.13507278269
12173.2146094332,19501.7015139453,14800.0956570119,-4701.60585693345,5563.03315972177,9288.57837535891
13222.1220704673,20055.6582744378,15506.6029756819,-4549.05529875591,6058.73773120592,9499.65652611464
14322.0524491349,20625.8974511848,16208.9223920276,-4416.97505915716,6568.09869841238,9691.03983861696
15497.7025559842,21252.604075347,16934.8934657906,-4317.71060955636,7122.63529139977,9857.83179299825
16764.5935703714,21948.653520249,17712.3429527011,-4236.31056754787,7746.40390063992,10003.8621870742
18059.6891542765,22642.4657549284,18450.3279037593,-4192.13785116905,8357.88075614098,10121.6124811345
19379.8182271537,23321.0372013163,19159.1908771589,-4161.84632415741,8977.84130526292,10201.0121616894
20630.0185646341,23885.8027063563,19720.0244294767,-4165.77827687959,9502.26015994317,10229.5573481581
21771.9910060721,24313.4587693395,20111.9982435303,-4201.46052580917,9936.37590219464,10181.2943830665
22753.2773174306,24568.2885934059,20305.6598337367,-4262.62875966923,10253.1323793349,10054.8752468889
23580.2995419452,24667.6287314408,20286.4510336281,-4381.17769781274,10438.1914607488,9849.62210958322
24314.1587229918,24672.6385034454,20173.573391894,-4499.06511155137,10604.1139453767,9570.66831832522
24969.5200121283,24591.4552068023,19990.8476073798,-4600.60759942245,10759.3435996832,9233.31739860198
25622.7292643584,24500.4714811516,19833.8842751556,-4666.58720599603,11007.6927561474,8826.97544330406
26240.1712995833,24381.0638637985,19755.2505288211,-4625.81333497747,11394.7535476027,8358.89036334942
26833.3905784173,24265.9678549588,19764.9241796952,-4501.04367526359,11927.1512300573,7831.5721231705
27385.6202256625,24154.931126897,19844.7248127186,-4310.20631417843,12580.7615401155,7250.97147303753
27848.3353506244,24003.7024639015,19894.103303919,-4109.59915998249,13243.8542170113,6629.70695480794
28242.1145864182,23821.6503012818,19876.0671497767,-3945.58315150514,13874.2656442854,5973.1529277603
28493.7107643374,23526.4942704412,19787.9092574127,-3738.58501302852,14460.8060060721,5291.9321877909
28605.5409506154,23121.2977248483,19607.3245823112,-3513.97314253712,14979.6760321677,4587.63259290016
28526.1365839709,22565.4815111662,19331.2916600241,-3234.18985114216,15409.6461170621,3879.79713142075
28243.4564017946,21867.1649404171,19021.3565212552,-2845.80841916184,15812.2045590992,3168.0898347887
27802.7216373331,21081.6810113888,18668.0657384905,-2413.61527289827,16162.8887326473,2466.21858190963
27218.5467207564,20215.521521801,18316.0824072673,-1899.43911453365,16490.9965805142,1789.42622536634
26607.7582300689,19368.3864755985,18042.7570065043,-1325.62946909425,16875.7590955587,1133.18686791991
26000.0203305284,18554.2453943354,17801.8042600854,-752.441134249943,17247.1192989488,521.347127145649
25440.9878087626,17812.3856423944,17606.0670838536,-206.318558540793,17615.5347799814,-44.4322369846416
24915.1315612655,17141.5206095206,17373.3732404861,231.852630965464,17914.1410721649,-579.384711828148
24370.3019847928,16516.070714689,17011.9276488578,495.856934168836,18068.4167208894,-1100.18100297787
23781.8574481167,15917.6228088698,16531.0023104356,613.379501565846,18108.8102064237,-1627.6809739198
23081.8925271056,15264.9554571022,15921.3841690612,656.428711958941,18041.4834664239,-2174.98807268124
22306.5428788344,14572.3101271477,15248.0401011657,675.729974017922,17913.282829616,-2723.86339243708
21438.1209685202,13795.4333289577,14572.8546883108,777.42135935311,17764.5409178601,-3251.02506029704
20499.0510420457,12961.925861246,13981.036475201,1019.11061395499,17658.3331933919,-3734.78329095153
19476.9048709408,12082.0947741206,13389.8612874427,1307.766513322,17507.2640636181,-4170.90679250091
18337.5074914809,11144.8299180055,12752.2529554837,1607.42303747823,17281.6594701531,-4576.94004674824
17138.2012868947,10222.6369241242,12052.801786134,1830.16486200979,16971.2790083243,-4960.23158523208
15907.5949148645,9323.92860884129,11222.9644878974,1899.03587905609,16520.7491125141,-5333.9554818266
14770.8107819997,8542.81021905537,10454.7664995168,1911.9562804614,16105.6863026225,-5683.67364609281
13771.722105305,7901.26078975987,9768.724879568,1867.46408980813,15731.9478189465,-5994.74183336707
12910.6181819732,7396.15954512315,9277.01823709578,1880.85869197264,15504.2304485641,-6259.46369054678
12150.5129349658,7010.76092124884,8994.95657268979,1984.19565144093,15426.7814641551,-6466.39944569871
11404.820322591,6691.06472888265,8839.10869608743,2148.04396720479,15427.6201629474,-6625.89279138301
10649.2150995719,6427.13791779719,8735.09841362245,2307.96049582524,15437.0994943864,-6742.66802816449
9826.01488122209,6136.84998194208,8549.45861326065,2412.60863131858,15326.5472156105,-6818.95152067892
8982.97068282246,5838.95801845186,8290.76001209935,2451.8019936475,15102.1573637882,-6852.69553203861
8148.77810520365,5525.78383668317,7987.3458927079,2461.56205602472,14786.9106447852,-6838.11263035514
7345.41317618858,5202.60386736672,7671.50948763756,2468.90562027083,14406.6837292345,-6768.95641929046
6566.97426799174,4887.51518624361,7438.04130296529,2550.52611672169,14059.1044707056,-6649.30635635996
5795.55227287333,4587.81151724864,7303.81672009674,2716.0052028481,13753.1296373267,-6471.43740748422
5083.49521117272,4377.24221848754,7259.76025493799,2882.51803645044,13471.1991653654,-6228.66655070794
4434.53507640741,4252.81005797489,7296.55269188196,3043.74263390708,13214.9436810624,-5931.8713856534
3964.74425122849,4293.21261558712,7408.23247632656,3115.01986073944,12974.9112882964,-5579.22058402079
3685.526765081,4474.56811161834,7527.8939328184,3053.32582120006,12714.1347249992,-5200.28224246597
3588.65508716397,4775.69416617978,7642.508310858,2866.81414467823,12447.6688170848,-4822.99674153758
3656.92972758856,5196.7403945283,7774.15739182103,2577.41699729273,12202.1709504293,-4451.82414575868
3782.69684523254,5662.29189634694,7876.41311587437,2214.12121952745,11938.3854505948,-4091.9901873942
3948.94408469961,6177.19486633253,8070.83460854998,1893.63974221745,11754.747793253,-3720.23630974503
4103.37612614962,6679.69136126906,8337.88689609985,1658.19553483079,11617.3066852579,-3320.32311310451
4253.60153387909,7147.68962907489,8630.65167148788,1482.96204241299,11493.7161043309,-2906.82272397817
4369.53479807885,7524.57511215289,8926.69005917912,1402.11494702626,11373.8799053034,-2491.164338059
4455.89843835149,7809.03000726202,9131.05022557352,1322.0202183115,11180.4828022799,-2091.50938168581
4521.05315289789,8026.34018588957,9241.73530488015,1215.39511899058,10913.9162677793,-1711.10462598428
4560.60660184294,8198.61243108211,9292.80775844184,1094.19532735974,10581.5124407052,-1323.1865522838
4650.66656283172,8411.32112980311,9357.90145946709,946.580329664014,10258.0078747051,-930.768801983161
4804.35565038827,8665.93370194325,9429.89693962822,763.963237684976,9933.48506555716,-530.84600197706
5086.56229862303,9006.05168088394,9571.41141197135,565.359731087408,9691.53446817736,-145.663431903297
5480.95502478436,9399.14355573572,9732.36097423271,333.217418496994,9519.48308561111,187.395815726385
5982.50003519972,9850.08643780006,9942.03169739084,91.9452595907998,9440.6624109644,473.828859373124
6554.84097830455,10345.8856060477,10235.3983692863,-110.487236761425,9488.80321592396,715.064228547471
7138.48488100935,10847.7312113142,10567.6309485797,-280.100262734436,9601.09752893613,930.137504038439
7750.6131767255,11378.7755706982,10970.0705520704,-408.705018627759,9787.55157162364,1140.34824567139
8363.66112653168,11891.2135288432,11360.3862067863,-530.827322056803,9973.2575400501,1339.62184263374
8979.58109286787,12366.9420401959,11698.4634568408,-668.478583355073,10141.1053331105,1504.98720618621
9514.44950682489,12720.7622439346,11849.1665575868,-871.595686347814,10179.5012030842,1614.84774522641
9925.84054486217,12925.2050350146,11819.0821088291,-1106.12292618551,10114.2766146226,1650.03868645054
10178.3982952075,12973.2890395967,11664.8707653878,-1308.41827420881,10003.4779117212,1609.07931069956
10287.9207259412,12904.2906913868,11427.7422262656,-1476.54846512121,9856.91518117139,1523.07080071024
10309.9708063706,12772.517031292,11205.0090491936,-1567.50798209837,9751.32736941432,1411.65309990136
10281.0988753188,12598.2078394375,11024.2811116528,-1573.92672778469,9696.8590473984,1292.09772307753
10289.2332070089,12449.3435312028,10924.3148974366,-1525.0286337662,9723.79849498963,1171.31358934296
10313.7037007816,12302.8575112691,10830.3956272646,-1472.4618840045,9780.48242459326,1026.2898869094
10370.439708417,12196.880448801,10705.5618370488,-1491.31861175224,9843.40609443547,842.135439107085
10435.3454623463,12131.1463182481,10538.4782369946,-1592.66808125348,9903.72513975809,616.357434210394
10510.5433856664,12128.6944776553,10389.3978015233,-1739.29667613207,10014.1214438658,356.015457344818
10605.690668035,12198.8237438626,10318.5745551656,-1880.24918869701,10207.5414847883,88.7257169334844
10716.0306340282,12316.9830350666,10421.7603767804,-1895.2226582862,10554.3392964541,-158.978551832477
10855.3911231615,12484.5938803768,10750.4556134713,-1734.13826690552,11081.2495292776,-362.363368813097
10958.5561840654,12632.8197436298,11235.7793015773,-1397.0404420525,11702.6832346925,-502.915997622522
11014.9766913504,12758.168108426,11809.8442801467,-948.323828279278,12349.5582421546,-579.439722605651
10965.2760529097,12808.1907323146,12320.2274393707,-487.963292943869,12870.25418779,-591.470691226761
10822.3478719219,12787.1540474962,12678.5215550531,-108.632492443108,13193.2133931724,-555.791983235244
10596.3173951714,12684.0109991503,12793.3991603604,109.388161210145,13253.2500470454,-498.091605555201
10322.4576847992,12519.3506076864,12683.9118263919,164.561218705514,13079.046845728,-428.5271393113
10057.3959229724,12348.2339807813,12464.0157047553,115.78172397398,12796.4913415918,-360.275734150306
9787.38568308575,12175.4459706241,12206.2312747135,30.7853040893274,12460.9914586847,-276.268540850745
9546.94399345409,12061.5720971311,12070.2658870282,8.69378989712873,12208.8385931279,-154.831239454889
9340.36365462422,12009.1953231557,12100.761237024,91.5659138682825,12075.470671657,13.2898071389041
9227.73048851804,12056.660577562,12341.1685598537,284.507982291698,12081.9511891819,249.447151990294
9238.04012151183,12199.4281574777,12729.1137848743,529.685627396599,12187.2707202084,532.244583351975
9435.08542695027,12471.480869391,13223.5232539217,752.042384530718,12357.4713059562,853.639990443102
9783.61744005129,12841.6945649458,13782.0557199818,940.361155036054,12561.3332860241,1202.93841574586
10239.3924932382,13293.7627844173,14357.7249811563,1063.96219673904,12762.6302597214,1569.74187407282
10788.8858346377,13835.3448657899,14961.9528178366,1126.60795204666,12951.6609328384,1975.12008335856
11373.1656293726,14417.8335948599,15530.3512756913,1112.51768083141,13080.9063378796,2403.38881736391
12010.4307441505,15036.6634574862,16055.6455698481,1018.98211236194,13149.44338519,2848.4768397224
12674.4526937245,15621.7804306623,16486.3440431323,864.563612470035,13136.1549702451,3281.57947383764
13353.8487557442,16141.9803024543,16815.5428947412,673.562592286849,13073.016447225,3664.2101603426
14006.6383233582,16546.4960027454,17049.8220883416,503.326085596203,12967.9736670835,3996.37091851541
14616.7612398833,16844.3739808433,17205.8750662854,361.501085442098,12836.0281830775,4279.46710647242
15123.0779521791,17015.2534681951,17310.6834046015,295.429936406444,12675.1116204662,4543.23557595502
15531.8136399989,17076.8837711825,17370.0767261933,293.192955010783,12471.5714754011,4807.14270780056
15874.4057746092,17068.3305809473,17338.5447894677,270.214208520482,12190.7988984231,5059.02323253198
16158.3006817443,16979.6657694385,17186.934491015,207.268721576462,11829.5035480968,5272.67701920181
16425.9871597853,16826.2507626061,16901.3926228936,75.1418602875378,11411.9975420857,5409.07182201066
16651.489710959,16586.5146846074,16469.5124822579,-117.00220234951,10942.7044396923,5451.13621567388
16890.00332635,16321.9377193852,16001.3344241811,-320.603295204055,10522.4190379539,5406.60721135876
17143.340684982,16053.9026681872,15599.249187911,-454.653480276217,10218.6077763845,5310.56447316217
17444.1288959788,15839.5361971925,15308.6353481807,-530.900849011752,10048.0592748889,5190.43089868247
17806.8431390646,15693.3405384901,15101.8499801196,-591.490558370472,9988.00417300227,5041.41359325799
18215.3425723568,15604.3428985084,14961.9286871232,-642.414211385228,10032.3533356285,4852.56265366484
18623.0578354284,15522.7663533728,14755.5171872863,-767.249166086446,10093.1090631255,4578.88635209595
18994.7045569589,15414.2101981882,14479.9938864955,-934.216311692641,10193.3246777451,4195.30533083985
19317.3381646939,15276.4713746388,14144.3055994926,-1132.16577514624,10327.669648775,3716.18610339319
19544.2046433849,15071.2814692774,13719.1865109876,-1352.09495828983,10452.8160832372,3156.99713992042
19699.8675762481,14834.3383804083,13341.7484241753,-1492.58995623298,10661.4265681196,2562.2895435827
19766.4003925915,14547.7611723556,12990.6890127022,-1557.07215965335,10900.6347506977,1964.66831736917
19732.3535264534,14203.0466547826,12687.2384075206,-1515.80824726207,11198.1354405488,1357.83487647877
19544.6278673594,13744.4145539472,12394.8588396976,-1349.55571424963,11520.8005906065,739.516598365961
19185.8929819933,13152.8991236535,12037.3527811655,-1115.54634248797,11806.3041333255,95.4925811212543
18624.6067739831,12407.0487270957,11564.5445053506,-842.504221745131,12017.1232641456,-586.608286201565
17879.6162218733,11527.6008144599,10965.8391522304,-561.761662229446,12116.0521799628,-1280.29943474952
16975.3098124023,10547.4558324311,10188.7294455909,-358.726386840208,12039.6648764011,-1974.9852552875
15960.8047031653,9523.08212516828,9308.34898403396,-214.73314113434,11839.8080319368,-2647.79722811748
14895.8638517777,8506.96294544723,8362.95211186213,-144.010833585103,11539.60173272,-3284.38291861051
13775.2928535206,7493.23346969292,7363.84107757513,-129.392392117804,11170.074940649,-3904.59755311657
12643.5997448166,6516.5467544869,6419.28544730323,-97.2613071836598,10841.0338517791,-4511.33576924186
11484.3728154661,5553.08329133127,5470.7652577773,-82.3180335540004,10511.0521167019,-5121.74885835935
10326.5582162374,4638.76181730516,4615.32428936807,-23.4375279370703,10279.6448981783,-5739.31602052454
9197.75905816367,3800.54220827677,3807.67032067315,7.12811239637543,10079.3380406695,-6341.90934717854
8141.51694136038,3092.53591046064,3107.84465314993,15.3087426893139,9953.92654869126,-6914.17734651406
7169.67794256669,2532.27279905782,2560.02606850308,27.7532694452552,9921.14450363812,-7429.34928193783
6296.35090132366,2130.55855393022,2164.86451040278,34.3059564725502,9965.63287659395,-7871.32453309844
5511.49024425383,1874.22406347594,2024.39547497694,150.171411501006,10195.2384184726,-8245.91257989102
4800.84624726513,1738.81164369976,2068.67893954349,329.867295843713,10535.798308069,-8548.35637630155
4153.2336722783,1700.69431322696,2268.60799697594,567.913683748986,10970.4387628605,-8790.48389012513
3540.81650560647,1719.45308165519,2453.14904263873,733.695960983538,11342.669622403,-8985.86503445631
2973.19968771771,1802.37208274535,2536.67737112075,734.305288375392,11576.4332847149,-9144.03748787144
2431.67041690929,1927.06146395065,2471.8550944509,544.793630500263,11636.8823163124,-9276.60179175772
1925.80429792434,2106.69373184317,2417.06856035945,310.374828516266,11664.0577127347,-9365.30261567865
1411.28094568002,2301.74768913481,2478.30708012859,176.559390993793,11746.1689086914,-9391.36871741316
886.84012447265,2503.70093587791,2768.80997800484,265.109042126923,11968.3905640674,-9326.63623951852
309.219002078956,2667.25969176031,3316.15575532861,648.896063568296,12335.222988457,-9147.13987853208
-296.68742569197,2803.3431970782,3909.66569274722,1106.32249566902,12642.8846202034,-8860.28722033767
-905.659932506098,2921.50466471465,4413.72991738138,1492.22525266672,12767.5993052534,-8478.00719790389
-1508.52133469338,3028.69801937033,4689.97145766826,1661.27343829793,12584.5308739004,-8013.67897209071
-2050.80946794745,3162.80608193051,4779.68955332421,1616.88347139369,12154.9551558373,-7487.91525863756
-2521.69953236839,3330.07120832904,4851.49084800654,1521.41963967751,11645.1726620202,-6898.62160764329
-2920.55988712927,3527.24451327239,5071.10043452596,1543.85592125358,11215.1500810236,-6240.2758387443
-3239.24870584258,3747.69222080475,5494.27253435624,1746.58031355149,10930.8340891407,-5523.24455038258
-3452.49899493575,4019.74078859593,6131.20250487266,2111.46171627674,10786.9664051443,-4733.33307816714
-3557.33347562848,4342.13454690701,6892.3332836504,2550.19873674336,10699.250713341,-3875.93118416728
-3503.23998914525,4761.66167118285,7627.9977828742,2866.33611169136,10525.8281905001,-2959.79467952746
-3278.55417759625,5290.1041701304,8327.66770048375,3037.56353035336,10243.6146368331,-1972.5334691617
-2817.28222842756,5984.20359400086,9033.824560211,3049.62096621017,9919.02582194312,-939.525419615874
-2151.58440424462,6811.3222883692,9723.06829365516,2911.74600528596,9548.35369089967,119.960319503067
-1297.99900776831,7756.61013330329,10553.0957664032,2796.48563309993,9305.58569561782,1189.25315703993
-281.026759481729,8788.09900051452,11539.7892085853,2751.6902080708,9243.96648925634,2231.11736067209
871.166914007753,9876.09985081577,12682.6253724168,2806.52552160105,9362.01704102316,3246.77434946511
2146.12380609191,10998.4555024424,13925.1320097527,2926.67650731028,9608.41961539249,4231.71395591211
3524.14856238714,12124.0096489663,15134.9844707633,3010.97482179702,9862.73721432219,5174.97152812498
5011.01078474694,13265.1164605997,16264.5218581829,2999.40539758312,10057.3566524847,6096.50975889765
6586.00239500597,14409.561574585,17284.4249770636,2874.86340247865,10174.9775105629,6984.85626400204
8209.72061465855,15535.1695381401,18271.0683150482,2735.89877690811,10296.2534837556,7835.94358310654
9825.99611289688,16606.5036081583,19323.7370061698,2717.23339801148,10506.1855927498,8664.74679001682
11395.4926231596,17585.6829044809,20479.8139878093,2894.13108332837,10863.0858211038,9450.7068483505
12862.3578266027,18412.1235764923,21655.4026235893,3243.27904709708,11280.7745295554,10197.0493413412
14240.1285925012,19087.2374467703,22750.7031355334,3663.46568876311,11663.3625600441,10899.8076717369
15506.1931214349,19570.662042438,23555.2195651203,3984.55752268226,11836.0252847633,11524.3037623011
16667.9169441584,19869.6408046334,23943.1123790083,4073.4715743749,11670.2507370827,12073.2007190774
17694.4920080606,19960.6538238241,23951.0461833214,3990.39235949732,11229.8341043314,12520.0540292351
18571.7679741899,19855.7449386727,23678.8100602296,3823.06512155693,10618.5412505039,12860.5553754714
19264.6857691276,19544.604664816,23286.476821214,3741.87215639799,9970.41321023028,13120.9497387524
19743.4233763666,19013.7985715346,22933.9505818597,3920.15201032508,9445.24511373668,13301.4845632485
19988.5201829388,18253.365917084,22552.0805504081,4298.71463332414,8948.48921837964,13427.9585021012
20037.5385245783,17290.3003730527,22069.3253584262,4779.02498537344,8405.28710453818,13502.9288137537
19942.4004059296,16164.7146776692,21359.0889245884,5194.37424691923,7706.54826134907,13508.0028275668
19735.1434449279,14902.4477990841,20335.8467996969,5433.39900061274,6763.89850713362,13445.7412899494
19441.4514450321,13533.3111263592,19028.2216982506,5494.91057189145,5621.49874295831,13299.9316034829
19052.2418912677,12066.7711766331,17537.5492447334,5470.77806810033,4390.18783311345,13060.7045845029
18557.0003728281,10517.639993911,16024.1850284761,5506.54503456511,3216.17451937937,12741.4379316852
17921.9612540255,8875.69413080641,14610.4608738441,5734.76674303771,2219.71111928051,12343.8853037076
17177.0923995064,7176.86290899888,13325.7450115191,6148.8821025202,1418.61396086276,11878.3922593896
16330.3551402206,5425.86074453227,12112.0853796135,6686.22463508118,732.250205187089,11367.6877864075
15434.8318093726,3664.47211223854,10883.2813660712,7218.8092538327,69.7803265227193,10815.9236532442
14544.9910299407,1933.50630474387,9541.99698323928,7608.49067849541,-674.432148375793,10231.3598928182
13706.7730342126,281.863396781348,8061.7535861568,7779.89018937546,-1531.5169123378,9618.01648944265
12918.205332681,-1287.62236100993,6487.4129324136,7775.03529342355,-2450.70184475953,8970.25813757632
12178.3396493372,-2758.31949574266,5058.22306853058,7816.54256427324,-3215.19679005045,8309.97993801641
11449.5382945243,-4149.76260384081,3884.60993435188,8034.37253819268,-3726.00536683797,7648.44625778446
10732.818813794,-5458.58342657746,3035.18373231552,8493.76715889299,-3926.70735263215,6997.40766965519
9996.96506713081,-6718.60054712966,2397.33164924323,9115.93219637288,-3936.30768182557,6363.74945520078
9250.13856150034,-7938.98251871132,1731.07659987678,9670.05911858811,-3965.65786606507,5718.44459209738
8525.77553027375,-9103.99259228378,911.642707214338,10015.6352994981,-4128.69428621602,5050.8103156104
7815.04991122152,-10225.0414201211,-106.257668291994,10118.7837518291,-4456.78140559058,4347.31620873124
7115.91164672531,-11303.4806232311,-1193.98879516451,10109.4918280666,-4822.82076782396,3610.0717219441
6418.457107578,-12334.4189916413,-2176.77900649628,10157.6399851451,-5084.57475246929,2872.11453675949
5696.88704111902,-13332.161018449,-2990.0080263209,10342.1529921281,-5194.74237679734,2151.23707750012
4957.6802676002,-14290.5316733455,-3620.69440506236,10669.8372682832,-5164.02779797976,1471.49291252393
4179.65720372848,-15232.319761658,-4174.18679914305,11058.1329625149,-5094.24860035957,829.637582964398
3341.2129952519,-16197.1906296134,-4800.24193308346,11396.9486965299,-5123.22023333982,214.644832947493
2448.67045266565,-17184.8922897821,-5532.7836898765,11652.1085999056,-5273.64906633783,-384.718483102094
1520.27260687421,-18181.416604565,-6341.55386253311,11839.8627420319,-5499.55848540612,-984.722280695709
579.976584125672,-19169.6765580871,-7201.35918754316,11968.3173705439,-5787.46727730519,-1573.39208347113
-386.823595986957,-20155.6670932327,-8078.44044846515,12077.2266447676,-6093.4838113864,-2160.72430996647
-1373.66089964858,-21134.6040534028,-8979.17738627826,12155.4266671246,-6424.25311095466,-2746.40885602808
-2473.11299659776,-22185.7144785317,-10053.3862407079,12132.3282378238,-6920.19555108108,-3337.92941081646
-3705.30214459511,-23329.3800615938,-11235.0476059766,12094.3324556172,-7502.54206642294,-3948.03868698174
-5045.07732354225,-24547.0102011859,-12454.9064431118,12092.1037580741,-8124.36736884847,-4554.66542014118
-6516.73395575689,-25863.4091324129,-13681.6516018444,12181.7575305685,-8755.48157398161,-5156.33471141801
-8089.9022542244,-27265.9326624378,-14843.3342061628,12422.598456275,-9347.50547755453,-5729.29716804721
-9783.69306225238,-28767.064861701,-16048.262769138,12718.802092563,-10018.0520540368,-6263.56792528742
-11578.5717285293,-30349.5826008734,-17372.2960148119,12977.2865860614,-10833.3637116442,-6769.17741393313
-13473.9949192807,-32003.4228403573,-18856.5003112532,13146.9225291041,-11841.6831053373,-7238.73101886003
-15476.2653586871,-33725.2367331814,-20579.0971460233,13146.1395871581,-13104.9088815976,-7689.03660029656
-17577.8153665144,-35516.1022709887,-22452.3040926748,13063.7981783139,-14535.1806979702,-8120.06103206937
-19773.887378409,-37361.8821741741,-24385.0165304749,12976.8656436993,-16040.2759689568,-8533.29671864935
-22067.0345778668,-39281.0626360343,-26348.9215483664,12932.1410876679,-17587.9083255904,-8932.1743276905
-24449.7138310606,-41265.8068044343,-28271.3719374611,12994.4348669733,-19108.4258328092,-9313.82618192597
-26910.9852267708,-43307.2941855052,-30180.1219614952,13127.17222401,-20626.8459467563,-9681.39497919254
-29415.2571920345,-45373.2538533756,-32137.5806781283,13235.6731752474,-22209.573278669,-10031.5793176835
-31970.6417135586,-47461.5371034423,-34234.0380957365,13227.4990077057,-23925.9543595177,-10385.7161168207
-34541.0383118758,-49540.2956564041,-36461.5306781214,13078.7649782827,-25769.964663045,-10742.5066043652
-37120.1735023743,-51582.2928762998,-38787.2603940721,12795.0324822276,-27710.3258832871,-11101.1155423323
-39703.006595118,-53580.0139997664,-41095.8434872902,12484.1705124762,-29645.6622990828,-11447.5009862198
-42271.2056601778,-55515.2887049684,-43204.1376043478,12311.1511006207,-31435.89739958,-11738.4719706047
-44823.0930013422,-57385.326210417,-45078.7234180696,12306.6027923475,-33064.6764669331,-11956.9067515996
-47335.4000787048,-59184.9789716148,-46737.6110597457,12447.3679118691,-34570.5892473708,-12081.9457403072
-49775.3776446127,-60883.6253993417,-48281.7311241171,12601.8942752245,-36051.2565399412,-12117.9225889826
-52133.3939487675,-62483.0778259992,-49813.7317001989,12669.3461258003,-37583.0216161857,-12091.3803330708
-54418.1276877432,-63993.3836771365,-51406.5927580597,12586.7909190768,-39226.0148102993,-12014.9454550676
-56629.4169598112,-65414.8928897971,-53076.0277082329,12338.8651815643,-40974.6056321171,-11910.2700812961
-58759.1749888949,-66744.5315560965,-54735.9084156432,12008.6231404532,-42737.2271886748,-11782.702239084
-60801.9017754503,-67980.3023535832,-56349.8183060656,11630.4840475176,-44486.8523397167,-11622.755176189
-62721.2265942066,-69086.4322085696,-57772.6473511317,11313.7848574379,-46088.8111483558,-11421.0748276803
-64479.0207424943,-70030.3746204056,-58948.245673568,11082.1289468376,-47507.9127051526,-11157.3271284678
-66068.0875599835,-70809.5072806332,-59845.9495683431,10963.5577122902,-48730.017227054,-10815.1277501392
-67545.5414667312,-71488.2709574356,-60559.1084907875,10929.162466648,-49848.1560280613,-10393.0826523215
-68896.314806519,-72058.6098087012,-61158.5191404369,10900.0906682643,-50930.0699800319,-9894.17935762679
-70122.8017849728,-72519.4586577677,-61688.6355376017,10830.823120166,-52016.0234474824,-9322.58300006922
-71210.4676326113,-72863.27056988,-62228.0443528558,10635.2262170242,-53177.9891980238,-8684.76601139094
-72034.7541363038,-72963.9946996824,-62646.6659153503,10317.3287843321,-54281.1701882875,-7988.740447742
-72607.1676006051,-72841.1159420669,-62945.8973660487,9895.21857601822,-55331.8760922046,-7229.1719217192
-72942.0152052975,-72523.8560838547,-63017.8392970014,9506.01678685325,-56224.5717202696,-6403.14913918125
-73021.8603846238,-72000.6186197165,-62731.9142063973,9268.70441331919,-56834.6342507642,-5505.52239409207
-72854.1110153668,-71288.8345678413,-62087.0485703755,9201.78599746578,-57174.174869434,-4522.92997314183
-72549.4847508581,-70508.5359420249,-61272.4681977219,9236.06774430299,-57402.9302444802,-3482.18119656384
-72104.1890910076,-69670.3169255144,-60496.3295023366,9173.9874231778,-57696.7601585829,-2415.49475616164
-71526.4341906843,-68784.6913750904,-59951.0130574674,8833.67831762301,-58214.0166088783,-1356.70035709741
-70821.5941532304,-67859.127866914,-59570.2459381131,8288.88192880095,-58857.9790482519,-336.082929902785
-69823.4165503387,-66723.8124179874,-59012.0139939222,7711.79842406517,-59314.2618221869,669.474398707332
-68595.4990605267,-65442.3148544753,-58105.4576602551,7336.85719422015,-59434.8839478078,1684.50293827117
-67145.9941323952,-64028.630760196,-56802.7198424791,7225.91091771682,-59191.1284691615,2728.59299904332
-65571.6768430667,-62579.1646734535,-55449.744699534,7129.41997391948,-58921.2162122882,3796.39262694532
-63867.0089458872,-61098.8598156398,-54266.2692055655,6832.59061007428,-58799.122381751,4842.0956800353
-62060.5581123996,-59609.2756947349,-53398.7232866822,6210.5524080527,-58930.5007764813,5824.90499218301
-60186.0279207948,-58134.2543244627,-52630.0443697598,5504.20995470289,-59085.3000573719,6731.71696944391
-58139.9259185772,-56563.4292177397,-51557.5060749319,5005.92314280787,-58881.6147393068,7579.86935153957
-55998.3192623851,-54959.3743538516,-50021.9311609881,4937.44319286345,-58194.7826969225,8405.14723853829
-53791.2297046962,-53360.6005023123,-48193.5051520658,5167.09535024655,-57208.6308432419,9222.18303793715
-51575.5267674628,-51822.6188589808,-46426.5565013761,5396.06235760469,-56247.6182474835,10002.4245454846
-49345.8715103934,-50346.4135068353,-44987.8163917174,5358.59711511792,-55542.5741362737,10710.06048611
-47112.2194822291,-48941.5906055543,-44022.2283894016,4919.36221615269,-55191.6759602874,11298.4045184641
-44891.4151588424,-47614.1671200904,-43308.9465304313,4305.22058965913,-54963.3461352572,11756.7326325237
-42637.5926220664,-46323.9637627175,-42549.6542509565,3774.30951176104,-54579.7407079755,12104.2299315804
-40418.4275004719,-45125.1475075377,-41623.5347547848,3501.61275275289,-53931.3242240136,12353.468679728
-38246.1552294333,-44029.9646699361,-40600.4294236887,3429.53524624746,-53100.6360462242,12517.4602710396
-36151.7325147924,-43057.7120930274,-39641.2191642477,3416.4929287797,-52225.5663031157,12573.4003703094
-34156.4303664235,-42212.9023109827,-38951.7711643906,3261.13114659204,-51489.475066888,12498.7516904467
-32290.0127320845,-41515.8916289871,-38572.9423694639,2942.94925952321,-50910.7267175831,12271.0570230724
-30580.8963964484,-40970.8875893578,-38356.839573343,2614.04801601474,-50345.9306942684,11895.0689319859
-29043.6479895274,-40585.8044685984,-38180.8164314379,2404.9880371604,-49693.1800688229,11391.7591463823
-27699.8528235709,-40361.6338658605,-37945.4920125225,2416.14185333797,-48879.9301359099,10788.1992050021
-26541.2194864954,-40282.1792385483,-37715.281917743,2566.89732080528,-47997.006676043,10110.8763606422
-25587.4650289685,-40351.5692480761,-37648.8634533976,2702.70579467851,-47191.1752315944,9347.77991691324
-24808.3702441778,-40523.8148062645,-37857.0577496944,2666.75705657009,-46568.0155525729,8492.82446853764
-24214.4780656355,-40801.7051493355,-38329.3414014933,2472.36374784222,-46104.5078136196,7533.47455190949
-23817.1183371102,-41175.5584327902,-38989.983766707,2185.57466608328,-45729.2671284169,6474.12645948986
-23605.1903666894,-41637.0491975564,-39683.9581610866,1953.0910364698,-45303.187019076,5330.7808914186
-23667.7385233575,-42267.2417420435,-40428.5696779221,1838.67206412146,-44861.8755529257,4124.06624698454
-23916.3403985538,-42978.2155220868,-41125.8862583784,1852.32926370836,-44338.7679068223,2883.59797652428
-24349.7075655211,-43767.5851472577,-41813.6568888088,1953.92825844898,-43785.9726784759,1623.82864818011
-24952.5932219624,-44612.1268656837,-42546.4470342408,2065.67983144289,-43284.1828195946,370.708774583328
-25709.2625634909,-45501.8786176614,-43332.2591265727,2169.61949108877,-42848.5327303713,-868.772662428704
-26695.9901588614,-46509.3465599421,-44228.6969767025,2280.64958323961,-42542.8729207528,-2085.8494399902
-27875.3352133247,-47604.8675401779,-45267.3340307793,2337.53350939864,-42407.7925924793,-3271.83807364343
-29226.7604824738,-48778.4311384889,-46372.6959864362,2405.73515205273,-42369.4604110889,-4425.05546356942
-30636.150369462,-49923.3091685388,-47516.7085085318,2406.60066000698,-42409.5889230759,-5538.07297764526
-32099.8694510352,-51042.1849378402,-48709.6819051434,2332.50303269674,-42535.3532946564,-6614.04570575422
-33606.7276796472,-52122.4908715123,-49859.3104088911,2263.1804626212,-42664.972658716,-7642.39667368944
-35159.5532089067,-53164.1916890848,-50934.4802882984,2229.7114007864,-42778.1822996464,-8612.25302324211
-36871.7365223028,-54283.8080569078,-51953.235053199,2330.57300370879,-42912.0782215158,-9501.18027709653
-38654.6106744448,-55392.6877385059,-52845.3757790339,2547.31195947204,-43012.0437882564,-10295.8359477725
-40498.9662607454,-56496.0008579749,-53715.6900684564,2780.31078951851,-43180.9196521154,-10998.0290027679
-42388.876852197,-57582.1615203699,-54630.3946415726,2951.76687879734,-43481.7283333431,-11611.0390948848
-44324.9609818703,-58654.263011155,-55633.9659416875,3020.29706946751,-43938.0337714429,-12155.8240502465
-46291.7711705047,-59698.2483302546,-56730.811111596,2967.43721865865,-44549.7515521608,-12636.8237070172
-48299.1961770291,-60718.5402433572,-57847.241349166,2871.29889419121,-45243.8648083601,-13053.1190341438
-50322.9560934691,-61703.7958951674,-58909.4704400015,2794.32545516588,-45956.3880911593,-13395.2351604061
-52352.7972578441,-62644.9530640937,-59899.3528241446,2745.60023994908,-46676.900965486,-13655.9249110274
-54371.1918826989,-63545.8231136529,-60781.445795078,2764.37731857486,-47378.859057191,-13826.3115418639
-56362.5759549536,-64403.8518468126,-61583.1849465859,2820.66690022667,-48098.8600944626,-13897.2093392535
-58310.8639041469,-65214.5569058995,-62283.4673182141,2931.08958768542,-48816.7329079709,-13867.6476503392
-60177.5097695423,-65958.464814466,-62904.8114526965,3053.65336176953,-49570.3615602089,-13722.0926305469
-61937.3414762052,-66613.9327288369,-63497.0557948471,3116.87693398977,-50393.7841309694,-13477.0598976625
-63584.3480846734,-67192.3107215931,-64136.2844915293,3056.02623006386,-51345.1867427747,-13150.2355575457
-65121.0267618611,-67696.0925624223,-64811.5091647485,2884.58339767383,-52404.6413013126,-12750.8125162202
-66552.918757512,-68139.4628992361,-65441.46102249,2698.00187674609,-53471.4795153462,-12298.4578601109
-67939.3688187975,-68588.1812981782,-66023.1142635496,2565.06703462856,-54552.0981794118,-11781.9268163199
-69258.0513060371,-69022.4676915226,-66425.5137743525,2596.95391717009,-55519.867534477,-11197.8016785155
-70482.216473746,-69427.016408933,-66704.5113254235,2722.50508350959,-56431.3070610077,-10545.5991168749
-71580.6712927229,-69774.755841191,-66966.5502855798,2808.20555561118,-57384.5276299367,-9834.58983699219
-72561.1376814245,-70079.8029921311,-67292.8713570065,2786.93163512456,-58428.1021019209,-9097.44211431011
-73433.8104117102,-70345.9424026844,-67791.3312255813,2554.61117710304,-59648.3571697419,-8355.72806014019
-74223.0544690192,-70595.0597596918,-68423.4623741563,2171.59738553545,-60979.2473550638,-7637.12300191694
-74989.8471231854,-70878.9834179793,-69150.3123500348,1728.67106794449,-62370.3740679519,-6951.71051307858
-75731.358969332,-71188.3882390851,-69800.0235838917,1388.36465519337,-63654.2220112466,-6295.7465351671
-76443.0813311323,-71514.4804790874,-70304.8943101585,1209.58616892893,-64768.6191621659,-5663.97931942904
-77133.5854800665,-71856.2612225216,-70688.9471778193,1167.31404470226,-65738.6811328039,-5055.59316700566
-77796.4475975294,-72206.6930098211,-70988.1243074504,1218.56870237064,-66609.0712083392,-4462.12666471289
-78429.5460577618,-72557.2669956808,-71375.4269746884,1181.84002099245,-67543.9572653983,-3892.44989549399
-79040.8932273892,-72910.5054783452,-71881.0019909754,1029.5034873698,-68560.1868784573,-3359.86295111086
-79601.435111821,-73231.2406649913,-72480.3133222032,750.927342788077,-69641.6902805843,-2856.50505166129
-80116.324361546,-73520.6225937006,-73117.3317779525,403.290815748044,-70719.0925852868,-2395.76857201949
-80560.2479837177,-73757.1126239122,-73677.6572981199,79.4553257922542,-71692.5154374748,-1963.17875001385
-80967.6366436541,-73976.9503117606,-74210.3615130904,-233.41120132974,-72609.6545637389,-1559.32076189701
-81344.6019961993,-74182.1055610613,-74649.4463833979,-467.340822336604,-73403.4316564453,-1185.24689104602
-81703.4724977138,-74376.4287105873,-74998.6330082112,-622.204297623936,-74094.5591597419,-823.884511363015
-82065.0945629815,-74569.9781195139,-75302.6271899051,-732.649070391253,-74727.9348154922,-475.269894127803
-82363.1741760115,-74688.8778140258,-75468.5911878661,-779.713373840236,-75230.9370070893,-120.833093640991
-82616.2929257987,-74750.4683049131,-75580.2861622223,-829.817857309249,-75679.31758584,231.593106405699
-82814.7182843358,-74743.6880892241,-75696.3630634093,-952.674974185158,-76127.3715689309,577.510175144075
-83008.6378865014,-74723.885999287,-75865.9742416449,-1142.08824235792,-76610.3926671607,904.88464366256
-83182.9007348979,-74685.863237924,-76045.0835302903,-1359.2202923663,-77082.2492368477,1211.75994416339
-83315.2770413439,-74618.7803713259,-76191.3095975572,-1572.52922623126,-77518.4192450342,1515.98911498067
-83384.8203685849,-74516.2774259171,-76210.1371496987,-1693.85972378155,-77831.9266806411,1825.10278704514
-83277.4759709422,-74272.2286311595,-76023.5856251876,-1751.35699402802,-77975.781720887,2167.30979637106
-83073.0951340551,-73971.1974848512,-75721.7885559156,-1750.59107106439,-78045.3816894231,2549.9648558825
-82765.9612270139,-73603.1498369598,-75370.039509083,-1766.88967212329,-78098.9727709885,2965.74168805645
-82362.1642112344,-73171.2708819117,-75020.5079821112,-1849.23710019943,-78192.8927781452,3418.80713702954
-81853.4818988999,-72669.995914814,-74632.1791272124,-1962.18321239838,-78281.5296283483,3904.50036110364
-81175.1510391749,-72029.9611276347,-74152.0676728946,-2122.10654525996,-78301.5875718865,4410.31186438188
-80318.4156124275,-71245.829989199,-73450.6739008718,-2204.84391167277,-78133.023368587,4945.26776225994
-79334.9584179077,-70373.5132916317,-72628.7191682361,-2255.20587660437,-77855.8530911615,5489.77996508758
-78250.1484475304,-69433.0127357471,-71700.4839570828,-2267.47122133572,-77470.6697902553,6030.35733991547
-77066.890813574,-68421.59860286,-70633.464910143,-2211.86630728299,-76960.4508751542,6582.82002377056
-75828.3865196176,-67388.080920114,-69609.7534220551,-2221.67250194108,-76495.5578300762,7136.81393777529
-74510.9794438242,-66324.8415322919,-68555.1442864823,-2230.30275419047,-76005.1005590786,7695.55983859957
-73103.2597980392,-65233.5251424671,-67509.1852189823,-2275.66007651517,-75531.9092677993,8262.22738474526
-71594.5256168851,-64119.3432112393,-66471.2659290317,-2351.92271779238,-75065.7257710746,8827.03813099783
-69926.2099663324,-62931.9849551667,-65257.9716231176,-2325.98666795093,-74426.0694201234,9391.40213054616
-68106.271198643,-61679.1625516952,-63971.4250998622,-2292.26254816695,-73711.9754044023,9952.07745107167
-66164.1665427935,-60387.4729323345,-62658.5234061174,-2271.05047378293,-72951.068362591,10490.2965307102
-64118.6045280758,-59076.3529301259,-61396.0124416489,-2319.65951152298,-72202.4605185872,10988.5625837975
-61996.1871046119,-57771.7317017477,-60249.5129511871,-2477.78124943939,-71511.7729055673,11427.2353823438
-59824.2438830155,-56493.541157305,-59184.9404144853,-2691.39925718031,-70823.7700575662,11785.2713697448
-57639.7189568496,-55266.7838318782,-58120.078884246,-2853.29505236783,-70060.2716819693,12066.9497729412
-55475.6556155501,-54112.420171734,-57076.0004848898,-2963.58031315576,-69236.360570448,12266.5267584014
-53372.1109687112,-53058.0153701548,-56093.4143196334,-3035.39894947864,-68378.4906752052,12370.1292550228
-51332.8672442965,-52105.0566716768,-55172.0711128441,-3067.01444116728,-67492.1459185038,12383.8239816178
-49357.2857549555,-51257.8778144359,-54411.514559741,-3153.63674530504,-66659.5886510358,12290.4852344201
-47459.0121393258,-50521.9301364695,-53774.4723102965,-3252.54217382701,-65838.2731902706,12085.0159275509
-45656.9582711172,-49908.2194429018,-53330.5039856442,-3422.28454274245,-65086.6882567857,11756.2766200598
-43962.5227141614,-49413.9883312665,-53029.9025486733,-3615.9142174068,-64340.1901645773,11288.8339946451
-42420.1257278756,-49074.4763684914,-52822.9934291759,-3748.51706068454,-63553.2330613749,10687.7289366145
-41042.155550836,-48891.7618283173,-52755.7683155572,-3864.0064872399,-62771.3646185098,9952.56153380376
-39805.5296708193,-48838.3530456371,-52779.7283543691,-3941.37530873199,-61954.9945609403,9091.78649679982
-38726.6975900455,-48915.3826522944,-52923.8601741119,-4008.47752181754,-61138.1959333398,8110.4445842023
-37824.0322184246,-49121.0342335139,-53240.7601366438,-4119.72590312991,-60375.5738783302,7010.52720413976
-37125.0417922624,-49463.5958851547,-53668.4929661256,-4204.89708097091,-59604.4699338403,5791.31218584354
-36690.3158673366,-49979.6219478353,-54223.8217289899,-4244.19978115469,-58855.1846990821,4467.77150214532
-36520.8880399641,-50663.9262995682,-54908.0686619742,-4244.14236240603,-58131.4236001904,3042.4422979283
-36622.9901646349,-51506.3150018559,-55735.7570907261,-4229.44208887019,-57459.1540896633,1527.12167806692
-36987.1657084355,-52503.2108000989,-56691.6878268059,-4188.47702670693,-56838.7250326892,-62.2960369575181
-37619.2583747883,-53652.2756042729,-57807.6209002219,-4155.34529594907,-56313.9817632184,-1713.82699479104
-38518.3318925246,-54955.1876397507,-58988.6461739934,-4033.45853424272,-55815.1739484301,-3401.65505601166
-39666.0919203748,-56396.9460591522,-60247.1848500994,-3850.23879094722,-55371.7653450978,-5108.93598210427
-41039.8280508037,-57947.8438532844,-61587.3018718607,-3639.45801857634,-55007.9854048652,-6815.6047540204
-42630.7385848081,-59598.6228251254,-63024.4567398161,-3425.83391469069,-54726.9850955913,-8534.17496178959
-44457.2380795491,-61356.3551927528,-64696.5716568437,-3340.21646409091,-54660.8138197668,-10270.2357122561
-46516.9199438634,-63211.3015699561,-66496.0677122728,-3284.76614231667,-54696.5728253362,-12029.3642662133
-48812.5826691222,-65153.6091556598,-68363.592310769,-3209.98315510921,-54786.4149467948,-13800.1225430089
-51313.0477308501,-67153.2191937921,-70213.3525236825,-3060.13332989043,-54880.2540919941,-15547.0221080637
-54008.4601819636,-69198.1337225777,-72009.2289258431,-2811.09520326547,-54960.2990273398,-17251.5315919001
-56853.8829911016,-71245.0226205084,-73820.8993924809,-2575.87677197256,-55124.107315666,-18886.0803415489
-59830.0677414486,-73267.3495601612,-75652.0058549347,-2384.65629477354,-55380.9084202816,-20445.3982012304
-62917.7647351102,-75239.2018337746,-77491.524734318,-2252.32290054329,-55725.5853947708,-21924.0099158032
-66116.3714735094,-77147.5827816107,-79309.2066883381,-2161.62390672743,-56150.4810525737,-23299.518039458
-69403.6815967116,-78961.8517702432,-80959.2139876617,-1997.36221741845,-56536.3523660668,-24545.6603291994
-72734.9199797284,-80660.4520521864,-82415.0999271581,-1754.64787497165,-56875.9786134943,-25643.2650560727
-76052.717207381,-82206.7128769772,-83713.7849328984,-1507.07205592122,-57226.6280196378,-26572.2793488052
-79298.204625998,-83566.1611014109,-84886.1442006854,-1319.98309927444,-57618.4082095547,-27333.835768056
-82436.925274808,-84721.5266092287,-85969.8238253911,-1248.29721616232,-58088.2948044515,-27928.7684528984
-85446.7208617291,-85661.5973295042,-86906.3938334743,-1244.79650397004,-58582.9328706492,-28351.976855184
-88320.7280272658,-86376.3745620331,-87568.9703475978,-1192.59578556464,-58986.1963203067,-28593.0018232781
-91017.9988681185,-86844.1323156668,-87855.1887842635,-1011.0564685967,-59226.1425091334,-28621.7294999462
-93516.4726998061,-87057.8089760278,-87743.2382478036,-685.429271775778,-59291.9430802523,-28427.3313738979
-95777.5551522037,-86994.7852815732,-87325.326664528,-330.541382954739,-59279.1842946707,-28007.0083325081
-97775.1425905342,-86643.6393234261,-86712.8851100765,-69.2457866504521,-59295.7802027259,-27364.4238576934
-99504.8439111831,-86013.0546522425,-85942.892133754,70.1625184885908,-59354.7041017067,-26523.5016691918
-100955.057569442,-85107.748515374,-85040.3070208097,67.4414945643051,-59471.2667689038,-25493.8478496035
-102113.294179671,-83923.5387117985,-83850.3793076728,73.159404125697,-59500.9909827308,-24265.349396048
-102960.040680053,-82463.3154926357,-82299.0928195262,164.222673109508,-59377.7853356094,-22830.0168626397
-103470.491076964,-80719.7441896335,-80408.2671849023,311.477004731253,-59127.904977415,-21183.7078470135
-103635.377046065,-78694.7243103952,-78245.0438398503,449.680470544936,-58816.2461069822,-19328.7629086107
-103451.504990676,-76397.2728237237,-75965.1267785926,432.146045131042,-58572.3769019672,-17291.3814617354
-102924.563445837,-73848.3617255931,-73578.249050577,270.112675016073,-58381.2450248711,-15096.1939996292
-102027.550874501,-71032.9508341889,-71035.8405641694,-2.88972998055577,-58191.8896079536,-12745.938435654
-100757.148800187,-67969.3608012072,-68263.1179577269,-293.75715651973,-57922.9690611239,-10246.8536604705
-99088.0914359852,-64664.0726591362,-65211.2567197227,-547.184060586477,-57525.7180563253,-7598.75694667387
-97026.2639215522,-61137.6145720848,-61877.7616834674,-740.147111382594,-56991.9640759767,-4807.31865114958
-94565.6741051928,-57405.041510726,-58340.955570177,-935.914059450986,-56369.7950158661,-1903.24917454767
-91742.6379159772,-53508.9235264604,-54693.1582228006,-1184.2346963402,-55721.5388441525,1083.84707072807
-88595.989235222,-49489.6807074052,-50948.2514235677,-1458.57071616257,-55031.2380849885,4124.4865377821
-85146.7532899993,-45377.422966071,-47218.3335250413,-1840.91055897027,-54384.0438695478,7192.30673320842
-81418.5765729429,-41200.3350099935,-43439.2069765725,-2238.8719665789,-53704.0600974667,10276.3143629946
-77414.679425755,-36976.6419900069,-39623.9631824788,-2647.32119247191,-52997.4330577928,13369.753870285
-73168.784324431,-32746.8953799822,-35801.6742815191,-3054.7789015368,-52269.1267096203,16448.8077291016
-68717.1402580535,-28550.0214258838,-31921.8165999193,-3371.79517403549,-51450.3055357513,19495.2778523583
-64093.4944766136,-24410.6402353276,-28029.5234248717,-3618.88318954415,-50565.9712564653,22488.8416131527
-59344.7410062443,-20368.1055651653,-24201.2151481972,-3833.10958303183,-49659.6428834053,25396.9410253351
-54494.5875748569,-16448.9815169337,-20515.1840564948,-4066.20253956106,-48796.4099145933,28206.8441599296
-49554.6404185043,-12671.7400751548,-17020.5888632494,-4348.84878809459,-48003.4708151271,30896.8018261772
-44530.3444002053,-9045.43846875684,-13761.6718196609,-4716.23335090403,-47310.335709224,33451.9822069389
-39442.4826098598,-5576.08827425735,-10657.3065635504,-5081.21828929308,-46629.9424742973,35866.492411555
-34342.797423471,-2304.80934157391,-7788.70740107959,-5483.89805950566,-46022.0225901126,38119.4858607716
-29263.5573859363,756.028092625097,-5083.94382198645,-5839.97191461155,-45409.1231523116,40205.2746130522
-24205.0479540506,3605.0606288766,-2592.78987853062,-6197.8505074072,-44830.6245380463,42112.945666461
-19191.6292173434,6208.54811260834,-368.767810517298,-6577.31592312565,-44309.7591887707,43812.0935091986
-14268.5927017874,8531.39572455562,1581.95890252092,-6949.43682203469,-43844.9795768409,45295.5198677494
-9458.10371031068,10558.6588651045,3201.85647100885,-7356.80239409563,-43474.3741700835,46543.6517245143
-4803.56538037706,12269.561948864,4548.79534770456,-7720.76660115938,-43114.7185363301,47531.1750149053
-323.195424059322,13673.2468927065,5636.2290880012,-8037.01780470534,-42762.7936071567,48268.2927176075
3944.47267665808,14759.1992273586,6455.66284676052,-8303.53638059804,-42425.3973057145,48753.7819922516
7974.18782706476,15524.0102577405,7070.2244416463,-8453.78581609424,-42032.184280211,48980.2591943658
11742.0670877335,15962.7307480777,7348.53447531929,-8614.19627275835,-41715.3291832054,48948.429049232
15216.8793802901,16058.7288501648,7256.56849940212,-8802.16035076275,-41476.8303785601,48625.9282780601
18390.2211824986,15808.1348003551,6825.28578465619,-8982.84901569892,-41268.1447754283,47994.6265751504
21253.0610053699,15212.9036076161,5987.64195955601,-9225.2616480601,-41152.5896705162,47050.7015057658
23769.7191381025,14262.8374942925,4789.2954667622,-9473.54202753028,-41074.9830637448,45784.7336504442
25939.2382052268,12985.7103573041,3276.89696806484,-9708.81338923929,-41015.9419367164,44223.8278411469
27762.8769913554,11407.7111435156,1496.79356611862,-9910.91757739698,-40951.7919493132,42390.4689515971
29231.0062491299,9546.92476446083,-488.662076067889,-10035.5868405288,-40836.9868172791,40301.2577302877
30326.8893262246,7409.12276825053,-2670.77042093156,-10079.8931891821,-40673.1931659793,37966.3050039743
31037.6662020792,4999.38087604581,-5027.57532715171,-10026.9562031975,-40447.8412018417,35394.8474742844
31357.5967082038,2319.05246049289,-7563.98483608036,-9883.03729657323,-40175.5084367922,32596.519426746
31302.9918297401,-617.214833998884,-10353.5607649446,-9736.34593094572,-39935.5338145728,29576.9970980842
30883.4131572118,-3783.73907732798,-13415.1567830637,-9631.41770573573,-39759.8402585007,26349.2689920685
30124.4290400891,-7143.98956135593,-16712.2727218115,-9568.28316045553,-39632.8672685911,22934.2841011326
29042.8447872979,-10657.9837979332,-20211.8729274434,-9553.88912951017,-39542.3297233316,19352.618189601
27628.5273408047,-14317.9822630274,-23866.7880916894,-9548.80582866193,-39453.2637205867,15616.2154318676
25884.3134317236,-18106.4174618188,-27607.3376766411,-9500.9202148223,-39310.8407356215,11739.6399113756
23783.5894966499,-22028.5517292835,-31476.2421228804,-9447.6903935969,-39152.7032716914,7717.85432304024
21355.1233761747,-26065.1311075295,-35487.2580587124,-9422.12695118289,-39003.4348855951,3561.55005116774
18613.1273706981,-30186.3351335419,-39625.7229517351,-9439.38781819318,-38862.0920724801,-715.433314553249
15577.0109688441,-34373.4238914919,-43923.5141129041,-9550.09022141219,-38769.7980727166,-5103.73553176119
12252.370398552,-38612.0433507358,-48339.3747610017,-9727.33141026588,-38703.4310848619,-9585.22152703928
8630.58303507135,-42877.3492825449,-52770.5692378273,-9893.21995528236,-38580.4454357772,-14139.9334856606
4719.19929572276,-47157.6807348939,-57190.9377888356,-10033.2570539417,-38389.6338976027,-18752.8974129527
520.638931648438,-51434.457954756,-61598.8187458937,-10164.3607911377,-38145.897798321,-23407.4885236279
-3916.91196270124,-55676.2299737555,-66021.5551926768,-10345.3252189212,-37892.3201214323,-28087.7691523982
-8591.50970659505,-59874.2148552593,-70492.4310823234,-10618.2162270641,-37658.9612222922,-32796.8891192771
-13493.6922791808,-64008.6529659842,-74998.8477575883,-10990.1947916041,-37451.8799667747,-37516.246028141
-18597.3119042401,-68053.1348368324,-79428.3281228098,-11375.1932859774,-37179.8094554091,-42225.0012948346
-23911.96135849,-71992.9290196313,-83709.9671870614,-11717.03816743,-36808.6478199648,-46886.0789748674
-29414.594587243,-75797.4819114119,-87755.1145528303,-11957.6326414184,-36296.1711503236,-51453.0520125237
-35110.0791039316,-79459.8216897853,-91640.9768879001,-12181.1551981148,-35730.3909652313,-55914.6437778964
-40974.7449101784,-82978.8259133408,-95445.2560098018,-12466.430096461,-35193.9280247218,-60265.2152746139
-46969.5208549816,-86335.857560914,-99214.0727204099,-12878.2151594959,-34737.4689265185,-64500.1109545305
-53061.2338915633,-89509.2596232703,-102965.072954335,-13455.8133310646,-34376.9021384698,-68621.1613863108
-59225.3327599352,-92469.3723760736,-106549.420142217,-14080.0477661434,-33995.8948253848,-72595.8191486642
-65457.0792966726,-95190.9172890547,-109848.11609763,-14657.1988085748,-33525.5628746427,-76373.7860954344
-71736.366297626,-97639.3199165309,-112761.373154363,-15122.0532378326,-32907.1707531743,-79913.878769176
-78044.0504816661,-99786.0857824412,-115334.815539795,-15548.7297573542,-32219.8240675978,-83182.6190787656
-84335.997700194,-101621.89609263,-117668.604568134,-16046.7084755047,-31564.7320944173,-86178.9546251321
-90583.3394193498,-103144.639364805,-119820.876349412,-16676.2369846072,-30982.8307217302,-88919.9886353523
-96756.8282915955,-104350.571648822,-121822.820981325,-17472.2493325032,-30504.6372330989,-91406.3699815653
-102818.879637859,-105217.050414578,-123537.212396728,-18320.16198215,-30004.6373394417,-93626.4155665801
-108747.902419939,-105723.087011348,-124849.060065374,-19125.9730540253,-29397.6672590802,-95550.3369219007
-114514.123699402,-105835.752418674,-125671.56422693,-19835.8118082561,-28647.5523887294,-97127.2531726581
-120096.653098163,-105526.07339712,-126038.127286805,-20512.0538896848,-27804.9166391349,-98339.9274397567
-125460.984557368,-104791.37308362,-126071.71232425,-21280.3392406297,-26998.9202810507,-99181.7522064295
-130584.367500563,-103634.282161625,-125789.066327474,-22154.7841658497,-26229.5783254253,-99669.3676236799
-135418.138589531,-102039.859111003,-125203.828909004,-23163.9697980005,-25497.5496011734,-99816.1164381524
-139905.850272513,-99985.9631546484,-124185.761495289,-24199.798340641,-24694.8525775383,-99600.0282288099
-144035.165673518,-97470.0738286683,-122636.208522635,-25166.1346939664,-23735.9354122738,-99007.9380594126
-147764.215950662,-94464.7068512995,-120437.220889724,-25972.5140384244,-22535.0010846868,-98007.8837406494
-151064.395948814,-90953.3332033952,-117657.949690721,-26704.616487326,-21190.1698641443,-96571.0299216392
-153892.154518256,-86925.2537954486,-114407.36815377,-27482.1143583216,-19802.0962856494,-94705.6761387821
-156226.122702953,-82388.7818939377,-110768.100142436,-28379.3182484984,-18442.1939596005,-92422.8842216449
-157996.309120914,-77319.2526677747,-106750.470675968,-29431.2180081931,-17136.682069474,-89706.7290700629
-159184.283450729,-71720.1386066122,-102157.681749206,-30437.5431425934,-15679.4440738678,-86566.4254971309
-159781.874606518,-65604.8419392332,-96927.0809150317,-31322.2389757985,-14017.5448107403,-82992.3826581921
-159761.063177143,-58979.1706327786,-91010.9955477585,-32031.8249149799,-12113.2559651887,-78974.8127105598
-159101.57041798,-51850.5371651832,-84493.6463556305,-32643.1091904473,-10042.8899591151,-74521.8062683741
-157728.827230606,-44198.6996838812,-77494.9836290917,-33296.2839452105,-7936.1163133741,-69623.9138046176
-155611.902470533,-36016.5909699677,-70152.3486479026,-34135.757677935,-5918.66385228962,-64292.9060131369
-152722.056584106,-27301.9177577565,-62359.2509156731,-35057.3331579166,-3873.53752122806,-58539.2290185329
-149089.487832501,-18098.8281557891,-54049.6570181971,-35950.828862408,-1710.02249734282,-52387.7311632061
-144713.223658045,-8434.93235887083,-45178.3061093285,-36743.3737504576,635.802975762994,-45857.4757896329
-139582.070942916,1661.15802340083,-35689.9220575223,-37351.0800809231,3239.21992023149,-38968.4594366097
-133677.818062225,12163.5490825744,-25768.2786936454,-37931.8277762197,5932.34736610261,-31736.2772004903
-126960.585148732,23073.8628105699,-15550.4124989993,-38624.2753095691,8602.63755722,-24185.3950161931
-119436.759762816,34373.3784160221,-5114.96382769075,-39488.3422437128,11216.348070416,-16361.0665389111
-111131.301467626,46024.6632738154,5592.09382225227,-40432.5694515631,13852.3243583228,-8288.20503493303
-102096.137425254,57962.0673697074,16661.161619352,-41300.9057503553,16636.1359191433,-1.83518570029576
-92333.2371849956,70139.2022325855,28200.9413604408,-41938.2608721447,19694.5822562655,8479.93503057188
-81835.451561824,82538.0867746394,40177.2582552914,-42360.8285193479,23003.5327169921,17146.7894715191
-70609.2112535819,95122.441698775,52313.9981063581,-42808.443592417,26336.5572517686,25949.3290341616
-58661.9214244333,107865.282774568,64462.7479174392,-43402.5348571284,29592.77880632,34840.1373607848
-46028.8528971987,120724.695756205,76544.7199902767,-44179.9757659283,32730.6150663046,43781.9883680199
-32787.422102091,133626.644032538,88627.233272269,-44999.4107602688,35861.9536188954,52730.7358820438
-18985.4816488644,146513.218015133,100968.184518666,-45545.0334964667,39260.3189205474,61670.6762727569
-4648.3557482179,159338.408433425,113591.060606845,-45747.3478265798,42958.6289940445,70592.2385415534
10188.2648196931,172051.824754728,126293.64519376,-45758.1795609685,46813.8114274818,79436.434887595
25502.6170384034,184598.423525965,138780.038754347,-45818.3847716184,50594.0149021007,88139.4192488237
41249.7316870061,196936.761286757,150793.493602131,-46143.2676846262,54098.9211279863,96644.8104548652
57388.112740326,209022.159513297,162359.097430094,-46663.0620832027,57430.6361022593,104875.318412352
73839.0727422539,220804.31794153,173750.131592027,-47054.1863495034,60857.1470367654,112836.23963801
90521.1647102371,232224.547646274,185191.625340985,-47032.9223052891,64610.1392230343,120520.726056924
107382.700463077,243231.933765876,196585.98358524,-46645.9501806367,68633.5107202139,127887.384116242
124385.249542135,253780.611517989,207615.917847542,-46164.6936704478,72652.0532196034,134894.072171693
141469.821155952,263800.187520702,217775.101265983,-46025.0862547193,76278.4046926645,141421.928638013
158580.394898632,273240.040671707,226998.351119754,-46241.6895519529,79549.3603313001,147369.312462693
175594.9657685,282002.880018349,235579.336222924,-46423.5437954252,82766.1799698921,152728.7771531
192407.392768228,290041.603073006,244069.936607102,-45971.6664659044,86432.2193999858,157549.380191047
208946.782472352,297333.322119607,252771.423425712,-44561.8986938953,90804.6965367048,161875.116257242
225241.620571173,303921.619412696,261221.466474335,-42700.1529383606,95352.6035599864,165774.032264774
241219.882427122,309740.939042325,268208.899415361,-41532.0396269643,99156.2990983831,168954.724889576
256733.047734949,314680.262497775,272525.42701136,-42154.8354864146,101320.574227281,171104.481086534
271599.276323048,318635.959694873,273658.06448783,-44977.8952070438,101623.550492459,171932.237689143
285451.708172671,321383.258990653,272129.546194801,-49253.7127958523,100923.216081822,171104.481086534
298320.427583073,323105.956057284,269961.358440782,-53144.5976165018,100905.462965481,168954.724889576
310158.69186336,323877.609642066,268775.680186107,-55101.9294559593,102901.385718599,165774.032264774
320974.653615926,323779.276109396,269232.015826118,-54547.2602832771,107257.727953305,161875.116257242
330772.34156854,322860.248663975,270932.92084251,-51927.3278214647,113285.553989686,157549.380191047
339474.872537552,321087.434364224,272499.923405948,-48587.5109582757,119674.48798741,152728.7771531
347061.611918768,318465.682224253,272916.172626501,-45549.5095977516,125451.729449754,147369.312462693
353487.55646853,314996.47934457,271840.499509674,-43155.9798348966,130325.22608136,141421.928638013
358791.60070769,310750.770145989,269636.954426925,-41113.8157190641,134651.692188066,134894.072171693
362972.77641247,305770.102122257,267012.343068267,-38757.7590539896,139036.37858956,127887.384116242
366068.238833433,300119.52173983,264289.938832412,-35829.5829074185,143683.69473104,120520.726056924
368082.775848436,293842.981583225,261342.940788369,-32500.0407948559,148424.653546344,112836.23963801
369050.950256939,286991.640565039,257840.888755124,-29150.7518099149,152887.333012007,104875.318412352
368995.506532658,279616.11906773,253465.024575473,-26151.0944922571,156745.866210871,96644.8104548652
367940.161334749,271750.069740936,248314.59462366,-23435.4751172754,160104.637229233,88139.4192488237
365919.191100243,263443.022709334,242713.153152103,-20729.8695572312,163209.933345125,79436.434887595
362926.725995106,254720.211221968,236994.504884231,-17725.7063377371,166339.195485208,70592.2385415534
359033.509580256,245644.086354015,231234.048629292,-14410.0377247236,169504.17097593,61670.6762727569
354270.143242361,236275.722291967,225283.813809753,-10991.9084822141,172498.092560254,52730.7358820438
348720.934539546,226671.725347573,218946.192297528,-7725.5330500449,175113.834234405,43781.9883680199
342442.166144804,216889.44403608,212121.819884963,-4767.62415111683,177236.346406452,34840.1373607848
335466.281790154,206970.154024528,204964.353682035,-2005.80034249294,178974.91463621,25949.3290341616
327832.471551312,196948.805954404,197700.48227275,751.6763183464,180518.819993736,17146.7894715191
319554.325920477,186853.672236455,190582.570673622,3728.8984371673,182072.859005833,8479.93503057187
310686.876866916,176714.853984678,183578.230151922,6863.37616724413,183555.066403315,-1.83518570028675
301294.577393156,166570.633774502,176539.980070547,9969.34629604412,184807.633538765,-8288.20503493303
291446.009441137,156471.260434408,169349.118309975,12877.8578755668,185693.682710439,-16361.0665389111
281200.309323796,146474.262592782,161981.112469699,15506.8498769167,186153.717460251,-24185.3950161931
270613.588804072,136625.497814833,154656.618320081,18031.1205052472,186383.64916906,-31736.2772004903
259712.64279799,126959.463090467,147478.635661766,20519.172571299,186441.17172034,-38968.4594366097
248533.823783995,117474.649748519,140622.142126598,23147.4923780795,186476.740908072,-45857.4757896329
237135.949580457,108196.005980599,134049.379005494,25853.3730248951,186436.894668557,-52387.7311632061
225575.742630204,99150.8620622801,127618.905316189,28468.0432539088,186160.093068464,-58539.2290185329
213910.465613825,90381.0369766274,121339.024539509,30957.9875628814,185635.697807665,-64292.9060131369
202187.539155,81944.4455988289,115181.783205737,33237.3376069085,184811.030510958,-69623.9138046176
190450.282603901,73839.0140072532,109250.752059146,35411.7380518927,183779.257864741,-74521.8062683741
178721.393061484,66070.4640093651,103613.331261579,37542.8672522137,182595.95939225,-78974.8127105598
167037.934800535,58625.0122579996,98295.9314472926,39670.919189293,181296.87312586,-82992.3826581921
155473.472647955,51527.6418915445,93226.2438094693,41698.6019179248,179801.505462899,-86566.4254971309
144071.69990543,44800.1360198571,88380.5646081839,43580.4285883267,178095.913220553,-89706.7290700629
132869.439750754,38459.3992594208,83694.5166902651,45235.1174308444,176125.314922239,-92422.8842216449
121889.176103519,32523.9367733069,79197.9066438207,46673.9698705138,173910.357244769,-94705.6761387821
111130.148758549,26978.1801580423,74947.2519946239,47969.0718365817,171523.464673459,-96571.0299216392
100613.636859945,21830.5622466551,70958.3667704703,49127.8045238152,168969.375212921,-98007.8837406494
90388.7378564948,17089.8080565598,67293.7359841681,50203.9279276083,166302.331062757,-99007.9380594126
80503.3702951441,12764.9630518124,63874.2086938027,51109.2456419903,163472.07468253,-99600.0282288099
70974.5926359835,8838.98495668551,60612.5729330254,51773.5879763398,160423.446016687,-99816.1164381523
61832.9247590765,5308.71180348853,57565.2714629144,52256.5596594259,157226.208844946,-99669.3676236799
53059.3665321329,2157.4618766615,54695.707650388,52538.2457737265,153865.798878398,-99181.7522064295
44678.5240614031,-610.469829940474,52136.1592041146,52746.629034055,150461.052494281,-98339.9274397567
36707.8487410696,-2984.55338883259,49963.6691385832,52948.2225274158,147072.288074339,-97127.2531726581
29158.5327242275,-4968.17338446583,48083.2515168896,53051.4249013555,143611.114461693,-95550.3369219007
22065.1350601046,-6561.23371290872,46477.442822209,53038.6765351177,140077.270043015,-93626.4155665801
15404.8046251127,-7799.93263968879,44990.4801204624,52790.4127601512,136365.985029815,-91406.3699815653
9199.76717438917,-8692.85132265209,43638.4063893345,52331.2577119866,132523.225483424,-88919.9886353523
3444.55765977976,-9256.75787793307,42482.8816029126,51739.6394808457,128622.493683178,-86178.9546251321
-1843.7824430637,-9492.38015969821,41606.3808439095,51098.7610036077,124745.707226604,-83182.6190787655
-6629.86623614706,-9383.70392658434,41056.5367015589,50440.2406281433,120923.434052032,-79913.8787691759
-10908.5992263484,-8932.50365475319,40810.6610967737,49743.1647515269,117134.061560349,-76373.7860954344
-14666.350618708,-8145.45857917286,40787.4058026045,48932.8643817774,113329.653790587,-72595.8191486642
-17922.9224100578,-7052.096604569,40867.0544904098,47919.1510949788,109431.702244315,-68621.1613863109
-20723.3144203567,-5698.65902189467,41054.2814784847,46752.9405003794,105495.228564979,-64500.1109545305
-23079.0746832034,-4107.64003089214,41312.1899782384,45419.8300091306,101515.842376179,-60265.2152746139
-24995.0466020178,-2287.87765239446,41733.2288653708,44021.1065177653,97584.060581009,-55914.6437778964
-26446.3058443331,-237.414251627699,42391.3740186667,42628.7882702945,93778.4111207179,-51453.0520125237
-27419.2586485901,2039.0035252229,43264.6063223268,41225.6027971039,90082.4164767505,-46886.0789748674
-27920.1246786894,4533.27073561617,44301.6986119806,39768.4278763644,86456.1482233681,-42225.0012948346
-27984.0395369776,7200.55811372557,45398.7372068266,38198.179093101,82842.1551372253,-37516.246028141
-27649.4866258968,10016.9083067192,46487.7971297971,36470.8888230779,79209.6033361475,-32796.8891192771
-26921.1575867168,12974.1335066691,47593.3323951014,34619.1988884323,75603.824803959,-28087.7691523982
-25793.569302736,16064.7431510722,48778.1430492445,32713.3998981724,72106.2211466461,-23407.4885236279
-24232.8987675045,19312.2688638585,50082.6771850333,30770.4083211748,68754.0762789571,-18752.8974129527
-22286.1559499357,22669.1627571605,51512.5109907905,28843.34823363,65568.8695391431,-14139.9334856606
-19988.4104235341,26111.2411792122,53065.1041061227,26953.8629269104,62564.7169273371,-9585.22152703928
-17374.3539905101,29610.5096832887,54640.356078021,25029.8463947323,59656.5534741193,-5103.73553176119
-14478.4506984496,33140.4963616597,56258.5935657034,23118.0972040436,56884.761617004,-715.433314553244
-11298.4494776334,36698.4040539295,57927.2348728463,21228.8308189168,54274.9475218608,3561.55005116775
-7864.80143046068,40258.3568436411,59606.5260909021,19348.169247261,51796.5783839663,7717.85432304024
-4195.22018574133,43801.3781762114,61316.2643167847,17514.8861405733,49483.1913108785,11739.6399113756
-309.820309918862,47310.4578219603,63040.8233845077,15730.3655625474,47329.7827679152,15616.2154318676
3759.6468341081,50772.533204266,64771.8474402151,13999.3142359491,45322.9955507522,19352.618189601
8006.43580125808,54175.62324238,66446.9109694352,12271.2877270552,43415.0953513729,22934.2841011325
12414.8632206779,57515.4447152442,68077.5762817663,10562.1315665222,41629.751381444,26349.2689920685
16926.832689236,60753.2749697571,69631.1835490839,8877.9085793268,39954.880535986,29576.9970980842
21549.4867499727,63881.5511197942,71097.3742759226,7215.82315612838,38401.0173486584,32596.519426746
26240.574584238,66871.8155933099,72500.3798814166,5628.56428810666,37005.1579997475,35394.8474742844
30983.4119536563,69707.792683318,73815.39620309,4107.60351977198,35748.0190544433,37966.3050039743
35810.8775478709,72407.4848725791,75026.8749492437,2619.39007666467,34623.8001471948,40301.2577302877
40648.6979663099,74931.464391165,76069.5145465625,1138.05015539755,33576.3437019481,42390.4689515971
45469.0023310456,77278.5092482839,76923.3672187229,-355.142029560997,32596.0326602118,44223.8278411469
50221.0162621701,79423.4131302358,77516.7296571362,-1906.68347309965,31627.878776463,45784.7336504442
54851.1712955582,81334.9710164777,77883.6424084747,-3451.32860800306,30728.3109403758,47050.7015057658
59349.3488477801,83001.1811693792,78070.2664393712,-4930.91473000789,29970.6524826609,47994.6265751504
63704.5897134298,84417.4119093596,78121.5939142196,-6295.81799513991,29390.2549011603,48625.9282780601
67905.0431026901,85591.2720123011,78076.9044839232,-7514.36752837797,29022.4263817091,48948.429049232
71957.8917546756,86541.0609970806,77911.5210677577,-8629.53992932294,28824.3045649858,48980.2591943658
75818.341550642,87264.6987780884,77615.847359002,-9648.85141908631,28753.9540825223,48753.7819922516
79429.1011211437,87741.6895282613,77153.015328396,-10588.6741998653,28775.3496834492,48268.2927176075
82766.3420343531,87962.2763142373,76530.3644058588,-11431.9119083785,28888.6107509333,47531.1750149053
85801.0658265352,87917.0025560989,75795.7189264086,-12121.2836296903,29140.4287790967,46543.6517245142
88531.9537747735,87603.9746368835,74919.1204642254,-12684.8541726581,29511.1521996331,45295.5198677494
90974.5365147934,87049.626423427,73938.2680974889,-13111.3583259382,30013.1577711311,43812.0935091986
93123.3426039573,86269.7557958412,72843.2962280509,-13426.4595677903,30616.9180364502,42112.945666461
94971.0243018252,85275.2499619558,71669.9756719774,-13605.2742899784,31351.1344626582,40205.2746130522
96508.6523567923,84075.9989914744,70365.912014474,-13710.0869770004,32132.9651894105,38119.4858607716
97718.6239534508,82670.6064718704,68897.5695781239,-13773.0368937465,32918.1160690386,35866.4924115551
98587.0748831683,81057.7977276151,67257.9429200959,-13799.8548075193,33694.0338133616,33451.9822069389
99106.296759418,79244.4639088637,65404.7188955394,-13839.7450133243,34397.6353101359,30896.8018261773
99271.0154191733,77245.8957359663,63430.1372587235,-13815.7584772428,35115.2791154646,28206.8441599296
99102.6401112446,75084.5459934822,61330.8301412299,-13753.7158522523,35828.4937403077,25396.9410253351
98625.2895140757,72786.5706124989,59215.1888128628,-13571.3817996361,36623.737971019,22488.8416131527
97844.8177267985,70367.2512382708,57075.1566837659,-13292.0945545049,37480.1314513171,19495.2778523583
96757.4614061503,67837.9922998475,54857.8662739952,-12980.1260258523,38312.1707146523,16448.8077291016
95380.5047813217,65212.594608912,52617.9434418945,-12594.6511670174,39154.1873931734,13369.753870285
93726.8717039389,62515.1055440718,50302.1760746628,-12212.929469409,39934.8426849692,10276.3143629946
91826.6466432688,59777.7354640882,47952.4378450625,-11825.2976190257,40672.2572468437,7192.30673320841
89690.1129259759,57011.9198350093,45614.1747740957,-11397.7450609136,41405.0437972279,4124.4865377821
87308.1974633859,54223.5066976304,43315.7126270699,-10907.7940705605,42150.4457812894,1083.84707072807
84683.9206674214,51413.4985096287,41149.2776510284,-10264.2208586003,42974.3052199473,-1903.24917454767
81850.3366182123,48605.1152005504,39122.6417814644,-9482.47341908603,43854.8024733048,-4807.31865114958
78845.4809030587,45829.0034800635,37235.1838494093,-8593.81963065418,44761.7089122752,-7598.75694667387
75721.4353561935,43129.8272843774,35478.2535149255,-7651.57376945183,45655.6363620561,-10246.8536604706
72512.6765987026,40526.2448462071,33800.7576656946,-6725.48718051243,46479.7120965746,-12745.938435654
69211.1458880143,38002.7172674179,32191.1381290823,-5811.57913833558,47222.5670679211,-15096.1939996292
65827.1709765582,35558.7681922719,30688.0731760884,-4870.69501618354,47916.7129038468,-17291.3814617354
62363.2731154614,33193.7874868863,29251.3489572734,-3942.4385296129,48519.3306477421,-19328.7629086107
58849.7273015681,30935.2833003099,27935.1846802962,-3000.09862001368,49060.0890651185,-21183.7078470135
55337.1985395568,28815.2393933823,26773.879686483,-2041.3597068993,49547.0821054487,-22830.0168626397
51860.358519514,26852.0439736331,25756.5010195775,-1095.54295405559,49966.9474652998,-24265.349396048
48442.6249344995,25041.7559555068,24915.9261209162,-125.829834590592,50356.5187566378,-25493.8478496035
45084.3464117776,23370.9683912452,24175.7133757721,804.744984526872,50647.2162975377,-26523.5016691918
41779.8765158866,21824.0086475188,23558.524776377,1734.51612885823,50871.7999161189,-27364.4238576934
38561.8481700694,20410.4105809629,23078.1635649104,2667.7529839475,51034.4903812635,-28007.0083325081
35471.0203667435,19160.6303168163,22738.3416335375,3577.71131672117,51115.1488672768,-28427.3313738979
32536.0299570832,18088.6959857706,22616.6478352485,4527.95184947791,51187.588241815,-28621.7294999462
29786.1794767567,17207.7438384108,22686.4892980064,5478.74545959558,51227.9500722403,-28593.0018232781
27218.0382163934,16505.6151841985,22920.42966629,6414.81448209154,51219.710550969,-28351.976855184
24819.0202131556,15957.600857252,23285.6118151945,7328.01095794256,51160.2011115642,-27928.7684528984
22587.7567369133,15541.0904416039,23710.3569019284,8169.2664603245,50988.3806573743,-27333.835768056
20510.994429807,15239.6830720725,24217.4881068928,8977.80503482033,50732.143752078,-26572.2793488052
18619.5525964851,15059.6869835043,24818.1031576455,9758.41617414121,50401.699626102,-25643.2650560727
16941.839445083,15010.2471322471,25556.2085768496,10545.9614446025,50039.8404064615,-24545.6603291994
15479.600135834,15091.9921631149,26392.079391281,11300.087228166,49626.7678526447,-23299.518039458
14224.5179980028,15287.5745529071,27254.2360358512,11966.6614829441,49110.2969431098,-21924.0099158032
13153.2206098246,15577.187267304,28125.0799610208,12547.8926937168,48499.3774362772,-20445.3982012304
12240.016165161,15934.7795626549,28939.5055655853,13004.7260029304,47751.6009930418,-18886.0803415489
11504.7138570538,16358.7494052029,29731.6470146988,13372.8976094959,46906.763903206,-17251.5315919001
10961.3877760036,16851.3949541374,30550.3349275285,13698.9399733911,46018.9068694891,-15547.0221080637
10615.2317876787,17400.3594769357,31339.7269406687,13939.367463733,45059.5192885299,-13800.1225430089
10456.6991930618,17989.3975414774,32091.1972864779,14101.7997450005,44038.1393776558,-12029.3642662133
10432.536023496,18586.6323169782,32783.7480899646,14197.1157729864,42969.1501250871,-10270.2357122561
10518.9845287448,19174.9189678815,33422.0906654129,14247.1716975314,41868.6862176214,-8534.17496178958
10703.734769438,19752.9443782073,34058.5008525821,14305.5564743748,40783.4446738927,-6815.60475402039
10993.8571992423,20326.2324282732,34696.6835391428,14370.4511108697,39711.8708467059,-5108.93598210427
11414.6818832073,20897.044550376,35389.228514304,14492.1839639281,38694.2156587935,-3401.65505601166
11959.3411807324,21451.6809796487,36038.9400694347,14587.2590897861,37653.4788375952,-1713.82699479104
12615.5869948766,21977.6560763318,36628.0858640593,14650.4297877274,36588.9177962681,-62.2960369575103
13346.0753778734,22455.4074898883,37108.7338127304,14653.3263228421,35478.404114687,1527.12167806691
14123.7778305512,22879.2304482107,37410.7090518093,14531.4786035986,34263.7897312633,3042.4422979283
14918.3489678518,23228.6297591534,37574.8218725826,14346.1921134292,33001.7315443971,4467.77150214532
15724.8649685427,23494.8243055252,37619.6184570112,14124.794151486,31722.5058296922,5791.31218584353
16542.0987433166,23675.5118204999,37570.3716801474,13894.8598596475,30453.7429707432,7010.52720413975
17375.0813831837,23770.4037420455,37436.8674531388,13666.4637110933,29219.9980979939,8110.4445842023
18229.5619397727,23798.8979027117,37198.9648820674,13400.0669793557,28000.3004043231,9091.78649679982
19088.1873865019,23765.6303271289,36802.5218350377,13036.8915079088,26742.4618944103,9952.56153380378
19925.6886518876,23664.7989831871,36290.7510402633,12625.9520570762,25494.8053714052,10687.7289366144
20695.0045000497,23467.7680174779,35608.6131156416,12140.8450981637,24210.8443623388,11288.8339946451
21379.7230016059,23154.5665026532,34833.472635343,11678.9061326898,22967.6778867666,11756.2766200598
21958.8582667401,22713.1160591274,33985.6411220792,11272.5250629518,21790.6878462793,12085.0159275509
22449.3485325954,22157.0864741271,33084.9590765112,10927.8726023841,20684.2379944504,12290.48523442
22863.4012671077,21514.3849322456,32156.6644865487,10642.2795543031,19662.3122788565,12383.8239816178
23188.3481219272,20794.8767489448,31127.0499137762,10332.1731648313,18645.9125675287,12370.1292550229
23437.8538907536,20014.446527153,30016.3706175369,10001.9240903838,17638.111774538,12266.5267584013
23585.2604664497,19162.1552286572,28781.194367085,9619.0391384278,16601.5995205047,12066.9497729412
23633.349224826,18236.3856315937,27479.9092300814,9243.52359848762,15580.9056128163,11785.2713697448
23573.4228784455,17229.6589837894,26172.5696891311,8942.91070534166,14630.4886331983,11427.2353823438
23380.022887517,16130.8195399231,24802.7211634739,8671.90162355086,13698.2406315713,10988.5625837975
23068.0336317323,14962.0098039686,23422.3313777341,8460.32157376557,12815.0644928763,10490.2965307102
22660.2710854608,13749.4015821301,22046.1490681514,8296.74748602128,11976.1490689862,9952.07745107167
22177.5685475959,12514.6721204991,20683.8610925004,8169.18897200124,11173.7409155402,9391.40213054616
21634.8636595131,11267.803572379,19333.5068699449,8065.70329756582,10387.1616610084,8827.03813099783
21015.5460277934,9995.9092636077,17998.9381027947,8003.02883918695,9616.90891670565,8262.22738474526
20305.4620355485,8689.29955221195,16687.5937817399,7998.2942295279,8871.56304051553,7695.55983859957
19519.4100190403,7363.47729955953,15337.5622386311,7974.08493907159,8079.43719814589,7136.81393777529
18651.601279774,6017.52237777444,13964.3159889031,7946.79361112861,7259.16012731139,6582.82002377056
17718.157151757,4665.21487261203,12525.2710735066,7860.05620089459,6371.49264380016,6030.35733991548
16753.2714629509,3330.99636629489,11048.4558170569,7717.45945076198,5434.42419945347,5489.77996508757
15760.9403861651,2006.09451731072,9562.13043871778,7556.03592140703,4492.03082377125,4945.26776225994
14765.9686986615,712.638728349566,8100.25914752291,7387.62041917334,3564.70179717744,4410.31186438187
13779.2141034588,-540.219054547245,6748.78169834985,7289.00075289708,2718.67412002224,3904.50036110364
12772.2613640657,-1768.73743491665,5435.62637383563,7204.36380875227,1890.79101019939,3418.80713702953
11736.5496557511,-2966.53998329331,4183.46304967068,7150.00303296399,1091.15760836573,2965.74168805645
10666.4525007643,-4142.09881243272,2964.11391842312,7106.21273085582,287.027782561722,2549.96485588251
9571.17176236849,-5298.86848709962,1770.21898361104,7069.08747071067,-524.709807104965,2167.30979637106
8500.59111751639,-6410.12873960093,600.335471838601,7010.46421143949,-1352.81773819381,1825.10278704515
7477.65254082536,-7467.55626531918,-564.358474001134,6903.19779131806,-2208.78397072228,1515.98911498067
6493.99293870512,-8480.28726738414,-1764.96032462731,6715.32694275683,-3105.54517046903,1211.75994416339
5546.20059753898,-9451.59415521045,-3002.16884306048,6449.42531214998,-4036.15498680632,904.884643662557
4619.87085523219,-10395.321005139,-4295.13054540146,6100.19045973749,-5001.77734255367,577.510175144076
3710.65182480944,-11313.5548029779,-5611.81703162622,5701.73777135169,-5972.21254502006,231.5931064057
2820.44246425957,-12201.5348258029,-6915.77601581283,5285.75880999004,-6923.08258452843,-120.833093640994
1947.6420145262,-13054.72438975,-8171.83505187601,4882.889337874,-7823.79770736646,-475.269894127792
1086.21664282795,-13869.255646734,-9346.93938542829,4522.31626130569,-8649.14662516875,-823.88451136302
232.471198200539,-14652.7747645427,-10463.5859748862,4189.18878965653,-9403.02211954567,-1185.24689104603
-615.299762156764,-15412.8344104758,-11523.9166740347,3888.91773644114,-10087.5829449079,-1559.32076189701
-1450.21757560979,-16153.5942827924,-12571.9531756439,3581.64110714852,-10729.796040764,-1963.17875001385
-2257.26842343005,-16874.2042959853,-13643.3100560841,3230.89423990122,-11366.2764288222,-2395.7685720195
-3039.08512809992,-17574.3500722612,-14726.2901162307,2848.05995603052,-11986.0648517335,-2856.50505166128
-3811.86453901768,-18257.6026467434,-15833.4798471507,2424.12279959267,-12587.4446892738,-3359.86295111088
-4614.20555278283,-18927.2258741286,-16959.7099965324,1967.5158775962,-13178.7907319162,-3892.449895494
-5465.05925523799,-19580.8511605041,-18015.8390636132,1565.01209689093,-13663.0416320522,-4462.12666471289
-6354.31009869012,-20216.1320353117,-19000.801259625,1215.33077568672,-14052.2923836749,-5055.59316700565
-7250.58243257982,-20819.5887797051,-19873.1798539218,946.408925783296,-14313.891104731,-5663.97931942903
-8115.65134186364,-21387.6445923025,-20665.1087340121,722.535858290444,-14471.483480802,-6295.74653516711
-8940.17314371746,-21923.993497863,-21433.4318523031,490.561645559884,-14581.0771564226,-6951.71051307857
-9743.28261870935,-22430.6965691914,-22184.5205248019,246.176044389537,-14643.7925932347,-7637.12300191695
-10579.6790751643,-22928.7844367294,-22908.6376340955,20.1468026338833,-14646.187001677,-8355.72806014019
-11494.1716356234,-23420.5069927096,-23542.3415249414,-121.834532231738,-14534.8794709592,-9097.4421143101
-12480.7547473697,-23887.8998930038,-24054.5696240983,-166.669731094563,-14306.5301090342,-9834.58983699218
-13495.6958291868,-24309.1563879129,-24419.2408047807,-110.084416867846,-13956.6234464624,-10545.5991168749
-14477.7181604792,-24655.9422733526,-24604.0171802389,51.9250931136874,-13485.4564421566,-11197.8016785155
-15386.2214128333,-24917.4859983513,-24626.4026739275,291.083324423732,-12919.82781676,-11781.9268163199
-16244.2896158962,-25117.7509753356,-24536.9249570987,580.826018236844,-12309.8243056809,-12298.4578601109
-17099.6128785636,-25278.0349949399,-24329.1671987656,948.867796174262,-11645.6030674411,-12750.8125162202
-17996.5864484626,-25415.0211053364,-24082.4509960971,1332.57010923924,-10995.2026466218,-13150.2355575457
-18944.7271871196,-25522.9810344308,-23782.2561074296,1740.72492700123,-10363.7773925109,-13477.0598976625
-19893.1083697821,-25571.6756571738,-23378.511318146,2193.16433902779,-9710.43901480774,-13722.0926305469
-20786.4258164064,-25538.5781037047,-22889.1541486564,2649.42395504829,-9070.9054577742,-13867.6476503392
-21582.4313395846,-25406.112671957,-22294.278566424,3111.834105533,-8441.78238249122,-13897.2093392535
-22275.0074584761,-25181.5384715042,-21632.9787871876,3548.55968431664,-7846.86256378098,-13826.3115418639
-22892.6312920011,-24878.997409059,-20951.7436733248,3927.25373573422,-7331.87391381686,-13655.9249110274
-23442.8940175869,-24500.5577728177,-20214.5047577665,4286.05301505121,-6851.61196378498,-13395.2351604061
-23930.2189619689,-24056.2286930449,-19465.9744053711,4590.25428767391,-6441.9619773625,-13053.1190341438
-24357.8720854131,-23557.2942347917,-18693.9307644079,4863.36347038387,-6083.31406963594,-12636.8237070172
-24716.6556345438,-23005.6634664907,-17899.1909577863,5106.47250870441,-5766.84366265417,-12155.8240502465
-25000.5091633566,-22404.6130692073,-17111.693269649,5292.91979955821,-5521.61347730193,-11611.0390948848
-25198.5954548417,-21742.0812400227,-16251.0679734615,5491.01326656116,-5271.76352198506,-10998.0290027679
-25292.7830414949,-21003.9802481878,-15287.4580787237,5716.52216946412,-5008.37247957782,-10295.8359477724
-25279.9980773524,-20195.640854853,-14212.5423426329,5983.09851222011,-4726.49836877711,-9501.18027709654
-25158.8921948261,-19320.9994971758,-13018.5907145961,6302.4087825797,-4420.21947286358,-8612.2530232421
-24947.5989911145,-18409.7619405557,-11822.1228282111,6587.63911234459,-4192.6373438815,-7642.39667368946
-24654.243080348,-17475.3641383047,-10659.1814020251,6816.18273627957,-4057.33658198418,-6614.04570575422
-24279.0283973425,-16524.2439226827,-9554.35910686502,6969.88481581773,-4028.03144845505,-5538.07297764526
-23796.403486801,-15554.9653184628,-8526.71620167534,7028.2491167874,-4113.24830817505,-4425.05546356942
-23187.8355049288,-14555.6336819773,-7466.82713376965,7088.8065482076,-4206.80035752629,-3271.83807364343
-22460.6726057829,-13533.2741833579,-6387.54000703112,7145.73417632675,-4314.05310750281,-2085.8494399902
-21635.0061512919,-12500.987594437,-5271.47743481986,7229.51015961711,-4415.94231790924,-868.772662428697
-20751.7701987681,-11475.522868904,-4147.59977777964,7327.92309112433,-4532.65508672047,370.708774583325
-19826.3649967139,-10473.6666538736,-3082.24483663256,7391.42181724104,-4721.65150811092,1623.82864818012
-18847.5175454303,-9505.35536827398,-2110.94288824856,7394.41248002542,-5011.4809588163,2883.59797652427
-17803.2555738458,-8575.48989052692,-1287.60705403053,7287.88283649639,-5430.04546413481,4124.06624698454
-16670.526827865,-7684.50685869417,-621.302079812402,7063.20477888177,-5972.01181677477,5330.7808914186
-15456.453780266,-6836.88694538119,-105.365237320164,6731.52170806103,-6601.11757466348,6474.12645948986
-14204.5882056464,-6049.08484991538,297.156308624451,6346.24115853982,-7259.82186010061,7533.47455190949
-12954.1481902025,-5343.89002394011,586.853431386595,5930.7434553267,-7931.68888197664,8492.82446853763
-11743.9375355661,-4734.60931770086,776.341844995369,5510.95116269623,-8599.79733109144,9347.77991691325
-10588.9285853525,-4222.0016309682,916.379197816392,5138.3808287846,-9226.00843905978,10110.8763606422
-9464.00961342425,-3795.10744707206,922.278182587369,4717.38562965944,-9901.16998670404,10788.1992050021
-8354.63701363379,-3441.60908292908,881.543960719319,4323.15304364841,-10549.7405864329,11391.7591463823
-7272.5551080976,-3179.12724495836,696.617971445949,3875.7452164043,-11242.6919135902,11895.0689319858
-6224.16016786299,-3028.51362605355,319.1201107481,3347.63373680165,-12001.1548566068,12271.0570230725
-5245.80974723081,-3007.57781724614,-204.214418067107,2803.36339917903,-12757.3443204391,12498.7516904467
-4355.19665839147,-3111.01080874238,-933.755475493253,2177.25533324913,-13566.8309848701,12573.4003703094
-3541.29877679064,-3308.99661194137,-1717.7732232457,1591.22338869566,-14300.1060152815,12517.4602710396
-2824.93763259164,-3584.88351999226,-2550.60035280539,1034.28316718686,-14973.9838434768,12353.468679728
-2214.60489970759,-3935.8231619635,-3346.27548941512,589.547672548394,-15525.3303188759,12104.2299315804
-1730.21216539723,-4390.48053604801,-4068.23512353604,322.245412511965,-15904.5223829736,11756.7326325237
-1398.00390848404,-4975.20238659895,-4857.28087190275,117.921514696176,-16239.7418123002,11298.4045184641
-1227.67382621147,-5714.19186504347,-5738.11633493675,-23.9244698932557,-16536.5489776012,10710.06048611
-1209.858874027,-6591.15807363852,-6766.60053305413,-175.442459415614,-16861.4721281823,10002.4245454846
-1318.10125184093,-7552.44995473748,-7907.04977532856,-354.599820591092,-17225.318830955,9222.18303793715
-1520.91220136603,-8555.4961882781,-9119.00691456929,-563.510726291207,-17623.3936569971,8405.14723853829
-1798.7506558815,-9569.96061143861,-10293.1961203445,-723.235508905944,-17974.9688472375,7579.86935153957
-2182.6119388902,-10616.7708456832,-11438.2549084942,-821.484062810993,-18274.1768925221,6731.71696944392
-2692.4745783455,-11730.114579012,-12586.9808197828,-856.866240770849,-18518.1581828531,5824.90499218301
-3347.31183037962,-12928.8760771923,-13740.6158001859,-811.739722993562,-18690.7339922489,4842.09568003531
-4150.85928205307,-14205.8369875216,-14899.5115268998,-693.674539378196,-18805.1672522377,3796.39262694531
-5062.11577983753,-15519.7674854591,-16064.634756359,-544.867270899905,-18903.2541634269,2728.59299904332
-6042.38860818725,-16821.2743271439,-17222.3947063517,-401.120379207792,-19017.2800410904,1684.50293827117
-7086.4751118516,-18104.6873301397,-18376.1276013637,-271.440271224001,-19156.0040053072,669.474398707323
-8196.63735827652,-19385.1409799084,-19571.7291712897,-186.588191381274,-19345.8482574673,-336.082929902784
-9380.95972621261,-20675.0099742366,-20843.327482946,-168.317508709388,-19596.4530686561,-1356.70035709741
-10651.715912677,-21991.9632768493,-22187.5578970737,-195.594620224445,-19881.4878639588,-2415.49475616165
-11975.5250090608,-23298.2425814993,-23551.2662128347,-253.023631335494,-20178.1512921103,-3482.18119656384
-13346.2358614475,-24556.382703659,-24872.3227051416,-315.940001482567,-20458.2923725635,-4522.92997314184
-14759.2857190236,-25746.0484620617,-26027.0060649976,-280.957602935832,-20630.474950365,-5505.52239409207
-16192.4235284471,-26851.0781849004,-26946.2678083263,-95.1896234258393,-20652.2209641656,-6403.14913918125
-17646.2138979431,-27888.3595305097,-27698.3537503514,190.005780158332,-20578.2923994032,-7229.1719217192
-19093.062716398,-28872.2699240172,-28304.5647623166,567.705161700642,-20424.696799282,-7988.74044774201
-20507.5795493757,-29801.0617156451,-28867.8575973843,933.204118260771,-20291.2815953029,-8684.76601139094
-21899.0380803125,-30675.8609643684,-29438.8811536963,1236.97981067209,-20223.3921580555,-9322.58300006922
-23258.1863423618,-31481.9767786129,-30012.8702872849,1469.10649132796,-20224.3467702582,-9894.17935762678
-24575.209310947,-32193.5944695442,-30656.2728758791,1537.32159366501,-20367.2422859556,-10393.0826523215
-25847.5959494773,-32799.9235340907,-31273.2995220826,1526.6240120081,-20560.5500536597,-10815.1277501392
-27031.7020028396,-33282.3773026069,-31854.9044361794,1427.47286642742,-20798.2414283604,-11157.3271284678
-28102.3086305445,-33636.413052285,-32339.9976111069,1296.41544117813,-21017.8897907862,-11421.0748276803
-29079.8698347551,-33882.1183064512,-32684.8741816269,1197.24412482433,-21159.3660504108,-11622.755176189
-29983.9080046401,-34038.6277723353,-32909.2539991004,1129.37377323486,-21222.1003166579,-11782.702239084
-30849.1658260933,-34124.4031721754,-33012.4512093974,1111.95196277802,-21196.0777177299,-11910.270081296
-31691.2957566887,-34150.6175499707,-33082.7453554587,1067.87219451203,-21160.0585466587,-12014.9454550676
-32463.0953423341,-34107.9123662596,-33125.8703566628,982.04200959676,-21125.1547163528,-12091.3803330708
-33134.1379265833,-33978.1133671644,-33165.5987819225,812.514585241951,-21136.8190666571,-12117.9225889826
-33682.6881806885,-33743.9855931845,-33143.6822910001,600.303302184429,-21149.403038737,-12081.9457403072
-34093.6354610879,-33392.9950837468,-32960.7782018803,432.216881866446,-21090.1890095313,-11956.9067515996
-34400.625491375,-32932.3758775052,-32566.7172958362,365.658581669017,-20913.4292558374,-11738.4719706047
-34611.8995651526,-32376.6771878383,-32032.4141619832,344.26302585517,-20669.1535355773,-11447.5009862198
-34724.3596646896,-31748.2517518774,-31428.0971644095,320.154587467931,-20410.4296466762,-11101.1155423323
-34757.9485806197,-31078.3828251893,-30820.2177371159,258.165088073398,-20160.4117109054,-10742.5066043652
-34699.7111287052,-30369.0323228099,-30290.080364128,78.9519586818667,-19986.2675455312,-10385.7161168207
-34559.7928058534,-29617.0608004189,-29781.8427729114,-164.781972492489,-19831.3065778761,-10031.5793176835
-34360.6009838418,-28815.1534859116,-29300.577845225,-485.424359313436,-19699.2861417941,-9681.39497919254
-34103.7046692611,-27957.4996299422,-28797.5226547745,-840.023024832366,-19562.6936006427,-9313.82618192598
-33788.8029952167,-27050.6809570806,-28193.5106058835,-1142.82964880297,-19338.9913645106,-8932.17432769049
-33405.3390703666,-26103.0632579561,-27528.2949667539,-1425.23170879782,-19071.1163942218,-8533.29671864935
-32944.4031150875,-25129.2476937341,-26706.0648970491,-1576.81720331503,-18660.4178947986,-8120.06103206937
-32410.3241289181,-24132.2346140143,-25738.5560991951,-1606.32148518087,-18122.0199432125,-7689.03660029657
-31829.1191804829,-23121.1782732681,-24658.4773235465,-1537.29905027845,-17490.1132162201,-7238.73101886003
-31220.1681010213,-22104.5953106264,-23512.667291894,-1408.07198126758,-16811.3897322616,-6769.17741393314
-30589.8952988288,-21077.9585586341,-22356.9625430472,-1279.00398441314,-16158.5427448605,-6263.56792528742
-29932.798273268,-20036.8615895918,-21245.6768101166,-1208.81522052481,-15578.5928334088,-5729.2971680472
-29214.6200874678,-18964.2201295218,-20162.1755037752,-1197.95537425344,-15065.103798081,-5156.334711418
-28427.7870849358,-17857.7475003272,-19049.2806654201,-1191.53316509292,-14551.0748561786,-4554.66542014118
-27588.1046827672,-16737.7728468395,-17953.4974839299,-1215.72463709043,-14059.2825338227,-3948.03868698173
-26724.1140330366,-15626.1173800596,-16793.5314482012,-1167.4140681416,-13506.9604217113,-3337.92941081645
-25875.9817878924,-14546.6384493943,-15628.8040294708,-1082.16558007657,-12931.3436618903,-2746.40885602808
-25048.1434638978,-13498.4518236399,-14488.2571048102,-989.805281170308,-12374.1589265469,-2160.72430996647
-24215.4231578862,-12459.0308417751,-13367.3784987213,-908.347656946167,-11838.447505725,-1573.39208347112
-23348.6437444004,-11416.2564982102,-12308.9921095556,-892.735611345429,-11366.7583122411,-984.722280695708
-22422.9027234064,-10359.88942674,-11282.8924873672,-923.003060627179,-10938.9126635515,-384.718483102091
-21442.864157787,-9299.99110090036,-10279.6296814121,-979.638580511722,-10533.4916492398,214.644832947495
-20426.6609338026,-8247.59461332009,-9275.66913635188,-1028.0745230318,-10143.2251921426,829.637582964407
-19393.4955672673,-7200.3938198099,-8237.10030126603,-1036.70648145613,-9745.34635158191,1471.49291252392
-18357.9662882925,-6161.22086876252,-7135.32421415139,-974.103345388883,-9322.32066025543,2151.23707750013
-17322.578887698,-5133.59528054961,-5975.33229978614,-841.737019236522,-8882.3451543859,2872.11453675949
-16285.3434936897,-4125.69005778722,-4810.07553571162,-684.385477924389,-8454.32080625059,3610.0717219441
-15248.8435332538,-3165.3700497687,-3713.86851724964,-548.498467480935,-8094.82653160262,4347.31620873124
-14228.2014614026,-2276.20781784103,-2735.51234010508,-459.304522264035,-7819.69669800183,5050.81031561041
-13214.0299037367,-1445.30902148489,-1970.16870582804,-524.85968434313,-7722.00254045809,5718.44459209738
-12189.6880856651,-654.014052579082,-1336.83157725427,-682.81752467519,-7734.27371870039,6363.74945520078
-11136.1529286989,135.675416293856,-748.326523372896,-884.00193966675,-7780.04757906707,6997.40766965519
-10033.5971722303,949.819494135889,-144.975309411175,-1094.79480354706,-7828.56970636314,7648.44625778445
-8895.17072094744,1762.08193219359,550.409515789097,-1211.67241640448,-7795.74413679535,8309.9799380164
-7752.05072719858,2541.38068822014,1326.83833321694,-1214.54235500318,-7680.86677043624,8970.25813757632
-6636.25536197376,3242.08888856679,2132.74721619177,-1109.34167237502,-7524.29566117238,9618.01648944265
-5565.42863858394,3842.03218028793,2948.79195499159,-893.240225296337,-7323.43683101173,10231.3598928182
-4521.81703566818,4368.98081036814,3656.38870677636,-712.592103591778,-7202.4670718212,10815.9236532442
-3472.49738125879,4844.89801306536,4187.94907961624,-656.948933449131,-7224.9161028291,11367.6877864075
-2399.9608882902,5296.53764381329,4531.15477316921,-765.382870644095,-7394.83208949177,11878.3922593895
-1310.10656990221,5724.08919458519,4632.25104867784,-1091.83814590736,-7761.8145168434,12343.8853037077
-226.476561264542,6098.67907749802,4590.83463396656,-1507.84444353145,-8203.55932039173,12741.4379316852
814.510270363306,6402.55263896422,4511.125302177,-1891.42733678723,-8605.47756533656,13060.7045845029
1804.87921287067,6624.57800296744,4414.11317129652,-2210.46483167094,-8944.77538747135,13299.9316034829
2724.75133770212,6752.1872611322,4364.98704032584,-2387.20022080636,-9142.85590576273,13445.7412899494
3559.93783667393,6785.98865759119,4289.91183483681,-2496.07682275439,-9283.43010446416,13508.0028275668
4345.10901879093,6747.21463504625,4090.95260835493,-2656.26202669133,-9480.5756401812,13502.9288137537
5093.83956558568,6646.238591207,3775.99127537458,-2870.24731583242,-9723.72697339956,13427.9585021012
5827.3615270009,6499.47404946798,3318.98925434677,-3180.4847951212,-10057.3769772943,13301.4845632485
6540.86872075979,6305.69280816044,2787.93107534215,-3517.76173281828,-10410.9641999428,13120.9497387524
7175.34710835233,6034.15280026087,2241.17394430338,-3792.9788559575,-10700.2554632568,12860.5553754714
7689.7640452994,5665.70133615078,1664.3237530391,-4001.3775831117,-10939.4426329882,12520.0540292351
8027.60975329586,5167.07749349098,1065.78397822417,-4101.29351526683,-11093.7300038231,12073.2007190774
8206.8656599049,4555.16709691401,397.067371641551,-4158.09972527246,-11215.8137978178,11524.3037623011
8275.91974222384,3866.56129179548,-397.421173127732,-4263.98246492321,-11387.6823379172,10899.807671737
8272.85397633878,3127.66158407144,-1310.53212440088,-4438.19370847232,-11599.5225837767,10197.0493413413
8241.05950476268,2374.90447597981,-2310.10334755853,-4685.00782353836,-11853.9718998599,9450.70684835049
8143.07321084381,1599.18001923731,-3350.62364883669,-4949.80366807398,-12109.5368703717,8664.74679001684
7953.22042011396,788.435773988455,-4337.87048889562,-5126.30626288407,-12268.7655340392,7835.94358310654
7655.01886514267,-56.8433732891733,-5216.68394997085,-5159.84057668168,-12296.947521115,6984.85626400203
7225.48785970418,-946.568037947986,-6047.58523880224,-5101.01720085425,-12239.5716366191,6096.50975889765
6691.17650970565,-1871.87077280466,-6834.14044087445,-4962.26966806977,-12104.2475360618,5174.97152812498
6080.58251919882,-2808.75598892079,-7679.33395138249,-4870.5779624617,-12005.3438428065,4231.71395591209
5398.37145414172,-3759.41005181233,-8682.91024629174,-4923.50019447942,-12022.695023932,3246.77434946513
4657.54637402608,-4716.1466314779,-9770.40090300178,-5054.25427152388,-12092.9609288235,2231.11736067208
3853.36014745028,-5672.24299666096,-10866.9527179302,-5194.7097212692,-12145.9095223563,1189.25315703993
2962.28618513592,-6646.64945588133,-11887.7463731043,-5241.09691722297,-12095.534429608,119.960319503063
2016.71326856889,-7614.05286995196,-12666.8908659338,-5052.83799598182,-11813.1810803337,-939.525419615879
998.635726157802,-8577.56725402018,-13227.8717524291,-4650.30449840896,-11338.858988072,-1972.5334691617
-91.8128106726954,-9533.29750726038,-13654.8258578142,-4121.52835055385,-10775.9372425743,-2959.79467952746
-1226.51487203976,-10444.7456230711,-14052.0841902337,-3607.33856716255,-10254.2189043763,-3875.93118416727
-2435.0376165851,-11316.4777838799,-14537.9503588475,-3221.47257496755,-9879.58604965795,-4733.33307816714
-3666.84573760444,-12114.1151941996,-15132.1022093059,-3017.98701510631,-9680.48956802565,-5523.24455038258
-4891.47347735244,-12813.0600807492,-15701.724079639,-2888.66399888973,-9529.5991412272,-6240.2758387443
-6090.28688929473,-13427.4026721304,-16180.9984791752,-2753.59580704477,-9346.94483103575,-6898.62160764329
-7214.3239229857,-13955.3850668785,-16425.4335850189,-2470.04851814043,-8998.43002436178,-7487.91525863756
-8293.79863771921,-14429.0274093989,-16508.6924189441,-2079.66500954521,-8552.3367227562,-8013.67897209072
-9339.50576190452,-14868.8268155373,-16452.0070010139,-1583.18018547661,-8027.8297678655,-8478.00719790389
-10353.9854806695,-15250.8233932617,-16349.1516471264,-1098.32825386465,-7539.30425352716,-8860.28722033768
-11334.6542865993,-15548.8362899827,-16311.503178851,-762.666888868285,-7211.68645347388,-9147.13987853208
-12231.5045052735,-15726.3941447148,-16213.2241075325,-486.829962817743,-6931.14348266666,-9326.63623951851
-13016.0418218695,-15762.0906170437,-15985.751334632,-223.660717588344,-6636.5462339252,-9391.36871741317
-13690.5939179385,-15685.3664856071,-15635.5535060704,49.8129795367346,-6310.43078467599,-9365.30261567865
-14265.9280966667,-15533.6392289553,-15149.4798749886,384.159353966658,-5911.40609559671,-9276.60179175771
-14774.7650622956,-15338.3047972363,-14657.6957865714,680.609010664926,-5550.74345386808,-9144.03748787144
-15241.3389615953,-15120.940164301,-14257.2795120642,863.660652236783,-5307.21927148856,-8985.8650344563
-15646.1415605072,-14857.782727969,-13948.9426794842,908.840048484783,-5193.25028455685,-8790.48389012513
-15967.3475775051,-14513.4720342296,-13665.0245228929,848.447511336685,-5150.88525204871,-8548.35637630156
-16176.2404726671,-14069.3437166363,-13292.2773811327,777.066335503629,-5080.63763582999,-8245.91257989102
-16262.0623352006,-13516.5096503251,-12702.8246594699,813.684990855215,-4866.46377382437,-7871.32453309844
-16249.9565925095,-12883.992888,-11908.1654575512,975.827430448849,-4514.93247749243,-7429.34928193783
-16155.2584703143,-12208.5889065406,-10982.9453902093,1225.6435163313,-4106.38655799951,-6914.17734651406
-15999.9292505535,-11509.5163852802,-10040.3914832553,1469.12490202495,-3737.82343527131,-6341.90934717855
-15772.4649790103,-10796.338639446,-9228.8721436501,1567.46649579585,-3530.80732388378,-5739.31602052454
-15448.6185415041,-10053.7918211898,-8583.93559039923,1469.85623079061,-3505.55701343431,-5121.74885835933
-15023.023034482,-9267.40953277166,-8013.38298980662,1254.02654296502,-3547.54026934938,-4511.33576924185
-14497.4788505354,-8442.23046845408,-7420.03334338494,1022.19712506913,-3562.94814415997,-3904.59755311657
-13919.6405578054,-7600.43048579075,-6681.70857997655,918.721905814172,-3446.74214175485,-3284.38291861051
-13325.8314432334,-6772.19141598739,-5765.2054018625,1006.98601412487,-3168.60463189298,-2647.79722811748
-12719.3945028465,-5970.642582513,-4765.99644535597,1204.64613715703,-2843.93006325539,-1974.98525528749
-12097.8000257733,-5192.61781830213,-3776.69240914428,1415.92540915782,-2551.07758348375,-1280.29943474952
-11403.4290665945,-4412.43477621602,-2969.25195781396,1443.18281840201,-2439.22744040014,-586.608286201568
-10603.0788914874,-3608.11449800355,-2365.23651074457,1242.87798725892,-2519.24506698181,95.4925811212554
-9700.88000708034,-2781.44086459245,-1877.71188602192,903.728978570522,-2677.57275852443,739.516598365966
-8700.73173250603,-1942.29772951567,-1366.87898833437,575.418741181278,-2786.65040361697,1357.83487647878
-7678.0095136036,-1129.8261997997,-693.358191371432,436.468008428209,-2721.23020973963,1964.66831736917
-6675.59206450687,-378.175178618102,157.476020202107,535.651198820186,-2468.98680667931,2562.2895435827
-5698.35167976813,309.270838809439,1095.54832862533,786.27748981591,-2126.31978369074,3156.99713992044
-4768.04440990647,920.993276216535,1899.00130736294,978.008031146391,-1882.501369915,3716.18610339318
-3846.70674706978,1466.87429041686,2455.84304723406,988.968756817178,-1805.03204551746,4195.30533083985
-2932.56360920996,1959.63608295908,2710.50876423384,750.872681274725,-1934.0680829745,4578.88635209594
-2058.25159879469,2380.26742148516,2740.54884176218,360.281420277001,-2177.68472442413,4852.56265366485
-1223.23661230035,2726.3307320934,2764.38214701861,38.0514149252039,-2342.59243354639,5041.41359325799
-472.233391696661,2983.28103685069,2915.82623136775,-67.4548054829457,-2340.00101513502,5190.43089868247
187.973975543577,3138.56580183943,3210.93677723309,72.3709753936886,-2164.77984052474,5310.56447316216
799.252291213278,3222.32068918708,3492.71255248864,270.391863301545,-1978.82861163776,5406.60721135876
1341.37086539615,3238.08983982769,3565.63877307869,327.548933250986,-1950.28386122048,5451.13621567389
1830.19027709578,3197.60717826377,3363.22554415098,165.618365887214,-2110.57826341156,5409.07182201067
2253.47167717609,3113.81217357213,2907.47786840316,-206.334305169007,-2429.9552654954,5272.67701920181
2548.88854520719,2957.13373788601,2435.81035664631,-521.323381239708,-2687.98154582875,5059.02323253198
2756.24977288413,2746.03997450046,2075.79672539527,-670.243249105214,-2795.93685696863,4807.14270780057
2868.56090628548,2482.07392306203,1847.93470867093,-634.139214391131,-2759.32593121248,4543.23557595502
2917.67523013505,2174.11673953478,1684.85101451228,-489.265725022524,-2657.69307128232,4279.46710647242
2971.79824186315,1863.80968477763,1422.08972063153,-441.719964146102,-2636.08879336295,3996.37091851541
2982.55523122403,1537.47610884228,967.71139479007,-569.764714052208,-2756.92715883129,3664.2101603426
2948.01715310347,1201.0983569498,348.9467857367,-852.151571213125,-2991.85415257032,3281.57947383764
2816.32696888861,845.731301327572,-243.508903978796,-1089.24020530636,-3150.2518205486,2848.47683972239
2528.24050567989,447.250440838691,-663.051013327381,-1110.30145416607,-3124.06320302393,2403.38881736391
2117.56032102267,18.9424888719101,-920.59944609586,-939.541934967766,-2952.95606062312,1975.12008335857
1608.95264311881,-424.388076706397,-1100.77598119346,-676.38790448706,-2727.59995175112,1569.74187407282
1079.60000206601,-857.919644227643,-1317.19069764202,-459.271053414385,-2577.31493823122,1202.93841574586
603.033476727306,-1248.69966707133,-1643.03127676733,-394.331609696002,-2554.16223392401,853.639990443106
192.403993441043,-1583.84739290376,-2013.7852281137,-429.937835209965,-2604.11069089557,532.244583351969
-172.467374095105,-1882.71892407536,-2362.95857335855,-480.239649283196,-2671.4515184542,249.44715199029
-514.591705748362,-2141.46289645181,-2583.6377198763,-442.174823424474,-2657.27309148223,13.289807138898
-864.130303297991,-2373.17777472182,-2669.84143921916,-296.663664497343,-2576.90703473184,-154.831239454897
-1218.35517842417,-2585.68082422161,-2752.28271357045,-166.601889348831,-2539.58543525902,-276.268540850736
-1543.13726130746,-2755.15388542934,-2786.88162007362,-31.7277346442774,-2491.87761295119,-360.275734150304
-1837.5702268638,-2908.76248517189,-2892.58649804593,16.1759871259576,-2531.04678050038,-428.527139311293
-2079.13619498794,-3038.36327350986,-3011.67965683181,26.6836166780537,-2582.29596788121,-498.091605555204
-2275.6408238012,-3149.58878621498,-3082.97517147148,66.6136147434845,-2597.76441394324,-555.791983235237
-2459.50743096694,-3268.19337866228,-3153.36757653405,114.825802128229,-2634.59882026091,-591.470691226762
-2619.86591625208,-3356.72601169055,-3126.17055556303,230.555456127513,-2621.77158048725,-579.439722605657
-2752.3184427594,-3411.09921371423,-3086.44613891786,324.65307479638,-2661.227889394,-502.915997622526
-2849.3943704412,-3412.49166042747,-3009.4697457285,403.021914698962,-2727.6238741777,-362.363368813091
-2862.92950766281,-3331.46252455309,-2842.32006935703,489.142455196066,-2766.68145489887,-158.978551832481
-2804.25462041067,-3201.13716756901,-2590.80751694459,610.329650624435,-2765.6361182699,88.7257169334861
-2684.16383931967,-3035.88284242682,-2284.66718386081,751.215658566031,-2729.31798241433,356.015457344817
-2524.08811267318,-2880.88795709327,-2039.04251847915,841.845438614118,-2746.35397831071,616.357434210397
-2398.75760379754,-2786.90060185767,-1930.95555238132,855.945049476362,-2866.18676230016,842.135439107103
-2294.14119744481,-2744.08849975868,-1990.03364088106,754.054858877633,-3111.37138386365,1026.2898869094
-2221.28226183881,-2759.57665052559,-2165.15358339745,594.423067128156,-3433.40613128346,1171.31358934296
-2151.81272831934,-2798.0444785316,-2318.98112336765,479.063355163974,-3710.000389763,1292.09772307754
-2007.73710805348,-2815.62713081545,-2317.53937646886,498.087754346597,-3830.23864547591,1411.65309990136
-1811.85304528953,-2824.42526981682,-2246.47583615391,577.949433662912,-3872.81867649869,1523.07080071023
-1566.87861979799,-2826.42020429683,-2162.80321544035,663.616988856498,-3877.40708511848,1609.07931069955
-1318.68032163734,-2858.84934492525,-2204.04554091939,654.803804005874,-3961.7774892123,1650.03868645053
-1157.07053673818,-2968.20357958237,-2516.25587073047,451.947708851902,-4240.88711763942,1614.84774522641
-1082.52927699323,-3153.55914474374,-2952.12701885903,201.432125884715,-4568.93097167713,1504.98720618621
-1117.38938752351,-3421.09636366673,-3421.66343659029,-0.567072923540781,-4875.08170122293,1339.62184263376
-1230.23514179105,-3733.64522815751,-3779.62858659611,-45.9833584386024,-5035.69551439174,1140.34824567139
-1344.77200097193,-4047.14531740672,-3970.44500890399,76.7003085027302,-5018.1187386774,930.137504038446
-1465.05776339406,-4352.0883447539,-4115.84887364194,236.239471111961,-4950.0989498002,715.064228547483
-1555.67730924867,-4632.51739995766,-4346.6747952484,285.842604709284,-4941.04226391414,473.828859373127
-1650.1636548758,-4919.21718368062,-4754.88968302146,164.327500659176,-5063.80244820077,187.395815726382
-1811.63383457752,-5245.56119911536,-5295.82933333381,-50.268134218435,-5272.35886000851,-145.663431903296
-2038.14882919948,-5625.83079055507,-5884.86779437586,-259.037003820768,-5476.56811888545,-530.846001977084
-2363.90240945465,-6064.32563649939,-6361.65734620653,-297.331709707128,-5553.4184752011,-930.768801983165
-2754.77326376057,-6530.97536719529,-6641.79990151762,-110.824534322336,-5440.70534831224,-1323.1865522838
-3158.16602240277,-6985.2522919072,-6853.87888457018,131.373407337041,-5263.85031268108,-1711.10462598428
-3569.54931976237,-7401.12326131811,-7116.97006605702,284.153195261105,-5144.98754236568,-2091.5093816858
-3957.58787281603,-7766.49869926244,-7507.581217476,258.91748178646,-5133.91787893621,-2491.16433805901
-4350.16412011436,-8088.65186838883,-7985.10752167277,103.544346716073,-5193.3322983403,-2906.82272397818
-4785.00554842055,-8398.66202906654,-8436.90554298774,-38.2435139211832,-5228.99049908925,-3320.32311310453
-5263.56555786259,-8711.25963418745,-8719.50989065942,-8.25025647198282,-5108.95981924634,-3720.23630974503
-5813.09810301495,-9046.77936354445,-8904.2053493291,142.574014215374,-4919.09975655426,-4091.99018739419
-6401.62303119918,-9404.33137448528,-9067.21599484527,337.115379640009,-4719.38243965849,-4451.82414575869
-6998.03522252727,-9760.42292543924,-9269.22850756052,491.194417878708,-4547.14159505306,-4822.99674153759
-7594.23654173285,-10104.0447615693,-9549.55938719393,554.485374375412,-4446.86308435919,-5200.28224246598
-8163.44747928057,-10403.9070163316,-9798.05051255962,605.856503771943,-4312.97107530608,-5579.22058402079
-8723.60828527624,-10647.6131847855,-9966.77001932492,680.843165460544,-4125.67142083936,-5931.8713856534
-9296.4885518953,-10839.4354783798,-10021.0931517924,818.342326587489,-3880.07293375519,-6228.66655070795
-9884.48386425765,-10973.1565930564,-10075.288474094,897.868118962366,-3688.82066801522,-6471.43740748422
-10497.9985534823,-11064.4640777695,-10134.4131581073,930.050919662213,-3567.84129470954,-6649.30635635996
-11109.7506139958,-11112.8337968094,-10193.2424502271,919.591346582333,-3505.0687202102,-6768.95641929046
-11673.5397372351,-11102.9267910069,-10249.1634180761,853.763372930783,-3490.0495881937,-6838.11263035513
-12179.3987824513,-11043.5281549621,-10160.5387679717,882.989386990404,-3385.06839931816,-6852.6955320386
-12588.6497260436,-10912.0450273927,-9917.04779965324,994.99722773944,-3173.5941065157,-6818.95152067892
-12903.4781008926,-10710.3643042728,-9607.03518386904,1103.32912040377,-2938.26962979165,-6742.66802816449
-13146.7706329524,-10448.7178968192,-9294.23963656625,1154.47826025293,-2740.8125318086,-6625.89279138301
-13308.8492871271,-10118.4968302345,-9017.1025385465,1101.39429168796,-2621.80682944329,-6466.39944569871
-13442.1258089869,-9753.00631456878,-8739.84624041547,1013.16007415331,-2550.0982681292,-6259.46369054678
-13543.575490317,-9347.36598483851,-8398.16099201842,949.204992820082,-2471.69321630544,-5994.74183336707
-13605.6872419002,-8907.07215312408,-7996.95448087726,910.117672246803,-2380.14519499173,-5683.67364609281
-13635.0284060381,-8438.79402164097,-7553.05944489019,885.734576750773,-2284.63550449506,-5333.95548182659
-13584.0137954155,-7916.79411463273,-7141.29261394069,775.501500692024,-2245.41674895682,-4960.23158523209
-13463.4524862145,-7352.50016634802,-6799.13703162455,553.363134723447,-2285.51600493641,-4576.94004674824
-13269.7076328689,-6735.75740691936,-6433.06852370519,302.688883214138,-2324.44729387503,-4170.90679250091
-13006.9541601332,-6069.38563487333,-5996.74545370965,72.640181163694,-2323.22654088992,-3734.78329095153
-12715.0772746508,-5373.56590840641,-5408.89607733433,-35.330168927931,-2217.9864216798,-3251.02506029704
-12382.5788389319,-4646.01492270456,-4735.22842555442,-89.2135028498979,-2070.17567438741,-2723.86339243708
-12023.3076345571,-3908.51816646998,-4092.41100448425,-183.892838014283,-1974.89444774317,-2174.98807268124
-11633.4949412829,-3172.39213166255,-3548.16404971948,-375.771918056957,-1976.6452852561,-1627.68097391981
-11177.9955801155,-2429.55887235356,-3092.45736813589,-662.898495782336,-2047.23353567486,-1100.18100297787
-10670.2011391438,-1685.69237120197,-2572.43403171745,-886.741660515476,-2047.04584005144,-579.384711828145
-10081.7731198191,-919.029088364819,-1937.47866807492,-1018.44957971015,-1946.21507317522,-44.4322369846411
-9421.77011201119,-121.673267296928,-1215.17286554312,-1093.49959824621,-1788.88882543322,521.347127145648
-8709.78370553003,707.196003276048,-435.790585603423,-1142.98658887949,-1620.59195138189,1133.18686791991
-7917.78198514585,1588.75144284582,239.032966857388,-1349.71847598846,-1601.10850419317,1789.42622536635
-7073.79252774278,2506.44382779057,826.810604021995,-1679.6332237686,-1689.10045581531,2466.21858190962
-6146.38046541963,3474.71517937245,1425.22546992234,-2049.48970945013,-1791.54101926883,3168.0898347887
-5139.148629723,4482.55502176701,2078.5708635673,-2403.98415819971,-1848.94698450084,3879.79713142074
-4067.69221626878,5510.11973415181,2870.47250369896,-2639.64723045288,-1764.09464002665,4587.63259290016
-2923.37173698455,6547.6355392554,3765.531236981,-2782.10430227443,-1572.71072781106,5291.9321877909
-1754.93000929363,7553.74223720408,4659.67631199041,-2894.06592521368,-1359.19304545511,5973.1529277603
-556.155919475961,8527.77335984776,5509.61457067269,-3018.15878917508,-1165.13218998372,6629.70695480794
649.740129500177,9448.44080072787,6252.29029384659,-3196.15050688129,-1042.81404972038,7250.97147303754
1856.26707499761,10314.5243200184,6889.32952777227,-3425.19479224618,-985.245101381548,7831.5721231705
3079.15903520859,11135.3731782326,7440.81920443521,-3694.55397379743,-959.716977115851,8358.89036334944
4309.96560098448,11904.7310714973,7964.29588022041,-3940.43519127692,-902.878710354926,8826.97544330405
5557.0246049746,12635.0466751843,8522.76933801437,-4112.27733716992,-749.283170414214,9233.31739860198
6805.3400407345,13315.4058335275,9123.5901896531,-4191.81564387444,-484.267610088479,9570.66831832522
8037.54028420705,13938.1470475086,9758.74528567497,-4179.40176183371,-126.501817451293,9849.62210958321
9234.57723550242,14494.4515383876,10287.1510643834,-4207.3004740042,198.362781066587,10054.8752468889
10362.9783215483,14962.9616223897,10642.1695474973,-4320.79207489245,428.835147464129,10181.2943830665
11396.5078983468,15337.7596598706,10865.6088098764,-4472.15084999423,605.921541907346,10229.5573481581
12326.3701028934,15617.8276115311,10974.3801845094,-4643.44742702167,745.096603649436,10201.0121616894
13143.540459278,15807.47901652,11101.7499214769,-4705.72909504311,953.490545872739,10121.6124811345
13870.7506140506,15922.8628282946,11291.5671880562,-4631.29564023836,1262.32312415029,10003.8621870742
14527.681135096,15982.8786713155,11500.592169506,-4482.2865018095,1618.34429304897,9857.83179299825
15141.298954163,16011.0056006647,11693.3191069688,-4317.68649369589,1978.66725531357,9691.03983861696
15740.9213516089,16025.7838407626,11811.3479182662,-4214.43592249638,2288.87642028301,9499.65652611465
16313.620550693,16024.5895807334,11864.5783111676,-4160.01126956587,2554.07453353265,9288.57837535891
16868.8050627292,16006.8398701402,11945.7544449665,-4061.08542517371,2847.66136945168,9077.1350727827
17379.8327352008,15955.5510784311,12070.136842697,-3885.41423573418,3176.55713588901,8873.60600502587
17838.9571644005,15859.2154005141,12213.2552612201,-3645.96013929394,3514.95460246043,8679.17829289895
18257.6686229949,15725.7914327677,12303.9138060223,-3421.87762674539,3787.61312589654,8497.73111514291
18613.6941508753,15539.0445797344,12271.522466006,-3267.52211372839,3952.26221466272,8300.87975760545
18923.6659696262,15307.6098769243,12127.4717158947,-3180.13816102959,4030.39423041158,8078.50373034224
19170.5594620206,15023.3561905132,11970.0585986578,-3053.29759185539,4128.12450675781,7822.82244168777
19354.587533459,14687.0111532235,11855.3696284848,-2831.64152473875,4306.14407706827,7529.35510584212
19492.4642476977,14313.4167004011,11802.7312027008,-2510.68549770032,4570.8590083354,7211.17203441488
19583.3000561431,13898.3938897966,11722.4186097684,-2175.97528002827,4836.81102659876,6864.16617150189
19639.7271005593,13457.7238177262,11496.7092453861,-1961.01457234006,4984.3899667367,6490.32429165033
19640.4090255513,12972.8685849573,11112.1639360802,-1860.70464887709,5008.97459138982,6080.80328838241
19585.6160053689,12447.0230667119,10611.9377126042,-1835.08535410769,4938.95937268733,5650.21539526848
19467.8441793638,11875.7349073447,10102.9213776118,-1772.81352973286,4875.75136907315,5203.79935926681
19298.4862443224,11261.7935405701,9644.00695822227,-1617.7865823478,4867.97170991481,4751.68201704856
19103.5474590156,10628.781351408,9227.1483803136,-1401.63297109441,4903.45183923295,4297.94671058509
18893.6916756626,9977.09743727822,8736.23762268633,-1240.85981459189,4892.19920645734,3816.5472438139
18685.5522908235,9319.55001394683,8156.96837036778,-1162.58164357903,4820.12563492796,3307.44929967446
18459.0843599736,8635.43271339764,7490.18781938376,-1145.24489401385,4708.45404511769,2750.45684801586
18191.2392143519,7911.53682155302,6819.31311651159,-1092.22370504144,4633.29691238333,2152.94500169019
17843.4514129324,7128.03136045357,6219.46350031191,-908.567860141642,4666.22033181725,1518.4709304786
17389.9854512631,6269.48054106006,5595.90458204312,-673.575959016929,4721.35810573196,838.18903731999
16818.9749495066,5336.50506803748,4890.81731314984,-445.687754887614,4747.36551254853,105.578884519335
16121.3473241104,4325.22511834147,3998.58777857159,-326.637339769842,4657.35906253851,-698.1876870804
15294.7634452772,3245.79533994206,2926.82383245824,-318.97150748383,4456.50654330597,-1570.6775605952
14341.5136768661,2102.70889123256,1805.90548643894,-296.803404793594,4273.39579743872,-2510.07849214722
13281.0175630768,920.052311914662,685.491559316009,-234.560752598631,4127.66238707036,-3486.29769931775
12131.3044870586,-286.948672530077,-363.834464542022,-76.8857920119256,4071.51602693525,-4480.81622419838
10929.9299952111,-1493.94743695954,-1362.67726547092,131.270171488635,4074.59042158497,-5483.84322474435
9697.30772280311,-2677.45688798538,-2417.76385581166,259.693032173763,4015.11731230114,-6480.32369214406
8442.50533707938,-3837.45223036759,-3496.46847646004,340.98375390756,3930.98187592575,-7475.57992670688
7152.28955540067,-4978.09709911854,-4613.50119898083,364.595900137728,3802.41801123785,-8464.60929535382
5807.01878188337,-6110.45876099631,-5672.35891231443,438.099848681892,3716.80961959604,-9438.31074901522
4384.29997035588,-7241.03966409751,-6684.8206651219,556.218998975624,3657.26478715545,-10391.6115641884
2873.56316485636,-8364.43007813976,-7651.5818474359,712.84823070387,3618.617514395,-11320.0112639025
1287.52619276956,-9460.90706393554,-8587.71792861733,873.189135318226,3579.34068666525,-12217.0398829886
-371.38300188955,-10522.2760648272,-9545.00495670645,977.271108120739,3489.49613984053,-13084.5054813613
-2078.70836935459,-11534.8196841305,-10473.6596963888,1061.15998774177,3398.44052037402,-13922.0183284832
-3822.98855327209,-12487.8969018587,-11402.6392114235,1085.25769043517,3264.86441867645,-14717.2836113114
-5578.50565465015,-13368.8215598271,-12254.9163671389,1113.90519268825,3149.7722104928,-15454.2654100197
-7317.08496058931,-14154.4461934309,-13028.3502204685,1126.09597296236,3039.61365261081,-16117.2118676808
-9032.00742160163,-14840.4377822325,-13683.0803118163,1157.35747041616,2966.49021742254,-16698.3792455138
-10691.8799534101,-15407.0145220168,-14191.3870920215,1215.62742999525,2944.97056113677,-17184.6683754754
-12295.9836289331,-15861.0742004696,-14593.7567833501,1267.3174171195,2940.75054284121,-17582.257411538
-13838.3512152457,-16214.0216364497,-14889.3550428917,1324.66659355798,2950.52014695766,-17887.0221427884
-15312.3452914145,-16467.5636290903,-15078.6210810292,1388.94254806112,2965.54041623193,-18090.5925305926
-16733.2207267847,-16639.8331532864,-15193.258656692,1446.5744965943,2967.19199818057,-18206.0232703735
-18096.7021280381,-16724.2423363059,-15272.2151451776,1452.02719112828,2913.25404690277,-18230.0424743558
-19403.9451681692,-16714.7889431887,-15245.0664612083,1469.72248198033,2881.86896867327,-18170.4016072626
-20622.1347600073,-16583.5187419232,-15154.1675192634,1429.35122265979,2817.1151418255,-18013.6437644232
-21733.1125556412,-16315.6973155078,-14953.3727680683,1362.32454743943,2750.25101448043,-17744.8650548229
-22700.9253768818,-15890.6868785756,-14559.0521827184,1331.63469585719,2745.5910447551,-17344.7809550994
-23512.3608688173,-15304.795202832,-14044.8136408668,1259.98156196514,2718.47632001929,-16802.3322207166
-24172.6435221271,-14565.86699008,-13360.2772027056,1205.58978737444,2723.79818548729,-16121.9643007298
-24662.8614073361,-13661.9019729584,-12492.3994197643,1169.5025531941,2772.19704171169,-15301.3259547875
-25004.1541382793,-12612.1812835991,-11509.2910903744,1102.89019322475,2810.44484126437,-14355.2710521527
-25168.6984895013,-11410.6040444224,-10332.5781990604,1078.025845362,2913.69761227058,-13280.6111713051
-25162.3935991539,-10080.2838381335,-9002.98613139253,1077.29770674098,3048.14877785194,-12084.3628898811
-24969.0188695983,-8633.53923056491,-7554.02533983042,1079.51389073448,3185.4622386073,-10771.6947264613
-24582.2711372987,-7079.79508317838,-6007.13514518206,1072.65993799633,3308.66800573199,-9347.14958464946
-24006.3902245723,-5436.32451015826,-4411.8572866322,1024.46722352604,3381.22218936228,-7823.76244381299
-23222.7015085102,-3697.14990921636,-2772.42855393373,924.721355282608,3410.27228422603,-6212.86349860701
-22247.5721440596,-1874.3325999948,-1097.83091381452,776.50168618025,3396.92778884534,-4524.59887879563
-21065.7395850432,32.9074745444226,652.980937147389,620.07346260297,3394.13825730723,-2770.94780636653
-19693.7877884215,2011.80596030595,2441.7284088466,429.922448540625,3376.96778811247,-965.337319058138
-18123.5632217863,4054.97146627156,4317.02109863065,262.049632359074,3405.11902864684,880.99127385314
-16369.8855789292,6144.2422388676,6250.74841140968,106.506172542047,3475.27295133558,2743.22420177336
-14449.9668465518,8254.17542151746,8221.79509956702,-32.3803219504405,3584.87328902397,4602.92463643441
-12387.8432211697,10360.1800038437,10216.4496437189,-143.730360124753,3749.43064030304,6430.9453615153
-10235.3028865,12423.8994405005,12161.9147191482,-261.984721352338,3913.59178224117,8210.02496197047
-8013.42961905507,14431.6965062873,14047.8501986779,-383.846307609401,4074.53373520634,9932.75377484513
-5744.31746899991,16372.405602154,15822.9210191431,-549.484583010908,4182.7470208501,11597.3067076414
-3433.94366298348,18232.4138493663,17483.4902672474,-748.92358211891,4235.64735188655,13202.7332677023
-1085.40687673559,20007.5573027786,19077.8179210925,-929.739381686154,4290.30542763034,14740.2074483882
1300.03631366635,21682.0235876519,20585.6468045253,-1096.37678312661,4335.5212412182,16200.6759237205
3714.29653591162,23247.2101204083,22020.087316272,-1227.12280413634,4403.28295911666,17565.2557550132
6158.39607537641,24704.4088837539,23381.0084496892,-1323.40043406475,4495.29981308819,18832.0898085083
8634.029746617,26065.120970569,24611.8575180588,-1453.26345251018,4554.39611673274,20001.8007531331
11144.8727696664,27330.8513738856,25768.705184628,-1562.14618925755,4637.76860341181,21073.2805460373
13682.4786556211,28498.5693498278,26812.092537045,-1686.4768127828,4711.99766564001,22040.5382004345
16235.5512099081,29570.1849935891,27752.7518846422,-1817.4331089469,4793.70604619178,22897.6903345757
18771.8901262781,30527.9434129287,28588.9029397226,-1939.04047320611,4891.65229304598,23634.274500266
21269.0213167686,31374.4411226778,29288.3980574832,-2086.04306519463,4975.8168700308,24248.0889214682
23681.9214655931,32082.0954624862,29836.6349873264,-2245.46047515981,5038.31420533135,24732.3625705626
25981.2639989245,32635.3862858908,30228.5599338248,-2406.82635206597,5079.01826511557,25082.1481699022
28157.8027587904,33026.1894685814,30477.0806216993,-2549.10884688205,5106.14081126113,25302.1778677695
30181.7385411494,33243.5726890888,30588.918495237,-2654.65419385182,5138.05215864902,25380.9214918875
32059.7223251642,33302.9828644789,30609.9932774757,-2692.98958700315,5215.29586628821,25323.7744100936
33773.6728888925,33208.0495803976,30515.8500366893,-2692.1995437083,5318.88852879127,25125.3506873194
35332.3293432838,32971.5754498692,30255.0428991176,-2716.53255075154,5405.39715125825,24777.6485802317
36729.898220599,32589.9753075459,29834.283960314,-2755.69134723189,5477.71456581799,24284.4642857988
37982.1590604053,32074.1889239428,29255.5309646102,-2818.65795933255,5531.46254588715,23652.1555293527
39088.7531939191,31413.5161979295,28507.6971881531,-2905.81900977641,5559.36807775771,22876.8305248959
40032.4388140523,30605.2895105982,27644.5872658707,-2960.70224472754,5617.34817233781,21956.3518877114
40817.0143900006,29662.7915581221,26626.1132307338,-3036.67832738835,5666.74086146481,20889.3580562157
41410.7069913818,28578.9667572109,25454.44153855,-3124.52521866091,5715.12952379913,19670.4521724931
41813.2633421731,27362.7501023896,24173.6850734372,-3189.06502895241,5795.61219382843,18310.6286425765
42009.7290232077,26006.6618564122,22773.0773875959,-3233.58446881626,5885.38998227244,16821.8641277338
41992.9034638862,24502.4598519988,21285.033060137,-3217.42679186185,6004.71390208849,15216.2908902116
41739.3364039152,22838.1399758067,19674.8568056571,-3163.28317014956,6112.86713666773,13499.8273515626
41237.46791316,21023.3615377673,17974.2197670711,-3049.14177069619,6229.10155975248,11684.8586865124
40486.649974681,19079.1952705101,16199.0151634304,-2880.18010707971,6361.2871100001,9779.40299924499
39489.6148690644,17032.6574769525,14340.64745548,-2692.01002147251,6490.49777396981,7793.77016873543
38277.3575603646,14917.2252780486,12473.6622176961,-2443.5630603525,6672.07879553057,5747.26873285125
36860.1273964808,12742.5822726548,10564.9169411959,-2177.66533145887,6857.62091427514,3655.18865867143
35256.4690259615,10515.0780481086,8619.76637951896,-1895.31166858957,7042.36066863695,1527.61961379718
33469.4448193742,8239.34684097341,6620.51051535548,-1618.83632561791,7199.15865329104,-626.201017141315
31507.8294543762,5934.85774169868,4592.93861491575,-1341.91912678292,7338.88781233694,-2791.49156782321
29387.2698952967,3633.1124180251,2578.22513612737,-1054.88728189773,7487.28101517444,-4952.87704556544
27123.3250660072,1367.15609126634,581.744893830611,-785.411197435701,7624.70675968201,-7085.36413087398
24748.4026462731,-833.170832998789,-1316.43528939021,-483.264456391407,7812.26328227283,-9169.82206350449
22274.0116523679,-2967.73952881593,-3206.40195451452,-238.662425698586,7954.46783327255,-11200.8254012015
19707.7038363371,-5046.77997002636,-5061.89946026547,-15.1194902390821,8074.7635241525,-13175.4537125608
17047.4229090842,-7080.28217692264,-6886.07735748307,194.20481943957,8167.89181594956,-15091.6188437393
14286.3471504156,-9078.04190961969,-8716.27724225097,361.764667368713,8191.93524180858,-16944.725653066
11429.4210854747,-11032.6376491397,-10473.5179217134,559.119727426296,8214.6299986659,-18723.5384433966
8499.32762967441,-12917.4573803468,-12147.2805553254,770.176825021401,8228.74363822348,-20410.3217545874
5529.89750249989,-14703.1596754576,-13719.6216258203,983.538049637335,8236.78705109171,-21989.5120008285
2560.4632658539,-16364.5092962792,-15180.0364348333,1184.47286144585,8232.77625996561,-23444.696715201
-376.910371785478,-17881.798177436,-16512.2500791475,1369.54809828846,8215.14493521761,-24757.9930653227
-3270.93440173727,-19261.1867506699,-17713.5378278357,1547.64892283414,8184.21172594131,-25927.0842392551
-6110.73577963982,-20502.6237326246,-18775.1537872663,1727.4699453583,8142.58075314317,-26945.9944578932
-8888.4357612477,-21603.1725141077,-19685.5014907554,1917.67102335235,8093.85223870436,-27806.85430057
-11569.9474647853,-22538.2418734138,-20390.4240983736,2147.81777504019,8079.10772008418,-28496.6659369604
-14128.0050720049,-23280.7347530383,-20893.2484688102,2387.48628422805,8086.19010645064,-29006.5749982251
-16541.5927040478,-23816.840400655,-21222.2338421533,2594.60655850175,8079.67058479022,-29329.3669040914
-18794.7570691058,-24129.0589256036,-21339.2045865224,2789.85433908113,8085.57676663951,-29452.7074629531
-20890.6672482172,-24236.4901858072,-21285.8974211343,2950.59276467291,8066.33432308284,-29380.6151089403
-22814.3195312285,-24145.174015861,-21034.4694143184,3110.70460154268,8044.9565372407,-29108.1133342701
-24572.0915441612,-23874.4668036565,-20596.3062568435,3278.16054681298,8024.89433809542,-28650.0236330321
-26153.7373263304,-23433.6732594977,-19996.7073990794,3436.96586041822,7992.57890875485,-28018.0744025988
-27567.6681986156,-22835.8284815342,-19297.3214099597,3538.50707157455,7910.0342863997,-27235.9933260975
-28820.5781627206,-22090.5806422959,-18548.4513213868,3542.12932090909,7745.7363098933,-26322.6703819112
-29900.874382594,-21194.9821548397,-17756.8422889569,3438.13986588287,7490.6353175871,-25275.7504816384
-30802.7162739488,-20159.2032652369,-16913.7164934059,3245.48677183102,7162.66572080189,-24104.4595364254
-31493.8530559523,-18973.8900598787,-15933.7199501129,3040.17010976575,6838.80537496749,-22800.3679836784
-31972.182686738,-17655.4167055836,-14815.9370633801,2839.47964220341,6529.04496630575,-21372.5263455722
-32231.9535958174,-16211.8693284277,-13536.0168882486,2675.85244017902,6272.29159782381,-19835.5714082138
-32289.9586731634,-14659.7487246975,-12133.8946122367,2525.85411246082,6041.39918994282,-18202.2285777979
-32148.1290239628,-13005.7195160392,-10606.5518047377,2399.16771130142,5847.78019579024,-16480.9448096525
-31804.9550511736,-11252.4210788903,-8968.43566291484,2283.98541597549,5679.38092113335,-14674.0514621326
-31266.5042616631,-9412.71600249357,-7212.30207203016,2200.41393046342,5547.91045268939,-12785.9393492383
-30515.4152460846,-7488.23860820814,-5320.84374905035,2167.39485915779,5473.30946730571,-10819.2507687736
-29561.7091569136,-5492.06566069328,-3347.68866563708,2144.37699505622,5414.84271610047,-8786.82874131444
-28397.2144360223,-3428.59042714471,-1275.87325314523,2152.71717399949,5396.29414671911,-6695.51376064533
-27033.5480905535,-1302.39054839041,847.339961235216,2149.73050962562,5380.39113126719,-4555.28686308277
-25483.0163369772,882.082463067907,2974.51339191743,2092.4309288495,5328.82653194508,-2375.2631367094
-23760.751866322,3110.86349609625,5105.42913314962,1994.56563705336,5251.00010204438,-165.123537263147
-21891.991358085,5368.18824748918,7248.92723150973,1880.73898402055,5172.30283429918,2058.47221828131
-19889.7487937121,7638.96374287862,9395.22476797037,1756.26102509174,5085.51588576006,4292.9125489344
-17767.4321653761,9905.87181302593,11580.7228288833,1674.85101585733,5039.36368219237,6525.76803793218
-15518.7960366362,12162.4695659696,13757.7417655897,1595.27219962006,4996.23219521396,8746.83449956842
-13130.2432322029,14404.616399919,15906.5820179081,1501.96561798908,4944.13566182452,10948.3678928851
-10596.7025891803,16622.0073214002,17969.3161580596,1347.30883665941,4849.20675706103,13106.2963585316
-7929.26452284814,18811.0154449481,19943.1163513382,1132.10090639013,4717.84266155249,15211.4426200266
-5155.16097705774,20961.4886111315,21833.4560121396,871.967401008113,4564.27297879106,17255.2049985858
-2308.17063234458,23055.472599482,23634.0627785593,578.590179077236,4396.53058521416,19223.4341560901
593.900156420935,25074.88987974,25374.3174486769,299.427568936878,4254.86572146815,21105.3536509158
3536.32199787848,26999.0150789852,27055.6920679836,56.6769889984086,4152.75711832717,22888.8921382537
6521.77534413021,28813.0580970527,28639.4292007067,-173.628896346023,4074.7878366904,24550.6408462347
9541.17680845803,30497.5960826895,30097.9858074359,-399.610275253645,4008.09280966425,26075.7304501272
12587.0540820405,32058.4753189133,31431.7542793579,-626.721039555401,3956.03057089982,27460.9502183318
15644.7265409308,33492.66546228,32606.6144052002,-886.051057079728,3890.92255164538,28699.7717188827
18688.9989246509,34796.1119775071,33645.5338002399,-1150.57817726729,3831.39435062106,29796.520815121
21698.955970186,35964.5520809373,34581.6473223172,-1382.90475862008,3812.30352666056,30749.6497470601
24649.0891465829,36977.014320289,35391.6325271355,-1585.3817931535,3813.47272618597,31556.2193638813
27508.7920600512,37810.332994612,36078.6882654657,-1731.64472914622,3855.04207232946,32199.4333743659
30248.7187513654,38441.2099918725,36599.7368678131,-1841.47312405937,3913.50109311661,32659.8557719853
32840.9105810962,38857.2390662931,36932.8435035158,-1924.39556277733,3978.40566046332,32926.0778008043
35267.457378639,39060.0521372638,37078.5748499592,-1981.4772873046,4051.78442310531,32996.6669356864
37537.0638367424,39069.7407314257,37053.5309011081,-2016.20983031764,4134.35762830274,32887.4775191329
39649.3772704395,38897.1161975475,36877.3132588026,-2019.80293874484,4226.59509046515,32617.6796139333
41603.1414805746,38551.8147446476,36588.731331725,-1963.08341292256,4360.16157245259,32194.430652658
43382.0028456672,38032.1383209902,36173.6868598335,-1858.45146115668,4520.6936643063,31617.9682333588
44961.2318348053,37330.5214854159,35603.1012602036,-1727.42022521234,4686.57502014366,30880.76399051
46312.2766790803,36443.1783902067,34820.2473870349,-1622.93100317175,4814.79116569875,29969.01825387
47436.3837954886,35378.6555494257,33845.4241690263,-1533.23138039948,4915.7011592119,28892.5611899297
48337.6013882046,34150.7588642947,32693.9661873183,-1456.79267697638,4996.9845094618,27658.9346580153
49019.321456681,32768.6401519571,31333.1595800343,-1435.4805719228,5018.04667888868,26276.0223670082
49496.3311178546,31249.2457614798,29846.9131879284,-1402.33257355129,5046.73370314303,24759.8851794987
49758.8203914787,29601.1730435323,28152.0050355939,-1449.1680079384,4998.077795184,23112.3148463337
49804.6194204833,27832.6986052414,26253.0963574541,-1579.60224778731,4877.3802239454,21332.748228596
49634.0237144133,25955.5801413725,24211.8074938524,-1743.77264752014,4741.16243288684,19426.3314057637
49253.4486368874,23978.6699948664,22017.116062073,-1961.55393279339,4578.48105501584,17393.0477173596
48662.3160524811,21900.0021490811,19735.3363326429,-2164.66581643817,4453.87783999806,15234.7697470698
47856.1711433011,19726.4266161419,17381.1498902086,-2345.27672593332,4368.64548472974,12964.9863349679
46804.8366811051,17452.0949854616,14934.760772555,-2517.33421290654,4298.19253952153,10588.6085563792
45501.5079677087,15085.3648283777,12394.0217581418,-2691.34307023581,4220.66666114256,8125.40718136376
43953.385950097,12643.0915947229,9823.00130912793,-2820.09028559496,4176.66528098063,5598.84110220322
42174.0123232762,10134.807297537,7164.86692280015,-2969.94037473688,4100.87170602062,3017.31531115581
40192.0949243423,7578.78177481028,4498.18268313318,-3080.5990916771,4058.33314135209,394.229723340382
38010.8785337908,4977.93609045419,1888.14229904586,-3089.79379140832,4105.59021345741,-2261.82694080153
35632.8330425652,2339.07870945829,-718.520878956081,-3057.59958841437,4181.99914637641,-4943.55045102819
33044.0837973285,-334.25761563977,-3265.91011391521,-2931.65249827543,4331.87808642501,-7639.3221801712
30252.2760955324,-3023.31558309305,-5816.9024306296,-2793.58684753653,4466.83458263248,-10323.6154900845
27281.2872558948,-5705.04459420272,-8408.78750047185,-2703.74290626912,4526.51022009877,-12973.3390063392
24154.6895139813,-8358.38432534461,-10970.7738286418,-2612.38950329714,4563.49916196752,-15570.2818610707
20895.7798875873,-10967.6387535222,-13474.4687050227,-2506.8299515005,4589.8179605558,-18098.1828436878
17518.1831239256,-13529.6588084883,-15881.3721573546,-2351.71334886629,4644.71200051918,-20557.8272780089
14039.1077802529,-16034.1065608862,-18160.8892478229,-2126.78268693674,4752.37758841251,-22942.9457733606
10477.3291012102,-18466.5937486225,-20303.5544961354,-1836.96074751283,4911.26756909392,-25242.5837827321
6853.92358902013,-20803.1486323419,-22342.7315503634,-1539.58291802147,5071.28492005667,-27440.0299540811
3198.80276469355,-23014.9780041932,-24246.4344093157,-1231.45640512242,5234.70913773338,-29505.6562310245
-469.551942886139,-25087.9805110267,-25996.2247343681,-908.2442233414,5405.12517394972,-31424.5597080632
-4124.73997997876,-26998.8922044812,-27535.728343239,-536.836138757852,5616.74980936287,-33174.5812017031
-7743.67451983124,-28746.0715380149,-28847.5997816159,-101.528243601018,5880.57393194866,-34749.3375104517
-11311.7484956856,-30331.047053868,-29973.7683759594,357.278677908626,6158.69821369172,-36152.8438754313
-14803.6378834255,-31746.0333472376,-30922.2355927562,823.797754481429,6440.42475547318,-37382.33799832
-18201.8397019722,-32982.5142885,-31724.0910571312,1258.42323136881,6685.32443720695,-38428.4394209721
-21480.4634159533,-34016.4442549192,-32342.0241599252,1674.42009499398,6910.11897765874,-39270.5590667337
-24633.6199467547,-34841.1535119343,-32740.3478430513,2100.80566888301,7135.76118303035,-39893.9597524482
-27632.0609729548,-35432.1819196345,-32891.6720388499,2540.50988078461,7360.99581011822,-40270.0917747155
-30468.5256629859,-35804.3419247197,-32794.6817428064,3009.66018191339,7602.15179245916,-40413.9888793048
-33125.4176706048,-35966.1194542586,-32509.4820437666,3456.637410492,7808.5257239213,-40335.0684289642
-35596.4451164725,-35927.1744093368,-32067.8693484351,3859.30506090173,7961.55106416164,-40046.5165476349
-37877.6557249905,-35698.1438315164,-31519.5507720144,4178.59305950202,8028.00600120325,-39564.778659057
-39947.5886060162,-35261.9610304217,-30851.3869605204,4410.57406990134,8009.42748008218,-38878.2414890883
-41804.7617129905,-34618.9549084968,-30005.4335523645,4613.52135613234,7960.98462554248,-37984.0530762849
-43429.9739796146,-33764.8618690684,-28963.0010401222,4801.86082894626,7894.51147570486,-36875.4236007802
-44820.7998232914,-32709.0211280172,-27757.8093132515,4951.21181476571,7787.76348709161,-35563.8266332588
-45982.6325075288,-31473.3538616216,-26452.518742373,5020.83511924865,7602.04332611402,-34073.2527475968
-46917.5765970174,-30072.5797532403,-25117.0173744418,4955.56237879856,7292.47403223531,-32428.7569775138
-47613.4963474553,-28506.0756699903,-23740.7607397648,4765.31493022549,6880.14267541927,-30640.8943017026
-48091.4672669005,-26792.073084172,-22307.9487929844,4484.12429118761,6402.29637298461,-28731.1288895508
-48334.2818052102,-24929.7849312972,-20760.3352283808,4169.44970291643,5923.90454087546,-26706.1241322603
-48338.5078207766,-22926.3644865022,-19082.1165656171,3844.24792088507,5464.49090525255,-24569.6230844997
-48092.6355403195,-20787.6354285124,-17304.807676269,3482.82775224341,5003.12182105631,-22332.1748712967
-47575.8012932869,-18511.9319352468,-15447.6454974264,3064.28643782038,4522.55384551157,-19995.7406911129
-46813.2475511809,-16118.4612970024,-13544.8616169835,2573.59968001888,4007.06039345966,-17578.8294604888
-45802.6128176197,-13617.8178436637,-11592.1658504827,2025.65199318096,3474.72817978898,-15095.1820271075
-44572.3207556725,-11035.2263458465,-9539.34648381214,1495.8798620343,3000.87409287484,-12569.8371740095
-43123.8557511733,-8387.94325505939,-7410.17210937709,977.771145682291,2581.01146467826,-10021.9964238633
-41464.7248713009,-5682.54757805292,-5197.78569105372,484.7618869992,2230.95146016927,-7460.47485684635
-39603.8999276391,-2927.84281929848,-2886.33293183223,41.5098874662581,1970.97609202993,-4889.62505655951
-37534.6095387598,-121.475079280333,-547.883870355501,-426.408791075161,1725.08017244647,-2305.55277508909
-35277.3271562477,2724.8365592038,1813.14847313285,-911.688086070935,1495.89504207649,284.67922196912
-32840.0111750867,5597.97141470877,4217.50574256826,-1380.46567214052,1315.22541667629,2869.94765410872
-30236.1850109503,8484.24415890285,6617.18517126508,-1867.05898763778,1153.00935187855,5432.21800808036
-27474.3049968861,11366.6130265335,9035.20350006263,-2331.40952647082,1049.77522418188,7953.97461013492
-24556.4342944259,14237.6488600871,11466.2399983065,-2771.40886178064,1007.83569872072,10427.4811612989
-21494.213974679,17082.2824394556,13855.5549807083,-3226.72745874735,983.695705288813,12841.4199340089
-18291.2027470523,19910.9551198865,16229.2477052403,-3681.70741464627,998.128013992746,15201.0507115569
-14968.170700482,22713.8403357525,18569.067178483,-4144.77315726946,1046.61896713168,17492.5597955828
-11539.0844065247,25483.9499382537,20836.9134806256,-4647.03645762807,1103.65561687993,19703.4024616071
-8016.00084068144,28201.11063145,23047.2937915145,-5153.81683993551,1200.4703778708,21816.8940702057
-4420.6465140005,30831.892547498,25169.1568125028,-5662.73573499517,1330.17660684008,23808.9007375431
-772.047728307607,33371.0479237096,27209.5890513713,-6161.45887233828,1496.33925886552,25682.9097155065
2917.10431228819,35804.9409088927,29175.3347750526,-6629.6061338401,1710.12390801706,27434.4489094711
6633.65540472144,38145.5584269387,31081.9754676627,-7063.582959276,1976.76597483956,29073.8341063821
10362.16904287,40392.484617808,32926.5717815314,-7465.9128362766,2293.57992958163,30600.8244073996
14083.0327575621,42532.3448341301,34690.6529671283,-7841.69186700182,2653.89894938046,32003.6224779011
17779.6976311468,44554.4111083888,36381.6335925555,-8172.77751583336,3075.39389211552,33272.0344322065
21446.0357066771,46441.9491964169,37968.419858013,-8473.52933840382,3541.77906044359,34391.2565135634
25073.2155767091,48193.848259487,39469.745630913,-8724.10262857402,4069.91412502892,35363.1791124823
28652.9344343513,49808.1543534175,40911.6891631756,-8896.46519024189,4686.04090159617,36187.7017572413
32174.4728067102,51287.3338620503,42310.9254169033,-8976.408445147,5401.44006684179,36870.2934106681
35599.3998553743,52612.8062977272,43670.6450678749,-8942.16122985229,6220.69184634024,37409.6169654309
38928.5963391874,53790.2585574919,44982.2688441144,-8807.98971337753,7122.25789021311,37818.6605374773
42140.9863990605,54812.8657861461,46218.1330177275,-8594.73276841861,8070.78906267659,38105.1394427576
45231.6213772065,55677.2622244601,47342.9046652784,-8334.35755918169,9030.33988008639,38269.7073646287
48185.0471486918,56376.7766497605,48367.8411406988,-8008.93550906167,10008.7480365437,38315.8408338468
50967.21841347,56887.6601292174,49242.7640875869,-7644.89604163043,10966.0868414945,38233.2917695924
53587.2083411332,57211.8816745244,49986.5908451942,-7225.2908293302,11921.8509979735,38021.5064095475
56027.0172390309,57341.9985459067,50640.8654548337,-6701.13309107292,12911.9898470292,37686.0549852012
58308.7060098258,57306.4470848004,51203.8444629793,-6102.60262182111,13913.2315051895,37248.4365688835
60429.2983108033,57116.9983192308,51667.6563968283,-5449.34192240256,14910.2439708791,36716.1166267944
62365.0237065777,56768.7782199638,52024.3235843683,-4744.45463559549,15896.1483657482,36087.9107545006
64113.7870932486,56265.805055807,52228.243017114,-4037.56203869299,16823.727819689,35365.3765242116
65650.4528960455,55588.033535728,52267.8483654689,-3320.18517025914,17691.8913226539,34537.9571235578
66977.9554411745,54736.4523491158,52131.6499378768,-2604.80241123892,18488.5047389394,33606.2452715723
68103.0516440297,53710.6648059388,51832.972537811,-1877.69226812781,19220.2196661912,32576.9139419816
69021.1021478561,52518.1035849244,51348.8984928047,-1169.20509211972,19856.0623979202,31458.0406212314
69729.3518385265,51170.0321767524,50672.4035327799,-497.628643972502,20383.7157148807,30254.9905407996
70227.3276521136,49671.9553392725,49808.5882417993,136.632902526793,20807.9619831071,28968.1574591926
70510.4531822558,48038.9812371515,48747.3476286877,708.366391536283,21115.6156729917,27600.6652463528
70579.8458166721,46266.7511676186,47488.0831828322,1221.33201521355,21310.0339195568,26148.5273206697
70436.0188997704,44361.9097786379,46053.7024777954,1691.7926991575,21413.559902664,24612.2687371167
70087.2563672741,42330.0854420075,44441.7712977714,2111.68585576392,21422.1040650808,22993.4423543579
69545.6399380235,40183.4885647551,42681.7012989828,2498.21273422777,21363.9621628467,21293.1127472504
68815.8913323412,37932.8175553103,40810.6264624761,2877.80890716583,21272.6152761618,19514.862313205
67891.8197989985,35573.5219494213,38785.4905831146,3211.96863369325,21105.7083523835,17657.9579893548
66773.527205077,33113.1957931713,36648.24159219,3535.04579901868,20896.4556756495,15731.1880698987
65453.5737671618,30540.0078309587,34379.7111459877,3839.70331502904,20621.1165109093,13739.1707386126
63937.5186893671,27874.0127547971,32009.6547693739,4135.64201457684,20293.0157476759,11698.3980923311
62218.8679229509,25120.0578823198,29566.4562322114,4446.39834989164,19936.1976231841,9613.22622831044
60314.1537575108,22302.3553075342,27045.1985475134,4742.84323997916,19541.01436038,7488.40277779689
58222.6281254134,19434.2079523853,24482.3960712205,5048.18811883524,19136.4920792825,5331.36505034463
55949.1763692702,16514.8349986187,21858.6520307734,5343.81703215464,18701.8187725153,3143.44901437397
53517.232207545,13565.5861581852,19189.6456113676,5624.05945318243,18235.352203846,941.873083240778
50918.7684350184,10583.4480625938,16477.2210110873,5893.77294849344,17733.4776846177,-1267.96232563215
48181.9060966917,7595.72774428025,13724.234552679,6128.50680839881,17185.0095923361,-3472.00516374446
45309.6860083337,4603.40931195262,10970.4603795281,6367.05106757547,16629.2648486589,-5669.67893716506
42301.0400975059,1606.00394706765,8231.18168609266,6625.17773902506,16082.2097875126,-7861.55548008735
39169.5425652926,-1393.88982861778,5516.25993006119,6910.149758679,15548.4281616821,-10042.2942530225
35951.6388302707,-4369.71718208384,2868.84901952052,7238.5662016044,15053.9375153877,-12194.7485577171
32666.2690056988,-7295.23181640534,266.796044856452,7562.02786126182,14554.8816099777,-14297.2727350179
29324.3053386817,-10152.8592332467,-2233.63587698245,7919.22335626433,14089.5486926196,-16331.8555249543
25929.1394226026,-12927.6618674674,-4647.73048870991,8279.93137875745,13626.6450835367,-18282.5270001738
22435.806131431,-15655.6497426536,-7016.13051008858,8639.51923256497,13136.9253099891,-20160.7676772683
18872.4178938156,-18330.2269314171,-9301.62491852933,9028.60201288774,12655.6028977043,-21964.6234447438
15252.6454678023,-20949.6427551641,-11514.1431621271,9435.49959303705,12169.8349968999,-23691.2341496638
11625.1671899601,-23487.2543690495,-13609.799749213,9877.45461983655,11713.3273054316,-25330.3998875047
8016.06103326347,-25916.7368854105,-15579.8992227598,10336.8376626508,11281.3908496176,-26868.7763775311
4416.13000868907,-28235.4381408521,-17466.9699428711,10768.468197981,10822.3749562932,-28297.2194153569
819.439655212091,-30446.5443304396,-19264.7653525316,11181.7789779079,10339.8484368139,-29612.9987581698
-2807.71431619293,-32573.5072858766,-21008.4070328418,11565.1002530347,9794.22096294607,-30811.6355415047
-6432.84341004595,-34606.1047567613,-22658.3872115989,11947.7175451623,9212.64717285839,-31880.6154834567
-10020.7942987263,-36526.1688584312,-24148.2668737278,12377.9019847034,8661.57196717361,-32819.8201874261
-13529.7622621056,-38309.2428215175,-25491.7226028162,12817.5202187013,8114.71595836437,-33616.6491101079
-16941.9766355047,-39942.5839085653,-26681.9414342378,13260.6424743274,7585.36018680925,-34277.5221663364
-20252.3024727195,-41422.2102486848,-27734.5656331079,13687.644615577,7055.911768248,-34800.4874334912
-23452.8355497926,-42747.4131274254,-28696.8534431986,14050.5596842268,6469.46812563624,-35175.9398277255
-26552.6519548421,-43930.4971019672,-29561.4393492282,14369.057752739,5836.40244855942,-35406.87236185
-29537.0054615237,-44969.1501111606,-30315.2134127237,14653.9366984368,5155.30060551484,-35478.8036896375
-32410.2968285766,-45866.8647137224,-31002.5303746836,14864.3343390388,4389.09958588696,-35399.0952112345
-35159.5354981175,-46625.2774824234,-31601.8722045749,15023.4052778484,3574.12514843902,-35182.6382552422
-37772.754366674,-47244.0938160824,-32103.4029458131,15140.6908702693,2728.45786457567,-34837.7981778201
-40243.8663579864,-47730.4083287092,-32555.9735689667,15174.4347597425,1816.89682752286,-34378.2453883478
-42564.3265652501,-48088.2738457957,-32896.2907167693,15191.9831290264,908.207009182329,-33809.4758728024
-44731.8517536402,-48319.7559933917,-33160.2994427149,15159.4565506768,-32.7564526603779,-33132.219571037
-46745.9391534124,-48419.3986834625,-33361.2633202982,15058.1353631642,-1021.65633482813,-32343.9892799221
-48597.5537193077,-48377.7583106575,-33469.6367903253,14908.1215203322,-2034.00422982417,-31439.7709799942
-50275.1018973703,-48193.3794341523,-33498.0940508523,14695.2853833,-3080.0053835857,-30421.9917731341
-51780.578033025,-47878.411053842,-33436.4241475363,14441.9869063057,-4136.24282857498,-29303.9325188505
-53107.0574887954,-47445.1200078244,-33282.5317452769,14162.5882625475,-5187.33666775078,-28098.9469334631
-54250.0830014489,-46898.9204674171,-33049.1006169444,13849.8198504727,-6233.99578764068,-26819.0867904141
-55204.0001063202,-46241.2404754579,-32723.9373802899,13517.303095168,-7260.75839506964,-25467.6844105904
-55952.2963055733,-45456.9091142565,-32304.854838258,13152.0542759985,-8269.38587922037,-24040.7457796571
-56525.1357307138,-44566.3908573135,-31823.8537109749,12742.5371463385,-9280.42873384831,-22549.7202455475
-56932.942989893,-43582.6226704344,-31314.3924748669,12268.2301955675,-10318.1756017281,-21003.6909364522
-57184.0102483221,-42517.5988000365,-30779.3138394357,11738.2849606008,-11372.496366033,-19415.5338922783
-57274.0402303859,-41380.8279140336,-30253.7562913224,11127.0716227112,-12464.2198244617,-17799.5101681879
-57179.0433402002,-40153.098121002,-29729.4964914836,10423.6016295183,-13584.0932295484,-16156.5961625086
-56905.238466669,-38836.2176846305,-29196.5423131885,9639.675371442,-14716.2351695089,-14492.681819994
-56455.3384964534,-37437.0439624223,-28636.3859107297,8800.6580516926,-15832.5552431843,-12817.400419229
-55857.6672748884,-35978.9930704703,-28023.9186579351,7955.07441253525,-16894.7756950121,-11143.986409121
-55129.5303557844,-34480.0828402317,-27374.4053869833,7105.67745324834,-17909.7920259571,-9480.85009828295
-54268.1830272329,-32942.0674666189,-26677.5194417375,6264.54802488134,-18859.4006661537,-7835.87714878554
-53273.2781795169,-31359.7032976637,-25952.393644318,5407.30965334568,-19761.5527487369,-6210.20838611116
-52132.0630816844,-29727.0997338951,-25192.6341676879,4534.46556620718,-20606.8219377443,-4606.84229946263
-50863.1493112054,-28063.0003425128,-24451.8318429564,3611.16849955638,-21434.7264506961,-3039.90003895929
-49501.3389915613,-26392.1549216695,-23734.8848725443,2657.27004912522,-22236.5451143119,-1522.98995461985
-48069.6189443997,-24730.4107972121,-23036.2702919474,1694.14050526466,-22999.6702876868,-63.1957245514085
-46577.8893340628,-23079.1566036612,-22335.434581977,743.722021684219,-23708.003488562,1343.95601830796
-45028.0812772151,-21435.6006007369,-21597.347030077,-161.746429340093,-24329.737119948,2701.71865860983
-43410.3214374396,-19794.6239683437,-20834.3317883987,-1039.70782005496,-24878.9594384753,4011.91177253414
-41724.4679840652,-18156.2802702238,-20044.4423333095,-1888.16206308575,-25352.7938019379,5273.70333462717
-39975.6873324006,-16525.0724827079,-19267.5076027227,-2742.43512001482,-25780.3625461292,6476.42235004315
-38174.4041694124,-14907.90360186,-18503.8438580365,-3595.94025617651,-26156.6366330069,7614.84609266967
-36322.7448375682,-13301.183499035,-17744.7955950886,-4443.61209605363,-26476.5357206813,8692.63158224572
-34424.9095002976,-11708.1812597574,-16979.4833574626,-5271.30209770522,-26731.6089623994,9712.17524806987
-32487.9420478316,-10131.0223173903,-16178.1277174348,-6047.10540004442,-26894.5437654208,10675.930874267
-30535.9781939398,-8585.28347166055,-15361.2489257065,-6775.96545404599,-26984.389844567,11582.3640058675
-28576.0758638264,-7081.24024027522,-14546.2334716608,-7464.9932313856,-27012.1633100287,12425.0467454445
-26618.0560626151,-5626.25421411831,-13723.7264352785,-8097.47222116015,-26964.4858725339,13199.9648159411
-24659.4999227478,-4220.04445647075,-12904.8365121083,-8684.79205563757,-26850.0886358911,13904.8257221044
-22688.8598880474,-2853.48422666188,-12076.2216635351,-9222.73743687318,-26658.0998155876,14542.0727926093
-20715.6679361544,-1528.49927766932,-11248.4777718699,-9719.97849420054,-26406.2783276615,15118.7826541916
-18741.2124882336,-240.719458988491,-10434.8458199891,-10194.1263610006,-26111.8050800653,15638.795964628
-16789.126818995,999.096478080053,-9637.12637351327,-10636.2228515933,-25778.5089455849,16104.0563278461
-14867.220716394,2188.08942564597,-8837.91183659758,-11026.0012622435,-25387.0554798764,16512.6704633063
-12972.5514414677,3323.12339271732,-8025.10013230418,-11348.2235250215,-24922.1436374587,16861.466238767
-11104.3431606644,4402.76503452929,-7203.10600379746,-11605.8710383267,-24385.9317407524,17148.2485005682
-9252.19801677512,5432.52600462215,-6406.09649047618,-11838.6224950984,-23809.1547207037,17369.5498565443
-7423.68879574,6408.97009267742,-5611.11952469946,-12020.0896173769,-23172.1002140486,17528.555052239
-5637.91834565439,7324.70552815752,-4859.57764869387,-12184.2831768514,-22516.1508169731,17625.1754936931
-3911.07103782608,8167.13107132021,-4151.46630580431,-12318.5973771245,-21841.8986682501,17659.8594403393
-2252.30025103022,8930.9646712108,-3465.62155565451,-12396.5862268653,-21132.6757961509,17637.0501102833
-658.804854658115,9618.43599306525,-2842.85856712791,-12461.2945601932,-20433.9488530473,17561.369129808
877.910609705828,10236.6257160532,-2212.55898748657,-12449.1847035398,-19678.5081057955,17436.236366245
2355.65301649447,10787.7872722883,-1614.87709431429,-12402.6643666026,-18903.8824218135,17259.0973582108
3770.47160696388,11267.1782271089,-1048.05560189613,-12315.233829005,-18101.1280102538,17022.8368929259
5114.98280358933,11669.5142904242,-529.569444654768,-12199.0837350789,-17282.9472665123,16722.7226091879
6386.87808691337,11997.4032596355,-53.3739069337934,-12050.7771665693,-16446.6276644875,16362.1111278588
7584.79554265908,12254.7634613405,388.463095787917,-11866.3003655526,-15592.5025503441,15949.3209733884
8715.90818639529,12450.9812399729,818.511777592925,-11632.4694623799,-14711.5544541161,15497.8961476677
9778.34579339514,12590.5341159409,1245.98831921114,-11344.5457967298,-13802.4074354908,15015.782771934
10764.9524800661,12670.6098119869,1640.05651892865,-11030.5532930583,-12897.53631933,14504.6177044333
11675.1955808287,12692.7011346306,1998.39019851336,-10694.3109361172,-11999.7580107445,13964.9623501905
12506.2833506908,12655.4290772647,2327.31564014534,-10328.1134371193,-11099.9978505043,13394.1222738997
13270.2203522789,12567.9494959676,2624.89853944531,-9943.05095652225,-10201.0956910244,12792.9563255309
13957.0161641732,12427.5400372893,2885.48863317876,-9542.05140411055,-9313.24680731157,12166.0275265135
14551.9883261482,12225.3650802696,3088.24006587728,-9137.12501439231,-8457.5597196005,11513.5213419428
15042.7467415527,11956.6194008263,3223.73188284051,-8732.8875179858,-7645.36180221944,10837.3567427994
15409.6175703451,11610.2934768243,3287.48654535035,-8322.80693147398,-6883.14188739446,10139.4687045284
15665.2741075306,11199.4838941443,3278.71515590637,-7920.76873823792,-6174.7307926551,9422.85293802446
15821.6939128911,10735.5438191232,3216.8187917839,-7518.72502733924,-5504.64361418205,8691.4549346193
15890.9213664387,10230.0533864878,3129.799096327,-7100.25429016079,-4848.78213676813,7949.15010912041
15889.6680841485,9699.09873605026,3014.15818846362,-6684.94054758667,-4215.8883314177,7201.23023291363
15811.0006683065,9139.52753907438,2838.69359189527,-6300.8339471791,-3633.85956434041,6444.38818621311
15655.4354182064,8555.49826533601,2620.72140876335,-5934.77685657266,-3086.45185190687,5679.73119072434
15437.2468680174,7958.50580060744,2362.10937633841,-5596.39642426903,-2575.76701750208,4911.30989655429
15148.421064276,7347.7130503194,2076.21721822184,-5271.49583209758,-2091.90372582639,4142.66525653047
14798.3990433292,6730.3827350946,1754.95746101486,-4975.42527407974,-1645.52581115477,3376.37892739332
14396.4241244231,6114.6456773892,1404.18963829487,-4710.45603909431,-1231.54230647075,2613.14743710453
13945.7167782886,5505.05022947227,1027.01369197492,-4478.03653749735,-848.08314950303,1854.0961363927
13455.8218329095,4907.35592066027,632.700804483216,-4274.65511617706,-487.306097861954,1100.60954673506
12917.5759502638,4316.30331329269,281.267509759029,-4035.03580353366,-91.1475651428735,354.635712251229
12324.722801468,3727.97787263095,-47.5476580674583,-3775.52553069841,315.874482766565,-379.565811930945
11686.0914685147,3148.12327650895,-332.221481488512,-3480.34475799746,749.301854329126,-1096.01160451692
11006.6599969778,2580.62082803663,-595.6790239887,-3176.29985202534,1181.81562795478,-1790.35009143099
10306.9421081555,2039.341932807,-866.220391734206,-2905.56232454121,1580.2144339576,-2457.63412908496
9602.62372268704,1532.95424620797,-1114.92365746895,-2647.87790367694,1971.34238188989,-3095.79635353617
8896.62965662482,1061.57476097082,-1322.99199363171,-2384.56675460253,2368.76188677771,-3699.62224912868
8195.69479930518,628.30125249465,-1485.30763032952,-2113.60888282419,2772.35550683224,-4263.9004139334
7496.4555161288,232.77813575914,-1569.43559970245,-1802.21373546159,3207.4774010933,-4781.65472258655
6796.83325853385,-127.96444817304,-1580.61742257091,-1452.65297439786,3665.07514107564,-5249.1262333308
6108.71088028731,-448.784537165033,-1511.40987227901,-1062.62533511399,4153.73718193465,-5667.41730139398
5434.06669841481,-731.691893359143,-1385.25484167239,-653.562948313237,4648.35269683905,-6034.86625325617
4783.27924561149,-975.693544705432,-1219.97137259225,-244.27782788682,5134.78371835265,-6355.13352195925
4168.10194291495,-1174.72217867243,-991.943216827499,182.778961844938,5630.38875198863,-6621.90505394245
3588.24982297644,-1331.04741320431,-734.183774525712,596.863638678592,6098.19399874246,-6831.26372359956
3054.85913511862,-1440.85066919124,-416.248541431941,1024.60212775929,6565.47848119047,-6980.0757799603
2566.8578440691,-1509.31183097017,-27.8840277614205,1481.42780320874,7039.10990460888,-7064.94045636068
2115.45845812805,-1547.77123489209,404.507714597029,1952.27894948914,7497.05636034359,-7090.24718050711
1701.88772091393,-1559.79141420196,910.262750766005,2470.05416496794,7973.21617401373,-7060.5514199805
1323.58716113521,-1550.19483413887,1448.0714626906,2998.26629682945,8432.37781747449,-6981.8568877268
984.576659145253,-1521.4338462559,1999.32196221435,3520.75580847025,8858.04878661811,-6856.24452789794
692.245489322044,-1472.36132670987,2569.07814081383,4041.43946752369,9260.63223566519,-6689.0372343257
436.871598431761,-1410.96894548519,3115.82854805751,4526.7974935427,9602.74653527272,-6484.33702692036
214.776224286386,-1343.65286032142,3636.66542859664,4980.31828891805,9883.72886825028,-6244.3480897996
18.5308090949409,-1278.03601229777,4132.80753921798,5410.84355151575,10108.3584237003,-5972.69210994838
-159.795922805724,-1222.19881060664,4609.93316162354,5832.13197223017,10279.5263708896,-5666.58628274419
-319.163281177089,-1177.63832515703,5089.88904958547,6267.5273747425,10419.8537445586,-5326.75768489553
-464.1096302558,-1148.7478208102,5559.52987626493,6708.27769707511,10516.4611481395,-4953.52353538982
-597.352296005538,-1140.2932750445,5981.41017347114,7121.70344851566,10536.2670197102,-4551.31489744715
-716.244458078735,-1152.45444475762,6348.20165129339,7500.65609605102,10477.8984808347,-4126.16917588673
-826.407639924122,-1189.39414475013,6608.560968414,7797.95511316412,10294.9663030315,-3683.13055582422
-931.61633854566,-1253.19652733988,6801.03821351075,8054.23474085062,10033.8112637281,-3230.08071710802
-1031.50934841802,-1342.26650261682,6955.60843732498,8297.8749399418,9724.78441572974,-2767.38891222035
-1129.84760413155,-1458.71416366532,7033.0595355604,8491.77369922571,9331.6845611077,-2298.01400215684
-1226.52388529438,-1603.28293060083,7050.97272474845,8654.25565534928,8878.080362817,-1827.89952637359
-1331.31042023227,-1782.40532307752,6953.54880629837,8735.95412937588,8315.44221166772,-1364.25297880832
-1453.25367289258,-2000.2437121869,6769.00240970736,8769.24612189426,7679.55433842498,-914.661810919081
-1591.61971482162,-2253.78664525592,6484.88343917331,8738.67008442922,6963.1933474295,-484.316195786877
-1744.01453210282,-2539.82899211884,6091.44543395004,8631.27442606888,6161.20458864156,-77.7740894565181
-1906.0566983113,-2853.54126869333,5640.60794877026,8494.14921746359,5325.79713288233,304.646647159057
-2077.45286180753,-3192.3663544756,5074.41830451981,8266.7846589954,4402.94659660192,659.001654710022
-2266.85056840514,-3558.19296672442,4408.07923338508,7966.27220010952,3410.61384124334,982.565997810336
-2478.08352311024,-3951.83370362741,3679.22821059347,7631.06191422088,2389.86930669044,1271.91553650229
-2715.82591764831,-4372.84144431055,2872.59104326548,7245.43248757604,1328.62245354885,1523.9585665349
-2977.2433052152,-4818.66065926216,2025.56251641569,6844.22317567784,266.593492359056,1736.44318131384
-3259.5383511573,-5285.53705712711,1120.66347959433,6406.20053672143,-810.158316262964,1905.90932844138
-3559.65376376767,-5769.2838574594,165.577595130099,5934.86145258949,-1892.80444771041,2031.33317207986
-3876.73808705033,-6265.67661412026,-829.965722420908,5435.71089169936,-2970.06830929496,2111.18519148999
-4209.49539650511,-6770.04643970382,-1874.67883514588,4895.36760455795,-4051.58236407934,2146.37530037554
-4554.93677089123,-7278.55924771774,-2932.35378436743,4346.20546335032,-5102.30816442447,2138.01911871949
-4908.358536177,-7787.12960991716,-4020.14402748667,3766.98558243048,-6137.59587459696,2084.23488907454
-5269.44786540412,-8294.27322225731,-5122.1303945631,3172.1428276942,-7142.85189441146,1986.29707429728
-5639.70918314243,-8798.45133987431,-6222.21867445988,2576.23266541444,-8101.28666714347,1843.52564714341
-6021.65467070922,-9298.79223330072,-7363.67429068475,1935.11794261595,-9054.92063298467,1654.68194580982
-6420.14000221592,-9794.22057068667,-8471.11831196231,1323.10225872435,-9930.58652961859,1421.97236414039
-6834.73680280258,-10281.063895153,-9555.7645122794,725.299382873618,-10744.9653074478,1150.89913355738
-7263.28249592645,-10754.7034589101,-10610.9157048596,143.787754050546,-11494.3266213178,844.435965564189
-7699.89001871467,-11209.2326584902,-11596.0732617158,-386.840603225593,-12144.5530989787,508.934462485082
-8138.93693968528,-11639.696851102,-12541.5845704214,-901.887719319419,-12731.3936104033,149.840510413113
-8573.41305556026,-12039.2177260496,-13412.9594205893,-1373.74169453975,-13223.0550315631,-230.110674002396
-9006.26261567906,-12406.7779936662,-14241.196849751,-1834.41885608484,-13650.5217084298,-630.993080466629
-9438.29066320236,-12741.5295545059,-14998.6640135208,-2257.13445901492,-13988.406196931,-1050.66060614365
-9866.66527958024,-13040.404028282,-15684.2653164585,-2643.86128817646,-14240.0649522736,-1484.73832070982
-10282.6277773763,-13296.7285425974,-16300.8878477497,-3004.15930515227,-14414.3449142227,-1927.29759906644
-10679.6265984681,-13505.2471081365,-16805.4050043743,-3300.1578962378,-14473.7649147724,-2372.66680549189
-11056.1794134623,-13665.3530252448,-17231.1215085312,-3565.7684832864,-14456.2448982092,-2816.06583013836
-11412.7329825812,-13775.1284638644,-17555.9213755052,-3780.79291164083,-14346.2066051326,-3250.93924531812
-11749.0485794034,-13834.9333765087,-17783.9018609218,-3948.96848441315,-14154.7676258875,-3670.20133804258
-12062.3971974919,-13844.6089505028,-17896.800465092,-4052.19151458913,-13870.8172664622,-4066.58573796485
-12350.9547020232,-13803.2737042142,-17878.8056259818,-4075.53192176761,-13483.9510800269,-4434.64984249263
-12609.9511472329,-13711.7575314246,-17756.0386016344,-4044.28107020981,-13026.544660526,-4768.10687203852
-12836.9928150152,-13565.6966847496,-17499.6677369121,-3933.97105216251,-12476.7048822869,-5060.03491387535
-13033.5111069524,-13369.2134744491,-17150.9833902547,-3781.76991580563,-11879.0039161855,-5307.21566117342
-13199.8620801147,-13124.1833464193,-16708.4329031937,-3584.24955677438,-11234.4570191181,-5507.20549803135
-13336.4596615638,-12833.2161156021,-16170.7626697174,-3337.54655411528,-10544.6790068097,-5657.28046661315
-13439.8153459526,-12499.578167592,-15568.8099856617,-3069.23181806971,-9839.45892077192,-5758.52755768265
-13505.3785671083,-12122.1010561944,-14909.7395653178,-2787.6385091234,-9127.79558322912,-5809.15521246575
-13528.8444631985,-11699.2238914974,-14192.9350653494,-2493.71117385207,-8412.45331401878,-5805.78609618804
-13510.9430318018,-11232.0693136321,-13428.5092940727,-2196.43998044066,-7706.07915402807,-5745.87205507928
-13449.3424670578,-10722.8948939762,-12626.0479163653,-1903.15302238909,-7019.20463950125,-5628.48309604671
-13340.3002541968,-10173.1241389726,-11775.228053372,-1602.10391439941,-6342.38492620954,-5452.77457808159
-13188.7166612372,-9593.42386165593,-10877.4485028469,-1284.02464119098,-5675.21733517501,-5220.54631939469
-12996.9179170399,-8987.71343541484,-9954.41924543253,-966.705810017706,-5038.65669261602,-4932.48578846758
-12767.4489513491,-8359.42229654855,-9017.89284082989,-658.470544281354,-4440.95589013734,-4592.1119858247
-12494.0930997242,-7706.67896005,-8075.71397500198,-369.035014951991,-3885.87561523722,-4203.50630411352
-12173.0504614929,-7027.65137140816,-7124.64293862947,-96.9915672213266,-3363.8695193244,-3772.98361018539
-11806.0390881564,-6326.87269624811,-6193.38393621699,133.488760031109,-2895.79528469804,-3308.35214869309
-11387.9754942346,-5604.15426827108,-5257.00395338128,347.150314889807,-2453.7218445958,-2812.54391562676
-10926.9818877405,-4870.05729542552,-4344.61545167499,525.44184375052,-2060.08697254528,-2292.21786776984
-10427.5681361044,-4128.97389188586,-3466.35839376024,662.615498125623,-1721.30465977105,-1751.0572336378
-9893.5237705626,-3384.44610344246,-2624.64371593032,759.802387512117,-1434.86666683676,-1193.98830580559
-9325.33571810308,-2637.37280695016,-1826.62611370286,810.746693247296,-1204.6975525568,-624.240966711089
-8714.70799846688,-1884.89165416052,-1063.51207175115,821.379582409398,-1017.6049975973,-46.2491005922116
-8062.91681262811,-1130.70352537698,-355.822208496834,774.881316880171,-888.189331186862,533.972885654132
-7366.01437800625,-372.82887772131,308.556595672772,681.385473394065,-803.127686631915,1115.15839783941
-6640.0410256667,375.043566403827,925.900311222278,550.856744818441,-757.556002005564,1688.70431377975
-5883.62538236194,1114.11159673619,1522.38163072357,408.270033987369,-726.278616880679,2255.57160091765
-5103.65592070126,1838.00926377733,2092.78360247909,254.774338701748,-710.068303384236,2811.24418458519
-4305.67652765901,2542.41538284664,2619.5801804977,77.1647976510509,-719.69380904533,3348.925545507
-3488.55080370499,3227.67077987791,3107.72570591527,-119.945073962649,-744.891052714637,3863.23939022714
-2657.92914936073,3889.21252821515,3526.95201332203,-362.260514893114,-807.963323222582,4346.22347198128
-1812.05273954551,4527.83374618508,3902.56238307021,-625.271363114889,-881.245513234371,4795.59651863364
-958.597538575588,5138.61552313017,4214.73984009804,-923.875683032115,-981.835161305853,5208.6427005804
-106.24473854097,5717.63138184682,4480.91447224156,-1236.71690960525,-1089.37949513222,5582.45232023852
736.662698522914,6259.98928837332,4708.24955159185,-1551.73973678148,-1193.32581074336,5913.62649113734
1565.41167847206,6763.01558470071,4882.43945021279,-1880.57613448792,-1305.366784235,6199.56076854484
2375.94562927611,7222.99623621253,5030.07352999966,-2192.92270621286,-1395.67427529465,6437.05210121632
3174.45046674716,7642.47237259384,5141.61530008708,-2500.85707250676,-1478.9743984911,6631.34219051435
3952.90277885185,8018.30926795266,5234.48735938511,-2783.82190856755,-1535.29842213085,6779.93214585687
4701.20649427306,8347.15478083591,5312.25250967296,-3034.90227116293,-1558.49760852045,6880.22267823192
5414.19515439591,8628.15318962893,5380.01414468279,-3248.13904494614,-1544.66340588813,6933.3997914202
6083.78181163339,8858.35858040157,5431.30700027549,-3427.05158012609,-1498.02359593235,6937.22836582285
6720.02969839738,9042.3485119426,5471.35525614959,-3570.993255793,-1421.73596873132,6900.08572025678
7319.03641072612,9178.73351572575,5534.79243443338,-3643.94108129237,-1284.10337991947,6824.92617883787
7872.38967348781,9263.2311086673,5560.50502420063,-3702.72608446669,-1146.20149387141,6711.70716983705
8376.4353811379,9296.11156836394,5588.02184828245,-3708.08972008149,-968.603100306235,6560.52211085077
8821.4379000497,9274.94562678831,5602.34127381946,-3672.60435296885,-765.386877786612,6370.4285651443
9212.4570267715,9206.39920099278,5600.99993557703,-3605.39926541578,-541.022570760272,6143.50001415547
9549.57693263649,9092.35206857274,5580.98064270697,-3511.37142586578,-300.758670408709,5882.02989896138
9827.65215267693,8930.35133285887,5548.49515232058,-3381.85618053829,-44.4468068780511,5592.09239774039
10044.4046533297,8719.34592161221,5516.44590239801,-3202.9000192142,234.810014125169,5279.72413592712
10191.0587604065,8454.19018644856,5453.42129417735,-3000.76889227122,504.295023423899,4946.21821866146
10271.9103380796,8143.26870493957,5395.31929014388,-2747.94941479567,797.146548009758,4594.31306274982
10289.6737508954,7791.97947612955,5309.1411919814,-2482.83828414817,1078.17961112518,4226.19949122677
10248.3538522229,7408.5763487386,5196.76721384785,-2211.80913489075,1346.37015074397,3844.80805063275
10158.2624171331,6996.01465803182,5074.24687692675,-1921.76778110508,1617.54464377347,3450.36787015145
10016.3968962128,6550.70017569614,4918.1782611419,-1632.52191455423,1863.62916852253,3047.52902413159
9819.74361496415,6073.05360841506,4760.57706491662,-1312.47654349845,2112.35605839426,2640.55516726704
9562.84557669273,5559.64174634548,4559.75031853691,-999.891427808559,2320.93130915581,2230.51402640818
9249.48719375113,5021.17145638575,4334.69566330749,-686.475793078279,2503.94333341568,1821.80366742186
8890.50302229468,4464.47188461488,4065.10144559573,-399.370439019163,2641.3487431956,1414.16375030335
8492.28049728419,3895.60845375919,3774.39887849543,-121.20957526376,2755.20803205521,1008.98767037503
8058.13933841999,3319.36505551753,3484.83003205485,165.464976537319,2864.52826049642,609.554413410888
7585.50517432946,2732.38851569289,3183.4325494406,451.044033747709,2951.55431613073,220.655900774543
7072.85071141896,2134.14685440394,2893.72332430764,759.576469903687,3036.73706748762,-154.654740052959
6519.97249849554,1522.40630743863,2580.26343549129,1057.85712805263,3082.51421444538,-514.252553048276
5933.09963373134,901.710846973693,2268.82577352567,1367.114926552,3114.010909508,-857.495472904257
5317.18491311355,277.906507409363,1934.6222266543,1656.71571924492,3106.10336406387,-1184.02750476048
4679.75843893612,-341.551513109,1584.04400770804,1925.59552081702,3064.23935700312,-1492.85141075742
4029.96139547759,-945.695912162569,1201.16914204397,2146.86505420651,2970.88576997303,-1782.34001818202
3371.95224204939,-1533.42977409658,779.5991056837,2313.0288797803,2818.72702796093,-2051.57916875857
2707.97477677601,-2106.88664950592,346.440213694141,2453.32686320005,2636.09404062371,-2301.80958480278
2038.14699848711,-2668.83966637352,-109.224490913302,2559.61517546023,2414.13787105033,-2535.17360674038
1363.74758668302,-3219.33197325607,-584.196285616165,2635.1356876399,2155.98515507917,-2751.62448552128
689.947189032784,-3753.1481663987,-1054.27106856435,2698.87709783434,1885.65044125367,-2951.00510752428
20.6379308900275,-4264.86844163908,-1534.88303916368,2729.9854024754,1586.74144037005,-3132.4442086629
-637.199890945901,-4748.50206635954,-2012.78637154709,2735.71569481245,1271.75198269206,-3295.21069522142
-1280.53652173183,-5204.11131023083,-2510.40027492859,2693.71103530224,919.372061861069,-3440.4334236543
-1906.43195252236,-5632.90499762255,-3016.17737648347,2616.72762113909,542.449658294309,-3569.42664457534
-2515.13671570261,-6035.62847802484,-3524.69784115856,2510.93063686627,145.363221871824,-3681.14333655548
-3106.86428680005,-6411.90752508637,-4024.94822878602,2386.95929630036,-262.398707568073,-3774.02338828893
-3678.43854521455,-6758.66980134756,-4487.97598305963,2270.69381828792,-651.359694432199,-3848.60692140686
-4229.51869163714,-7076.9914726264,-4940.84355428832,2136.14791833809,-1045.80200239045,-3907.70539966858
-4756.58025337491,-7364.7432363253,-5370.71973032677,1994.02350599853,-1428.92841351347,-3955.28073901113
-5258.93518155532,-7622.72276591204,-5817.66302918117,1805.05973673085,-1836.75380197606,-3995.32661218766
-5736.22231932349,-7851.8140763863,-6254.68782210251,1597.12625428378,-2238.09102315289,-4031.98241546002
-6185.82808424992,-8051.16385349508,-6682.64206823963,1368.52178525546,-2634.13761131986,-4064.80897794155
-6606.33322875202,-8218.97942475023,-7077.49742157725,1141.48200317298,-3001.42362007898,-4093.20961513423
-6998.65051475208,-8355.1278235267,-7442.61544060578,912.51238292091,-3343.97861289388,-4116.55419246786
-7358.2891490243,-8456.08176704694,-7769.36171504069,686.720052006248,-3655.59161668007,-4132.40459619434
-7680.6865754754,-8517.83437906745,-8057.79609112774,460.038287939729,-3933.92475304358,-4143.14442428207
-7970.60470312643,-8545.99292137654,-8318.08710917933,227.905812197199,-4188.14903106477,-4149.76688186118
-8232.28825256654,-8543.9020667024,-8529.09637262295,14.8056940794457,-4396.55614450696,-4152.82319617442
-8468.38689002561,-8513.2311146697,-8720.95098922788,-207.71987455818,-4589.81058894794,-4151.76073934791
-8673.60370577551,-8449.43926898174,-8847.36910323647,-397.929834254731,-4724.91386871407,-4143.29176227554
-8845.53173531879,-8350.7791085759,-8921.71495551643,-570.935846940531,-4817.21506399231,-4125.43971905135
-8979.53213057658,-8214.31888412845,-8931.59339638737,-717.274512258915,-4857.91746134522,-4094.63074153787
-9081.6870679215,-8044.94943375011,-8888.65712820032,-843.707694450209,-4856.77426578025,-4052.81839405246
-9157.41242862266,-7848.62499567114,-8788.87999716786,-940.25500149672,-4809.12938737591,-4000.63289944687
-9208.17006474618,-7626.06938834477,-8645.04453038396,-1018.9751420392,-4726.62175961654,-3939.17793586921
-9233.06116318529,-7377.09583594688,-8465.23533701452,-1088.13950106764,-4617.3962113888,-3868.35694241214
-9223.60596389949,-7096.43963273404,-8230.81635500046,-1134.37672226642,-4464.90059605826,-3786.06939644987
-9179.55876624517,-6785.32211289314,-7962.17521105759,-1176.85309816444,-4290.6159829904,-3691.21256897287
-9101.46628902123,-6446.66315906105,-7634.67322925005,-1188.010070189,-4071.77881901875,-3581.93772317658
-8992.3094387458,-6082.90096627864,-7257.10444806255,-1174.2034817839,-3815.73035742088,-3459.77210286716
-8854.03839288359,-5696.33969684277,-6834.2863461201,-1137.94664927732,-3527.47936904244,-3324.57260085344
-8687.27289719866,-5287.28978558426,-6394.16567234698,-1106.8758867627,-3234.85314168804,-3176.47188503382
-8488.42036516092,-4853.63089749587,-5931.5709616123,-1077.94006411643,-2933.31212671879,-3014.83520482417
-8264.24062068583,-4401.87382740153,-5440.18313090682,-1038.30930350529,-2616.86276223138,-2839.33352708713
-8013.6384103999,-3932.94215118224,-4919.19619527593,-986.254044093681,-2286.48269811569,-2648.1713115571
-7735.54647491924,-3449.37933944633,-4357.48943075678,-908.110091310429,-1933.42810138101,-2438.99307353509
-7431.94027741415,-2953.83960074731,-3752.06313847044,-798.223537723136,-1555.02316367515,-2211.46347169426
-7097.10021724845,-2444.69137121784,-3123.16840133818,-678.477030120347,-1172.17927799424,-1964.89807925188
-6747.10644439407,-1934.01042337914,-2482.65229426068,-548.64187088155,-795.992642572967,-1700.04047737912
-6378.61470997219,-1419.90038562303,-1839.92203647494,-420.0216508519,-434.687090115846,-1418.08681233968
-5988.64631234064,-901.843721446464,-1200.08933705177,-298.245615605308,-92.998406164984,-1119.43461346375
-5578.0858037099,-381.798055747585,-581.930903729264,-200.132847981693,210.301482872779,-804.07146724084
-5144.28530317901,140.265055384328,55.5586074100164,-84.7064479743264,514.928669679006,-470.667765829199
-4690.15262564411,659.388282605854,687.385513164383,27.9972305585198,796.992765009336,-120.296070395767
-4219.4552164024,1170.69017467411,1304.8951260456,134.204951371469,1049.88524151974,244.987826544595
-3724.93967307953,1676.40174151205,1907.95301755043,231.551276038389,1277.32338963014,621.288162125617
-3216.83407919864,2169.77412161372,2477.39607948195,307.621957868229,1462.98038467832,1005.73534440754
-2696.11508039282,2649.40612869111,3032.89000521772,383.483876526606,1628.26098284901,1396.60298852914
-2166.09831991978,3112.50060633765,3557.79695571555,445.296349377895,1758.22921527705,1792.1879435816
-1631.97636259433,3554.23571513082,4072.45757377226,518.22185864144,1875.39090332285,2190.29927296371
-1090.37885344862,3975.27951950268,4534.50551926717,559.225999764478,1941.56123830833,2586.75170321733
-542.025945042967,4375.2472541492,4968.64029056339,593.393036414189,1984.31539846358,2978.65773937499
16.071276513925,4754.83971412942,5363.30152296384,608.461808834408,1997.62142803056,3360.456821772
582.51553521426,5112.70813096354,5720.17984254675,607.4717115832,1987.98319688956,3727.33360197658
1144.69125331354,5441.84101639029,6038.52890742325,596.687891032953,1955.38972632578,4078.52953607824
1696.25030018676,5736.8004529028,6287.67491823288,550.874465330054,1874.15040003263,4409.07220928915
2230.10883341315,5993.09484931214,6474.58892327931,481.494073967154,1754.06720609751,4716.13477987972
2746.67895801283,6212.94349690183,6582.17678535797,369.233288456127,1579.24491078355,4998.52450895671
3245.9841083473,6397.2303715041,6628.1182972847,230.887925780584,1371.14840690685,5252.46391905178
3728.97009757348,6547.79502021684,6617.55479508049,69.7597748636215,1138.07154504784,5474.78510306999
4192.32194339249,6663.88877239741,6568.21453027143,-95.6742421259873,898.307904575666,5664.91674569426
4635.68681192148,6746.00809831733,6499.30493408241,-246.703164234947,674.01378471663,5819.94996472143
5054.1300371188,6793.0168661633,6366.76461934743,-426.252246815904,420.543109299564,5940.50039423298
5444.78790373785,6805.65124098865,6224.51674382288,-581.134497165791,191.190845910368,6027.22098013389
5807.10922255281,6786.55607006065,6040.63915892757,-745.9169111331,-44.822997167956,6079.02078464728
6138.78215075182,6736.50366625083,5845.66397932428,-890.839686926558,-257.74581547056,6096.69914326777
6440.61786844798,6658.22808847058,5634.07723515876,-1024.15085331182,-453.511077486444,6080.6694763537
6710.70470007221,6551.16475935208,5398.17156600284,-1152.99319334925,-640.957104062167,6032.070923375
6949.41077576993,6417.00881350404,5165.30564436779,-1251.70316913625,-793.196679468796,5951.35332001986
7156.12170444585,6256.13626679284,4893.79807028109,-1362.33819651177,-951.402913927982,5837.97663855787
7328.98219670394,6069.69082253892,4609.92338373894,-1459.7674388,-1089.3441766233,5692.02190860388
7468.4266536115,5861.34413358166,4312.27099788631,-1549.07313569535,-1209.61397486113,5514.68790893994
7572.85026226975,5632.38233689357,4022.41313202608,-1609.96920486751,-1293.27621511431,5308.63936902356
7642.51227266,5385.72294134801,3713.58225195205,-1672.14068939597,-1370.43514372166,5077.25230086962
7678.1214848583,5122.42995371503,3408.76946876952,-1713.66048494553,-1420.72015405772,4823.10791722587
7682.66069870875,4845.16740522925,3101.68272229629,-1743.48468293297,-1451.81863066371,4547.54697429802
7657.21940928435,4555.44848971684,2795.2554238683,-1760.19306584854,-1463.84817975244,4253.59743066927
7601.19858467291,4254.769075556,2495.3206561275,-1759.44841942852,-1453.13237714719,3943.38225661454
7515.19279435523,3945.97556901268,2213.59479833781,-1732.38077067489,-1411.02625555922,3619.96367824447
7397.21443837727,3628.9186574813,1952.77287513629,-1676.14578234502,-1338.26986292015,3286.7808654502
7250.32786220343,3307.11624789351,1689.80632437776,-1617.30992351575,-1259.2582843426,2945.18489073993
7076.73240291848,2981.39595002315,1456.67837065168,-1524.71757937149,-1144.69247915515,2597.81850835331
6878.75692495484,2653.39731885189,1214.98083801656,-1438.41648083535,-1034.0399061133,2245.69918670543
6658.30088345043,2325.26979879519,977.992831684344,-1347.27696711086,-915.926865403719,1890.72810638824
6414.6998435007,1997.48674251153,753.532051427523,-1243.954691084,-784.669139058631,1535.04521691406
6151.25610758131,1673.67817726146,524.333506848907,-1149.34467041256,-658.180084575481,1179.30404304531
5867.88562081676,1353.96737094578,303.932219268385,-1050.03515167739,-524.433475822188,825.015977104258
5568.51249517447,1039.80338651821,97.5410144272005,-942.262372091022,-379.668878851853,473.608125520796
5254.33995731574,731.583064580831,-104.388135471769,-835.971200052591,-235.870149925106,127.513046972697
4925.25217186159,428.162251735235,-305.288676981048,-733.450928716317,-97.4924661669215,-212.175435488054
4581.19233530765,128.807440783381,-491.639231661719,-620.446672445106,47.4007623296819,-543.839414808709
4223.08727033628,-165.704347999846,-681.860699614257,-516.156351614411,179.719749729685,-866.776717888675
3854.82873848006,-453.201981194368,-867.708692086132,-414.506710891771,307.313765082389,-1180.59186420589
3478.51241454778,-732.3394705998,-1040.8565850804,-308.517114480605,435.198795515252,-1482.02214063403
3097.26505411566,-1000.82244641783,-1201.39026462994,-200.567818212112,561.130962604937,-1768.91763206042
2710.92837741952,-1259.84388837513,-1360.16357119182,-100.319682816663,671.976497867678,-2039.01320870822
2317.83834051045,-1511.85778854738,-1495.06166582535,16.7961227220225,787.596007612019,-2290.02005451467
1918.41520268521,-1758.1408311856,-1626.33502035706,131.805810828528,886.600482619267,-2520.78742771903
1513.9069232732,-1999.17666792597,-1770.97922613164,228.19744179434,951.459917804556,-2730.79565998447
1107.26973902839,-2233.81292098789,-1894.11072078655,339.70220020135,1016.85065773613,-2919.85784254651
701.659504995002,-2460.44690718083,-2022.4026191077,438.044288073122,1053.6357516472,-3085.52082422896
299.515646168908,-2678.02363887103,-2142.61362594019,535.410012930848,1074.98263627609,-3227.70991484401
-100.459555978971,-2888.50122526379,-2238.9945408815,649.506684382275,1095.97211231964,-3345.73151330648
-497.230257768687,-3090.92470440539,-2309.2249536246,781.699750780793,1117.40496464082,-3438.02104144834
-886.669409901188,-3283.21301808316,-2400.94641331674,882.266604766423,1092.76347342762,-3505.68417953292
-1265.25556860158,-3463.53839303444,-2475.31491408753,988.223478946918,1061.60800074795,-3549.42293916883
-1628.63446271888,-3629.12664232518,-2537.84151980225,1091.28512252295,1019.5301177616,-3570.35749707183
-1977.45225793732,-3782.02690426963,-2605.67007847551,1176.35682579412,951.513767349192,-3570.62853546588
-2314.14056149328,-3925.22652578867,-2641.26165329912,1283.96487248956,895.972431363719,-3551.12557467604
-2638.92172910019,-4059.49223546827,-2662.24914011526,1397.24309535301,836.357973019273,-3512.9176816501
-2952.4752012918,-4185.97471731555,-2690.27493703854,1495.69978027701,754.255303387865,-3459.20900841501
-3252.21267480377,-4303.42315914933,-2730.5245177257,1572.89864142364,647.182636701,-3392.68770597942
-3535.48911697826,-4409.84817568494,-2772.59615401295,1637.252021672,526.797083411158,-3314.61861850976
-3801.33827924833,-4504.59770245257,-2815.66632470938,1688.93137774318,394.331775860271,-3225.43013214578
-4048.00444449512,-4586.632317242,-2860.16602003418,1726.46629720783,249.530120992427,-3125.30444701041
-4273.00617450532,-4653.57470974436,-2883.61110885991,1769.96360088448,115.518328608415,-3014.8814989979
-4476.29917081821,-4705.92861992623,-2894.72680990688,1811.20181001936,-14.5386292523472,-2896.04532753127
-4657.21167488106,-4743.76056518434,-2893.91354697027,1849.84701821407,-138.658017622327,-2771.18509834615
-4814.94299638085,-4766.41738343973,-2902.61403976954,1863.80334367021,-276.413931354346,-2642.16428949969
-4950.0614520815,-4774.53039258777,-2927.97285536786,1846.55753721991,-434.459010764725,-2509.46739782572
-5062.99550045812,-4768.0651440686,-2941.51526719483,1826.54987687379,-583.700470139255,-2373.70868552046
-5154.29527582828,-4747.76438673227,-2962.84177662683,1784.92261010546,-742.684676349814,-2235.9527035648
-5224.10978967264,-4714.14563455299,-2963.13175389873,1751.01388065424,-881.735566356567,-2097.03680250933
-5273.90352778,-4668.40941596406,-2949.07669448028,1719.33272148379,-1006.50350309917,-1958.01149267299
-5303.31477493993,-4609.99578609187,-2927.60361060096,1682.39217549092,-1123.26297743922,-1819.5219391852
-5312.64691469092,-4538.63122734452,-2895.98754939928,1642.64367794523,-1229.04630181813,-1681.81047950891
-5301.68760351521,-4453.77958159258,-2867.30725832441,1586.47232326814,-1336.55096567707,-1545.26946511786
-5270.41640011533,-4355.22768924093,-2836.50421411159,1518.72347512932,-1441.16257454258,-1409.40804264379
-5219.85836458918,-4243.95081519587,-2793.57898747586,1450.37182772001,-1531.74202974294,-1275.35084566347
-5149.99944503898,-4120.5198395057,-2732.67130878832,1387.84853071741,-1601.14431118483,-1144.38029352651
-5062.10442355943,-3985.75515034533,-2657.34397770858,1328.41117263675,-1652.68818020132,-1016.74405074028
-4956.0939789828,-3840.0218616598,-2585.70374392618,1254.31811773363,-1703.15696072459,-893.805307685321
-4835.50364859919,-3685.43827374157,-2507.44269268696,1177.99558105461,-1743.11552025584,-774.699223972073
-4701.73483652424,-3523.22900414564,-2418.53298567009,1104.69601847554,-1769.23990071509,-658.697055487441
-4556.35474013973,-3355.23792761713,-2328.75136724572,1026.48656037142,-1790.27211867232,-546.799391060568
-4401.64794749315,-3184.01918772649,-2230.71347338079,953.3057143457,-1797.94504283566,-439.901934983262
-4236.87456685812,-3009.65455319576,-2130.13010704186,879.524446153918,-1797.17605797884,-338.81196580989
-4065.99041785394,-2834.70193273698,-2049.60379079107,785.098141945898,-1810.96163948322,-243.163866585562
-3891.58627173238,-2661.07980660497,-1972.02811898938,689.051687615574,-1822.57994630529,-152.587371788193
-3714.85593817959,-2489.67593259982,-1887.97083184574,601.705100754069,-1823.40637643722,-66.2926945373793
-3536.92111012783,-2321.88178718608,-1818.12964470367,503.752142482406,-1833.27624258657,14.8507139905045
-3356.39186767206,-2157.19299860698,-1733.07385257345,424.119146033523,-1821.27983981951,89.3568486097008
-3174.98937102847,-1996.59125917558,-1660.22760361459,336.363655561001,-1815.66784899892,158.031553514531
-2995.66544681201,-1842.00582798105,-1603.23553090806,238.770297073014,-1820.36971470598,221.165382326077
-2820.70731391114,-1694.9395232369,-1557.46437164403,137.475151592869,-1831.86687637354,279.865143668737
-2650.34320938116,-1555.85791823539,-1527.48253397801,28.3753842573469,-1854.89249778778,334.24866388804
-2485.01269716478,-1425.5442323044,-1501.69489884557,-76.1506665411817,-1877.52632488201,383.968517796146
-2325.27423713572,-1304.79263719144,-1476.81997333117,-172.027336139745,-1896.26087936166,428.765557423666
-2172.71332726468,-1194.61568645709,-1430.1175505,-235.501864042918,-1888.26466380276,468.519983400955
-2029.35320593409,-1095.55896718932,-1397.21242530681,-301.65345811748,-1890.06222583413,504.134640451431
-1895.84388621081,-1007.75571727917,-1366.0598555702,-358.304138291003,-1889.51563450963,535.509620081611
-1774.11989790593,-932.192491751057,-1340.62426270852,-408.431770957446,-1890.67687836801,562.727408670942
-1665.19114023553,-869.924013848604,-1331.45870417196,-461.534690323349,-1905.07218888027,586.750881911492
-1568.33088382128,-820.538285798126,-1312.65344887155,-492.115163073404,-1906.78631096956,607.58569051608
-1483.64515537992,-783.919048088266,-1292.0098152537,-508.090767165426,-1903.82671911977,625.412473059697
-1410.04679190216,-758.790273976755,-1259.387518932,-500.597244955257,-1886.40361749279,640.554498630178
-1348.67554229548,-744.785664039249,-1236.53988055706,-491.754216517792,-1875.97374639591,652.742821938633
-1299.80402346371,-741.651757083261,-1221.67500154398,-480.023244460729,-1870.48593844992,661.742487849994
-1262.88358019087,-748.555956919066,-1219.72740338574,-471.171446466675,-1875.03950869271,667.752940335476
-1237.89837207143,-765.165648826675,-1212.43682197595,-447.27117314927,-1871.87709494158,671.291753100398
-1222.07630070143,-789.748939369424,-1218.28401821146,-428.535078842018,-1878.56462810164,671.462767158331
-1215.67571708882,-821.747140973709,-1228.44383530554,-406.696694331842,-1886.32802078656,668.284573897223
-1217.75841915068,-859.725181966671,-1237.54479005478,-377.819608088133,-1890.65339016027,662.616743492923
-1227.80829671527,-902.386205078107,-1254.7102804386,-352.324075360505,-1900.92185215247,654.723590730423
-1245.94376481491,-949.295163217358,-1284.90492161556,-335.609758398182,-1922.6755541652,645.174561743289
-1270.90730665179,-999.622604174502,-1318.16242315876,-318.539818984273,-1946.21544546012,634.242701955428
-1301.57903770407,-1052.58359857212,-1362.177360617,-309.593762044889,-1978.81199399761,621.498914380817
-1335.80574605009,-1106.63551472088,-1411.04125749694,-304.405742776042,-2014.35618827504,606.741572683205
-1372.74357170344,-1160.07644396802,-1456.84692006366,-296.770476095646,-2045.05628781816,590.100487216362
-1411.91872431773,-1212.67954335508,-1499.88289030869,-287.203346953609,-2071.76584018466,572.151836859982
-1453.2455909098,-1264.01815645393,-1553.25829480773,-289.240138353787,-2107.56880744947,552.893917523554
-1494.85441621268,-1312.38473250804,-1610.20136799969,-297.816635491624,-2145.4303092501,532.075536254286
-1534.44497130076,-1356.34402370077,-1673.27258630012,-316.928562599352,-2188.72731347028,510.521911774644
-1571.79403500774,-1394.8025075017,-1746.59837742704,-351.795869925314,-2242.57850905616,489.264834879975
-1605.8354587219,-1427.10729597133,-1796.24564346146,-369.138347490116,-2272.91679957229,468.178524169288
-1635.60095480237,-1452.67590045403,-1840.47042706398,-387.794526609939,-2298.81735438389,448.119019621025
-1660.25407642025,-1471.00553081165,-1859.00116173977,-387.995630928117,-2300.29199967568,429.387932298908
-1679.07984707606,-1482.75638027125,-1874.94932200096,-392.192941729718,-2298.93899525141,410.448104294404
-1692.42031135729,-1487.66648432904,-1881.10784368232,-393.441359353268,-2287.48563494644,391.245236822555
-1699.94263838213,-1485.93852507808,-1902.39402924483,-416.45550416677,-2290.46225747331,371.371340976504
-1701.36491806739,-1477.59865882546,-1924.56615368341,-446.967494857908,-2293.0334190877,350.24542401875
-1696.4124575342,-1462.5646409194,-1935.39827903102,-472.833638111625,-2283.54260273195,328.45192347286
-1684.88013243695,-1441.24289848231,-1932.85092749894,-491.608029016614,-2260.8807384254,306.963262867501
-1666.42922228845,-1413.71142943792,-1925.38110635667,-511.669676918762,-2234.39505228067,286.695972581855
-1640.70663673842,-1379.99410931333,-1902.79511860086,-522.801009287521,-2193.7452783968,267.490833854525
-1607.55166106397,-1340.39473980623,-1863.49959581751,-523.10485601129,-2137.08533351861,249.081005567726
-1567.5366121324,-1295.58294126415,-1817.44246202992,-521.859520765754,-2073.72305416271,230.840940993729
-1521.37204227982,-1246.25176413654,-1765.61365132488,-519.361887188332,-2003.84121926635,211.949967767129
-1469.84622983618,-1193.20670000356,-1722.60958371414,-529.402883710547,-1943.51242417544,193.879478646648
-1414.26144943594,-1137.76535423701,-1672.53873889735,-534.773384660319,-1876.65711138952,176.473299519288
-1355.9217389473,-1081.53771660256,-1629.48709989746,-547.949383294847,-1816.7486312152,159.104581785936
-1294.9069325066,-1024.60728774335,-1583.3887918626,-558.781504119213,-1753.74769705653,141.793622706413
-1231.27035221359,-966.949717776508,-1532.63486027517,-565.685142498647,-1685.80446936909,124.323529995608
-1166.39569583155,-909.801210669109,-1482.91197388102,-573.110763211909,-1618.19480018543,106.263188756667
-1101.59279059488,-854.196936101211,-1424.29948004257,-570.102543941353,-1541.67583190097,88.2836341927134
-1037.56868261904,-800.828330860371,-1362.37662919689,-561.548298336507,-1462.28288679375,70.8489283278426
-975.4129257625,-750.701413563007,-1300.76511114486,-550.063697581823,-1383.24395015733,53.5878211847412
-915.279867426499,-703.964432654446,-1244.85719010961,-540.892757455152,-1310.17744097976,36.7248240945001
-856.927767833785,-660.322447580783,-1203.80309654615,-543.480648965374,-1252.69935333765,20.7495888185238
-800.960054691368,-619.980175366208,-1152.4868186042,-532.506643237993,-1185.50486537752,5.46993800471315
-748.060588766281,-583.311890354442,-1097.09741196149,-513.785521607026,-1114.34042334783,-9.59673360752917
-698.318644701674,-550.074588873775,-1048.29123502254,-498.216646148754,-1049.52102723064,-24.8014015042691
-651.308878538755,-519.973775801816,-995.472743856915,-475.498968055074,-980.693163268306,-39.8974461021356
-608.713463895821,-494.224160513509,-936.683602748164,-442.459442234625,-905.571018634122,-55.2068207724322
-571.515757110026,-473.401862230358,-891.440520457247,-418.038658226883,-844.306951047917,-70.1116885440557
-539.826324058965,-457.229961668288,-842.056978920251,-384.827017251943,-780.013306675146,-83.803756755568
-513.317640114958,-445.338355953679,-796.422669704965,-351.084313751269,-720.377140745111,-96.5103282044276
-492.106391696865,-437.600657893989,-761.319021150268,-323.718363256252,-671.927011424621,-108.506131073641
-476.669517764542,-434.169956632766,-722.558282488059,-288.388325855263,-621.054416832657,-119.226916687723
-467.054348699323,-434.957779335239,-685.130795304242,-250.173015968974,-572.917779014594,-128.529295233509
-464.040960451318,-440.412826986176,-665.670121512887,-225.257294526663,-544.173619391563,-136.373432125827
-466.6830294973,-449.79490240018,-646.098864134674,-196.303961734478,-516.910661181131,-142.588443156095
-473.972165057859,-461.833590643429,-632.472345536729,-170.638754893296,-497.235795279827,-147.122188867444
-485.457832887259,-475.833104447617,-612.23680438598,-136.403699938364,-472.354960239024,-150.230673152569
-500.559016653398,-491.298835700451,-591.59066849898,-100.291832798521,-448.957890671142,-151.463097622846
-519.09433928191,-508.130365135839,-568.712554725644,-60.5821895897866,-425.456307221822,-150.591998478217
-541.177654374843,-526.576670446774,-549.323553187846,-22.7468827410494,-406.518931285065,-148.688112913699
-564.589540254275,-544.389119832316,-549.609132699224,-5.22001286690328,-409.179241620728,-144.904602214464
-588.100175162224,-560.628946620896,-536.23348680225,24.3954598186466,-400.431882830821,-138.909276163388
-610.803699553994,-574.648295570684,-542.939979188212,31.7083163824956,-414.371288134075,-130.346655604778
-633.410536181954,-586.913601847879,-543.369061101331,43.5445407465513,-425.138637648365,-118.724409030608
-656.96577350879,-598.551707669287,-536.700484025654,61.8512236436415,-432.080738506581,-103.876713913924
-680.436000371435,-608.916659604879,-527.89778287905,81.0188767258307,-439.765516308502,-86.1774300144123
-704.332735184489,-618.819173769401,-509.70393321791,109.115240551513,-439.64690530045,-66.950899874716
-726.153056603555,-626.298881942914,-498.057678917855,128.241203025054,-448.080273141786,-45.7679233876602
-745.12937069872,-630.92841561842,-489.103997850782,141.824417767637,-460.802461162947,-23.0401354461703
-760.304625038733,-632.048974630145,-490.402395544331,141.646579085814,-484.643566759555,0.468098770732398
-771.035453344632,-629.094544842958,-487.048162283488,142.04638255946,-504.816031283017,24.8812996783845
-778.598323528346,-623.199906297438,-485.778102897169,137.421803400254,-528.164746537586,50.3137437152284
-783.067531173664,-614.616631632668,-479.990669981079,134.625961651616,-547.613945335816,76.3102617551822
-785.419306457365,-604.198754393113,-460.56542579826,143.633328594859,-553.829659703331,102.680207934023
-783.405625310891,-590.856894484531,-436.135155416801,154.721739067714,-554.982045036581,128.950636210074
-777.052190432704,-575.057123059338,-426.732730192788,148.324392866562,-570.16789448413,154.171296390029
-766.694841949648,-557.20401310988,-418.363905513914,138.84010759598,-585.585363549517,178.498964575002
-752.839262089079,-537.613138475175,-408.891529380117,128.721609095059,-599.919535246949,202.760234719996
-735.99181273128,-516.724999225138,-416.63822527682,100.086773948307,-631.655871286106,227.128568920869
-715.835751263223,-494.41461921308,-403.133862310444,91.2807569026398,-641.933766595926,251.217127982885
-692.178976461462,-470.616000584877,-392.665531595822,77.9504689890444,-654.84450415839,274.84204216645
-664.935433829056,-445.444514404398,-369.565114785198,75.8793996191876,-654.114324865362,297.398985687468
-634.479406578699,-419.253290288123,-337.400680977816,81.8526093103086,-642.656540227718,318.223033443612
-601.079274292573,-392.37282377447,-314.256923306553,78.1159004679266,-638.127864434547,336.900059863305
-565.151614873954,-365.410965363152,-289.018595656103,76.3923697070284,-628.628549279841,352.666047241488
-526.788031539453,-338.445582190378,-281.503940499754,56.941641690621,-633.744055350636,365.30500772263
-486.749398436535,-311.962637790757,-270.740141738783,41.2224960519734,-632.573468947745,374.88036725967
-446.031883043991,-286.647039733725,-271.273305791695,15.3737339420336,-639.714138573612,381.433451138396
-405.45212326326,-263.11009690822,-266.513357279305,-3.40326037109092,-638.894026867846,385.26489608472
-365.617446295739,-241.857706208121,-258.364156517215,-16.5064503090983,-632.06725622581,386.416329607583
-326.520863987281,-222.563300882708,-247.784866156353,-25.2215652736656,-620.594700795919,385.309950365928
-288.025432769347,-205.131042968585,-229.784045790684,-24.6530028221186,-599.723012552254,382.196091988261
-250.586131457853,-189.777844803284,-224.000821336583,-34.2229765332922,-588.703694339742,376.707996513869
-215.117068878179,-176.916075378986,-216.668762547465,-39.7526871685025,-574.025399923929,369.097471052433
-181.843323984963,-166.609719675339,-210.106296954729,-43.4965772793922,-557.947539627762,359.30420128803
-150.920596441165,-158.963427774799,-214.260748509081,-55.2973207342854,-550.570953919719,347.474443433061
-123.094097336575,-154.512510051691,-218.851534554003,-64.339024502322,-542.167724973682,334.170195411818
-98.6584024885802,-153.509354046736,-233.753699616822,-80.2443455701084,-542.850977080941,319.633889485313
-77.412903806545,-155.525361031821,-244.441254495623,-88.9158934638312,-537.237232633108,303.009658602953
-59.41469480466,-160.195956177064,-263.238438283683,-103.042482106632,-537.233864739362,283.870731106772
-44.7449752498568,-167.151081732415,-286.517642474437,-119.366560742039,-539.231581545184,262.231489492999
-33.4068734891302,-176.147036583581,-323.09744180782,-146.950405224257,-552.742534191791,238.789528776043
-26.0020261453088,-187.605146432914,-362.288116840967,-174.68297040806,-568.260886551214,214.749745492114
-22.3600013446833,-201.333902094438,-407.759779749065,-206.425877654626,-589.757650817779,190.420260768945
-22.4075951709013,-217.299398907048,-456.496181673545,-239.196782766505,-614.510275105262,166.102332694753
-26.0626715980659,-234.960560737703,-492.164798528525,-257.204237790832,-625.401260287528,140.992754547975
-32.9911084793885,-253.771431164726,-526.626420165067,-272.854989000352,-634.28104967584,115.068533253779
-42.8998576076468,-273.267937514933,-566.816487821173,-293.548550306242,-648.878237805312,89.1252054026102
-55.8889479239626,-293.559265445424,-615.056671536476,-321.497406091063,-671.55342118252,63.1996935969903
-72.3900705852014,-315.318548836605,-675.12289882576,-359.804349989149,-706.186399638413,37.394655490749
-92.1348954089014,-338.279272433315,-734.524572440518,-396.245300007218,-740.339994075908,11.7562923786875
-114.298466609132,-361.76237261959,-790.8000011748,-429.037628555221,-771.289462630944,-13.9777860873499
-138.610179817706,-385.337937609525,-838.614180049451,-453.276242439914,-793.659802898253,-39.8551575866116
-164.861095239581,-408.671628083992,-890.948077916364,-482.276449832365,-820.665023677896,-65.6331509026384
-192.506981378944,-430.895994515828,-949.363489688193,-518.467495172364,-854.289662469613,-90.8671516074574
-221.332023360348,-451.901969873209,-1003.9173882373,-552.015418364071,-884.935407371373,-115.211042639336
-251.33252750837,-472.203836128117,-1067.90128331614,-595.697447188039,-926.094589040499,-138.462698311905
-282.183738988706,-491.74193098718,-1120.21350001571,-628.471569028532,-957.020017925325,-160.276716000284
-314.365856941135,-511.646304836091,-1154.1147454179,-642.468440581817,-971.187785970297,-180.45378389778
-347.362009118177,-530.615241731095,-1182.59794640865,-651.982704677552,-981.611595136602,-198.967977481431
-380.309381103785,-548.004474547605,-1201.86995498375,-653.865480436151,-984.799698332657,-215.516549038782
-412.319828956136,-563.152133868396,-1219.8871072333,-656.734973364908,-988.331456430088,-230.471093483619
-443.32301015585,-576.143195658643,-1245.51540349383,-669.372207835186,-1000.87150908272,-244.053555827464
-473.62656695897,-587.63613572787,-1260.39641093804,-672.760275210155,-1003.8473090618,-256.486830340907
-502.609801951022,-597.171374950174,-1272.22805954439,-675.05668459419,-1004.98422724333,-267.732120708162
-529.41140201893,-604.152008777999,-1262.15269975523,-658.000690977212,-985.692190504223,-277.501798577494
-553.67203276048,-608.380290682667,-1258.30900054148,-649.928709858814,-974.574332485246,-285.299346070464
-575.210190692002,-609.719488866184,-1241.95083333021,-632.231344464021,-953.011097110909,-290.989755240476
-594.180870095155,-608.495694198415,-1216.18776833028,-607.69207413186,-923.950642563795,-294.7536435334
-610.854305659992,-605.136693379813,-1182.37852472919,-577.241831349372,-888.533403703039,-296.816440134486
-625.264657921162,-599.975879536021,-1131.37383480326,-531.397955267216,-837.152166406115,-297.640918048246
-637.417243076447,-593.253962238743,-1089.67610533696,-496.422143098234,-796.082180721671,-297.464232246486
-647.60636588059,-585.324206628972,-1048.58352013213,-463.259313503173,-756.632926449018,-296.268595376781
-656.227315623494,-576.646696895625,-1007.8274088749,-431.180711979236,-718.417812720009,-294.171796068429
-662.692823112622,-566.631990663616,-961.447523808417,-394.815533144788,-675.635580143981,-291.020969713658
-666.88361152226,-555.203592319642,-904.125707739013,-348.922115419366,-622.859324006381,-286.923349450944
-669.008708012512,-542.685527300105,-839.155919372514,-296.47039207242,-563.018550124147,-282.237409285737
-668.929504375073,-529.198318952255,-771.822035282533,-242.62371633027,-501.287334128254,-277.053923481099
-667.571760113635,-515.835398189735,-708.83657342708,-193.001175237349,-443.854389790821,-271.885229088165
-665.469312692731,-502.804413662736,-653.685742163084,-150.881328500334,-394.746564991504,-266.177939944422
-660.565415964991,-487.870846108611,-602.44835456823,-114.577508459625,-350.635530777172,-259.33876612476
-652.695066079816,-471.003714016696,-550.329779305382,-79.3260652886923,-306.701969710604,-251.404179041396
-642.217526538098,-452.572936971506,-476.627452983893,-24.0545160123832,-242.159414166123,-242.465310577127
-629.693662791899,-433.03547694356,-409.772976411469,23.262500532092,-185.331064353193,-232.634295424878
-616.096149616671,-413.352155120094,-339.996605749987,73.3555493701141,-126.403303663781,-221.954182971759
-601.512193813344,-393.6284794063,-271.716075559353,121.912403846943,-69.8312206127138,-210.384237309346
-586.029835835753,-373.91766699331,-209.451614448131,164.466052545181,-19.9678013202379,-198.083770796284
-569.738776213257,-354.289503740184,-150.485160115505,203.804343624698,25.845720980588,-184.984065273337
-553.142233103166,-335.093050362431,-85.5266094322804,249.566440930129,76.960476102068,-171.132259811151
-536.553971877889,-316.480145534931,-23.5758582541531,292.904287280788,124.373074727421,-156.534515195873
-519.80306377659,-298.411672025094,28.0835938489264,326.495265874014,161.14534269969,-141.542848099482
-502.564361647273,-280.651702532203,74.4841287139404,355.135831246135,192.342334130187,-126.191615725858
-485.108603888003,-263.304719913037,118.738526879067,382.043246792103,221.063212120929,-110.470939873627
-467.679633512535,-246.451867136191,157.877963943265,404.329831079442,243.906816679804,-93.9420064590998
-449.929621024596,-229.834869852562,198.017893721653,427.852763574214,267.115187644624,-76.7372456461644
-431.636237002063,-213.423224205901,234.745345502557,448.168569708461,286.455036445139,-59.0450016869521
-412.970406732888,-197.308754658493,275.481533575648,472.790288234146,309.277586828106,-40.7957162407457
-393.969929792989,-181.509306657574,303.28577778819,484.795084445735,318.683510256492,-22.0407661147787
-374.994901931521,-166.238468278969,328.50662879305,494.745097072014,324.831640959136,-2.59597616755387
-356.326274431164,-151.649744468508,352.758138908905,504.407883377414,329.264833981134,17.6064159694911
-337.861139738258,-137.738046890036,375.296186335227,513.034233225263,331.509052677135,38.2854765901316
-319.432023982839,-124.402920087711,406.555300132148,530.958220219837,341.888883312355,59.5420848511087
-301.043730911519,-111.633219651226,424.088838947899,535.722058599113,338.096441352953,81.2284507935967
-283.190595288655,-99.6917182093664,433.426889965022,533.118608174382,325.754433402517,103.252763458275
-265.702776050674,-88.520161223997,441.606466183026,530.126627407023,312.227599587923,125.289922999432
-248.713640263238,-78.2164927981838,448.318835419354,526.535328217537,298.07100069157,146.475717333068
-231.630031397371,-68.39229456067,454.332154834816,522.724449395481,284.376660278273,166.488201534465
-214.637026465662,-59.1413599658137,465.158146588269,524.29950655408,277.038013184581,184.942913353811
-197.989449335945,-50.5829799826257,468.405362605406,518.988342588033,263.859893760786,201.638425568051
-182.767376052655,-43.2587657578112,459.841255518563,503.100021276362,240.42875820393,216.760667355694
-167.49672860732,-36.3418122019619,449.532361018072,485.87417322003,217.049361823561,230.069810122487
-152.253535842097,-29.8378041643516,437.998283288397,467.836087452733,194.226759086678,241.579024486592
-137.322738241564,-23.8557131090113,424.130893595206,447.986606704224,170.611467197409,251.529250161397
-123.068558717284,-18.5204899381092,409.277133243345,427.797623181434,147.522865797411,259.946169262068
-110.033321760555,-14.0926718262867,401.35756599292,415.450237819189,132.944232968197,266.768057807181
-97.1029319405201,-10.0370412088177,380.96394836778,391.000989576584,107.834816257922,271.630646565563
-84.3421113645924,-6.37788641026598,359.94947230313,366.327358713363,84.1978336565108,274.382191121003
-71.9471185539893,-3.18566070273519,333.820862341357,337.006523044052,57.6981122294086,274.861756866074
-60.2630189935987,-0.551608951301092,302.396190325796,302.947799277066,27.9857671942828,273.235580161352
-49.859636840007,1.3360464641647,275.956153283078,274.620106818896,5.07809286991666,269.766585237674
-40.0889166168248,2.78116106921807,243.61165362526,240.830492556028,-21.5250006888594,264.06960779479
-30.8332607194515,3.8477029024579,207.337429798195,203.48972689571,-49.8392421631675,256.136392802692
-22.0989662473888,4.5833729310449,173.652109795778,169.068736864719,-73.5507549509628,246.179674477534
-14.1685028176799,4.94330885963337,140.839182782625,135.895873922965,-94.6736224314686,234.497740846175
-7.13096687540057,4.9433697908762,99.7154019053848,94.7720321145222,-122.468870385315,221.165533406618
-1.3851431073,4.4492407117039,60.5921942598763,56.1429535481706,-146.9866833709,206.544877756492
3.1352104643138,3.52550912099846,23.1616320137511,19.6361228927215,-168.732536107643,190.838806900632
6.89503125101328,2.39460979903649,-27.5990150021079,-29.9936248011482,-202.723878564615,174.042963390384
9.9680482219949,1.13824652496371,-73.5227899812073,-74.6610365061967,-230.978881892837,156.34461076457
12.4223898703676,-0.211645436424407,-119.264253406723,-119.052607970337,-258.200597761851,137.791209040284
14.2114554170874,-1.67669413271138,-157.284905948933,-155.608211816235,-276.904437010465,118.438055862328
15.0727115281015,-3.30701295855854,-194.864296323292,-191.557283364757,-294.668273059913,98.5881556372624
15.0331962419009,-5.03426676293214,-230.125540137663,-225.091273374731,-309.829909185688,78.4609108671901
14.131353205877,-6.80633161769559,-272.211458337972,-265.40512672029,-331.837453053541,58.362697649618
12.7792638003161,-8.50498777029681,-311.184357275947,-302.679369505671,-350.595999886153,38.1402543238838
11.0822955135566,-10.1062034105705,-349.904331244856,-339.798127834293,-369.241180124573,18.0688916154397
9.05235037623151,-11.5802395052676,-391.151571681692,-379.571332176452,-390.849376902623,-1.55639728559735
6.67721767307126,-12.8892926683516,-426.816670848105,-413.927378179798,-407.650393271424,-20.3963851220213
3.67674976519442,-14.0812591079002,-457.238055039632,-443.156795931757,-420.694890204813,-37.7285951927676
0.245317372502316,-15.119196561072,-485.93470920044,-470.815512639383,-433.666525471619,-53.3885601758793
-3.2679113454762,-15.9522250253885,-511.196185100079,-495.243960074698,-444.675246102802,-67.5677985747353
-6.81501403994237,-16.558726548878,-529.089142203797,-512.530415654934,-450.0989187376,-79.956755073886
-10.3776256490543,-16.927999975927,-545.168433689916,-528.240433714,-455.80761987767,-90.2449111396037
-14.0186013279882,-17.0685744798609,-559.066560258872,-541.99798577903,-461.80418074159,-98.0728095413829
-17.5917590945516,-16.9674532046187,-562.676868164663,-545.709414960039,-459.999598166466,-103.418387908069
-20.8849812718374,-16.6454237142755,-558.565108570448,-541.919684856157,-452.665302291096,-106.570764799939
-23.8302868811547,-16.0970608060559,-547.64643657592,-531.549375769865,-440.596144989097,-107.655446354328
-26.3824837646802,-15.3143731136163,-531.522162408202,-516.207789294609,-425.211722506401,-106.856136142408
-28.5495607524445,-14.2984047816024,-513.911683775318,-499.613278993715,-410.172681163369,-104.23556287235
-30.2731111932657,-13.0642744565294,-494.951658356148,-481.887383899628,-395.548851329554,-99.860977803294
-31.4861455548178,-11.6584443568341,-472.862480072345,-461.204035715507,-379.232546634659,-94.0641692476971
-32.1536805953853,-10.0679954749155,-449.065987483862,-438.997992008932,-362.471008933497,-87.016009771161
-32.2996658689786,-8.31367578429303,-418.574364106918,-410.260688322609,-340.155874982423,-78.8316205701604
-31.9583291381376,-6.4291249806527,-388.73092476618,-382.30179978552,-319.541699146989,-69.6074321383976
-31.1593260180294,-4.48916002429268,-358.516486237473,-354.02732621318,-299.495921733399,-59.4590766750819
-29.8959363009892,-2.50324314372126,-317.609001447176,-315.10575830346,-269.558195730618,-48.5198766640091
-28.1690703303553,-0.49089589045893,-273.207753768978,-272.716857878508,-236.85610016412,-36.8596051191293
-25.9638053411574,1.5961893913447,-225.500601958438,-227.096791349794,-201.280631339345,-24.7610187261066
-23.3937150999527,3.61048448540802,-182.339156185403,-185.949640670814,-170.49838106271,-12.4196009700076
-20.5009563704775,5.50981654804865,-140.726988329113,-146.236804877167,-141.2264156422,-0.121463711074709
-17.293468938748,7.29495496563059,-100.570218762666,-107.86517372829,-113.084263552415,11.8472527380434
-13.8344097330701,8.94354403054763,-55.8881566859006,-64.8317007164378,-79.9568883159619,23.3490595669785
-10.1698352805849,10.4733746244694,-15.4988868706372,-25.9722614951004,-50.7563913624645,34.4764667908761
-6.39594872735574,11.8205548298246,22.8691133765426,11.0485585467131,-22.8988039649424,44.9196338790497
-2.55174984088212,12.9710373064026,58.5509357066016,45.5798984002233,3.05167893257125,54.5825390667544
1.30225573418706,13.9084242217642,97.6891948983938,83.780770676634,33.3340557718938,63.3719389836803
5.16838617089116,14.660498391369,131.165673648282,116.505175256924,59.1907320935368,70.9249692155669
8.93713643576595,15.1925987117702,161.536430679577,146.343831967794,83.0968358025886,77.3265989390252
12.5586306244578,15.4976531898425,190.394467946652,174.896814756829,106.627313585469,82.5961418617367
15.9644633734865,15.5558747357434,212.088743278446,196.532868542698,124.189122695077,86.6732091456557
19.1434064816273,15.3750740587445,232.714209669551,217.339135610791,141.92031509327,89.5152534371691
22.0493009444703,14.9577836885694,254.648015124428,239.690231435863,162.208852437323,91.1123709509404
24.6140184227754,14.2968050404452,265.996350989186,251.699545948738,173.227886823341,91.4002332148658
26.7872226618718,13.3945220401954,273.068036134519,259.673514094333,181.360572454202,90.3042340625005
28.5654349773014,12.2931944627714,280.156079387887,267.86288492512,190.686433641167,88.0395031768873
29.9478376465938,11.0100103824411,279.546456806657,268.536446424224,193.511573714319,84.5882312176217
30.91750326801,9.55608291290701,278.650660711103,269.094577798218,197.179016856211,80.0182802902141
31.4558561555731,7.93915139898392,270.422620026295,262.483468627299,194.531307853333,74.4400258885713
31.5476347837641,6.1751727983666,257.781385073627,251.606212275255,188.683112520569,67.6626755559895
31.1991931814479,4.29484278081606,240.682043732344,236.387200951523,179.506025895332,59.7691586698505
30.4289809365114,2.33423132653836,220.984537876493,218.650306549969,168.593505524527,51.0226573396433
29.2447841741499,0.320961188948492,193.448545342393,193.127584153442,150.460282969912,41.6670912092402
27.663320928659,-1.71562857645608,166.173507561816,167.88913613826,132.895420503561,32.0049220961103
25.682964135937,-3.7723592433258,139.082424065544,142.854783308847,115.765845885525,22.0907686003894
23.365995153869,-5.81199766485952,113.479583372652,119.291581037534,100.166493671587,12.1352782842565
20.7721642431249,-7.80005696156018,83.4038004568312,91.2038574183912,80.0663259403824,2.20963877302642
17.925287460467,-9.71604530327909,53.5843627153031,63.3004080185633,60.2061006072731,-7.69064228530277
14.8364566842183,-11.5534839113664,19.9864939840333,31.5399778954037,36.387662331638,-17.4025062616045
11.5664590729622,-13.276871581431,-15.2873387074918,-2.01046712607079,10.5175958448045,-26.7293055926575
8.17050778846301,-14.8735417268705,-48.461881277861,-33.5883395509834,-13.6628684532319,-35.6366983596245
4.76570216980098,-16.2990777488731,-77.8546564588523,-61.5555787099819,-34.6532380833911,-43.9390070137907
1.2676740421847,-17.5830850598757,-102.328099757091,-84.745014697222,-51.4641915811181,-51.4929468327803
-2.26479065165234,-18.7251068412969,-127.429084957369,-108.703978116064,-69.7119595925301,-58.2353269596268
-5.76949681605523,-19.7061519193042,-152.142882551643,-132.436730632389,-88.4286452158576,-64.1230548242517
-9.21566846317035,-20.5165711721339,-174.484887340594,-153.968316168475,-105.724719427573,-69.0652476318984
-12.5103959024241,-21.1328796965713,-194.407980198684,-173.275100502122,-121.599156606195,-73.0178076257477
-15.674056771096,-21.5634686262369,-214.547142019331,-192.983673393081,-138.831541291662,-75.8390423314638
-18.6630478952479,-21.8120678006937,-225.152453633387,-203.340385832694,-147.691136475581,-77.5117925505847
-21.4386859492288,-21.8838833074041,-236.759425370335,-214.875542062942,-158.767327480029,-77.9812490896466
-23.9632913912003,-21.7791740652041,-241.06423146106,-219.285057395872,-163.857112195434,-77.1471947156691
-26.1553168037707,-21.494999800995,-243.378332078945,-221.883332277944,-168.190681503866,-75.0956734116954
-28.0248201921072,-21.0358800597068,-239.181454282793,-218.145574223095,-167.205331113429,-71.8587676549691
-29.5491623831891,-20.4289936899573,-231.150738343246,-210.721744653307,-163.409316223993,-67.6062561661327
-30.7188351104391,-19.6972196066364,-220.816897643625,-201.119678037002,-158.111061069329,-62.5615506173926
-31.5296355089949,-18.8455232964818,-207.993539374191,-189.148016077703,-150.981933861328,-56.8674159179791
-31.9721724798947,-17.885195469843,-194.683499444149,-176.798303974318,-143.906874494053,-50.6432992417193
-32.067181233432,-16.8463034391769,-179.703175392337,-162.856871953162,-135.585953789639,-44.0064562154756
-31.8307650931446,-15.7446744354153,-160.108720337095,-144.364045901673,-123.0149265903,-37.0152356751773
-31.2768342927697,-14.5848990711461,-142.025755282656,-127.440856211523,-112.268664620336,-29.7165657623106
-30.4478196398937,-13.3944237582679,-119.94539088345,-106.550967125197,-97.6174316575307,-22.3267230034141
-29.3697193091303,-12.1901191580265,-97.0949998064732,-84.904880648443,-82.2480834997104,-14.8887839665731
-28.0695939589358,-10.9923243127109,-73.9627813316771,-62.9704570189651,-66.5549137304936,-7.49333024929012
-26.5548230092108,-9.82398096806414,-51.3107480027558,-41.4867670346918,-51.1557775459918,-0.285649810109421
-24.8417361096579,-8.69017429533525,-28.8668475575801,-20.1766732622686,-35.8378940928217,6.79055108935905
-22.9556378224133,-7.59498887025596,-8.6326323233312,-1.03764345306706,-22.6758808141663,13.8081251983531
-20.94011539238,-6.56340703675523,14.4980382140216,21.0614452507781,-6.27718733065274,20.48004326378
-18.8481228418582,-5.6337446533587,37.1574373241104,42.791181977483,10.1500582231497,26.6446513300141
-16.704734565984,-4.81989103570647,61.2904818646565,66.1103729003658,28.6247790846109,32.2263278404766
-14.5094818284502,-4.11758735097413,82.3324819298561,86.4500692808449,44.5695835744064,37.2442132716572
-12.3253174567274,-3.50923991366844,101.725011375495,105.234251289161,59.55303253332,41.5739233019457
-10.1936011861056,-3.01384791112616,117.18766192876,120.201509839893,71.3259275299807,45.1886210154986
-8.14298093856445,-2.64358496793901,130.0383347535,132.681919721431,81.137602842016,48.1605656136371
-6.16008775743567,-2.4147430917359,141.849339549771,144.264082641511,90.747202282165,50.2990271544566
-4.2889234636755,-2.32808066213038,150.836655872254,153.164736534376,98.415326568624,51.5610099451794
-2.56123569646096,-2.32552652467774,160.9301447686,163.255671293296,107.867499591469,52.1568166770174
-1.00743209387264,-2.41348633557735,164.552634618995,166.966120954583,111.47649992495,52.1343366434673
0.357608144552935,-2.6062278163952,162.482174386565,165.088402202967,110.105117882535,51.4027888288838
1.52944892821168,-2.89220073355827,160.824315554105,163.716516287677,109.904060258539,49.9170537454438
2.49187783483815,-3.28925118035127,158.165236008948,161.454487189333,109.59875317727,47.5442800489531
3.2328688989216,-3.76616943778381,153.558526723295,157.324696161075,108.156228511386,44.3686407274378
3.71832394373958,-4.33205729795709,146.115555441464,150.447612739446,104.65178242326,40.4247507210497
3.9564389231393,-4.97326283395911,132.927709798825,137.900972632794,96.0339083352991,35.8569936776561
3.95704013192139,-5.67282153509912,118.692951820545,124.365773355649,86.8867895287839,30.7718496454708
3.73629652826293,-6.39848275928913,101.674647450762,108.073130210044,75.2942063294528,25.351066201815
3.28374337812974,-7.14041588175931,84.9158481143459,92.0562639961063,64.1063550118557,19.7889842905002
2.60957908977178,-7.89678667723423,65.9342871257481,73.8310738029737,50.6827479973058,14.2442070961315
1.68580005484456,-8.69308602963131,49.5395052674093,58.2325912970361,39.7744104513788,8.77980744278175
0.624086335523143,-9.4607472407044,34.6205452897985,44.0812925304898,30.2211092301423,3.44084599198402
-0.556605512724214,-10.1856086391335,17.3135283899227,27.4991370290832,18.0675484354763,-1.68194649528512
-1.82809286125093,-10.8553476896459,-1.46683810531561,9.38850958431937,4.21273839377599,-6.57423728003189
-3.17708740386935,-11.4759838774734,-20.5367825197134,-9.06079864222653,-10.2762446539931,-11.1194559170435
-4.58651926450964,-12.0528013399968,-37.1791676493705,-25.1263663093625,-22.7664470733875,-15.23048080105
-5.99897127964844,-12.545407515578,-50.6736649257186,-38.1282574101345,-32.4240724470633,-19.0223077214368
-7.38956170353506,-12.943981423046,-63.7018429342491,-50.7578615112065,-41.9721994527438,-22.4542837507354
-8.74707284000081,-13.2465644797521,-76.4434336754882,-63.1968691957338,-51.6376915996961,-25.4795425278623
-10.0669830255587,-13.4640585504106,-89.5613758394883,-76.0973172890744,-62.0275312459074,-28.1585878499754
-11.3532008879064,-13.6244790286979,-100.699534356307,-87.0750553275844,-70.7364800736796,-30.5458376962295
-12.5540212289497,-13.6793686771167,-109.840883918772,-96.1615152416746,-77.8606642995673,-32.5232825418261
-13.656062058437,-13.6316033350093,-116.643052313246,-103.011448978225,-83.1176914675073,-34.0337289205406
-14.6669811685725,-13.4993631432487,-125.751481082578,-112.252117939322,-91.1558162537514,-35.0776848482184
-15.5863054100224,-13.3025756446955,-135.078966774541,-121.776391129832,-99.9847112815716,-35.5595263013029
-16.405951391635,-13.059446827208,-135.945073429786,-122.885626602564,-101.105272513355,-35.2975512155867
-17.0944781426828,-12.73647338121,-134.354890242576,-121.618416861341,-100.411526910695,-34.397542656758
-17.6489522357893,-12.3461092429734,-131.068583932807,-118.722474689839,-98.6162067302392,-32.9063495018924
-18.0738450139362,-11.9084701747423,-127.383853124562,-115.475382949813,-96.927708998083,-30.9131724959328
-18.3676983512605,-11.4419454078778,-122.66037435948,-111.218428951613,-94.4865700401588,-28.6400115536581
-18.5272440992761,-10.9857752750317,-115.460474020784,-104.474698745749,-89.7596702626951,-26.1889689941203
-18.5378307627647,-10.4752728149117,-108.476445017053,-98.0011722021324,-85.4772854494951,-23.50845142928
-18.3872152619153,-9.90398337106619,-101.271645729317,-91.3676623582379,-81.1818755443031,-20.6188781845494
-18.104655806259,-9.2935879917006,-94.5121626809938,-85.2185746892884,-77.4304165507467,-17.6300886202908
-17.7162798713726,-8.66004855371568,-88.1144171441894,-79.454368590469,-74.0332304186166,-14.6469636704551
-17.2399867753498,-8.03949342882704,-76.1481617536717,-68.1086683248431,-64.9159077071429,-11.8157687728637
-16.6962752587617,-7.44002858008635,-65.2467985252517,-57.8067699451715,-56.6798477549195,-9.1686149915076
-16.0693722293934,-6.8317543900411,-55.2189761534172,-48.3872217633991,-49.2475691807478,-6.58973413258347
-15.3800442749712,-6.22282800588069,-44.9508660052454,-38.7280379993444,-41.4923897782496,-4.08932242041032
-14.631670965353,-5.61444913560159,-35.8335652959622,-30.2191161603602,-34.8002973685995,-1.67073107925465
-13.8242100017112,-5.0088228494766,-21.9670711706082,-16.9582483211349,-23.294242210429,0.685725573881064
-13.0080895960852,-4.44337831936289,-10.2693247979956,-5.82594647864178,-13.8467387874566,2.928603269835
-12.194607307921,-3.92176209382984,0.315296275133733,4.23705836896372,-5.37496144071532,5.03079542757866
-11.4025825044207,-3.44939474590189,9.66851747238765,13.1179122182862,2.04860058577199,6.94632085667635
-10.6317814067876,-3.02264913142232,18.4350226825813,21.4576718140093,9.05994587728554,8.69513637717104
-9.85349460712501,-2.62233673213521,27.9616634067137,30.5840001388443,16.9998169807762,10.2834750896043
-9.07085930674858,-2.25110381123183,34.4426405617252,36.6937443729387,22.076323137602,11.6971090297459
-8.3076080007789,-1.92005066543574,41.8235636369256,43.743614302352,28.2791751010044,12.8913706252706
-7.58779712364333,-1.63615058528958,48.2766379679681,49.9127885532563,33.8444248061361,13.7984938357968
-6.91736501684867,-1.39962227471849,51.1920457761543,52.5916680508559,36.129470933537,14.4502127461645
-6.2339515587071,-1.17303506397321,53.8379357726707,55.0109708366555,38.3166645690278,14.9340626401561
-5.55797150504299,-0.962971670543941,54.8820560682338,55.8450277387767,39.0659382765026,15.2569900752954
-4.91348636184315,-0.775859361346201,56.3417206156589,57.1175799770192,40.3794254423075,15.4327922720351
-4.3670072911249,-0.638015201390677,59.3553569573865,59.9933721587564,43.416698013154,15.4386180848449
-3.91218101219912,-0.539755063247867,59.6567846681002,60.1965397313574,43.9019480982829,15.2839953664324
-3.47330805349934,-0.449416795417866,62.872057541192,63.3214743366152,47.396517872378,15.0349780300266
-3.04649711925137,-0.365921514332738,63.2129620210002,63.5788835353501,48.109084852246,14.6946584386624
-2.63657820916297,-0.290452628043325,61.498536344897,61.7889889729467,46.878390830743,14.2431707204774
-2.26225967122647,-0.228290249877388,60.2207381277855,60.4490283776837,46.240404252759,13.6352151979892
-1.93115084560649,-0.180569571175147,56.0135755717538,56.1941451429312,42.832675444358,12.8668129396442
-1.63902174324529,-0.144322331179865,53.4015538973307,53.5458762285122,41.1658307244657,11.9520259501695
-1.36611279565259,-0.113365381214369,47.4920948323345,47.6054602135616,36.3181828473562,10.920983051232
-1.12148637292502,-0.0880987355075333,43.7882550267769,43.8763537622822,33.7603500036501,9.80539190505931
-0.911022868187034,-0.068353409414357,37.921896499667,37.9902499090919,29.0734447694239,8.65509922238278
-0.731743442996438,-0.0529579103830093,32.5534512221569,32.6064091325377,24.9035844474155,7.48427922843423
-0.564832266639929,-0.0389269255705932,24.0288197588575,24.0677466844433,17.5734352058321,6.31689480284029
-0.411834840610113,-0.0263427638060724,20.9260300704644,20.9523728342608,15.6392169180315,5.17433288900259
-0.273211378222775,-0.0152759331056759,14.1805739583137,14.1958498914133,10.0284459434738,4.0644441073073
-0.169218354516419,-0.00798569698485413,7.02616288214922,7.03414857914156,3.87090870489122,3.08911685451777
-0.0976759573508475,-0.00373880848887243,0.174054047981987,0.177792856455753,-2.14778642049835,2.27351360006834
-0.0525595181923737,-0.0015453944980566,-6.18317393618747,-6.18162854167624,-7.84560817025181,1.62805018148695
-0.0269940686323458,-0.000585580351097243,-10.6571651607641,-10.6565795803973,-11.8206283819862,1.13952046717251
-0.0147607327145081,-0.000263033289506677,-14.7930915532412,-14.7928285199424,-15.6026986944134,0.792995413004731
-0.00706310915660911,-9.72278737684801e-05,-15.3646769227987,-15.3645796949279,-15.8944853270826,0.518969107323903
-0.00284834573422337,-2.65482048104916e-05,-18.0919910269169,-18.0919644786918,-18.4191359650388,0.320470118314205
-0.000993266262646232,-4.78984355660422e-06,-21.6836918151383,-21.6836870252802,-21.8777417941884,0.190099054132588
-0.000484935054555535,-1.91122221405662e-06,-24.277513490747,-24.2775115795217,-24.3999016518904,0.119897974671663
-0.000190617423504591,-5.83789023082881e-07,-28.7319935197532,-28.731992935941,-28.8003622065132,0.0669785651422682
-5.08232829382732e-05,-1.07150879644212e-07,-30.5039791165363,-30.5039790093805,-30.5362409801267,0.0316063545477976
-5.86323329203186e-06,-2.98217249413331e-09,-30.2487380154265,-30.2487380124385,-30.2610016601493,0.0120146260618986
-2.39781192725613e-06,-9.84541007450649e-10,-32.0237697718199,-32.0237697708201,-32.030616336338,0.0067075523791746
-6.67509933312734e-07,-1.90699384326027e-10,-32.5301565373339,-32.5301565371249,-32.5333852896101,0.00316320138739511
-5.86245386373429e-08,1.10871735073271e-12,-33.5441396810957,-33.5441396810899,-33.5453663516291,0.00120176866628407
-2.3954947079931e-08,-3.32615205219814e-12,-36.7134923535488,-36.7134923535327,-36.7141771351032,0.000670880347579008
-6.69443536372412e-09,1.10871735073271e-11,-36.6866357849977,-36.6866357849952,-36.6869586949869,0.000316354899578506
-5.97598652044932e-10,1.5522042910258e-11,-36.201593941082,-36.201593941077,-36.2017166111119,0.000120179841871418
-2.23960904848008e-10,4.43486940293085e-12,-36.2259960268824,-36.225996026889,-36.226064506213,6.70891942545062e-05
-7.09579104468936e-11,6.65230410439627e-12,-35.018625145563,-35.0186251455768,-35.0186574368472,3.16357461824304e-05
6.09794542902992e-12,1.99569123131888e-11,-34.6515232936213,-34.6515232936185,-34.6515355605732,1.20179273099417e-05
-9.42409748122806e-12,1.5522042910258e-11,-33.9007203355919,-33.9007203355947,-33.9007271834605,6.7088564503051e-06
1.88481949624561e-11,8.8697388058617e-12,-32.0108963948941,-32.0108963948907,-32.0108996239269,3.16350099941095e-06
-3.32615205219814e-12,0,-29.1638610147295,-29.163861014715,-29.1638622413356,1.20171656211217e-06
2.21743470146542e-11,2.21743470146542e-11,-27.3901922852333,-27.3901922852499,-27.3901929699616,6.70820563322022e-07
-8.8697388058617e-12,1.33046082087925e-11,-27.9677233488742,-27.9677233488842,-27.9677236717183,3.16279363774118e-07
5.54358675366356e-12,3.1044085820516e-11,-27.7550787334197,-27.7550787334192,-27.7550788560084,1.20102915735472e-07
1.33046082087925e-11,1.33046082087925e-11,-28.1675063800111,-28.1675063800111,-28.1675064484212,6.70219638517925e-08
-1.5522042910258e-11,1.77394776117234e-11,-23.3152613564483,-23.3152613564383,-23.3152613886621,3.15651829753603e-08
-2.21743470146543e-12,2.21743470146542e-11,-21.2106123536603,-21.2106123536653,-21.2106123658718,1.19541904756001e-08
-8.8697388058617e-12,4.43486940293085e-12,-17.8809252851199,-17.8809252851277,-17.8809252919108,6.65452153909774e-09
0,2.66092164175851e-11,-17.4385182185542,-17.4385182185603,-17.4385182217418,3.11106088615599e-09
-6.65230410439627e-12,-2.21743470146543e-12,-14.8663725204145,-14.8663725204034,-14.8663725215809,1.15306604476202e-09
-1.33046082087925e-11,8.8697388058617e-12,-13.667780548782,-13.667780548787,-13.6677805494245,6.27534020514715e-10
-4.43486940293085e-12,8.8697388058617e-12,-10.2099277155873,-10.2099277156073,-10.2099277158961,2.8604907648904e-10
-4.43486940293085e-12,1.77394776117234e-11,-6.54109515790783,-6.54109515788344,-6.54109515798766,8.42625186556861e-11
-8.8697388058617e-12,2.21743470146543e-12,-4.82376534886924,-4.82376534886481,-4.82376534890971,4.43486940293085e-11
0,1.77394776117234e-11,-3.30921368900509,-3.30921368899068,-3.30921368901063,1.33046082087925e-11
2.66092164175851e-11,1.10871735073271e-11,-1.86220191946874,-1.86220191946819,-1.86220191946375,6.65230410439627e-12
